Player,Age,Tm,Lg,Season,G,GS,MP,FG,FGA,2P,2PA,3P,3PA,FT,FTA,ORB,DRB,TRB,AST,STL,BLK,TOV,PF,PTS,FG%,2P%,3P%,eFG%,FT%,TS%,ID
John Abramovic,27,PIT,BAA,1946-47,47,,,202,834,202,834,,,123,178,,,,35,,,,161,527,0.242,0.242,,0.242,0.691,0.289,abramjo01
Chet Aubuchon,30,DTF,BAA,1946-47,30,,,23,91,23,91,,,19,35,,,,20,,,,46,65,0.253,0.253,,0.253,0.543,0.305,aubucch01
Norm Baker,23,CHS,BAA,1946-47,4,,,0,1,0,1,,,0,0,,,,0,,,,0,0,0,0,,0,,0,bakerno01
Herschel Baltimore,25,STB,BAA,1946-47,58,,,53,263,53,263,,,32,69,,,,16,,,,98,138,0.202,0.202,,0.202,0.464,0.235,baltihe01
John Barr,28,STB,BAA,1946-47,58,,,124,438,124,438,,,47,79,,,,54,,,,164,295,0.283,0.283,,0.283,0.595,0.312,barrjo01
Frankie Baumholtz,28,CLR,BAA,1946-47,45,,,255,856,255,856,,,121,156,,,,54,,,,93,631,0.298,0.298,,0.298,0.776,0.341,baumhfr01
Moe Becker,29,TOT,BAA,1946-47,43,,,70,358,70,358,,,22,44,,,,30,,,,98,162,0.196,0.196,,0.196,0.5,0.215,beckemo01
Hank Beenders,30,PRO,BAA,1946-47,58,,,266,1016,266,1016,,,181,257,,,,37,,,,196,713,0.262,0.262,,0.262,0.704,0.316,beendha01
Hank Biasatti,25,TRH,BAA,1946-47,6,,,2,5,2,5,,,2,4,,,,0,,,,3,6,0.4,0.4,,0.4,0.5,0.444,biasaha01
Al Brightman,23,BOS,BAA,1946-47,58,,,223,870,223,870,,,121,193,,,,60,,,,115,567,0.256,0.256,,0.256,0.627,0.297,brighal01
Aud Brindley,23,NYK,BAA,1946-47,12,,,14,49,14,49,,,6,7,,,,1,,,,16,34,0.286,0.286,,0.286,0.857,0.326,brindau01
Harold Brown,23,DTF,BAA,1946-47,54,,,95,383,95,383,,,74,117,,,,39,,,,122,264,0.248,0.248,,0.248,0.632,0.304,brownha01
Leon Brown,27,CLR,BAA,1946-47,5,,,0,3,0,3,,,0,0,,,,0,,,,2,0,0,0,,0,,0,brownle01
Tommy Byrnes,23,NYK,BAA,1946-47,60,,,175,583,175,583,,,103,160,,,,35,,,,90,453,0.3,0.3,,0.3,0.644,0.347,byrneto01
Michael Bytzura,24,PIT,BAA,1946-47,60,,,87,356,87,356,,,36,72,,,,31,,,,108,210,0.244,0.244,,0.244,0.5,0.271,bytzumi01
Tom Callahan,25,PRO,BAA,1946-47,13,,,6,29,6,29,,,5,12,,,,4,,,,9,17,0.207,0.207,,0.207,0.417,0.248,callato01
Ernie Calverley,23,PRO,BAA,1946-47,59,,,323,1102,323,1102,,,199,283,,,,202,,,,191,845,0.293,0.293,,0.293,0.703,0.344,calveer01
Chet Carlisle,30,CHS,BAA,1946-47,51,,,100,373,100,373,,,56,92,,,,17,,,,136,256,0.268,0.268,,0.268,0.609,0.31,carlich01
Don Carlson,27,CHS,BAA,1946-47,59,,,272,845,272,845,,,86,159,,,,59,,,,182,630,0.322,0.322,,0.322,0.541,0.344,carlsdo01
Bob Cluggish,29,NYK,BAA,1946-47,54,,,93,356,93,356,,,52,91,,,,22,,,,113,238,0.261,0.261,,0.261,0.571,0.3,cluggbo01
Chuck Connors,25,BOS,BAA,1946-47,49,,,94,380,94,380,,,39,84,,,,40,,,,129,227,0.247,0.247,,0.247,0.464,0.272,connoch01
Ken Corley,26,CLR,BAA,1946-47,3,,,0,0,0,0,,,0,0,,,,0,,,,0,0,,,,,,,corleke01
Hal Crisler,23,BOS,BAA,1946-47,4,,,2,6,2,6,,,2,2,,,,0,,,,6,6,0.333,0.333,,0.333,1,0.436,crislha01
Armand Cure,27,PRO,BAA,1946-47,12,,,4,15,4,15,,,2,3,,,,0,,,,5,10,0.267,0.267,,0.267,0.667,0.306,curear01
Howie Dallmar,24,PHW,BAA,1946-47,60,,,199,710,199,710,,,130,203,,,,104,,,,141,528,0.28,0.28,,0.28,0.64,0.33,dallmho01
Aubrey Davis,25,STB,BAA,1946-47,59,,,107,381,107,381,,,73,115,,,,14,,,,136,287,0.281,0.281,,0.281,0.635,0.332,davisau01
Bill Davis,26,CHS,BAA,1946-47,47,,,35,146,35,146,,,14,41,,,,11,,,,92,84,0.24,0.24,,0.24,0.341,0.256,davisbi01
Red Dehnert,23,PRO,BAA,1946-47,10,,,6,15,6,15,,,2,6,,,,0,,,,8,14,0.4,0.4,,0.4,0.333,0.397,dehnere01
Bob Dille,29,DTF,BAA,1946-47,57,,,111,563,111,563,,,74,111,,,,40,,,,92,296,0.197,0.197,,0.197,0.667,0.242,dillebo01
Bob Doll,27,STB,BAA,1946-47,60,,,194,768,194,768,,,134,206,,,,22,,,,167,522,0.253,0.253,,0.253,0.65,0.304,dollbo01
Bob Duffy,24,TOT,BAA,1946-47,17,,,7,32,7,32,,,5,7,,,,0,,,,17,19,0.219,0.219,,0.219,0.714,0.271,duffybo01
Don Eliason,28,BOS,BAA,1946-47,1,,,0,1,0,1,,,0,0,,,,0,,,,1,0,0,0,,0,,0,eliasdo01
Ned Endress,28,CLR,BAA,1946-47,16,,,3,25,3,25,,,8,15,,,,4,,,,13,14,0.12,0.12,,0.12,0.533,0.222,endrene01
Joe Fabel,33,PIT,BAA,1946-47,30,,,25,96,25,96,,,13,26,,,,2,,,,64,63,0.26,0.26,,0.26,0.5,0.293,fabeljo01
Bob Faught,25,CLR,BAA,1946-47,51,,,141,478,141,478,,,61,106,,,,33,,,,97,343,0.295,0.295,,0.295,0.575,0.327,faughbo01
Bob Feerick,27,WSC,BAA,1946-47,55,,,364,908,364,908,,,198,260,,,,69,,,,142,926,0.401,0.401,,0.401,0.762,0.453,feeribo01
Warren Fenley,24,BOS,BAA,1946-47,33,,,31,138,31,138,,,23,45,,,,16,,,,59,85,0.225,0.225,,0.225,0.511,0.269,fenlewa01
Bob Fitzgerald,23,TOT,BAA,1946-47,60,,,70,362,70,362,,,81,130,,,,35,,,,153,221,0.193,0.193,,0.193,0.623,0.264,fitzgbo01
Dick Fitzgerald,26,TRH,BAA,1946-47,60,,,118,495,118,495,,,41,60,,,,40,,,,89,277,0.238,0.238,,0.238,0.683,0.266,fitzgdi01
Jerry Fleishman,24,PHW,BAA,1946-47,59,,,97,372,97,372,,,69,127,,,,40,,,,101,263,0.261,0.261,,0.261,0.543,0.307,fleisje01
Nat Frankel,33,PIT,BAA,1946-47,6,,,4,27,4,27,,,8,12,,,,3,,,,6,16,0.148,0.148,,0.148,0.667,0.248,frankna01
Frido Frey,25,NYK,BAA,1946-47,23,,,28,97,28,97,,,32,56,,,,14,,,,37,88,0.289,0.289,,0.289,0.571,0.362,freyfr01
Frank Fucarino,26,TRH,BAA,1946-47,28,,,53,198,53,198,,,34,60,,,,8,,,,38,140,0.268,0.268,,0.268,0.567,0.312,fucarfr01
Joe Fulks,25,PHW,BAA,1946-47,60,,,475,1557,475,1557,,,439,601,,,,25,,,,199,1389,0.305,0.305,,0.305,0.73,0.381,fulksjo01
Bob Gantt,24,WSC,BAA,1946-47,23,,,29,89,29,89,,,13,28,,,,5,,,,45,71,0.326,0.326,,0.326,0.464,0.35,ganttbo01
Jack Garfinkel,28,BOS,BAA,1946-47,40,,,81,304,81,304,,,17,28,,,,58,,,,62,179,0.266,0.266,,0.266,0.607,0.283,garfija01
Gorham Getchell,26,PIT,BAA,1946-47,16,,,0,8,0,8,,,5,5,,,,0,,,,5,5,0,0,,0,1,0.245,getchgo01
Gene Gillette,,WSC,BAA,1946-47,14,,,1,11,1,11,,,6,9,,,,2,,,,13,8,0.091,0.091,,0.091,0.667,0.267,gillege01
Chuck Gilmur,24,CHS,BAA,1946-47,51,,,76,253,76,253,,,26,66,,,,21,,,,139,178,0.3,0.3,,0.3,0.394,0.316,gilmuch01
Ben Goldfaden,33,WSC,BAA,1946-47,2,,,0,2,0,2,,,2,4,,,,0,,,,3,2,0,0,,0,0.5,0.266,goldfbe01
Pop Goodwin,26,PRO,BAA,1946-47,55,,,98,348,98,348,,,60,75,,,,15,,,,94,256,0.282,0.282,,0.282,0.8,0.336,goodwpo01
Leo Gottlieb,26,NYK,BAA,1946-47,57,,,149,494,149,494,,,36,55,,,,24,,,,71,334,0.302,0.302,,0.302,0.655,0.322,gottlle01
Wyndol Gray,24,BOS,BAA,1946-47,55,,,139,476,139,476,,,72,124,,,,47,,,,105,350,0.292,0.292,,0.292,0.581,0.33,graywy01
Woody Grimshaw,27,PRO,BAA,1946-47,21,,,20,56,20,56,,,21,44,,,,1,,,,25,61,0.357,0.357,,0.357,0.477,0.405,grimswo01
Coulby Gunther,23,PIT,BAA,1946-47,52,,,254,756,254,756,,,226,351,,,,32,,,,117,734,0.336,0.336,,0.336,0.644,0.403,gunthco01
Matt Guokas,31,PHW,BAA,1946-47,47,,,28,104,28,104,,,26,47,,,,9,,,,70,82,0.269,0.269,,0.269,0.553,0.329,guokama01
Chick Halbert,27,CHS,BAA,1946-47,61,,,280,915,280,915,,,213,356,,,,46,,,,161,773,0.306,0.306,,0.306,0.598,0.361,halbech01
Cecil Hankins,25,STB,BAA,1946-47,55,,,117,391,117,391,,,90,150,,,,14,,,,49,324,0.299,0.299,,0.299,0.6,0.354,hankice01
Kleggie Hermsen,23,TOT,BAA,1946-47,32,,,113,394,113,394,,,71,112,,,,25,,,,86,297,0.287,0.287,,0.287,0.634,0.335,hermskl01
Sonny Hertzberg,24,NYK,BAA,1946-47,59,,,201,695,201,695,,,113,149,,,,37,,,,109,515,0.289,0.289,,0.289,0.758,0.339,hertzso01
Art Hillhouse,30,PHW,BAA,1946-47,60,,,120,412,120,412,,,120,166,,,,41,,,,139,360,0.291,0.291,,0.291,0.723,0.371,hillhar01
Mel Hirsch,25,BOS,BAA,1946-47,13,,,9,45,9,45,,,1,2,,,,10,,,,18,19,0.2,0.2,,0.2,0.5,0.207,hirscme01
Charlie Hoefer,25,TOT,BAA,1946-47,58,,,130,514,130,514,,,91,139,,,,33,,,,142,351,0.253,0.253,,0.253,0.655,0.305,hoefech01
Roy Hurley,24,TRH,BAA,1946-47,46,,,100,447,100,447,,,39,64,,,,34,,,,85,239,0.224,0.224,,0.224,0.609,0.251,hurlero01
Fred Jacobs,24,STB,BAA,1946-47,18,,,19,69,19,69,,,12,25,,,,5,,,,25,50,0.275,0.275,,0.275,0.48,0.313,jacobfr01
John Janisch,26,DTF,BAA,1946-47,60,,,283,983,283,983,,,131,198,,,,49,,,,132,697,0.288,0.288,,0.288,0.662,0.326,janisjo01
Tony Jaros,26,CHS,BAA,1946-47,59,,,177,613,177,613,,,128,181,,,,28,,,,156,482,0.289,0.289,,0.289,0.707,0.348,jarosto01
Harold Johnson,27,DTF,BAA,1946-47,27,,,4,20,4,20,,,7,14,,,,11,,,,13,15,0.2,0.2,,0.2,0.5,0.287,johnsha01
Noble Jorgensen,21,PIT,BAA,1946-47,15,,,25,112,25,112,,,16,25,,,,4,,,,40,66,0.223,0.223,,0.223,0.64,0.268,jorgeno01
Roger Jorgensen,26,PIT,BAA,1946-47,28,,,14,54,14,54,,,13,19,,,,1,,,,36,41,0.259,0.259,,0.259,0.684,0.329,jorgero01
Ralph Kaplowitz,27,TOT,BAA,1946-47,57,,,146,532,146,532,,,111,151,,,,38,,,,122,403,0.274,0.274,,0.274,0.735,0.337,kaplora01
Tony Kappen,27,TOT,BAA,1946-47,59,,,128,537,128,537,,,128,161,,,,28,,,,78,384,0.238,0.238,,0.238,0.795,0.316,kappeto01
Ed Kasid,23,TRH,BAA,1946-47,8,,,6,21,6,21,,,0,6,,,,6,,,,8,12,0.286,0.286,,0.286,0,0.254,kasided01
Wilbert Kautz,31,CHS,BAA,1946-47,50,,,107,420,107,420,,,39,73,,,,37,,,,114,253,0.255,0.255,,0.255,0.534,0.28,kautzwi01
Ken Keller,24,TOT,BAA,1946-47,28,,,10,30,10,30,,,2,5,,,,1,,,,15,22,0.333,0.333,,0.333,0.4,0.342,kelleke01
Jerry Kelly,28,BOS,BAA,1946-47,43,,,91,313,91,313,,,74,111,,,,21,,,,128,256,0.291,0.291,,0.291,0.667,0.354,kellyje01
Tom King,22,DTF,BAA,1946-47,58,,,97,410,97,410,,,101,160,,,,32,,,,102,295,0.237,0.237,,0.237,0.631,0.307,kingto01
Lee Knorek,25,NYK,BAA,1946-47,22,,,62,219,62,219,,,47,72,,,,21,,,,64,171,0.283,0.283,,0.283,0.653,0.341,knorele01
Harold Kottman,24,BOS,BAA,1946-47,53,,,59,188,59,188,,,47,101,,,,17,,,,58,165,0.314,0.314,,0.314,0.465,0.355,kottmha01
Pete Lalich,26,CLR,BAA,1946-47,1,,,0,1,0,1,,,0,0,,,,0,,,,1,0,0,0,,0,,0,lalicpe01
Hank Lefkowitz,23,CLR,BAA,1946-47,24,,,22,114,22,114,,,7,13,,,,4,,,,35,51,0.193,0.193,,0.193,0.538,0.213,lefkoha01
Grady Lewis,29,DTF,BAA,1946-47,60,,,106,520,106,520,,,75,138,,,,54,,,,166,287,0.204,0.204,,0.204,0.543,0.247,lewisgr01
John Logan,26,STB,BAA,1946-47,61,,,290,1043,290,1043,,,190,254,,,,78,,,,136,770,0.278,0.278,,0.278,0.748,0.333,loganjo01
Al Lujack,26,WSC,BAA,1946-47,5,,,1,8,1,8,,,2,5,,,,0,,,,6,4,0.125,0.125,,0.125,0.4,0.196,lujacal01
John Mahnken,24,WSC,BAA,1946-47,60,,,223,876,223,876,,,111,163,,,,60,,,,181,557,0.255,0.255,,0.255,0.681,0.294,mahnkjo01
Frank Mangiapane,21,NYK,BAA,1946-47,6,,,2,13,2,13,,,1,3,,,,0,,,,6,5,0.154,0.154,,0.154,0.333,0.175,mangifr01
Press Maravich,26,PIT,BAA,1946-47,51,,,102,375,102,375,,,30,58,,,,6,,,,102,234,0.272,0.272,,0.272,0.517,0.292,maravpr01
Dino Martin,26,PRO,BAA,1946-47,60,,,311,1022,311,1022,,,111,168,,,,59,,,,98,733,0.304,0.304,,0.304,0.661,0.334,martidi01
Don Martin,26,STB,BAA,1946-47,54,,,89,304,89,304,,,13,31,,,,9,,,,75,191,0.293,0.293,,0.293,0.419,0.301,martido01
Ariel Maughan,23,DTF,BAA,1946-47,59,,,224,929,224,929,,,84,114,,,,57,,,,180,532,0.241,0.241,,0.241,0.737,0.272,maughar01
Mike McCarron,24,TRH,BAA,1946-47,60,,,236,838,236,838,,,177,288,,,,59,,,,184,649,0.282,0.282,,0.282,0.615,0.336,mccarmi01
Howie McCarty,,DTF,BAA,1946-47,19,,,10,82,10,82,,,1,10,,,,2,,,,22,21,0.122,0.122,,0.122,0.1,0.122,mccarho01
Bones McKinney,28,WSC,BAA,1946-47,58,,,275,987,275,987,,,145,210,,,,69,,,,162,695,0.279,0.279,,0.279,0.69,0.322,mckinbo01
George Mearns,24,PRO,BAA,1946-47,57,,,128,478,128,478,,,126,175,,,,35,,,,137,382,0.268,0.268,,0.268,0.72,0.344,mearnge01
Ed Melvin,30,PIT,BAA,1946-47,57,,,99,376,99,376,,,83,127,,,,37,,,,150,281,0.263,0.263,,0.263,0.654,0.325,melvied01
Stan Miasek,23,DTF,BAA,1946-47,60,,,331,1154,331,1154,,,233,385,,,,93,,,,208,895,0.287,0.287,,0.287,0.605,0.338,miasest01
Red Mihalik,30,PIT,BAA,1946-47,7,,,3,9,3,9,,,0,0,,,,0,,,,10,6,0.333,0.333,,0.333,,0.333,mihalre01
Nat Militzok,23,TOT,BAA,1946-47,57,,,90,343,90,343,,,64,112,,,,42,,,,120,244,0.262,0.262,,0.262,0.571,0.311,militna01
Harry Miller,23,TRH,BAA,1946-47,53,,,58,260,58,260,,,36,82,,,,42,,,,119,152,0.223,0.223,,0.223,0.439,0.257,milleha01
Walt Miller,31,PIT,BAA,1946-47,12,,,7,21,7,21,,,9,18,,,,6,,,,16,23,0.333,0.333,,0.333,0.5,0.398,millewa01
John Mills,27,PIT,BAA,1946-47,47,,,55,187,55,187,,,71,129,,,,9,,,,94,181,0.294,0.294,,0.294,0.55,0.371,millsjo01
Leo Mogus,25,TOT,BAA,1946-47,58,,,259,879,259,879,,,235,325,,,,84,,,,176,753,0.295,0.295,,0.295,0.723,0.368,mogusle01
Elmore Morgenthaler,24,PRO,BAA,1946-47,11,,,4,13,4,13,,,7,12,,,,3,,,,3,15,0.308,0.308,,0.308,0.583,0.41,morgeel01
Bob Mullens,24,TOT,BAA,1946-47,54,,,125,445,125,445,,,64,102,,,,54,,,,94,314,0.281,0.281,,0.281,0.627,0.32,mullebo01
George Munroe,25,STB,BAA,1946-47,59,,,164,623,164,623,,,86,133,,,,17,,,,91,414,0.263,0.263,,0.263,0.647,0.304,munroge01
Dick Murphy,25,TOT,BAA,1946-47,31,,,15,75,15,75,,,4,9,,,,8,,,,15,34,0.2,0.2,,0.2,0.444,0.215,murphdi01
John Murphy,22,TOT,BAA,1946-47,20,,,11,40,11,40,,,10,15,,,,0,,,,8,32,0.275,0.275,,0.275,0.667,0.343,murphjo01
Angelo Musi,28,PHW,BAA,1946-47,60,,,230,818,230,818,,,102,123,,,,26,,,,120,562,0.281,0.281,,0.281,0.829,0.322,musian01
Al Negratti,25,WSC,BAA,1946-47,11,,,13,69,13,69,,,5,8,,,,5,,,,20,31,0.188,0.188,,0.188,0.625,0.214,negraal01
Johnny Norlander,25,WSC,BAA,1946-47,60,,,223,698,223,698,,,180,276,,,,50,,,,122,626,0.319,0.319,,0.319,0.652,0.382,norlajo01
George Nostrand,23,TOT,BAA,1946-47,61,,,192,656,192,656,,,98,210,,,,31,,,,145,482,0.293,0.293,,0.293,0.467,0.322,nostrge01
Stan Noszka,26,PIT,BAA,1946-47,58,,,199,693,199,693,,,109,157,,,,39,,,,163,507,0.287,0.287,,0.287,0.694,0.333,noszkst01
Buddy O'Grady,27,WSC,BAA,1946-47,55,,,55,231,55,231,,,38,53,,,,20,,,,60,148,0.238,0.238,,0.238,0.717,0.291,ogradbu01
Garland O'Shields,25,CHS,BAA,1946-47,9,,,2,11,2,11,,,0,2,,,,1,,,,8,4,0.182,0.182,,0.182,0,0.168,oshiega01
Bud Palmer,25,NYK,BAA,1946-47,42,,,160,521,160,521,,,81,121,,,,34,,,,110,401,0.307,0.307,,0.307,0.669,0.349,palmebu01
Doyle Parrack,25,CHS,BAA,1946-47,58,,,110,413,110,413,,,52,80,,,,20,,,,77,272,0.266,0.266,,0.266,0.65,0.303,parrado01
Marty Passaglia,27,WSC,BAA,1946-47,43,,,51,221,51,221,,,18,32,,,,9,,,,44,120,0.231,0.231,,0.231,0.563,0.255,passama01
George Pastushok,24,PRO,BAA,1946-47,39,,,48,183,48,183,,,25,46,,,,15,,,,42,121,0.262,0.262,,0.262,0.543,0.298,pastuge01
George Pearcy,27,DTF,BAA,1946-47,37,,,31,130,31,130,,,32,44,,,,13,,,,68,94,0.238,0.238,,0.238,0.727,0.315,pearcge01
Henry Pearcy,24,DTF,BAA,1946-47,29,,,24,108,24,108,,,25,34,,,,7,,,,20,73,0.222,0.222,,0.222,0.735,0.297,pearche01
Don Putman,24,STB,BAA,1946-47,58,,,156,635,156,635,,,68,105,,,,30,,,,106,380,0.246,0.246,,0.246,0.648,0.279,putnado01
Bob Rensberger,25,CHS,BAA,1946-47,3,,,0,7,0,7,,,0,0,,,,0,,,,4,0,0,0,,0,,0,rensbro01
Mel Riebe,30,CLR,BAA,1946-47,55,,,276,898,276,898,,,111,173,,,,67,,,,169,663,0.307,0.307,,0.307,0.642,0.34,riebeme01
Petey Rosenberg,28,PHW,BAA,1946-47,51,,,60,287,60,287,,,30,49,,,,27,,,,64,150,0.209,0.209,,0.209,0.612,0.243,rosenpe01
Hank Rosenstein,26,TOT,BAA,1946-47,60,,,119,390,119,390,,,144,225,,,,36,,,,172,382,0.305,0.305,,0.305,0.64,0.391,rosenha01
Irv Rothenberg,25,CLR,BAA,1946-47,29,,,36,167,36,167,,,30,54,,,,15,,,,62,102,0.216,0.216,,0.216,0.556,0.267,rotheir01
Mickey Rottner,27,CHS,BAA,1946-47,56,,,190,655,190,655,,,43,79,,,,93,,,,109,423,0.29,0.29,,0.29,0.544,0.307,rottnmi01
Giff Roux,23,STB,BAA,1946-47,60,,,142,478,142,478,,,70,160,,,,17,,,,95,354,0.297,0.297,,0.297,0.438,0.323,rouxgi01
Jerry Rullo,23,PHW,BAA,1946-47,50,,,52,174,52,174,,,23,47,,,,20,,,,61,127,0.299,0.299,,0.299,0.489,0.326,rulloje01
Ed Sadowski,29,TOT,BAA,1946-47,53,,,329,891,329,891,,,219,328,,,,46,,,,194,877,0.369,0.369,,0.369,0.668,0.424,sadowed01
Kenny Sailors,26,CLR,BAA,1946-47,58,,,229,741,229,741,,,119,200,,,,134,,,,177,577,0.309,0.309,,0.309,0.595,0.348,sailoke01
Ben Scharnus,29,CLR,BAA,1946-47,51,,,33,165,33,165,,,37,59,,,,19,,,,83,103,0.2,0.2,,0.2,0.627,0.27,scharbe01
Ossie Schectman,27,NYK,BAA,1946-47,54,,,162,588,162,588,,,111,179,,,,109,,,,115,435,0.276,0.276,,0.276,0.62,0.326,schecos01
Milt Schoon,24,DTF,BAA,1946-47,41,,,43,199,43,199,,,34,80,,,,12,,,,75,120,0.216,0.216,,0.216,0.425,0.256,schoomi01
Dick Schulz,30,TOT,BAA,1946-47,57,,,130,548,130,548,,,94,138,,,,56,,,,123,354,0.237,0.237,,0.237,0.681,0.291,schuldi01
Fred Scolari,24,WSC,BAA,1946-47,58,,,291,989,291,989,,,146,180,,,,58,,,,159,728,0.294,0.294,,0.294,0.811,0.341,scolafr01
Jim Seminoff,24,CHS,BAA,1946-47,60,,,184,586,184,586,,,71,130,,,,63,,,,155,439,0.314,0.314,,0.314,0.546,0.341,seminji01
George Senesky,24,PHW,BAA,1946-47,58,,,142,531,142,531,,,82,124,,,,34,,,,83,366,0.267,0.267,,0.267,0.661,0.313,senesge01
Nick Shaback,28,CLR,BAA,1946-47,53,,,102,385,102,385,,,38,53,,,,29,,,,75,242,0.265,0.265,,0.265,0.717,0.296,shabani01
Earl Shannon,25,PRO,BAA,1946-47,57,,,245,722,245,722,,,197,348,,,,84,,,,169,687,0.339,0.339,,0.339,0.566,0.393,shannea01
Bob Shea,22,PRO,BAA,1946-47,43,,,37,153,37,153,,,19,33,,,,6,,,,42,93,0.242,0.242,,0.242,0.576,0.278,sheabo01
Fred Sheffield,23,PHW,BAA,1946-47,22,,,29,146,29,146,,,16,26,,,,4,,,,34,74,0.199,0.199,,0.199,0.615,0.235,shefffr01
Ralph Siewert,23,TOT,BAA,1946-47,21,,,6,44,6,44,,,8,15,,,,4,,,,18,20,0.136,0.136,,0.136,0.533,0.198,siewera01
Connie Simmons,21,BOS,BAA,1946-47,60,,,246,768,246,768,,,128,189,,,,62,,,,130,620,0.32,0.32,,0.32,0.677,0.364,simmoco01
Johnny Simmons,22,BOS,BAA,1946-47,60,,,120,429,120,429,,,78,127,,,,29,,,,78,318,0.28,0.28,,0.28,0.614,0.328,simmojo01
Belus Smawley,28,STB,BAA,1946-47,22,,,113,352,113,352,,,36,47,,,,10,,,,37,262,0.321,0.321,,0.321,0.766,0.352,smawlbe01
Deb Smith,27,STB,BAA,1946-47,48,,,32,119,32,119,,,9,21,,,,6,,,,47,73,0.269,0.269,,0.269,0.429,0.285,smithde01
Gino Sovran,22,TRH,BAA,1946-47,6,,,5,15,5,15,,,1,2,,,,1,,,,5,11,0.333,0.333,,0.333,0.5,0.346,sovragi01
Art Spector,26,BOS,BAA,1946-47,55,,,123,460,123,460,,,83,150,,,,46,,,,130,329,0.267,0.267,,0.267,0.553,0.313,spectar01
Lou Spicer,24,PRO,BAA,1946-47,4,,,0,7,0,7,,,1,2,,,,0,,,,3,1,0,0,,0,0.5,0.063,spicelo01
Art Stolkey,26,DTF,BAA,1946-47,23,,,36,164,36,164,,,30,44,,,,38,,,,72,102,0.22,0.22,,0.22,0.682,0.278,stolkar01
Stan Stutz,26,NYK,BAA,1946-47,60,,,172,641,172,641,,,133,170,,,,49,,,,127,477,0.268,0.268,,0.268,0.782,0.333,stutzst01
Buck Sydnor,25,CHS,BAA,1946-47,15,,,5,26,5,26,,,5,10,,,,0,,,,6,15,0.192,0.192,,0.192,0.5,0.247,sydnobu01
Irv Torgoff,29,WSC,BAA,1946-47,58,,,187,684,187,684,,,116,159,,,,30,,,,173,490,0.273,0.273,,0.273,0.73,0.325,torgoir01
Butch van Breda Kolff,24,NYK,BAA,1946-47,16,,,7,34,7,34,,,11,17,,,,6,,,,10,25,0.206,0.206,,0.206,0.647,0.301,vanbrbu01
Virgil Vaughn,28,BOS,BAA,1946-47,17,,,15,78,15,78,,,15,28,,,,10,,,,18,45,0.192,0.192,,0.192,0.536,0.249,vaughvi01
Red Wallace,28,TOT,BAA,1946-47,61,,,225,809,225,809,,,106,196,,,,58,,,,167,556,0.278,0.278,,0.278,0.541,0.311,wallare01
Jake Weber,28,TOT,BAA,1946-47,50,,,59,202,59,202,,,55,79,,,,4,,,,111,173,0.292,0.292,,0.292,0.696,0.365,weberja01
Ray Wertis,25,TOT,BAA,1946-47,61,,,79,366,79,366,,,56,91,,,,39,,,,82,214,0.216,0.216,,0.216,0.615,0.264,wertira01
Max Zaslofsky,21,CHS,BAA,1946-47,61,,,336,1020,336,1020,,,205,278,,,,40,,,,121,877,0.329,0.329,,0.329,0.737,0.384,zasloma01
Harry Zeller,27,PIT,BAA,1946-47,48,,,120,382,120,382,,,122,177,,,,31,,,,177,362,0.314,0.314,,0.314,0.689,0.394,zelleha01
John Abramovic,28,TOT,BAA,1947-48,9,,,1,21,1,21,,,4,7,,,,2,,,,10,6,0.048,0.048,,0.048,0.571,0.125,abramjo01
Hank Beenders,31,TOT,BAA,1947-48,45,,,76,269,76,269,,,51,82,,,,13,,,,99,203,0.283,0.283,,0.283,0.622,0.333,beendha01
Mike Bloom,33,TOT,BAA,1947-48,48,,,174,640,174,640,,,160,229,,,,38,,,,116,508,0.272,0.272,,0.272,0.699,0.343,bloommi01
Carl Braun,20,NYK,BAA,1947-48,47,,,276,854,276,854,,,119,183,,,,61,,,,102,671,0.323,0.323,,0.323,0.65,0.359,braunca01
Stan Brown,18,PHW,BAA,1947-48,19,,,19,71,19,71,,,12,19,,,,1,,,,16,50,0.268,0.268,,0.268,0.632,0.315,brownst01
Tommy Byrnes,24,NYK,BAA,1947-48,47,,,117,410,117,410,,,65,103,,,,17,,,,56,299,0.285,0.285,,0.285,0.631,0.328,byrneto01
Ernie Calverley,24,PRO,BAA,1947-48,47,,,226,835,226,835,,,107,161,,,,119,,,,168,559,0.271,0.271,,0.271,0.665,0.309,calveer01
Chuck Connors,26,BOS,BAA,1947-48,4,,,5,13,5,13,,,2,3,,,,1,,,,5,12,0.385,0.385,,0.385,0.667,0.419,connoch01
Chink Crossin,24,PHW,BAA,1947-48,39,,,29,121,29,121,,,13,23,,,,20,,,,28,71,0.24,0.24,,0.24,0.565,0.271,crossch01
Howie Dallmar,25,PHW,BAA,1947-48,48,,,215,781,215,781,,,157,211,,,,120,,,,141,587,0.275,0.275,,0.275,0.744,0.336,dallmho01
Bob Doll,28,STB,BAA,1947-48,42,,,174,658,174,658,,,98,148,,,,26,,,,107,446,0.264,0.264,,0.264,0.662,0.308,dollbo01
Bill Downey,24,PRO,BAA,1947-48,3,,,0,2,0,2,,,0,0,,,,0,,,,0,0,0,0,,0,,0,downebi01
Bulbs Ehlers,24,BOS,BAA,1947-48,40,,,104,417,104,417,,,78,144,,,,44,,,,92,286,0.249,0.249,,0.249,0.542,0.298,ehlerbu01
Johnny Ezersky,25,PRO,BAA,1947-48,25,,,95,376,95,376,,,63,104,,,,16,,,,62,253,0.253,0.253,,0.253,0.606,0.3,ezersjo01
Bob Feerick,28,WSC,BAA,1947-48,48,,,293,861,293,861,,,189,240,,,,56,,,,139,775,0.34,0.34,,0.34,0.788,0.401,feeribo01
Dick Fitzgerald,27,PRO,BAA,1947-48,1,,,0,3,0,3,,,0,0,,,,0,,,,1,0,0,0,,0,,0,fitzgdi01
Jerry Fleishman,25,PHW,BAA,1947-48,46,,,119,501,119,501,,,95,138,,,,43,,,,122,333,0.238,0.238,,0.238,0.688,0.296,fleisje01
Herm Fuetsch,29,BLB,BAA,1947-48,42,,,42,140,42,140,,,25,40,,,,17,,,,39,109,0.3,0.3,,0.3,0.625,0.346,fuetshe01
Joe Fulks,26,PHW,BAA,1947-48,43,,,326,1258,326,1258,,,297,390,,,,26,,,,162,949,0.259,0.259,,0.259,0.762,0.332,fulksjo01
Elmer Gainer,29,BLB,BAA,1947-48,5,,,1,9,1,9,,,3,6,,,,3,,,,8,5,0.111,0.111,,0.111,0.5,0.215,gaineel01
Jack Garfinkel,29,BOS,BAA,1947-48,43,,,114,380,114,380,,,35,46,,,,59,,,,78,263,0.3,0.3,,0.3,0.761,0.329,garfija01
Chuck Gilmur,25,CHS,BAA,1947-48,48,,,181,597,181,597,,,97,148,,,,77,,,,231,459,0.303,0.303,,0.303,0.655,0.347,gilmuch01
Pop Goodwin,27,PRO,BAA,1947-48,24,,,36,155,36,155,,,19,27,,,,7,,,,36,91,0.232,0.232,,0.232,0.704,0.273,goodwpo01
Leo Gottlieb,27,NYK,BAA,1947-48,27,,,59,228,59,228,,,13,21,,,,12,,,,36,131,0.259,0.259,,0.259,0.619,0.276,gottlle01
Wyndol Gray,25,TOT,BAA,1947-48,12,,,6,37,6,37,,,1,4,,,,3,,,,16,13,0.162,0.162,,0.162,0.25,0.168,graywy01
Chick Halbert,28,TOT,BAA,1947-48,46,,,156,605,156,605,,,140,220,,,,32,,,,126,452,0.258,0.258,,0.258,0.636,0.322,halbech01
Cecil Hankins,26,BOS,BAA,1947-48,25,,,23,116,23,116,,,24,35,,,,8,,,,28,70,0.198,0.198,,0.198,0.686,0.266,hankice01
Kleggie Hermsen,24,BLB,BAA,1947-48,48,,,212,765,212,765,,,151,227,,,,48,,,,154,575,0.277,0.277,,0.277,0.665,0.332,hermskl01
Sonny Hertzberg,25,TOT,BAA,1947-48,41,,,110,414,110,414,,,58,73,,,,23,,,,61,278,0.266,0.266,,0.266,0.795,0.312,hertzso01
Jack Hewson,23,BOS,BAA,1947-48,24,,,22,89,22,89,,,21,30,,,,1,,,,39,65,0.247,0.247,,0.247,0.7,0.318,hewsoja01
Nat Hickey,46,PRO,BAA,1947-48,2,,,0,6,0,6,,,2,3,,,,0,,,,5,2,0,0,,0,0.667,0.137,hickena01
Art Hillhouse,31,PHW,BAA,1947-48,11,,,14,71,14,71,,,30,37,,,,3,,,,30,58,0.197,0.197,,0.197,0.811,0.332,hillhar01
Charlie Hoefer,26,BOS,BAA,1947-48,7,,,3,19,3,19,,,4,8,,,,3,,,,17,10,0.158,0.158,,0.158,0.5,0.222,hoefech01
Paul Hoffman,22,BLB,BAA,1947-48,37,,,142,408,142,408,,,104,157,,,,23,,,,123,388,0.348,0.348,,0.348,0.662,0.407,hoffmpa01
Dick Holub,26,NYK,BAA,1947-48,48,,,195,662,195,662,,,114,180,,,,37,,,,159,504,0.295,0.295,,0.295,0.633,0.34,holubdi01
Bob Hubbard,25,PRO,BAA,1947-48,28,,,58,199,58,199,,,36,52,,,,11,,,,34,152,0.291,0.291,,0.291,0.692,0.343,hubbabo01
Paul Huston,22,CHS,BAA,1947-48,46,,,51,215,51,215,,,62,89,,,,27,,,,82,164,0.237,0.237,,0.237,0.697,0.323,hustopa01
John Janisch,27,TOT,BAA,1947-48,10,,,14,50,14,50,,,9,16,,,,2,,,,5,37,0.28,0.28,,0.28,0.563,0.324,janisjo01
Buddy Jeannette,30,BLB,BAA,1947-48,46,,,150,430,150,430,,,191,252,,,,70,,,,147,491,0.349,0.349,,0.349,0.758,0.454,jeannbu01
Johnny Jorgensen,26,TOT,BAA,1947-48,3,,,4,9,4,9,,,1,1,,,,0,,,,2,9,0.444,0.444,,0.444,1,0.477,jorgejo01
Ralph Kaplowitz,28,PHW,BAA,1947-48,48,,,71,292,71,292,,,47,60,,,,19,,,,100,189,0.243,0.243,,0.243,0.783,0.297,kaplora01
Jerry Kelly,29,PRO,BAA,1947-48,3,,,3,10,3,10,,,0,1,,,,0,,,,3,6,0.3,0.3,,0.3,0,0.287,kellyje01
Herm Klotz,26,BLB,BAA,1947-48,11,,,7,31,7,31,,,1,3,,,,7,,,,3,15,0.226,0.226,,0.226,0.333,0.232,klotzhe01
Lee Knorek,26,NYK,BAA,1947-48,48,,,99,369,99,369,,,61,120,,,,50,,,,171,259,0.268,0.268,,0.268,0.508,0.307,knorele01
Ray Kuka,25,NYK,BAA,1947-48,44,,,89,273,89,273,,,50,84,,,,27,,,,117,228,0.326,0.326,,0.326,0.595,0.368,kukara01
Grady Lewis,30,TOT,BAA,1947-48,45,,,114,425,114,425,,,87,135,,,,41,,,,151,315,0.268,0.268,,0.268,0.644,0.325,lewisgr01
John Logan,27,STB,BAA,1947-48,48,,,221,734,221,734,,,202,272,,,,62,,,,141,644,0.301,0.301,,0.301,0.743,0.377,loganjo01
John Mahnken,25,WSC,BAA,1947-48,48,,,131,526,131,526,,,54,88,,,,31,,,,151,316,0.249,0.249,,0.249,0.614,0.28,mahnkjo01
Saul Mariaschin,23,BOS,BAA,1947-48,43,,,125,463,125,463,,,83,117,,,,60,,,,121,333,0.27,0.27,,0.27,0.709,0.324,mariasa01
Dino Martin,27,PRO,BAA,1947-48,32,,,46,193,46,193,,,9,20,,,,14,,,,17,101,0.238,0.238,,0.238,0.45,0.25,martidi01
Don Martin,27,STB,BAA,1947-48,39,,,35,150,35,150,,,15,33,,,,2,,,,61,85,0.233,0.233,,0.233,0.455,0.258,martido01
Ariel Maughan,24,TOT,BAA,1947-48,42,,,76,256,76,256,,,32,53,,,,6,,,,89,184,0.297,0.297,,0.297,0.604,0.329,maughar01
Bones McKinney,29,WSC,BAA,1947-48,43,,,182,680,182,680,,,121,188,,,,36,,,,176,485,0.268,0.268,,0.268,0.644,0.318,mckinbo01
Chet McNabb,27,BLB,BAA,1947-48,2,,,0,1,0,1,,,0,0,,,,0,,,,1,0,0,0,,0,,0,mcnabch01
George Mearns,25,PRO,BAA,1947-48,24,,,23,115,23,115,,,15,31,,,,10,,,,65,61,0.2,0.2,,0.2,0.484,0.237,mearnge01
Carl Meinhold,21,BLB,BAA,1947-48,48,,,108,356,108,356,,,37,60,,,,16,,,,64,253,0.303,0.303,,0.303,0.617,0.331,meinhca01
Stan Miasek,24,CHS,BAA,1947-48,48,,,263,867,263,867,,,190,310,,,,31,,,,192,716,0.303,0.303,,0.303,0.613,0.357,miasest01
Wat Misaka,24,NYK,BAA,1947-48,3,,,3,13,3,13,,,1,3,,,,0,,,,7,7,0.231,0.231,,0.231,0.333,0.244,misakwa01
George Munroe,26,BOS,BAA,1947-48,21,,,27,91,27,91,,,17,26,,,,3,,,,20,71,0.297,0.297,,0.297,0.654,0.347,munroge01
Angelo Musi,29,PHW,BAA,1947-48,43,,,134,485,134,485,,,51,73,,,,10,,,,56,319,0.276,0.276,,0.276,0.699,0.308,musian01
Paul Noel,23,NYK,BAA,1947-48,29,,,40,138,40,138,,,19,30,,,,3,,,,41,99,0.29,0.29,,0.29,0.633,0.327,noelpa01
Johnny Norlander,26,WSC,BAA,1947-48,48,,,167,543,167,543,,,135,182,,,,44,,,,102,469,0.308,0.308,,0.308,0.742,0.376,norlajo01
George Nostrand,24,PRO,BAA,1947-48,45,,,196,660,196,660,,,129,239,,,,30,,,,148,521,0.297,0.297,,0.297,0.54,0.34,nostrge01
Stan Noszka,27,BOS,BAA,1947-48,22,,,27,97,27,97,,,24,35,,,,4,,,,52,78,0.278,0.278,,0.278,0.686,0.347,noszkst01
Bob O'Brien,21,PHW,BAA,1947-48,22,,,17,81,17,81,,,15,26,,,,1,,,,40,49,0.21,0.21,,0.21,0.577,0.265,obriebo01
Buddy O'Grady,28,STB,BAA,1947-48,44,,,67,257,67,257,,,36,54,,,,9,,,,61,170,0.261,0.261,,0.261,0.667,0.303,ogradbu01
Dick O'Keefe,24,WSC,BAA,1947-48,37,,,63,257,63,257,,,30,59,,,,18,,,,85,156,0.245,0.245,,0.245,0.508,0.276,okeefdi01
Bud Palmer,26,NYK,BAA,1947-48,48,,,224,710,224,710,,,174,234,,,,45,,,,149,622,0.315,0.315,,0.315,0.744,0.383,palmebu01
Andy Phillip,25,CHS,BAA,1947-48,32,,,143,425,143,425,,,60,103,,,,74,,,,75,346,0.336,0.336,,0.336,0.583,0.368,phillan01
Don Putman,25,STB,BAA,1947-48,42,,,105,399,105,399,,,57,84,,,,25,,,,95,267,0.263,0.263,,0.263,0.679,0.306,putnado01
Chick Reiser,33,BLB,BAA,1947-48,47,,,202,628,202,628,,,137,185,,,,40,,,,175,541,0.322,0.322,,0.322,0.741,0.381,reisech01
Mel Riebe,31,BOS,BAA,1947-48,48,,,202,653,202,653,,,85,137,,,,41,,,,137,489,0.309,0.309,,0.309,0.62,0.343,riebeme01
Lee Robbins,25,PRO,BAA,1947-48,31,,,72,260,72,260,,,51,93,,,,7,,,,93,195,0.277,0.277,,0.277,0.548,0.324,robbile01
Red Rocha,24,STB,BAA,1947-48,48,,,232,740,232,740,,,147,213,,,,39,,,,209,611,0.314,0.314,,0.314,0.69,0.366,rochare01
Gene Rock,26,CHS,BAA,1947-48,11,,,4,18,4,18,,,2,4,,,,0,,,,8,10,0.222,0.222,,0.222,0.5,0.253,rockge01
Jack Rocker,25,PHW,BAA,1947-48,9,,,8,22,8,22,,,1,1,,,,3,,,,2,17,0.364,0.364,,0.364,1,0.379,rockeja01
Irv Rothenberg,26,TOT,BAA,1947-48,49,,,103,364,103,364,,,87,150,,,,7,,,,115,293,0.283,0.283,,0.283,0.58,0.341,rotheir01
Mickey Rottner,28,CHS,BAA,1947-48,44,,,53,184,53,184,,,11,34,,,,46,,,,49,117,0.288,0.288,,0.288,0.324,0.294,rottnmi01
Giff Roux,24,STB,BAA,1947-48,46,,,68,258,68,258,,,40,68,,,,12,,,,60,176,0.264,0.264,,0.264,0.588,0.306,rouxgi01
Jerry Rullo,24,BLB,BAA,1947-48,2,,,0,4,0,4,,,0,0,,,,0,,,,1,0,0,0,,0,,0,rulloje01
Ed Sadowski,30,BOS,BAA,1947-48,47,,,308,953,308,953,,,294,422,,,,74,,,,182,910,0.323,0.323,,0.323,0.697,0.4,sadowed01
Kenny Sailors,27,TOT,BAA,1947-48,44,,,207,689,207,689,,,110,159,,,,59,,,,162,524,0.3,0.3,,0.3,0.692,0.345,sailoke01
Ben Schadler,23,CHS,BAA,1947-48,37,,,23,116,23,116,,,10,13,,,,6,,,,40,56,0.198,0.198,,0.198,0.769,0.23,schadbe01
Dick Schulz,31,BLB,BAA,1947-48,48,,,133,469,133,469,,,117,160,,,,28,,,,116,383,0.284,0.284,,0.284,0.731,0.355,schuldi01
Fred Scolari,25,WSC,BAA,1947-48,47,,,229,780,229,780,,,131,179,,,,58,,,,153,589,0.294,0.294,,0.294,0.732,0.343,scolafr01
Jim Seminoff,25,CHS,BAA,1947-48,48,,,113,381,113,381,,,73,105,,,,89,,,,105,299,0.297,0.297,,0.297,0.695,0.35,seminji01
George Senesky,25,PHW,BAA,1947-48,47,,,158,570,158,570,,,98,147,,,,52,,,,90,414,0.277,0.277,,0.277,0.667,0.326,senesge01
Paul Seymour,20,BLB,BAA,1947-48,22,,,27,101,27,101,,,22,37,,,,6,,,,34,76,0.267,0.267,,0.267,0.595,0.324,seymopa01
Earl Shannon,26,PRO,BAA,1947-48,45,,,123,469,123,469,,,116,183,,,,49,,,,106,362,0.262,0.262,,0.262,0.634,0.329,shannea01
Connie Simmons,22,TOT,BAA,1947-48,45,,,162,545,162,545,,,62,108,,,,24,,,,122,386,0.297,0.297,,0.297,0.574,0.326,simmoco01
Belus Smawley,29,STB,BAA,1947-48,48,,,212,688,212,688,,,111,150,,,,18,,,,88,535,0.308,0.308,,0.308,0.74,0.355,smawlbe01
Art Spector,27,BOS,BAA,1947-48,48,,,67,243,67,243,,,60,92,,,,17,,,,106,194,0.276,0.276,,0.276,0.652,0.342,spectar01
Gene Stump,24,BOS,BAA,1947-48,43,,,59,247,59,247,,,24,38,,,,18,,,,66,142,0.239,0.239,,0.239,0.632,0.269,stumpge01
Stan Stutz,27,NYK,BAA,1947-48,47,,,109,501,109,501,,,113,135,,,,57,,,,121,331,0.218,0.218,,0.218,0.837,0.295,stutzst01
Sid Tanenbaum,22,NYK,BAA,1947-48,24,,,90,360,90,360,,,62,74,,,,37,,,,33,242,0.25,0.25,,0.25,0.838,0.308,tanensi01
Mel Thurston,29,PRO,BAA,1947-48,14,,,32,113,32,113,,,14,28,,,,4,,,,42,78,0.283,0.283,,0.283,0.5,0.311,thursme01
Jack Tingle,23,WSC,BAA,1947-48,37,,,36,137,36,137,,,17,33,,,,7,,,,45,89,0.263,0.263,,0.263,0.515,0.294,tinglja01
Jack Toomay,25,TOT,BAA,1947-48,33,,,61,191,61,191,,,60,91,,,,7,,,,71,182,0.319,0.319,,0.319,0.659,0.394,toomaja01
Irv Torgoff,30,WSC,BAA,1947-48,47,,,111,541,111,541,,,117,144,,,,32,,,,153,339,0.205,0.205,,0.205,0.813,0.28,torgoir01
Butch van Breda Kolff,25,NYK,BAA,1947-48,44,,,53,192,53,192,,,74,120,,,,29,,,,81,180,0.276,0.276,,0.276,0.617,0.368,vanbrbu01
Gene Vance,24,CHS,BAA,1947-48,48,,,163,617,163,617,,,76,126,,,,49,,,,193,402,0.264,0.264,,0.264,0.603,0.299,vancege01
Ray Wertis,26,PRO,BAA,1947-48,7,,,13,72,13,72,,,6,14,,,,6,,,,13,32,0.181,0.181,,0.181,0.429,0.205,wertira01
Max Zaslofsky,22,CHS,BAA,1947-48,48,,,373,1156,373,1156,,,261,333,,,,29,,,,125,1007,0.323,0.323,,0.323,0.784,0.387,zasloma01
Curly Armstrong,30,FTW,BAA,1948-49,52,,,131,428,131,428,,,118,169,,,,105,,,,152,380,0.306,0.306,,0.306,0.698,0.378,armstcu01
Johnny Bach,24,BOS,BAA,1948-49,34,,,34,119,34,119,,,51,75,,,,25,,,,24,119,0.286,0.286,,0.286,0.68,0.391,bachjo01
Hank Beenders,32,BOS,BAA,1948-49,8,,,6,28,6,28,,,7,9,,,,3,,,,9,19,0.214,0.214,,0.214,0.778,0.297,beendha01
Gale Bishop,26,PHW,BAA,1948-49,56,,,170,523,170,523,,,127,195,,,,92,,,,137,467,0.325,0.325,,0.325,0.651,0.384,bishoga01
Charlie Black,27,TOT,BAA,1948-49,58,,,203,691,203,691,,,161,291,,,,140,,,,247,567,0.294,0.294,,0.294,0.553,0.346,blackch01
Mike Bloom,34,TOT,BAA,1948-49,45,,,35,181,35,181,,,56,74,,,,32,,,,53,126,0.193,0.193,,0.193,0.757,0.295,bloommi01
Jake Bornheimer,21,PHW,BAA,1948-49,15,,,34,109,34,109,,,20,29,,,,13,,,,47,88,0.312,0.312,,0.312,0.69,0.361,bornhja01
Carl Braun,21,NYK,BAA,1948-49,57,,,299,906,299,906,,,212,279,,,,173,,,,144,810,0.33,0.33,,0.33,0.76,0.394,braunca01
Price Brookfield,28,INJ,BAA,1948-49,54,,,176,638,176,638,,,90,125,,,,136,,,,145,442,0.276,0.276,,0.276,0.72,0.319,brookpr01
Bob Brown,25,PRO,BAA,1948-49,20,,,37,111,37,111,,,34,47,,,,14,,,,67,108,0.333,0.333,,0.333,0.723,0.41,brownbo01
Darrell Brown,25,BLB,BAA,1948-49,3,,,2,6,2,6,,,0,2,,,,0,,,,3,4,0.333,0.333,,0.333,0,0.291,brownda01
Jim Browne,19,CHS,BAA,1948-49,4,,,1,2,1,2,,,1,2,,,,0,,,,4,3,0.5,0.5,,0.5,0.5,0.521,brownji01
Walt Budko,23,BLB,BAA,1948-49,60,,,224,644,224,644,,,244,309,,,,99,,,,201,692,0.348,0.348,,0.348,0.79,0.444,budkowa01
Tommy Byrnes,25,TOT,BAA,1948-49,57,,,160,525,160,525,,,92,149,,,,102,,,,84,412,0.305,0.305,,0.305,0.617,0.349,byrneto01
Bill Calhoun,21,ROC,BAA,1948-49,56,,,146,408,146,408,,,75,131,,,,125,,,,97,367,0.358,0.358,,0.358,0.573,0.394,calhobi01
Ernie Calverley,25,PRO,BAA,1948-49,59,,,218,696,218,696,,,121,160,,,,251,,,,183,557,0.313,0.313,,0.313,0.756,0.363,calveer01
Don Carlson,29,MNL,BAA,1948-49,55,,,211,632,211,632,,,86,130,,,,170,,,,180,508,0.334,0.334,,0.334,0.662,0.369,carlsdo01
Joe Colone,25,NYK,BAA,1948-49,15,,,35,113,35,113,,,13,19,,,,9,,,,25,83,0.31,0.31,,0.31,0.684,0.342,colonjo01
Dillard Crocker,24,FTW,BAA,1948-49,2,,,1,4,1,4,,,4,6,,,,0,,,,3,6,0.25,0.25,,0.25,0.667,0.452,crockdi01
Chink Crossin,25,PHW,BAA,1948-49,44,,,74,212,74,212,,,26,42,,,,55,,,,53,174,0.349,0.349,,0.349,0.619,0.377,crossch01
Fran Curran,26,ROC,BAA,1948-49,57,,,61,168,61,168,,,85,126,,,,78,,,,118,207,0.363,0.363,,0.363,0.675,0.463,currafr01
Howie Dallmar,26,PHW,BAA,1948-49,38,,,105,342,105,342,,,83,116,,,,116,,,,104,293,0.307,0.307,,0.307,0.716,0.373,dallmho01
Bob Davies,29,ROC,BAA,1948-49,60,,,317,871,317,871,,,270,348,,,,321,,,,197,904,0.364,0.364,,0.364,0.776,0.441,daviebo01
Bob Doll,29,BOS,BAA,1948-49,47,,,145,438,145,438,,,80,117,,,,117,,,,118,370,0.331,0.331,,0.331,0.684,0.378,dollbo01
Andy Duncan,26,ROC,BAA,1948-49,55,,,162,391,162,391,,,83,135,,,,51,,,,179,407,0.414,0.414,,0.414,0.615,0.452,duncaan01
Jack Dwan,27,MNL,BAA,1948-49,60,,,121,380,121,380,,,34,69,,,,129,,,,157,276,0.318,0.318,,0.318,0.493,0.336,dwanja01
Lonnie Eggleston,30,STB,BAA,1948-49,2,,,1,4,1,4,,,2,3,,,,1,,,,3,4,0.25,0.25,,0.25,0.667,0.376,egglelo01
Bulbs Ehlers,25,BOS,BAA,1948-49,59,,,182,583,182,583,,,150,225,,,,133,,,,119,514,0.312,0.312,,0.312,0.667,0.377,ehlerbu01
Ray Ellefson,26,MNL,BAA,1948-49,3,,,1,5,1,5,,,0,0,,,,0,,,,2,2,0.2,0.2,,0.2,,0.2,ellefra01
Jack Eskridge,25,TOT,BAA,1948-49,23,,,25,69,25,69,,,14,20,,,,14,,,,25,64,0.362,0.362,,0.362,0.7,0.411,eskrija01
Johnny Ezersky,26,TOT,BAA,1948-49,56,,,128,407,128,407,,,109,160,,,,67,,,,98,365,0.314,0.314,,0.314,0.681,0.382,ezersjo01
Phil Farbman,24,TOT,BAA,1948-49,48,,,50,163,50,163,,,55,81,,,,36,,,,86,155,0.307,0.307,,0.307,0.679,0.39,farbmph01
Bob Feerick,29,WSC,BAA,1948-49,58,,,248,708,248,708,,,256,298,,,,188,,,,171,752,0.35,0.35,,0.35,0.859,0.448,feeribo01
Arnie Ferrin,23,MNL,BAA,1948-49,47,,,130,378,130,378,,,85,128,,,,76,,,,142,345,0.344,0.344,,0.344,0.664,0.397,ferriar01
Bob Fitzgerald,25,ROC,BAA,1948-49,18,,,6,29,6,29,,,7,10,,,,12,,,,26,19,0.207,0.207,,0.207,0.7,0.284,fitzgbo01
Jerry Fleishman,26,PHW,BAA,1948-49,59,,,123,424,123,424,,,77,118,,,,120,,,,137,323,0.29,0.29,,0.29,0.653,0.339,fleisje01
Donnie Forman,23,MNL,BAA,1948-49,44,,,68,231,68,231,,,43,67,,,,74,,,,94,179,0.294,0.294,,0.294,0.642,0.344,formado01
Joe Fulks,27,PHW,BAA,1948-49,60,,,529,1689,529,1689,,,502,638,,,,74,,,,262,1560,0.313,0.313,,0.313,0.787,0.396,fulksjo01
Harry Gallatin,21,NYK,BAA,1948-49,52,,,157,479,157,479,,,120,169,,,,63,,,,127,434,0.328,0.328,,0.328,0.71,0.392,gallaha01
Earl Gardner,25,MNL,BAA,1948-49,50,,,38,101,38,101,,,13,28,,,,19,,,,50,89,0.376,0.376,,0.376,0.464,0.393,gardnea01
Jack Garfinkel,30,BOS,BAA,1948-49,9,,,12,70,12,70,,,10,14,,,,17,,,,19,34,0.171,0.171,,0.171,0.714,0.223,garfija01
Chuck Gilmur,26,CHS,BAA,1948-49,56,,,110,281,110,281,,,66,121,,,,125,,,,194,286,0.391,0.391,,0.391,0.545,0.428,gilmuch01
George Glamack,30,INJ,BAA,1948-49,11,,,30,121,30,121,,,42,55,,,,19,,,,28,102,0.248,0.248,,0.248,0.764,0.351,glamage01
Joe Graboski,19,CHS,BAA,1948-49,45,,,54,157,54,157,,,17,49,,,,18,,,,86,125,0.344,0.344,,0.344,0.347,0.35,grabojo01
Coulby Gunther,25,STB,BAA,1948-49,32,,,57,181,57,181,,,45,71,,,,33,,,,64,159,0.315,0.315,,0.315,0.634,0.375,gunthco01
Chick Halbert,29,TOT,BAA,1948-49,60,,,202,647,202,647,,,214,345,,,,113,,,,175,618,0.312,0.312,,0.312,0.62,0.387,halbech01
Bruce Hale,30,TOT,BAA,1948-49,52,,,187,585,187,585,,,172,228,,,,156,,,,112,546,0.32,0.32,,0.32,0.754,0.398,halebr01
Ralph Hamilton,27,TOT,BAA,1948-49,48,,,114,447,114,447,,,61,91,,,,83,,,,67,289,0.255,0.255,,0.255,0.67,0.297,hamilra01
John Hazen,21,BOS,BAA,1948-49,6,,,6,17,6,17,,,6,7,,,,3,,,,10,18,0.353,0.353,,0.353,0.857,0.448,hazenjo01
Bill Henry,24,FTW,BAA,1948-49,32,,,96,300,96,300,,,125,203,,,,55,,,,110,317,0.32,0.32,,0.32,0.616,0.407,henrybi01
Kleggie Hermsen,25,WSC,BAA,1948-49,60,,,248,794,248,794,,,212,311,,,,99,,,,257,708,0.312,0.312,,0.312,0.682,0.38,hermskl01
Sonny Hertzberg,26,WSC,BAA,1948-49,60,,,154,541,154,541,,,134,164,,,,114,,,,140,442,0.285,0.285,,0.285,0.817,0.36,hertzso01
Doug Holcomb,23,BLB,BAA,1948-49,3,,,3,12,3,12,,,9,14,,,,5,,,,5,15,0.25,0.25,,0.25,0.643,0.413,holcodo01
Red Holzman,28,ROC,BAA,1948-49,60,,,225,691,225,691,,,96,157,,,,149,,,,93,546,0.326,0.326,,0.326,0.611,0.359,holzmre01
Bob Hubbard,26,PRO,BAA,1948-49,34,,,25,135,25,135,,,22,34,,,,18,,,,39,72,0.185,0.185,,0.185,0.647,0.24,hubbabo01
Gene James,23,NYK,BAA,1948-49,11,,,18,48,18,48,,,6,12,,,,5,,,,20,42,0.375,0.375,,0.375,0.5,0.394,jamesge01
Tony Jaros,28,MNL,BAA,1948-49,59,,,132,385,132,385,,,79,110,,,,58,,,,114,343,0.343,0.343,,0.343,0.718,0.396,jarosto01
Buddy Jeannette,31,BLB,BAA,1948-49,56,,,73,199,73,199,,,167,213,,,,124,,,,157,313,0.367,0.367,,0.367,0.784,0.535,jeannbu01
Arnie Johnson,28,ROC,BAA,1948-49,60,,,156,375,156,375,,,199,284,,,,80,,,,247,511,0.416,0.416,,0.416,0.701,0.511,johnsar01
Johnny Jorgensen,27,MNL,BAA,1948-49,48,,,41,114,41,114,,,24,33,,,,33,,,,68,106,0.36,0.36,,0.36,0.727,0.412,jorgejo01
Whitey Kachan,23,TOT,BAA,1948-49,52,,,38,142,38,142,,,36,56,,,,37,,,,81,112,0.268,0.268,,0.268,0.643,0.336,kachawh01
George Kaftan,20,BOS,BAA,1948-49,21,,,116,315,116,315,,,72,115,,,,61,,,,28,304,0.368,0.368,,0.368,0.626,0.416,kaftage01
Leo Katkaveck,25,WSC,BAA,1948-49,53,,,84,253,84,253,,,53,71,,,,68,,,,110,221,0.332,0.332,,0.332,0.746,0.389,katkale01
Tom Kelly,24,BOS,BAA,1948-49,27,,,73,218,73,218,,,45,73,,,,38,,,,73,191,0.335,0.335,,0.335,0.616,0.382,kellyto01
Bob Kinney,28,TOT,BAA,1948-49,58,,,161,495,161,495,,,136,234,,,,77,,,,224,458,0.325,0.325,,0.325,0.581,0.383,kinnebo01
Walt Kirk,24,TOT,BAA,1948-49,49,,,140,406,140,406,,,167,231,,,,118,,,,127,447,0.345,0.345,,0.345,0.723,0.44,kirkwa01
Leo Klier,25,FTW,BAA,1948-49,47,,,125,492,125,492,,,97,137,,,,56,,,,124,347,0.254,0.254,,0.254,0.708,0.314,klierle01
Lee Knorek,27,NYK,BAA,1948-49,60,,,156,457,156,457,,,131,183,,,,135,,,,258,443,0.341,0.341,,0.341,0.716,0.412,knorele01
Andy Kostecka,27,INJ,BAA,1948-49,21,,,46,110,46,110,,,43,70,,,,14,,,,48,135,0.418,0.418,,0.418,0.614,0.479,kostean01
Dan Kraus,25,BLB,BAA,1948-49,13,,,5,35,5,35,,,11,24,,,,7,,,,24,21,0.143,0.143,,0.143,0.458,0.23,krausda01
Herb Krautblatt,22,BLB,BAA,1948-49,10,,,4,18,4,18,,,5,11,,,,4,,,,14,13,0.222,0.222,,0.222,0.455,0.285,krauthe01
Ray Kuka,26,NYK,BAA,1948-49,8,,,10,36,10,36,,,5,9,,,,11,,,,16,25,0.278,0.278,,0.278,0.556,0.313,kukara01
Andrew Levane,28,ROC,BAA,1948-49,36,,,55,193,55,193,,,13,21,,,,39,,,,37,123,0.285,0.285,,0.285,0.619,0.304,levanan01
Freddie Lewis,28,TOT,BAA,1948-49,61,,,272,834,272,834,,,138,181,,,,107,,,,167,682,0.326,0.326,,0.326,0.762,0.373,lewisfr01
Grady Lewis,31,STB,BAA,1948-49,34,,,53,137,53,137,,,42,70,,,,37,,,,104,148,0.387,0.387,,0.387,0.6,0.441,lewisgr01
John Logan,28,STB,BAA,1948-49,57,,,282,816,282,816,,,239,302,,,,276,,,,191,803,0.346,0.346,,0.346,0.791,0.423,loganjo01
Al Lucas,26,BOS,BAA,1948-49,2,,,1,3,1,3,,,0,0,,,,2,,,,0,2,0.333,0.333,,0.333,,0.333,lucasal01
Ray Lumpp,25,TOT,BAA,1948-49,61,,,279,800,279,800,,,219,283,,,,158,,,,173,777,0.349,0.349,,0.349,0.774,0.42,lumppra01
Jack Maddox,29,INJ,BAA,1948-49,1,,,0,0,0,0,,,0,0,,,,1,,,,0,0,,,,,,,maddoja01
John Mahnken,26,TOT,BAA,1948-49,57,,,215,830,215,830,,,104,167,,,,125,,,,215,534,0.259,0.259,,0.259,0.623,0.296,mahnkjo01
Lionel Malamed,24,TOT,BAA,1948-49,44,,,97,290,97,290,,,64,77,,,,61,,,,53,258,0.334,0.334,,0.334,0.831,0.398,malamli01
John Mandic,29,INJ,BAA,1948-49,56,,,97,302,97,302,,,75,115,,,,80,,,,151,269,0.321,0.321,,0.321,0.652,0.381,mandijo01
Don Martin,28,TOT,BAA,1948-49,44,,,52,170,52,170,,,30,47,,,,25,,,,115,134,0.306,0.306,,0.306,0.638,0.351,martido01
Ariel Maughan,25,STB,BAA,1948-49,55,,,206,650,206,650,,,184,285,,,,99,,,,134,596,0.317,0.317,,0.317,0.646,0.384,maughar01
Mel McGaha,22,NYK,BAA,1948-49,51,,,62,195,62,195,,,52,88,,,,51,,,,104,176,0.318,0.318,,0.318,0.591,0.377,mcgahme01
Bones McKinney,30,WSC,BAA,1948-49,57,,,263,801,263,801,,,197,279,,,,114,,,,216,723,0.328,0.328,,0.328,0.706,0.391,mckinbo01
Carl Meinhold,22,TOT,BAA,1948-49,50,,,101,306,101,306,,,61,96,,,,47,,,,60,263,0.33,0.33,,0.33,0.635,0.378,meinhca01
Stan Miasek,25,CHS,BAA,1948-49,58,,,169,488,169,488,,,113,216,,,,57,,,,208,451,0.346,0.346,,0.346,0.523,0.387,miasest01
Ed Mikan,23,CHS,BAA,1948-49,60,,,229,729,229,729,,,136,183,,,,62,,,,191,594,0.314,0.314,,0.314,0.743,0.367,mikaned01
George Mikan,24,MNL,BAA,1948-49,60,,,583,1403,583,1403,,,532,689,,,,218,,,,260,1698,0.416,0.416,,0.416,0.772,0.498,mikange01
Bill Miller,24,TOT,BAA,1948-49,28,,,21,72,21,72,,,11,20,,,,20,,,,32,53,0.292,0.292,,0.292,0.55,0.328,millebi01
Leo Mogus,27,TOT,BAA,1948-49,52,,,172,509,172,509,,,177,243,,,,104,,,,170,521,0.338,0.338,,0.338,0.728,0.423,mogusle01
Elmore Morgenthaler,26,PHW,BAA,1948-49,20,,,15,39,15,39,,,12,18,,,,7,,,,18,42,0.385,0.385,,0.385,0.667,0.448,morgeel01
Angelo Musi,30,PHW,BAA,1948-49,58,,,194,618,194,618,,,90,119,,,,81,,,,108,478,0.314,0.314,,0.314,0.756,0.357,musian01
Fritz Nagy,25,INJ,BAA,1948-49,50,,,94,271,94,271,,,65,97,,,,68,,,,84,253,0.347,0.347,,0.347,0.67,0.403,nagyfr01
Paul Napolitano,25,INJ,BAA,1948-49,1,,,0,0,0,0,,,0,0,,,,0,,,,0,0,,,,,,,napolpa01
Jack Nichols,22,WSC,BAA,1948-49,34,,,153,392,153,392,,,92,126,,,,56,,,,118,398,0.39,0.39,,0.39,0.73,0.445,nichoja01
Richie Niemiera,27,FTW,BAA,1948-49,55,,,115,331,115,331,,,132,165,,,,96,,,,115,362,0.347,0.347,,0.347,0.8,0.448,niemiri01
Paul Noel,24,NYK,BAA,1948-49,47,,,70,277,70,277,,,37,60,,,,33,,,,84,177,0.253,0.253,,0.253,0.617,0.292,noelpa01
Johnny Norlander,27,WSC,BAA,1948-49,60,,,164,454,164,454,,,116,171,,,,86,,,,124,444,0.361,0.361,,0.361,0.678,0.419,norlajo01
George Nostrand,25,TOT,BAA,1948-49,60,,,212,651,212,651,,,165,284,,,,94,,,,164,589,0.326,0.326,,0.326,0.581,0.38,nostrge01
Stan Noszka,28,BOS,BAA,1948-49,30,,,30,123,30,123,,,15,30,,,,25,,,,56,75,0.244,0.244,,0.244,0.5,0.275,noszkst01
Mike Novak,33,ROC,BAA,1948-49,60,,,124,363,124,363,,,72,124,,,,112,,,,188,320,0.342,0.342,,0.342,0.581,0.383,novakmi01
Bob O'Brien,22,TOT,BAA,1948-49,24,,,10,50,10,50,,,12,32,,,,9,,,,32,32,0.2,0.2,,0.2,0.375,0.25,obriebo01
Dermie O'Connell,20,BOS,BAA,1948-49,21,,,87,315,87,315,,,30,56,,,,65,,,,40,204,0.276,0.276,,0.276,0.536,0.3,oconnde01
Buddy O'Grady,29,TOT,BAA,1948-49,47,,,85,293,85,293,,,49,71,,,,68,,,,57,219,0.29,0.29,,0.29,0.69,0.338,ogradbu01
Dick O'Keefe,25,WSC,BAA,1948-49,50,,,70,274,70,274,,,51,99,,,,43,,,,119,191,0.255,0.255,,0.255,0.515,0.301,okeefdi01
Fred Paine,23,PRO,BAA,1948-49,3,,,3,19,3,19,,,1,5,,,,1,,,,3,7,0.158,0.158,,0.158,0.2,0.165,painefr01
Bud Palmer,27,NYK,BAA,1948-49,58,,,240,685,240,685,,,234,307,,,,108,,,,206,714,0.35,0.35,,0.35,0.762,0.435,palmebu01
Easy Parham,27,STB,BAA,1948-49,60,,,124,404,124,404,,,96,172,,,,151,,,,134,344,0.307,0.307,,0.307,0.558,0.359,parhaea01
Marty Passaglia,29,INJ,BAA,1948-49,10,,,14,57,14,57,,,3,4,,,,17,,,,17,31,0.246,0.246,,0.246,0.75,0.264,passama01
Jake Pelkington,33,TOT,BAA,1948-49,54,,,193,469,193,469,,,211,267,,,,131,,,,216,597,0.412,0.412,,0.412,0.79,0.509,pelkija01
Andy Phillip,26,CHS,BAA,1948-49,60,,,285,818,285,818,,,148,219,,,,319,,,,205,718,0.348,0.348,,0.348,0.676,0.393,phillan01
Jim Pollard,26,MNL,BAA,1948-49,53,,,314,792,314,792,,,156,227,,,,142,,,,144,784,0.396,0.396,,0.396,0.687,0.44,pollaji01
Les Pugh,26,PRO,BAA,1948-49,60,,,168,556,168,556,,,125,167,,,,59,,,,168,461,0.302,0.302,,0.302,0.749,0.366,pughle01
Roy Pugh,26,TOT,BAA,1948-49,23,,,13,51,13,51,,,6,19,,,,9,,,,17,32,0.255,0.255,,0.255,0.316,0.27,pughro01
Don Putman,26,STB,BAA,1948-49,59,,,98,330,98,330,,,52,97,,,,140,,,,132,248,0.297,0.297,,0.297,0.536,0.333,putnado01
Howie Rader,27,BLB,BAA,1948-49,13,,,7,45,7,45,,,3,10,,,,14,,,,25,17,0.156,0.156,,0.156,0.3,0.172,raderho01
Ray Ramsey,27,BLB,BAA,1948-49,2,,,0,1,0,1,,,2,2,,,,0,,,,0,2,0,0,,0,1,0.532,ramsera01
Chick Reiser,34,BLB,BAA,1948-49,57,,,219,653,219,653,,,188,257,,,,132,,,,202,626,0.335,0.335,,0.335,0.732,0.409,reisech01
Mel Riebe,32,TOT,BAA,1948-49,43,,,172,589,172,589,,,79,133,,,,104,,,,110,423,0.292,0.292,,0.292,0.594,0.327,riebeme01
Arnie Risen,24,ROC,BAA,1948-49,60,,,345,816,345,816,,,305,462,,,,100,,,,216,995,0.423,0.423,,0.423,0.66,0.488,risenar01
Tex Ritter,24,NYK,BAA,1948-49,55,,,123,353,123,353,,,91,146,,,,57,,,,71,337,0.348,0.348,,0.348,0.623,0.404,rittete01
Lee Robbins,26,PRO,BAA,1948-49,16,,,9,25,9,25,,,11,17,,,,12,,,,24,29,0.36,0.36,,0.36,0.647,0.446,robbile01
Bill Roberts,23,TOT,BAA,1948-49,50,,,89,267,89,267,,,44,63,,,,41,,,,113,222,0.333,0.333,,0.333,0.698,0.377,roberbi01
Red Rocha,25,STB,BAA,1948-49,58,,,223,574,223,574,,,162,211,,,,157,,,,251,608,0.389,0.389,,0.389,0.768,0.456,rochare01
Kenny Rollins,25,CHS,BAA,1948-49,59,,,144,520,144,520,,,77,104,,,,167,,,,150,365,0.277,0.277,,0.277,0.74,0.323,rollike01
Irv Rothenberg,27,NYK,BAA,1948-49,53,,,101,367,101,367,,,112,174,,,,68,,,,174,314,0.275,0.275,,0.275,0.644,0.354,rotheir01
Giff Roux,25,TOT,BAA,1948-49,45,,,29,118,29,118,,,29,44,,,,20,,,,30,87,0.246,0.246,,0.246,0.659,0.317,rouxgi01
Jerry Rullo,25,PHW,BAA,1948-49,39,,,53,183,53,183,,,31,45,,,,48,,,,71,137,0.29,0.29,,0.29,0.689,0.338,rulloje01
Ed Sadowski,31,PHW,BAA,1948-49,60,,,340,839,340,839,,,240,350,,,,160,,,,273,920,0.405,0.405,,0.405,0.686,0.463,sadowed01
Kenny Sailors,28,PRO,BAA,1948-49,57,,,309,906,309,906,,,281,367,,,,209,,,,239,899,0.341,0.341,,0.341,0.766,0.421,sailoke01
Herm Schaefer,30,MNL,BAA,1948-49,58,,,214,572,214,572,,,174,213,,,,185,,,,121,602,0.374,0.374,,0.374,0.817,0.452,schaehe01
Ben Scharnus,31,PRO,BAA,1948-49,1,,,0,1,0,1,,,0,1,,,,0,,,,0,0,0,0,,0,0,0,scharbe01
Otto Schnellbacher,25,TOT,BAA,1948-49,43,,,93,280,93,280,,,89,133,,,,64,,,,109,275,0.332,0.332,,0.332,0.669,0.406,schneot01
Dick Schulz,32,WSC,BAA,1948-49,50,,,65,278,65,278,,,65,91,,,,53,,,,107,195,0.234,0.234,,0.234,0.714,0.307,schuldi01
Fred Scolari,26,WSC,BAA,1948-49,48,,,196,633,196,633,,,146,183,,,,100,,,,150,538,0.31,0.31,,0.31,0.798,0.377,scolafr01
Jim Seminoff,26,BOS,BAA,1948-49,58,,,153,487,153,487,,,151,219,,,,229,,,,195,457,0.314,0.314,,0.314,0.689,0.392,seminji01
George Senesky,26,PHW,BAA,1948-49,60,,,138,516,138,516,,,111,152,,,,233,,,,133,387,0.267,0.267,,0.267,0.73,0.332,senesge01
Earl Shannon,27,TOT,BAA,1948-49,32,,,34,127,34,127,,,39,58,,,,44,,,,33,107,0.268,0.268,,0.268,0.672,0.351,shannea01
Howie Shannon,25,PRO,BAA,1948-49,55,,,292,802,292,802,,,152,189,,,,125,,,,154,736,0.364,0.364,,0.364,0.804,0.416,shannho01
Dick Shrider,25,NYK,BAA,1948-49,4,,,0,0,0,0,,,1,3,,,,2,,,,2,1,,,,,0.333,0.379,shriddi01
Connie Simmons,23,BLB,BAA,1948-49,60,,,299,794,299,794,,,181,265,,,,116,,,,215,779,0.377,0.377,,0.377,0.683,0.428,simmoco01
Belus Smawley,30,STB,BAA,1948-49,59,,,352,946,352,946,,,210,281,,,,183,,,,145,914,0.372,0.372,,0.372,0.747,0.427,smawlbe01
Jack Smiley,26,FTW,BAA,1948-49,59,,,141,571,141,571,,,112,164,,,,138,,,,202,394,0.247,0.247,,0.247,0.683,0.306,smileja01
Don Smith,28,MNL,BAA,1948-49,8,,,2,13,2,13,,,2,3,,,,2,,,,6,6,0.154,0.154,,0.154,0.667,0.209,smithdo01
Odie Spears,24,CHS,BAA,1948-49,57,,,200,631,200,631,,,131,197,,,,97,,,,200,531,0.317,0.317,,0.317,0.665,0.37,spearod01
Art Spector,28,BOS,BAA,1948-49,59,,,130,434,130,434,,,64,116,,,,77,,,,111,324,0.3,0.3,,0.3,0.552,0.334,spectar01
Jim Springer,22,INJ,BAA,1948-49,2,,,0,0,0,0,,,1,1,,,,0,,,,0,1,,,,,1,1.136,sprinji01
Jim Spruill,25,INJ,BAA,1948-49,1,,,1,3,1,3,,,0,0,,,,0,,,,3,2,0.333,0.333,,0.333,,0.333,spruiji01
Gene Stump,25,BOS,BAA,1948-49,56,,,193,580,193,580,,,92,129,,,,56,,,,102,478,0.333,0.333,,0.333,0.713,0.375,stumpge01
Stan Stutz,28,BLB,BAA,1948-49,59,,,121,431,121,431,,,131,159,,,,82,,,,149,373,0.281,0.281,,0.281,0.824,0.372,stutzst01
Sid Tanenbaum,23,TOT,BAA,1948-49,46,,,146,501,146,501,,,99,120,,,,125,,,,74,391,0.291,0.291,,0.291,0.825,0.353,tanensi01
Hal Tidrick,33,TOT,BAA,1948-49,61,,,194,616,194,616,,,164,205,,,,101,,,,191,552,0.315,0.315,,0.315,0.8,0.391,tidriha01
Jack Tingle,24,MNL,BAA,1948-49,2,,,1,6,1,6,,,0,0,,,,1,,,,2,2,0.167,0.167,,0.167,,0.167,tinglja01
Andy Tonkovich,26,PRO,BAA,1948-49,17,,,19,71,19,71,,,6,9,,,,10,,,,12,44,0.268,0.268,,0.268,0.667,0.293,tonkoan01
Jack Toomay,26,TOT,BAA,1948-49,36,,,32,84,32,84,,,36,53,,,,12,,,,65,100,0.381,0.381,,0.381,0.679,0.466,toomaja01
Irv Torgoff,31,TOT,BAA,1948-49,42,,,59,226,59,226,,,50,64,,,,44,,,,110,168,0.261,0.261,,0.261,0.781,0.331,torgoir01
Bob Tough,28,FTW,BAA,1948-49,53,,,183,661,183,661,,,100,138,,,,99,,,,101,466,0.277,0.277,,0.277,0.725,0.323,toughbo01
Blackie Towery,28,TOT,BAA,1948-49,60,,,203,771,203,771,,,195,263,,,,171,,,,243,601,0.263,0.263,,0.263,0.741,0.339,towerbl01
Dick Triptow,26,FTW,BAA,1948-49,55,,,116,417,116,417,,,102,141,,,,96,,,,107,334,0.278,0.278,,0.278,0.723,0.349,triptdi01
Butch van Breda Kolff,26,NYK,BAA,1948-49,59,,,127,401,127,401,,,161,240,,,,143,,,,148,415,0.317,0.317,,0.317,0.671,0.41,vanbrbu01
Gene Vance,25,CHS,BAA,1948-49,56,,,222,657,222,657,,,131,181,,,,167,,,,217,575,0.338,0.338,,0.338,0.724,0.39,vancege01
Brady Walker,27,PRO,BAA,1948-49,59,,,202,556,202,556,,,87,155,,,,68,,,,100,491,0.363,0.363,,0.363,0.561,0.393,walkebr01
Bobby Wanzer,27,ROC,BAA,1948-49,60,,,202,533,202,533,,,209,254,,,,186,,,,132,613,0.379,0.379,,0.379,0.823,0.475,wanzebo01
Dick Wehr,23,INJ,BAA,1948-49,9,,,5,21,5,21,,,2,6,,,,3,,,,12,12,0.238,0.238,,0.238,0.333,0.254,wehrdi01
D.C. Wilcutt,25,STB,BAA,1948-49,22,,,18,51,18,51,,,15,18,,,,31,,,,9,51,0.353,0.353,,0.353,0.833,0.433,wilcudc01
Ward Williams,25,FTW,BAA,1948-49,53,,,61,257,61,257,,,93,124,,,,82,,,,158,215,0.237,0.237,,0.237,0.75,0.345,williwa01
Max Zaslofsky,23,CHS,BAA,1948-49,58,,,425,1216,425,1216,,,347,413,,,,149,,,,156,1197,0.35,0.35,,0.35,0.84,0.428,zasloma01
Matt Zunic,29,WSC,BAA,1948-49,56,,,98,323,98,323,,,77,109,,,,50,,,,182,273,0.303,0.303,,0.303,0.706,0.368,zunicma01
Curly Armstrong,31,FTW,NBA,1949-50,63,,,144,516,144,516,,,170,241,,,,176,,,,217,458,0.279,0.279,,0.279,0.705,0.368,armstcu01
Cliff Barker,29,INO,NBA,1949-50,49,,,102,274,102,274,,,75,106,,,,109,,,,99,279,0.372,0.372,,0.372,0.708,0.435,barkecl01
Leo Barnhorst,25,CHS,NBA,1949-50,67,,,174,499,174,499,,,90,129,,,,140,,,,192,438,0.349,0.349,,0.349,0.698,0.394,barnhle01
Ed Bartels,24,TOT,NBA,1949-50,15,,,22,86,22,86,,,19,34,,,,20,,,,29,63,0.256,0.256,,0.256,0.559,0.312,barteed01
Ralph Beard,22,INO,NBA,1949-50,60,,,340,936,340,936,,,215,282,,,,233,,,,132,895,0.363,0.363,,0.363,0.762,0.422,beardra01
Gene Berce,23,TRI,NBA,1949-50,3,,,5,16,5,16,,,0,5,,,,2,,,,6,10,0.313,0.313,,0.313,0,0.275,bercege01
Charlie Black,28,TOT,NBA,1949-50,65,,,226,813,226,813,,,209,321,,,,163,,,,273,661,0.278,0.278,,0.278,0.651,0.346,blackch01
Nelson Bobb,25,PHW,NBA,1949-50,57,,,80,248,80,248,,,82,131,,,,46,,,,97,242,0.323,0.323,,0.323,0.626,0.396,bobbne01
Jake Bornheimer,22,PHW,NBA,1949-50,60,,,88,305,88,305,,,78,117,,,,40,,,,111,254,0.289,0.289,,0.289,0.667,0.356,bornhja01
Vince Boryla,22,NYK,NBA,1949-50,59,,,204,600,204,600,,,204,267,,,,95,,,,203,612,0.34,0.34,,0.34,0.764,0.426,borylvi01
Don Boven,24,WAT,NBA,1949-50,62,,,208,558,208,558,,,240,349,,,,137,,,,255,656,0.373,0.373,,0.373,0.688,0.461,bovendo01
Harry Boykoff,27,WAT,NBA,1949-50,61,,,288,698,288,698,,,203,262,,,,149,,,,229,779,0.413,0.413,,0.413,0.775,0.479,boykoha01
Joe Bradley,21,CHS,NBA,1949-50,46,,,36,134,36,134,,,15,38,,,,36,,,,51,87,0.269,0.269,,0.269,0.395,0.289,bradljo01
Bob Brannum,24,SHE,NBA,1949-50,59,,,234,718,234,718,,,245,355,,,,205,,,,279,713,0.326,0.326,,0.326,0.69,0.408,brannbo01
Carl Braun,22,NYK,NBA,1949-50,67,,,373,1024,373,1024,,,285,374,,,,247,,,,188,1031,0.364,0.364,,0.364,0.762,0.434,braunca01
Frankie Brian,26,AND,NBA,1949-50,64,,,368,1156,368,1156,,,402,488,,,,189,,,,192,1138,0.318,0.318,,0.318,0.824,0.415,brianfr01
Price Brookfield,29,ROC,NBA,1949-50,7,,,11,23,11,23,,,12,13,,,,1,,,,7,34,0.478,0.478,,0.478,0.923,0.592,brookpr01
Bob Brown,26,DNN,NBA,1949-50,62,,,276,764,276,764,,,172,252,,,,101,,,,269,724,0.361,0.361,,0.361,0.683,0.414,brownbo01
Jim Browne,20,DNN,NBA,1949-50,31,,,17,48,17,48,,,13,27,,,,8,,,,16,47,0.354,0.354,,0.354,0.481,0.392,brownji01
Walt Budko,24,BLB,NBA,1949-50,66,,,198,652,198,652,,,199,263,,,,146,,,,259,595,0.304,0.304,,0.304,0.757,0.388,budkowa01
Jack Burmaster,23,SHE,NBA,1949-50,61,,,237,711,237,711,,,124,182,,,,179,,,,237,598,0.333,0.333,,0.333,0.681,0.378,burmaja01
Tommy Byrnes,26,BLB,NBA,1949-50,53,,,120,397,120,397,,,87,124,,,,88,,,,76,327,0.302,0.302,,0.302,0.702,0.362,byrneto01
Bill Calhoun,22,ROC,NBA,1949-50,62,,,207,549,207,549,,,146,203,,,,115,,,,100,560,0.377,0.377,,0.377,0.719,0.439,calhobi01
Don Carlson,30,MNL,NBA,1949-50,57,,,99,290,99,290,,,69,95,,,,76,,,,126,267,0.341,0.341,,0.341,0.726,0.402,carlsdo01
Bob Carpenter,32,FTW,NBA,1949-50,66,,,212,617,212,617,,,190,256,,,,92,,,,168,614,0.344,0.344,,0.344,0.742,0.421,carpebo01
Jake Carter,25,TOT,NBA,1949-50,24,,,23,75,23,75,,,36,53,,,,24,,,,59,82,0.307,0.307,,0.307,0.679,0.417,carteja01
Al Cervi,32,SYR,NBA,1949-50,56,,,143,431,143,431,,,287,346,,,,264,,,,223,573,0.332,0.332,,0.332,0.829,0.491,cervial01
John Chaney,29,TOT,NBA,1949-50,16,,,25,86,25,86,,,20,29,,,,20,,,,23,70,0.291,0.291,,0.291,0.69,0.354,chanejo01
Leroy Chollet,24,SYR,NBA,1949-50,49,,,61,179,61,179,,,35,56,,,,37,,,,52,157,0.341,0.341,,0.341,0.625,0.385,chollle01
Bill Closs,28,AND,NBA,1949-50,64,,,283,898,283,898,,,186,259,,,,160,,,,190,752,0.315,0.315,,0.315,0.718,0.372,clossbi01
Paul Cloyd,29,TOT,NBA,1949-50,7,,,7,26,7,26,,,5,8,,,,2,,,,5,19,0.269,0.269,,0.269,0.625,0.322,cloydpa01
Jack Coleman,25,ROC,NBA,1949-50,68,,,250,663,250,663,,,90,121,,,,153,,,,223,590,0.377,0.377,,0.377,0.744,0.412,colemja01
Bobby Cook,26,SHE,NBA,1949-50,51,,,222,620,222,620,,,143,181,,,,158,,,,114,587,0.358,0.358,,0.358,0.79,0.42,cookbo01
Ray Corley,22,SYR,NBA,1949-50,60,,,117,370,117,370,,,75,122,,,,109,,,,81,309,0.316,0.316,,0.316,0.615,0.365,corlera01
Jack Cotton,25,DNN,NBA,1949-50,54,,,97,332,97,332,,,82,161,,,,65,,,,184,276,0.292,0.292,,0.292,0.509,0.343,cottoja01
Dillard Crocker,25,DNN,NBA,1949-50,53,,,245,840,245,840,,,233,317,,,,85,,,,223,723,0.292,0.292,,0.292,0.735,0.369,crockdi01
Chink Crossin,26,PHW,NBA,1949-50,64,,,185,574,185,574,,,79,101,,,,148,,,,139,449,0.322,0.322,,0.322,0.782,0.363,crossch01
Fran Curran,27,ROC,NBA,1949-50,66,,,98,235,98,235,,,199,241,,,,71,,,,113,395,0.417,0.417,,0.417,0.826,0.579,currafr01
Jimmy Darden,27,DNN,NBA,1949-50,26,,,78,243,78,243,,,55,80,,,,67,,,,67,211,0.321,0.321,,0.321,0.688,0.379,dardeji01
Bob Davies,30,ROC,NBA,1949-50,64,,,317,887,317,887,,,261,347,,,,294,,,,187,895,0.357,0.357,,0.357,0.752,0.43,daviebo01
Hook Dillon,26,WSC,NBA,1949-50,22,,,10,55,10,55,,,16,22,,,,5,,,,19,36,0.182,0.182,,0.182,0.727,0.278,dilloho01
Earl Dodd,25,DNN,NBA,1949-50,9,,,6,27,6,27,,,3,5,,,,6,,,,13,15,0.222,0.222,,0.222,0.6,0.257,doddea01
Joe Dolhon,22,BLB,NBA,1949-50,64,,,143,458,143,458,,,157,214,,,,155,,,,193,443,0.312,0.312,,0.312,0.734,0.401,dolhojo01
Bob Doll,30,BOS,NBA,1949-50,47,,,120,347,120,347,,,75,114,,,,108,,,,117,315,0.346,0.346,,0.346,0.658,0.397,dollbo01
Harry Donovan,23,NYK,NBA,1949-50,45,,,90,275,90,275,,,73,106,,,,38,,,,107,253,0.327,0.327,,0.327,0.689,0.393,donovha01
Andy Duncan,27,ROC,NBA,1949-50,67,,,125,289,125,289,,,60,108,,,,42,,,,160,310,0.433,0.433,,0.433,0.556,0.461,duncaan01
Dike Eddleman,27,TRI,NBA,1949-50,64,,,332,906,332,906,,,162,260,,,,142,,,,254,826,0.366,0.366,,0.366,0.623,0.405,eddledi01
Gene Englund,32,TOT,NBA,1949-50,46,,,104,274,104,274,,,152,192,,,,41,,,,167,360,0.38,0.38,,0.38,0.792,0.502,engluge01
Bob Evans,24,INO,NBA,1949-50,47,,,56,200,56,200,,,30,44,,,,55,,,,99,142,0.28,0.28,,0.28,0.682,0.324,evansbo01
Johnny Ezersky,27,TOT,NBA,1949-50,54,,,143,487,143,487,,,127,183,,,,86,,,,139,413,0.294,0.294,,0.294,0.694,0.364,ezersjo01
Bob Feerick,30,WSC,NBA,1949-50,60,,,172,500,172,500,,,139,174,,,,127,,,,140,483,0.344,0.344,,0.344,0.799,0.419,feeribo01
George Feigenbaum,20,BLB,NBA,1949-50,12,,,14,57,14,57,,,8,18,,,,10,,,,15,36,0.246,0.246,,0.246,0.444,0.277,feigege01
Arnie Ferrin,24,MNL,NBA,1949-50,63,,,132,396,132,396,,,76,109,,,,95,,,,147,340,0.333,0.333,,0.333,0.697,0.383,ferriar01
Jerry Fleishman,27,PHW,NBA,1949-50,65,,,102,353,102,353,,,93,151,,,,118,,,,129,297,0.289,0.289,,0.289,0.616,0.354,fleisje01
Joe Fulks,28,PHW,NBA,1949-50,68,,,336,1209,336,1209,,,293,421,,,,56,,,,240,965,0.278,0.278,,0.278,0.696,0.346,fulksjo01
Bill Gabor,27,SYR,NBA,1949-50,56,,,226,671,226,671,,,157,228,,,,108,,,,198,609,0.337,0.337,,0.337,0.689,0.395,gaborbi01
Elmer Gainer,31,WAT,NBA,1949-50,15,,,9,35,9,35,,,6,8,,,,7,,,,28,24,0.257,0.257,,0.257,0.75,0.312,gaineel01
Harry Gallatin,22,NYK,NBA,1949-50,68,,,263,664,263,664,,,277,366,,,,56,,,,215,803,0.396,0.396,,0.396,0.757,0.487,gallaha01
Vern Gardner,24,PHW,NBA,1949-50,63,,,313,916,313,916,,,227,296,,,,119,,,,236,853,0.342,0.342,,0.342,0.767,0.408,gardnve01
Frank Gates,29,AND,NBA,1949-50,64,,,113,402,113,402,,,61,98,,,,91,,,,147,287,0.281,0.281,,0.281,0.622,0.322,gatesfr01
Dee Gibson,26,TRI,NBA,1949-50,44,,,77,245,77,245,,,127,177,,,,126,,,,113,281,0.314,0.314,,0.314,0.718,0.435,gibsode01
Hoot Gibson,28,TOT,NBA,1949-50,32,,,67,195,67,195,,,42,64,,,,37,,,,106,176,0.344,0.344,,0.344,0.656,0.394,gibsoho01
Chuck Gilmur,27,WSC,NBA,1949-50,68,,,127,379,127,379,,,164,241,,,,108,,,,275,418,0.335,0.335,,0.335,0.68,0.431,gilmuch01
Normie Glick,22,MNL,NBA,1949-50,1,,,1,1,1,1,,,0,0,,,,0,,,,1,2,1,1,,1,,1,glickno01
Paul Gordon,22,BLB,NBA,1949-50,4,,,0,6,0,6,,,3,5,,,,3,,,,3,3,0,0,,0,0.6,0.183,gordopa01
Joe Graboski,20,CHS,NBA,1949-50,57,,,75,247,75,247,,,53,89,,,,37,,,,95,203,0.304,0.304,,0.304,0.596,0.355,grabojo01
Bud Grant,22,MNL,NBA,1949-50,35,,,42,115,42,115,,,7,17,,,,19,,,,36,91,0.365,0.365,,0.365,0.412,0.371,grantbu01
Don Grate,26,SHE,NBA,1949-50,2,,,1,6,1,6,,,2,2,,,,3,,,,3,4,0.167,0.167,,0.167,1,0.291,gratedo01
Alex Groza,23,INO,NBA,1949-50,64,,,521,1090,521,1090,,,454,623,,,,162,,,,221,1496,0.478,0.478,,0.478,0.729,0.548,grozaal01
Al Guokas,24,TOT,NBA,1949-50,57,,,93,299,93,299,,,28,50,,,,95,,,,143,214,0.311,0.311,,0.311,0.56,0.333,guokaal01
Robert Hahn,24,CHS,NBA,1949-50,10,,,4,13,4,13,,,2,7,,,,1,,,,17,10,0.308,0.308,,0.308,0.286,0.311,hahnro01
Chick Halbert,30,WSC,NBA,1949-50,68,,,108,284,108,284,,,112,175,,,,89,,,,136,328,0.38,0.38,,0.38,0.64,0.454,halbech01
Bruce Hale,31,INO,NBA,1949-50,64,,,217,614,217,614,,,223,285,,,,226,,,,143,657,0.353,0.353,,0.353,0.782,0.444,halebr01
Dale Hamilton,30,WAT,NBA,1949-50,14,,,8,33,8,33,,,9,19,,,,17,,,,30,25,0.242,0.242,,0.242,0.474,0.302,hamilda01
Alex Hannum,26,SYR,NBA,1949-50,64,,,177,488,177,488,,,128,186,,,,129,,,,264,482,0.363,0.363,,0.363,0.688,0.423,hannual01
John Hargis,29,AND,NBA,1949-50,60,,,223,550,223,550,,,197,277,,,,102,,,,170,643,0.405,0.405,,0.405,0.711,0.479,hargijo01
Bob Harris,22,FTW,NBA,1949-50,62,,,168,465,168,465,,,140,223,,,,129,,,,190,476,0.361,0.361,,0.361,0.628,0.423,harribo01
Bob Harrison,22,MNL,NBA,1949-50,66,,,125,348,125,348,,,50,74,,,,131,,,,175,300,0.359,0.359,,0.359,0.676,0.394,harribo02
Billy Hassett,28,TOT,NBA,1949-50,60,,,84,302,84,302,,,104,161,,,,137,,,,136,272,0.278,0.278,,0.278,0.646,0.365,hassebi01
Marshall Hawkins,25,INO,NBA,1949-50,39,,,55,195,55,195,,,42,61,,,,51,,,,87,152,0.282,0.282,,0.282,0.689,0.343,hawkima01
Bill Henry,25,TOT,NBA,1949-50,63,,,89,278,89,278,,,118,176,,,,48,,,,122,296,0.32,0.32,,0.32,0.67,0.416,henrybi01
Bill Herman,25,DNN,NBA,1949-50,13,,,25,65,25,65,,,6,11,,,,15,,,,13,56,0.385,0.385,,0.385,0.545,0.401,hermabi01
Kleggie Hermsen,26,CHS,NBA,1949-50,67,,,196,615,196,615,,,153,247,,,,98,,,,267,545,0.319,0.319,,0.319,0.619,0.377,hermskl01
Sonny Hertzberg,27,BOS,NBA,1949-50,68,,,275,865,275,865,,,143,191,,,,200,,,,153,693,0.318,0.318,,0.318,0.749,0.365,hertzso01
Paul Hoffman,24,BLB,NBA,1949-50,60,,,312,914,312,914,,,242,364,,,,161,,,,234,866,0.341,0.341,,0.341,0.665,0.403,hoffmpa01
Joe Holland,24,INO,NBA,1949-50,64,,,145,453,145,453,,,98,142,,,,130,,,,220,388,0.32,0.32,,0.32,0.69,0.376,hollajo01
Red Holzman,29,ROC,NBA,1949-50,68,,,206,625,206,625,,,144,210,,,,200,,,,67,556,0.33,0.33,,0.33,0.686,0.388,holzmre01
Gene James,24,NYK,NBA,1949-50,29,,,19,64,19,64,,,14,31,,,,20,,,,53,52,0.297,0.297,,0.297,0.452,0.335,jamesge01
Howie Janotta,25,BLB,NBA,1949-50,9,,,9,30,9,30,,,13,16,,,,4,,,,10,31,0.3,0.3,,0.3,0.813,0.418,janotho01
Tony Jaros,29,MNL,NBA,1949-50,61,,,84,289,84,289,,,72,96,,,,60,,,,106,240,0.291,0.291,,0.291,0.75,0.362,jarosto01
Buddy Jeannette,32,BLB,NBA,1949-50,37,,,42,148,42,148,,,109,133,,,,93,,,,82,193,0.284,0.284,,0.284,0.82,0.467,jeannbu01
Arnie Johnson,29,ROC,NBA,1949-50,68,,,149,376,149,376,,,200,294,,,,141,,,,260,498,0.396,0.396,,0.396,0.68,0.493,johnsar01
Ralph Johnson,28,TOT,NBA,1949-50,67,,,243,779,243,779,,,104,129,,,,171,,,,207,590,0.312,0.312,,0.312,0.806,0.353,johnsra01
Wah Wah Jones,23,INO,NBA,1949-50,60,,,264,706,264,706,,,223,297,,,,194,,,,241,751,0.374,0.374,,0.374,0.751,0.449,joneswa01
Noble Jorgensen,24,SHE,NBA,1949-50,54,,,218,618,218,618,,,268,350,,,,90,,,,201,704,0.353,0.353,,0.353,0.766,0.456,jorgeno01
George Kaftan,21,BOS,NBA,1949-50,55,,,199,535,199,535,,,136,208,,,,145,,,,92,534,0.372,0.372,,0.372,0.654,0.426,kaftage01
Leo Katkaveck,26,WSC,NBA,1949-50,54,,,101,330,101,330,,,34,56,,,,68,,,,102,236,0.306,0.306,,0.306,0.607,0.333,katkale01
Jack Kerris,25,TOT,NBA,1949-50,68,,,157,481,157,481,,,169,260,,,,118,,,,175,483,0.326,0.326,,0.326,0.65,0.406,kerrija01
Bob Kinney,29,BOS,NBA,1949-50,60,,,233,621,233,621,,,201,320,,,,100,,,,251,667,0.375,0.375,,0.375,0.628,0.438,kinnebo01
Walt Kirk,25,TOT,NBA,1949-50,58,,,97,361,97,361,,,155,216,,,,103,,,,155,349,0.269,0.269,,0.269,0.718,0.383,kirkwa01
Leo Klier,26,FTW,NBA,1949-50,66,,,157,516,157,516,,,141,190,,,,121,,,,177,455,0.304,0.304,,0.304,0.742,0.379,klierle01
Duane Klueh,24,TOT,NBA,1949-50,52,,,159,414,159,414,,,157,222,,,,91,,,,111,475,0.384,0.384,,0.384,0.707,0.464,kluehdu01
Lee Knorek,28,BLB,NBA,1949-50,1,,,0,2,0,2,,,0,0,,,,0,,,,4,0,0,0,,0,,0,knorele01
Milo Komenich,29,AND,NBA,1949-50,64,,,244,861,244,861,,,146,250,,,,124,,,,246,634,0.283,0.283,,0.283,0.584,0.326,komenmi01
Leo Kubiak,22,WAT,NBA,1949-50,62,,,259,794,259,794,,,192,236,,,,201,,,,250,710,0.326,0.326,,0.326,0.814,0.395,kubiale01
Frank Kudelka,24,CHS,NBA,1949-50,65,,,172,528,172,528,,,89,140,,,,132,,,,198,433,0.326,0.326,,0.326,0.636,0.367,kudelfr01
Walt Lautenbach,27,SHE,NBA,1949-50,55,,,100,332,100,332,,,38,55,,,,73,,,,122,238,0.301,0.301,,0.301,0.691,0.334,lautewa01
Tony Lavelli,23,BOS,NBA,1949-50,56,,,162,436,162,436,,,168,197,,,,40,,,,107,492,0.372,0.372,,0.372,0.853,0.471,lavelto01
Ed Leede,22,BOS,NBA,1949-50,64,,,174,507,174,507,,,223,316,,,,130,,,,167,571,0.343,0.343,,0.343,0.706,0.442,leedeed01
Andrew Levane,29,SYR,NBA,1949-50,60,,,139,418,139,418,,,54,85,,,,156,,,,106,332,0.333,0.333,,0.333,0.635,0.365,levanan01
Freddie Lewis,29,TOT,NBA,1949-50,34,,,46,184,46,184,,,25,32,,,,25,,,,40,117,0.25,0.25,,0.25,0.781,0.295,lewisfr01
Ron Livingstone,24,TOT,NBA,1949-50,54,,,163,579,163,579,,,122,177,,,,141,,,,260,448,0.282,0.282,,0.282,0.689,0.341,livinro01
John Logan,29,STB,NBA,1949-50,62,,,251,759,251,759,,,253,323,,,,240,,,,206,755,0.331,0.331,,0.331,0.783,0.419,loganjo01
Ray Lumpp,26,NYK,NBA,1949-50,58,,,91,283,91,283,,,86,108,,,,90,,,,117,268,0.322,0.322,,0.322,0.796,0.405,lumppra01
Ed Macauley,21,STB,NBA,1949-50,67,,,351,882,351,882,,,379,528,,,,200,,,,221,1081,0.398,0.398,,0.398,0.718,0.485,macaued01
Johnny Macknowski,27,SYR,NBA,1949-50,59,,,154,463,154,463,,,131,178,,,,65,,,,128,439,0.333,0.333,,0.333,0.736,0.405,macknjo01
John Mahnken,27,TOT,NBA,1949-50,62,,,132,495,132,495,,,77,115,,,,108,,,,231,341,0.267,0.267,,0.267,0.67,0.313,mahnkjo01
John Mandic,30,TOT,NBA,1949-50,25,,,22,75,22,75,,,22,32,,,,8,,,,54,66,0.293,0.293,,0.293,0.688,0.37,mandijo01
Slater Martin,24,MNL,NBA,1949-50,67,,,106,302,106,302,,,59,93,,,,148,,,,162,271,0.351,0.351,,0.351,0.634,0.395,martisl01
Ariel Maughan,26,STB,NBA,1949-50,68,,,160,574,160,574,,,157,205,,,,101,,,,174,477,0.279,0.279,,0.279,0.766,0.359,maughar01
Matt Mazza,26,SHE,NBA,1949-50,26,,,33,110,33,110,,,32,45,,,,29,,,,34,98,0.3,0.3,,0.3,0.711,0.378,mazzama01
Mike McCarron,27,TOT,NBA,1949-50,8,,,3,15,3,15,,,3,5,,,,3,,,,5,9,0.2,0.2,,0.2,0.6,0.262,mccarmi01
Dick McGuire,24,NYK,NBA,1949-50,68,,,190,563,190,563,,,204,313,,,,386,,,,160,584,0.337,0.337,,0.337,0.652,0.417,mcguidi01
Bones McKinney,31,WSC,NBA,1949-50,53,,,187,631,187,631,,,118,152,,,,88,,,,185,492,0.296,0.296,,0.296,0.776,0.352,mckinbo01
Mal McMullen,22,INO,NBA,1949-50,58,,,123,380,123,380,,,77,141,,,,87,,,,212,323,0.324,0.324,,0.324,0.546,0.365,mcmulma01
Dick Mehen,27,WAT,NBA,1949-50,62,,,347,826,347,826,,,198,281,,,,191,,,,203,892,0.42,0.42,,0.42,0.705,0.47,mehendi01
Ken Menke,27,WAT,NBA,1949-50,6,,,6,17,6,17,,,3,8,,,,7,,,,7,15,0.353,0.353,,0.353,0.375,0.365,menkeke01
Stan Miasek,26,CHS,NBA,1949-50,68,,,176,462,176,462,,,146,221,,,,75,,,,264,498,0.381,0.381,,0.381,0.661,0.445,miasest01
Ed Mikan,24,TOT,NBA,1949-50,65,,,89,321,89,321,,,92,120,,,,42,,,,143,270,0.277,0.277,,0.277,0.767,0.361,mikaned01
George Mikan,25,MNL,NBA,1949-50,68,,,649,1595,649,1595,,,567,728,,,,197,,,,297,1865,0.407,0.407,,0.407,0.779,0.487,mikange01
Vern Mikkelsen,21,MNL,NBA,1949-50,68,,,288,722,288,722,,,215,286,,,,123,,,,222,791,0.399,0.399,,0.399,0.752,0.466,mikkeve01
Al Miksis,21,WAT,NBA,1949-50,8,,,5,21,5,21,,,17,21,,,,4,,,,22,27,0.238,0.238,,0.238,0.81,0.446,miksial01
Murray Mitchell,26,AND,NBA,1949-50,2,,,1,3,1,3,,,0,0,,,,2,,,,1,2,0.333,0.333,,0.333,,0.333,mitchmu01
Leo Mogus,28,PHW,NBA,1949-50,64,,,172,434,172,434,,,218,300,,,,99,,,,169,562,0.396,0.396,,0.396,0.727,0.496,mogusle01
Max Morris,24,SHE,NBA,1949-50,62,,,252,694,252,694,,,277,415,,,,194,,,,172,781,0.363,0.363,,0.363,0.667,0.445,morrima01
Joe Mullaney,25,BOS,NBA,1949-50,37,,,9,70,9,70,,,12,15,,,,52,,,,30,30,0.129,0.129,,0.129,0.8,0.196,mullajo01
Jerry Nagel,21,FTW,NBA,1949-50,14,,,6,28,6,28,,,1,4,,,,18,,,,11,13,0.214,0.214,,0.214,0.25,0.218,nagelje01
Jack Nichols,23,TOT,NBA,1949-50,67,,,310,848,310,848,,,259,344,,,,142,,,,179,879,0.366,0.366,,0.366,0.753,0.44,nichoja01
Richie Niemiera,28,TOT,NBA,1949-50,60,,,110,350,110,350,,,104,139,,,,116,,,,77,324,0.314,0.314,,0.314,0.748,0.394,niemiri01
Paul Noel,25,NYK,NBA,1949-50,65,,,98,291,98,291,,,53,87,,,,67,,,,132,249,0.337,0.337,,0.337,0.609,0.378,noelpa01
Jim Nolan,22,PHW,NBA,1949-50,5,,,4,21,4,21,,,0,0,,,,4,,,,14,8,0.19,0.19,,0.19,,0.19,nolanji01
Johnny Norlander,28,WSC,NBA,1949-50,40,,,99,293,99,293,,,53,85,,,,33,,,,71,251,0.338,0.338,,0.338,0.624,0.38,norlajo01
George Nostrand,26,TOT,NBA,1949-50,55,,,78,255,78,255,,,56,99,,,,29,,,,118,212,0.306,0.306,,0.306,0.566,0.355,nostrge01
Mike Novak,34,TOT,NBA,1949-50,60,,,37,149,37,149,,,25,47,,,,61,,,,139,99,0.248,0.248,,0.248,0.532,0.292,novakmi01
Dermie O'Connell,21,TOT,NBA,1949-50,61,,,111,425,111,425,,,47,89,,,,91,,,,91,269,0.261,0.261,,0.261,0.528,0.29,oconnde01
Andy O'Donnell,24,BLB,NBA,1949-50,25,,,38,108,38,108,,,14,18,,,,17,,,,32,90,0.352,0.352,,0.352,0.778,0.388,odonnan01
Dick O'Keefe,26,WSC,NBA,1949-50,68,,,162,529,162,529,,,150,203,,,,74,,,,247,474,0.306,0.306,,0.306,0.739,0.383,okeefdi01
John Oldham,26,FTW,NBA,1949-50,59,,,127,426,127,426,,,103,145,,,,99,,,,192,357,0.298,0.298,,0.298,0.71,0.364,oldhajo01
Gene Ollrich,27,WAT,NBA,1949-50,14,,,17,72,17,72,,,10,14,,,,24,,,,34,44,0.236,0.236,,0.236,0.714,0.281,ollrige01
Johnny Orr,22,TOT,NBA,1949-50,34,,,40,118,40,118,,,12,14,,,,20,,,,34,92,0.339,0.339,,0.339,0.857,0.37,orrjo01
Don Otten,28,TOT,NBA,1949-50,64,,,242,648,242,648,,,341,463,,,,91,,,,246,825,0.373,0.373,,0.373,0.737,0.484,ottendo01
Mac Otten,24,TOT,NBA,1949-50,59,,,51,155,51,155,,,40,81,,,,36,,,,119,142,0.329,0.329,,0.329,0.494,0.372,ottenma01
Red Owens,24,TOT,NBA,1949-50,61,,,86,288,86,288,,,68,101,,,,73,,,,152,240,0.299,0.299,,0.299,0.673,0.361,owensre01
Easy Parham,28,STB,NBA,1949-50,66,,,137,421,137,421,,,88,178,,,,132,,,,158,362,0.325,0.325,,0.325,0.494,0.362,parhaea01
Jack Parkinson,25,INO,NBA,1949-50,4,,,1,12,1,12,,,1,1,,,,2,,,,3,3,0.083,0.083,,0.083,1,0.121,parkija01
Charlie Parsley,24,PHW,NBA,1949-50,9,,,8,31,8,31,,,6,7,,,,8,,,,7,22,0.258,0.258,,0.258,0.857,0.323,parslch01
Stan Patrick,27,TOT,NBA,1949-50,53,,,116,294,116,294,,,89,147,,,,74,,,,76,321,0.395,0.395,,0.395,0.605,0.447,patrist01
Johnny Payak,23,TOT,NBA,1949-50,52,,,98,331,98,331,,,121,173,,,,86,,,,113,317,0.296,0.296,,0.296,0.699,0.389,payakjo01
Warren Perkins,27,TRI,NBA,1949-50,60,,,128,422,128,422,,,115,195,,,,114,,,,260,371,0.303,0.303,,0.303,0.59,0.365,perkiwa01
Ed Peterson,25,SYR,NBA,1949-50,62,,,167,390,167,390,,,111,185,,,,33,,,,198,445,0.428,0.428,,0.428,0.6,0.472,petered01
Jack Phelan,24,TOT,NBA,1949-50,55,,,87,268,87,268,,,52,90,,,,57,,,,151,226,0.325,0.325,,0.325,0.578,0.367,phelaja01
Andy Phillip,27,CHS,NBA,1949-50,65,,,284,814,284,814,,,190,270,,,,377,,,,210,758,0.349,0.349,,0.349,0.704,0.406,phillan01
Jim Pollard,27,MNL,NBA,1949-50,66,,,394,1140,394,1140,,,185,242,,,,252,,,,143,973,0.346,0.346,,0.346,0.764,0.39,pollaji01
John Pritchard,23,WAT,NBA,1949-50,7,,,9,29,9,29,,,4,11,,,,8,,,,14,22,0.31,0.31,,0.31,0.364,0.325,pritcjo01
Les Pugh,27,BLB,NBA,1949-50,56,,,68,273,68,273,,,115,136,,,,16,,,,118,251,0.249,0.249,,0.249,0.846,0.377,pughle01
Don Putman,27,STB,NBA,1949-50,57,,,51,200,51,200,,,33,52,,,,90,,,,116,135,0.255,0.255,,0.255,0.635,0.303,putnado01
George Ratkovicz,27,SYR,NBA,1949-50,62,,,162,439,162,439,,,211,348,,,,124,,,,201,535,0.369,0.369,,0.369,0.606,0.452,ratkoge01
Don Ray,28,TRI,NBA,1949-50,61,,,130,403,130,403,,,104,149,,,,60,,,,147,364,0.323,0.323,,0.323,0.698,0.388,raydo01
Chick Reiser,35,WSC,NBA,1949-50,67,,,197,646,197,646,,,212,254,,,,174,,,,223,606,0.305,0.305,,0.305,0.835,0.4,reisech01
Arnie Risen,25,ROC,NBA,1949-50,62,,,206,598,206,598,,,213,321,,,,92,,,,228,625,0.344,0.344,,0.344,0.664,0.423,risenar01
Tex Ritter,25,NYK,NBA,1949-50,62,,,100,297,100,297,,,125,176,,,,51,,,,101,325,0.337,0.337,,0.337,0.71,0.434,rittete01
Bill Roberts,24,STB,NBA,1949-50,67,,,77,222,77,222,,,28,39,,,,24,,,,90,182,0.347,0.347,,0.347,0.718,0.38,roberbi01
Red Rocha,26,STB,NBA,1949-50,65,,,275,679,275,679,,,220,313,,,,155,,,,257,770,0.405,0.405,,0.405,0.703,0.471,rochare01
Kenny Rollins,26,CHS,NBA,1949-50,66,,,144,421,144,421,,,66,89,,,,131,,,,129,354,0.342,0.342,,0.342,0.742,0.385,rollike01
Bob Royer,22,DNN,NBA,1949-50,42,,,78,231,78,231,,,41,58,,,,85,,,,72,197,0.338,0.338,,0.338,0.707,0.384,royerbo01
Jerry Rullo,26,PHW,NBA,1949-50,4,,,3,9,3,9,,,1,1,,,,2,,,,2,7,0.333,0.333,,0.333,1,0.371,rulloje01
Ed Sadowski,32,TOT,NBA,1949-50,69,,,299,922,299,922,,,274,373,,,,136,,,,244,872,0.324,0.324,,0.324,0.735,0.401,sadowed01
Kenny Sailors,29,DNN,NBA,1949-50,57,,,329,944,329,944,,,329,456,,,,229,,,,242,987,0.349,0.349,,0.349,0.721,0.431,sailoke01
Pep Saul,25,ROC,NBA,1949-50,49,,,74,183,74,183,,,34,47,,,,28,,,,33,182,0.404,0.404,,0.404,0.723,0.447,saulpe01
Herm Schaefer,31,MNL,NBA,1949-50,65,,,122,314,122,314,,,86,101,,,,203,,,,104,330,0.389,0.389,,0.389,0.851,0.46,schaehe01
Marv Schatzman,22,BLB,NBA,1949-50,34,,,43,174,43,174,,,29,50,,,,38,,,,49,115,0.247,0.247,,0.247,0.58,0.293,schatma01
Fred Schaus,24,FTW,NBA,1949-50,68,,,351,996,351,996,,,270,330,,,,176,,,,232,972,0.352,0.352,,0.352,0.818,0.426,schaufr01
Dolph Schayes,21,SYR,NBA,1949-50,64,,,348,903,348,903,,,376,486,,,,259,,,,225,1072,0.385,0.385,,0.385,0.774,0.48,schaydo01
Milt Schoon,27,SHE,NBA,1949-50,62,,,150,366,150,366,,,196,300,,,,84,,,,190,496,0.41,0.41,,0.41,0.653,0.498,schoomi01
Howie Schultz,27,TOT,NBA,1949-50,67,,,179,671,179,671,,,196,282,,,,169,,,,244,554,0.267,0.267,,0.267,0.695,0.348,schulho01
Dick Schulz,33,TOT,NBA,1949-50,50,,,63,212,63,212,,,83,110,,,,66,,,,106,209,0.297,0.297,,0.297,0.755,0.401,schuldi01
Fred Scolari,27,WSC,NBA,1949-50,66,,,312,910,312,910,,,236,287,,,,175,,,,181,860,0.343,0.343,,0.343,0.822,0.415,scolafr01
Wayne See,26,WAT,NBA,1949-50,61,,,113,303,113,303,,,94,135,,,,143,,,,147,320,0.373,0.373,,0.373,0.696,0.442,seewa01
Glen Selbo,23,SHE,NBA,1949-50,13,,,10,51,10,51,,,22,29,,,,23,,,,15,42,0.196,0.196,,0.196,0.759,0.329,selbogl01
Rollie Seltz,26,AND,NBA,1949-50,34,,,93,309,93,309,,,80,104,,,,64,,,,72,266,0.301,0.301,,0.301,0.769,0.375,seltzro01
Jim Seminoff,27,BOS,NBA,1949-50,65,,,85,283,85,283,,,142,188,,,,249,,,,154,312,0.3,0.3,,0.3,0.755,0.427,seminji01
George Senesky,27,PHW,NBA,1949-50,68,,,227,709,227,709,,,157,223,,,,264,,,,164,611,0.32,0.32,,0.32,0.704,0.379,senesge01
Paul Seymour,22,SYR,NBA,1949-50,62,,,175,524,175,524,,,126,176,,,,189,,,,157,476,0.334,0.334,,0.334,0.716,0.396,seymopa01
Carl Shaeffer,25,INO,NBA,1949-50,43,,,59,160,59,160,,,32,57,,,,40,,,,103,150,0.369,0.369,,0.369,0.561,0.405,shaefca01
Howie Shannon,26,BOS,NBA,1949-50,67,,,222,646,222,646,,,143,182,,,,174,,,,148,587,0.344,0.344,,0.344,0.786,0.404,shannho01
Charley Shipp,36,WAT,NBA,1949-50,23,,,35,137,35,137,,,37,51,,,,46,,,,46,107,0.255,0.255,,0.255,0.725,0.336,shippch01
Connie Simmons,24,NYK,NBA,1949-50,60,,,241,729,241,729,,,198,299,,,,102,,,,203,680,0.331,0.331,,0.331,0.662,0.395,simmoco01
Belus Smawley,31,STB,NBA,1949-50,61,,,287,832,287,832,,,260,314,,,,215,,,,160,834,0.345,0.345,,0.345,0.828,0.43,smawlbe01
Jack Smiley,27,TOT,NBA,1949-50,59,,,98,364,98,364,,,136,201,,,,161,,,,193,332,0.269,0.269,,0.269,0.677,0.367,smileja01
Chips Sobek,29,SHE,NBA,1949-50,60,,,95,251,95,251,,,156,205,,,,95,,,,158,346,0.378,0.378,,0.378,0.761,0.507,sobekch01
Odie Spears,25,CHS,NBA,1949-50,68,,,277,775,277,775,,,158,230,,,,159,,,,250,712,0.357,0.357,,0.357,0.687,0.406,spearod01
Art Spector,29,BOS,NBA,1949-50,7,,,2,12,2,12,,,1,4,,,,3,,,,4,5,0.167,0.167,,0.167,0.25,0.182,spectar01
Ed Stanczak,28,AND,NBA,1949-50,57,,,159,456,159,456,,,203,270,,,,67,,,,166,521,0.349,0.349,,0.349,0.752,0.453,stanced01
Gene Stump,26,TOT,NBA,1949-50,49,,,63,213,63,213,,,37,54,,,,44,,,,59,163,0.296,0.296,,0.296,0.685,0.344,stumpge01
Mike Todorovich,26,TOT,NBA,1949-50,65,,,263,852,263,852,,,266,370,,,,207,,,,230,792,0.309,0.309,,0.309,0.719,0.39,todormi01
Jack Toomay,27,DNN,NBA,1949-50,62,,,204,514,204,514,,,186,264,,,,94,,,,213,594,0.397,0.397,,0.397,0.705,0.471,toomaja01
Bob Tough,29,TOT,NBA,1949-50,29,,,43,153,43,153,,,27,40,,,,38,,,,40,113,0.281,0.281,,0.281,0.675,0.331,toughbo01
Blackie Towery,29,BLB,NBA,1949-50,68,,,222,678,222,678,,,153,202,,,,142,,,,244,597,0.327,0.327,,0.327,0.757,0.389,towerbl01
Dick Triptow,27,BLB,NBA,1949-50,4,,,0,5,0,5,,,2,2,,,,1,,,,5,2,0,0,,0,1,0.17,triptdi01
Butch van Breda Kolff,27,NYK,NBA,1949-50,56,,,55,167,55,167,,,96,134,,,,78,,,,111,206,0.329,0.329,,0.329,0.716,0.456,vanbrbu01
Gene Vance,26,TRI,NBA,1949-50,35,,,110,325,110,325,,,86,120,,,,121,,,,145,306,0.338,0.338,,0.338,0.717,0.405,vancege01
Ernie Vandeweghe,21,NYK,NBA,1949-50,42,,,164,390,164,390,,,93,140,,,,78,,,,126,421,0.421,0.421,,0.421,0.664,0.466,vandeer01
Floyd Volker,28,TOT,NBA,1949-50,54,,,163,527,163,527,,,71,129,,,,112,,,,169,397,0.309,0.309,,0.309,0.55,0.34,volkefl01
Whitey Von Nieda,27,TOT,NBA,1949-50,59,,,120,336,120,336,,,73,115,,,,143,,,,127,313,0.357,0.357,,0.357,0.635,0.405,vonniwh01
Clint Wager,30,FTW,NBA,1949-50,63,,,57,203,57,203,,,29,47,,,,90,,,,175,143,0.281,0.281,,0.281,0.617,0.32,wagercl01
Danny Wagner,27,SHE,NBA,1949-50,11,,,19,54,19,54,,,31,35,,,,18,,,,22,69,0.352,0.352,,0.352,0.886,0.497,wagneda01
Brady Walker,28,BOS,NBA,1949-50,68,,,218,583,218,583,,,72,114,,,,109,,,,100,508,0.374,0.374,,0.374,0.632,0.401,walkebr01
Paul Walther,22,TOT,NBA,1949-50,53,,,114,290,114,290,,,63,109,,,,56,,,,123,291,0.393,0.393,,0.393,0.578,0.431,walthpa01
Bobby Wanzer,28,ROC,NBA,1949-50,67,,,254,614,254,614,,,283,351,,,,214,,,,102,791,0.414,0.414,,0.414,0.806,0.515,wanzebo01
Murray Wier,23,TRI,NBA,1949-50,56,,,157,480,157,480,,,115,166,,,,107,,,,141,429,0.327,0.327,,0.327,0.693,0.388,wiermu01
D.C. Wilcutt,26,STB,NBA,1949-50,37,,,24,73,24,73,,,29,42,,,,49,,,,27,77,0.329,0.329,,0.329,0.69,0.421,wilcudc01
Bob Wood,28,SHE,NBA,1949-50,6,,,3,14,3,14,,,1,1,,,,1,,,,6,7,0.214,0.214,,0.214,1,0.242,woodbo01
Max Zaslofsky,24,CHS,NBA,1949-50,68,,,397,1132,397,1132,,,321,381,,,,155,,,,185,1115,0.351,0.351,,0.351,0.843,0.429,zasloma01
Paul Arizin,22,PHW,NBA,1950-51,65,,,352,864,352,864,,,417,526,,,640,138,,,,284,1121,0.407,0.407,,0.407,0.793,0.512,arizipa01
Curly Armstrong,32,FTW,NBA,1950-51,38,,,72,232,72,232,,,58,90,,,89,77,,,,97,202,0.31,0.31,,0.31,0.644,0.372,armstcu01
Cliff Barker,30,INO,NBA,1950-51,56,,,51,202,51,202,,,50,77,,,100,115,,,,98,152,0.252,0.252,,0.252,0.649,0.322,barkecl01
Leo Barnhorst,26,INO,NBA,1950-51,68,,,232,671,232,671,,,82,119,,,296,218,,,,197,546,0.346,0.346,,0.346,0.689,0.377,barnhle01
Ed Bartels,25,WSC,NBA,1950-51,17,,,24,97,24,97,,,24,46,,,84,12,,,,54,72,0.247,0.247,,0.247,0.522,0.307,barteed01
Ed Beach,22,TOT,NBA,1950-51,12,,,8,38,8,38,,,6,9,,,25,3,,,,14,22,0.211,0.211,,0.211,0.667,0.262,beached01
Ralph Beard,23,INO,NBA,1950-51,66,,,409,1110,409,1110,,,293,378,,,251,318,,,,96,1111,0.368,0.368,,0.368,0.775,0.435,beardra01
Leon Blevins,24,INO,NBA,1950-51,2,,,1,4,1,4,,,0,1,,,2,1,,,,3,2,0.25,0.25,,0.25,0,0.225,blevile01
Nelson Bobb,26,PHW,NBA,1950-51,53,,,52,158,52,158,,,44,79,,,101,82,,,,83,148,0.329,0.329,,0.329,0.557,0.384,bobbne01
Ike Borsavage,26,PHW,NBA,1950-51,24,,,26,74,26,74,,,12,18,,,24,4,,,,34,64,0.351,0.351,,0.351,0.667,0.391,borsaik01
Vince Boryla,23,NYK,NBA,1950-51,66,,,352,867,352,867,,,278,332,,,249,182,,,,244,982,0.406,0.406,,0.406,0.837,0.485,borylvi01
Harry Boykoff,28,TOT,NBA,1950-51,48,,,126,336,126,336,,,74,100,,,220,60,,,,197,326,0.375,0.375,,0.375,0.74,0.429,boykoha01
Frankie Brian,27,TRI,NBA,1950-51,68,,,363,1127,363,1127,,,418,508,,,244,266,,,,215,1144,0.322,0.322,,0.322,0.823,0.424,brianfr01
Walt Budko,25,BLB,NBA,1950-51,64,,,165,464,165,464,,,166,223,,,452,135,,,,203,496,0.356,0.356,,0.356,0.744,0.441,budkowa01
Art Burris,26,FTW,NBA,1950-51,33,,,28,113,28,113,,,21,36,,,106,27,,,,51,77,0.248,0.248,,0.248,0.583,0.299,burriar01
Tommy Byrnes,27,TOT,NBA,1950-51,47,,,81,267,81,267,,,55,84,,,71,69,,,,81,217,0.303,0.303,,0.303,0.655,0.357,byrneto01
Gerry Calabrese,25,SYR,NBA,1950-51,46,,,70,197,70,197,,,61,88,,,65,65,,,,80,201,0.355,0.355,,0.355,0.693,0.426,calabge01
Bill Calhoun,23,ROC,NBA,1950-51,66,,,175,506,175,506,,,161,228,,,199,99,,,,87,511,0.346,0.346,,0.346,0.706,0.421,calhobi01
Don Carlson,31,BLB,NBA,1950-51,9,,,17,46,17,46,,,8,16,,,15,19,,,,23,42,0.37,0.37,,0.37,0.5,0.396,carlsdo01
Bob Carpenter,33,TOT,NBA,1950-51,56,,,109,335,109,335,,,105,128,,,229,79,,,,115,323,0.325,0.325,,0.325,0.82,0.413,carpebo01
Al Cervi,33,SYR,NBA,1950-51,53,,,132,346,132,346,,,194,237,,,152,208,,,,180,458,0.382,0.382,,0.382,0.819,0.509,cervial01
Leroy Chollet,25,SYR,NBA,1950-51,14,,,6,51,6,51,,,12,19,,,15,12,,,,29,24,0.118,0.118,,0.118,0.632,0.202,chollle01
Cal Christensen,23,TRI,NBA,1950-51,67,,,134,445,134,445,,,175,245,,,523,161,,,,266,443,0.301,0.301,,0.301,0.714,0.401,chrisca01
Nat Clifton,28,NYK,NBA,1950-51,65,,,211,656,211,656,,,140,263,,,491,162,,,,269,562,0.322,0.322,,0.322,0.532,0.364,cliftna01
Bill Closs,29,PHW,NBA,1950-51,65,,,202,631,202,631,,,166,223,,,401,110,,,,156,570,0.32,0.32,,0.32,0.744,0.391,clossbi01
Jack Coleman,26,ROC,NBA,1950-51,67,,,315,749,315,749,,,134,172,,,584,197,,,,193,764,0.421,0.421,,0.421,0.779,0.463,colemja01
Chuck Cooper,24,BOS,NBA,1950-51,66,,,207,601,207,601,,,201,267,,,562,174,,,,219,615,0.344,0.344,,0.344,0.753,0.428,coopech01
Ray Corley,23,TOT,NBA,1950-51,34,,,46,152,46,152,,,30,55,,,77,60,,,,52,122,0.303,0.303,,0.303,0.545,0.346,corlera01
Bob Cousy,22,BOS,NBA,1950-51,69,,,401,1138,401,1138,,,276,365,,,474,341,,,,185,1078,0.352,0.352,,0.352,0.756,0.415,cousybo01
Bob Davies,31,ROC,NBA,1950-51,63,,,326,877,326,877,,,303,381,,,197,287,,,,208,955,0.372,0.372,,0.372,0.795,0.457,daviebo01
Hank DeZonie,28,TRI,NBA,1950-51,5,,,6,25,6,25,,,5,7,,,18,9,,,,6,17,0.24,0.24,,0.24,0.714,0.303,dezonha01
Joe Dolhon,23,BLB,NBA,1950-51,13,,,17,56,17,56,,,17,23,,,18,19,,,,32,51,0.304,0.304,,0.304,0.739,0.386,dolhojo01
Bob Donham,24,BOS,NBA,1950-51,68,,,151,298,151,298,,,114,229,,,235,139,,,,179,416,0.507,0.507,,0.507,0.498,0.522,donhabo01
Andy Duncan,28,BOS,NBA,1950-51,14,,,7,40,7,40,,,15,22,,,30,8,,,,32,29,0.175,0.175,,0.175,0.682,0.292,duncaan01
Dike Eddleman,28,TRI,NBA,1950-51,68,,,398,1120,398,1120,,,244,349,,,410,170,,,,231,1040,0.355,0.355,,0.355,0.699,0.408,eddledi01
Ray Ellefson,28,NYK,NBA,1950-51,3,,,0,4,0,4,,,4,4,,,8,0,,,,6,4,0,0,,0,1,0.347,ellefra01
Arnie Ferrin,25,MNL,NBA,1950-51,68,,,119,373,119,373,,,114,164,,,271,107,,,,220,352,0.319,0.319,,0.319,0.695,0.395,ferriar01
Larry Foust,22,FTW,NBA,1950-51,68,,,327,944,327,944,,,261,396,,,681,90,,,,247,915,0.346,0.346,,0.346,0.659,0.409,foustla01
Joe Fulks,29,PHW,NBA,1950-51,66,,,429,1358,429,1358,,,378,442,,,523,117,,,,247,1236,0.316,0.316,,0.316,0.855,0.398,fulksjo01
Bill Gabor,28,SYR,NBA,1950-51,61,,,255,745,255,745,,,179,242,,,150,125,,,,213,689,0.342,0.342,,0.342,0.74,0.405,gaborbi01
Harry Gallatin,23,NYK,NBA,1950-51,66,,,293,705,293,705,,,259,354,,,800,180,,,,244,845,0.416,0.416,,0.416,0.732,0.491,gallaha01
Vern Gardner,25,PHW,NBA,1950-51,61,,,129,383,129,383,,,69,97,,,237,89,,,,149,327,0.337,0.337,,0.337,0.711,0.384,gardnve01
Ed Gayda,23,TRI,NBA,1950-51,15,,,19,46,19,46,,,18,24,,,39,13,,,,34,56,0.413,0.413,,0.413,0.75,0.495,gaydaed01
Chuck Gilmur,28,WSC,NBA,1950-51,16,,,17,61,17,61,,,17,32,,,75,17,,,,57,51,0.279,0.279,,0.279,0.531,0.34,gilmuch01
Bud Grant,23,MNL,NBA,1950-51,61,,,53,184,53,184,,,52,83,,,115,71,,,,106,158,0.288,0.288,,0.288,0.627,0.358,grantbu01
Alex Groza,24,INO,NBA,1950-51,66,,,492,1046,492,1046,,,445,566,,,709,156,,,,237,1429,0.47,0.47,,0.47,0.786,0.552,grozaal01
Chick Halbert,31,TOT,NBA,1950-51,68,,,164,449,164,449,,,172,248,,,539,158,,,,216,500,0.365,0.365,,0.365,0.694,0.448,halbech01
Bruce Hale,32,INO,NBA,1950-51,26,,,40,135,40,135,,,14,23,,,49,42,,,,30,94,0.296,0.296,,0.296,0.609,0.324,halebr01
Alex Hannum,27,SYR,NBA,1950-51,63,,,182,494,182,494,,,107,197,,,301,119,,,,271,471,0.368,0.368,,0.368,0.543,0.406,hannual01
John Hargis,30,TOT,NBA,1950-51,29,,,48,127,48,127,,,27,42,,,66,25,,,,58,123,0.378,0.378,,0.378,0.643,0.423,hargijo01
Bob Harris,23,TOT,NBA,1950-51,56,,,98,295,98,295,,,86,127,,,291,64,,,,157,282,0.332,0.332,,0.332,0.677,0.402,harribo01
Bob Harrison,23,MNL,NBA,1950-51,68,,,150,432,150,432,,,101,128,,,172,195,,,,218,401,0.347,0.347,,0.347,0.789,0.411,harribo02
Billy Hassett,29,BLB,NBA,1950-51,31,,,45,160,45,160,,,43,63,,,34,47,,,,72,133,0.281,0.281,,0.281,0.683,0.354,hassebi01
Kleggie Hermsen,27,TOT,NBA,1950-51,71,,,189,644,189,644,,,155,237,,,448,92,,,,261,533,0.293,0.293,,0.293,0.654,0.356,hermskl01
Sonny Hertzberg,28,BOS,NBA,1950-51,65,,,206,651,206,651,,,223,270,,,260,244,,,,156,635,0.316,0.316,,0.316,0.826,0.412,hertzso01
Paul Hoffman,25,BLB,NBA,1950-51,41,,,127,399,127,399,,,105,156,,,202,111,,,,135,359,0.318,0.318,,0.318,0.673,0.384,hoffmpa01
Joe Holland,25,INO,NBA,1950-51,67,,,196,594,196,594,,,78,137,,,344,150,,,,228,470,0.33,0.33,,0.33,0.569,0.359,hollajo01
Red Holzman,30,ROC,NBA,1950-51,68,,,183,561,183,561,,,130,179,,,152,147,,,,94,496,0.326,0.326,,0.326,0.726,0.388,holzmre01
Joe Hutton,22,MNL,NBA,1950-51,60,,,59,180,59,180,,,29,43,,,102,53,,,,89,147,0.328,0.328,,0.328,0.674,0.369,huttojo01
Gene James,25,TOT,NBA,1950-51,48,,,79,235,79,235,,,44,71,,,141,70,,,,118,202,0.336,0.336,,0.336,0.62,0.379,jamesge01
Tony Jaros,30,MNL,NBA,1950-51,63,,,88,287,88,287,,,65,103,,,131,72,,,,131,241,0.307,0.307,,0.307,0.631,0.363,jarosto01
Arnie Johnson,30,ROC,NBA,1950-51,68,,,185,403,185,403,,,269,371,,,449,175,,,,290,639,0.459,0.459,,0.459,0.725,0.564,johnsar01
Ralph Johnson,29,FTW,NBA,1950-51,68,,,235,737,235,737,,,114,162,,,275,183,,,,247,584,0.319,0.319,,0.319,0.704,0.361,johnsra01
Wah Wah Jones,24,INO,NBA,1950-51,22,,,93,237,93,237,,,61,77,,,125,85,,,,74,247,0.392,0.392,,0.392,0.792,0.456,joneswa01
Noble Jorgensen,25,TOT,NBA,1950-51,63,,,223,600,223,600,,,182,265,,,338,91,,,,237,628,0.372,0.372,,0.372,0.687,0.438,jorgeno01
George Kaftan,22,NYK,NBA,1950-51,61,,,111,286,111,286,,,78,125,,,153,74,,,,102,300,0.388,0.388,,0.388,0.624,0.44,kaftage01
Jack Kerris,26,FTW,NBA,1950-51,68,,,255,689,255,689,,,201,295,,,477,181,,,,253,711,0.37,0.37,,0.37,0.681,0.434,kerrija01
Duane Klueh,25,FTW,NBA,1950-51,61,,,157,458,157,458,,,135,184,,,183,82,,,,143,449,0.343,0.343,,0.343,0.734,0.417,kluehdu01
Frank Kudelka,25,TOT,NBA,1950-51,62,,,179,518,179,518,,,83,119,,,158,105,,,,211,441,0.346,0.346,,0.346,0.697,0.387,kudelfr01
Tony Lavelli,24,NYK,NBA,1950-51,30,,,32,93,32,93,,,35,41,,,59,23,,,,56,99,0.344,0.344,,0.344,0.854,0.446,lavelto01
Bob Lavoy,24,INO,NBA,1950-51,63,,,221,619,221,619,,,84,133,,,310,76,,,,190,526,0.357,0.357,,0.357,0.632,0.388,lavoybo01
Ed Leede,23,BOS,NBA,1950-51,57,,,119,370,119,370,,,140,189,,,118,95,,,,144,378,0.322,0.322,,0.322,0.741,0.417,leedeed01
Ron Livingstone,25,PHW,NBA,1950-51,63,,,104,353,104,353,,,76,109,,,297,76,,,,220,284,0.295,0.295,,0.295,0.697,0.354,livinro01
Earl Lloyd,22,WSC,NBA,1950-51,7,,,16,35,16,35,,,11,13,,,47,11,,,,26,43,0.457,0.457,,0.457,0.846,0.528,lloydea01
Don Lofgran,21,TOT,NBA,1950-51,61,,,79,270,79,270,,,79,127,,,157,36,,,,132,237,0.293,0.293,,0.293,0.622,0.364,lofgrdo01
John Logan,30,TRI,NBA,1950-51,30,,,84,269,84,269,,,63,84,,,134,119,,,,70,231,0.312,0.312,,0.312,0.75,0.378,loganjo01
Ray Lumpp,27,NYK,NBA,1950-51,64,,,153,379,153,379,,,124,160,,,125,115,,,,160,430,0.404,0.404,,0.404,0.775,0.478,lumppra01
Ed Macauley,22,BOS,NBA,1950-51,68,,,459,985,459,985,,,466,614,,,616,252,,,,205,1384,0.466,0.466,,0.466,0.759,0.551,macaued01
Johnny Macknowski,28,SYR,NBA,1950-51,58,,,131,435,131,435,,,122,170,,,110,69,,,,134,384,0.301,0.301,,0.301,0.718,0.377,macknjo01
Norm Mager,24,BLB,NBA,1950-51,24,,,40,142,40,142,,,44,56,,,47,23,,,,68,124,0.282,0.282,,0.282,0.786,0.372,magerno01
John Mahnken,28,TOT,NBA,1950-51,58,,,111,351,111,351,,,45,70,,,219,77,,,,164,267,0.316,0.316,,0.316,0.643,0.35,mahnkjo01
Slater Martin,25,MNL,NBA,1950-51,68,,,227,627,227,627,,,121,177,,,246,235,,,,199,575,0.362,0.362,,0.362,0.684,0.408,martisl01
Ariel Maughan,27,WSC,NBA,1950-51,35,,,78,250,78,250,,,98,123,,,141,48,,,,91,254,0.312,0.312,,0.312,0.797,0.418,maughar01
Dick McGuire,25,NYK,NBA,1950-51,64,,,179,482,179,482,,,179,276,,,334,400,,,,154,537,0.371,0.371,,0.371,0.649,0.445,mcguidi01
Bones McKinney,32,TOT,NBA,1950-51,44,,,102,327,102,327,,,58,81,,,198,85,,,,136,262,0.312,0.312,,0.312,0.716,0.361,mckinbo01
Mal McMullen,23,INO,NBA,1950-51,51,,,78,277,78,277,,,48,82,,,128,33,,,,109,204,0.282,0.282,,0.282,0.585,0.326,mcmulma01
Joe McNamee,24,ROC,NBA,1950-51,60,,,48,167,48,167,,,27,42,,,101,18,,,,88,123,0.287,0.287,,0.287,0.643,0.332,mcnamjo01
Dick Mehen,28,TOT,NBA,1950-51,66,,,192,532,192,532,,,90,123,,,223,118,,,,149,474,0.361,0.361,,0.361,0.732,0.404,mehendi01
Ed Mikan,25,TOT,NBA,1950-51,61,,,193,556,193,556,,,137,189,,,344,63,,,,194,523,0.347,0.347,,0.347,0.725,0.409,mikaned01
George Mikan,26,MNL,NBA,1950-51,68,,,678,1584,678,1584,,,576,717,,,958,208,,,,308,1932,0.428,0.428,,0.428,0.803,0.509,mikange01
Vern Mikkelsen,22,MNL,NBA,1950-51,64,,,359,893,359,893,,,186,275,,,655,181,,,,260,904,0.402,0.402,,0.402,0.676,0.446,mikkeve01
Leo Mogus,29,PHW,NBA,1950-51,57,,,43,122,43,122,,,53,86,,,102,32,,,,60,139,0.352,0.352,,0.352,0.616,0.435,mogusle01
Chuck Mrazovich,26,INO,NBA,1950-51,25,,,28,80,28,80,,,29,48,,,40,13,,,,52,85,0.35,0.35,,0.35,0.604,0.42,mrazoch01
Ken Murray,22,TOT,NBA,1950-51,66,,,301,887,301,887,,,248,332,,,355,202,,,,164,850,0.339,0.339,,0.339,0.747,0.411,murrake01
Jack Nichols,24,TRI,NBA,1950-51,6,,,27,79,27,79,,,16,21,,,63,15,,,,23,70,0.342,0.342,,0.342,0.762,0.397,nichoja01
Paul Noel,26,ROC,NBA,1950-51,52,,,49,174,49,174,,,32,45,,,81,34,,,,61,130,0.282,0.282,,0.282,0.711,0.335,noelpa01
Johnny Norlander,29,WSC,NBA,1950-51,9,,,6,16,6,16,,,9,14,,,9,5,,,,14,21,0.375,0.375,,0.375,0.643,0.474,norlajo01
Dick O'Keefe,27,WSC,NBA,1950-51,17,,,21,102,21,102,,,25,39,,,37,25,,,,48,67,0.206,0.206,,0.206,0.641,0.281,okeefdi01
Tommy O'Keefe,22,TOT,NBA,1950-51,6,,,10,28,10,28,,,3,4,,,7,10,,,,5,23,0.357,0.357,,0.357,0.75,0.386,okeefto01
Kevin O'Shea,25,MNL,NBA,1950-51,63,,,87,267,87,267,,,97,134,,,125,100,,,,99,271,0.326,0.326,,0.326,0.724,0.416,osheake01
John Oldham,27,FTW,NBA,1950-51,68,,,199,597,199,597,,,171,292,,,242,127,,,,242,569,0.333,0.333,,0.333,0.586,0.392,oldhajo01
Don Otten,29,TOT,NBA,1950-51,67,,,162,479,162,479,,,246,308,,,404,62,,,,255,570,0.338,0.338,,0.338,0.799,0.464,ottendo01
Easy Parham,29,PHW,NBA,1950-51,7,,,2,6,2,6,,,2,6,,,9,2,,,,2,6,0.333,0.333,,0.333,0.333,0.347,parhaea01
Warren Perkins,28,TRI,NBA,1950-51,66,,,135,428,135,428,,,126,195,,,319,143,,,,232,396,0.315,0.315,,0.315,0.646,0.385,perkiwa01
Ed Peterson,26,TOT,NBA,1950-51,53,,,130,384,130,384,,,99,150,,,288,66,,,,188,359,0.339,0.339,,0.339,0.66,0.399,petered01
Andy Phillip,28,PHW,NBA,1950-51,66,,,275,690,275,690,,,190,253,,,446,414,,,,221,740,0.399,0.399,,0.399,0.751,0.462,phillan01
Jim Pollard,28,MNL,NBA,1950-51,54,,,256,728,256,728,,,117,156,,,484,184,,,,157,629,0.352,0.352,,0.352,0.75,0.395,pollaji01
George Ratkovicz,28,SYR,NBA,1950-51,66,,,264,636,264,636,,,321,439,,,547,193,,,,256,849,0.415,0.415,,0.415,0.731,0.512,ratkoge01
Don Rehfeldt,24,BLB,NBA,1950-51,59,,,164,426,164,426,,,103,139,,,251,68,,,,146,431,0.385,0.385,,0.385,0.741,0.442,rehfedo01
Jim Riffey,27,FTW,NBA,1950-51,35,,,65,185,65,185,,,20,26,,,61,16,,,,54,150,0.351,0.351,,0.351,0.769,0.382,riffeji01
Arnie Risen,26,ROC,NBA,1950-51,66,,,377,940,377,940,,,323,440,,,795,158,,,,278,1077,0.401,0.401,,0.401,0.734,0.475,risenar01
Tex Ritter,26,NYK,NBA,1950-51,34,,,39,103,39,103,,,49,71,,,65,37,,,,52,127,0.379,0.379,,0.379,0.69,0.473,rittete01
Red Rocha,27,BLB,NBA,1950-51,64,,,297,843,297,843,,,242,299,,,511,147,,,,242,836,0.352,0.352,,0.352,0.809,0.429,rochare01
Kenny Sailors,30,TOT,NBA,1950-51,60,,,181,533,181,533,,,131,180,,,120,150,,,,196,493,0.34,0.34,,0.34,0.728,0.403,sailoke01
Pep Saul,26,ROC,NBA,1950-51,65,,,105,310,105,310,,,72,105,,,84,68,,,,85,282,0.339,0.339,,0.339,0.686,0.396,saulpe01
Alan Sawyer,23,WSC,NBA,1950-51,33,,,87,235,87,235,,,43,50,,,121,25,,,,75,217,0.37,0.37,,0.37,0.86,0.422,sawyeal01
Fred Schaus,25,FTW,NBA,1950-51,68,,,312,918,312,918,,,404,484,,,495,184,,,,240,1028,0.34,0.34,,0.34,0.835,0.454,schaufr01
Dolph Schayes,22,SYR,NBA,1950-51,66,,,332,930,332,930,,,457,608,,,1080,251,,,,271,1121,0.357,0.357,,0.357,0.752,0.468,schaydo01
Herb Scherer,22,TRI,NBA,1950-51,20,,,24,84,24,84,,,20,35,,,50,17,,,,56,68,0.286,0.286,,0.286,0.571,0.342,scherhe01
Dick Schnittker,22,WSC,NBA,1950-51,29,,,86,209,86,209,,,123,142,,,153,41,,,,82,295,0.411,0.411,,0.411,0.866,0.543,schnidi01
Fred Scolari,28,TOT,NBA,1950-51,66,,,302,923,302,923,,,279,331,,,218,255,,,,183,883,0.327,0.327,,0.327,0.843,0.413,scolafr01
George Senesky,28,PHW,NBA,1950-51,65,,,249,703,249,703,,,181,238,,,326,342,,,,144,679,0.354,0.354,,0.354,0.761,0.42,senesge01
Paul Seymour,23,SYR,NBA,1950-51,51,,,125,385,125,385,,,117,159,,,194,187,,,,138,367,0.325,0.325,,0.325,0.736,0.403,seymopa01
Carl Shaeffer,26,INO,NBA,1950-51,10,,,6,22,6,22,,,3,3,,,10,6,,,,15,15,0.273,0.273,,0.273,1,0.322,shaefca01
Bill Sharman,24,WSC,NBA,1950-51,31,,,141,381,141,381,,,96,108,,,110,39,,,,86,378,0.37,0.37,,0.37,0.889,0.441,sharmbi01
Connie Simmons,25,NYK,NBA,1950-51,66,,,229,613,229,613,,,146,208,,,426,117,,,,222,604,0.374,0.374,,0.374,0.702,0.429,simmoco01
Belus Smawley,32,TOT,NBA,1950-51,60,,,252,663,252,663,,,227,267,,,178,161,,,,145,731,0.38,0.38,,0.38,0.85,0.468,smawlbe01
Ed Stanczak,29,BOS,NBA,1950-51,19,,,12,50,12,50,,,36,45,,,36,7,,,,48,60,0.24,0.24,,0.24,0.8,0.43,stanced01
Mike Todorovich,27,TRI,NBA,1950-51,66,,,221,715,221,715,,,211,301,,,455,179,,,,197,653,0.309,0.309,,0.309,0.701,0.385,todormi01
Gene Vance,27,TRI,NBA,1950-51,29,,,46,114,46,114,,,47,67,,,94,57,,,,98,139,0.404,0.404,,0.404,0.701,0.484,vancege01
Ernie Vandeweghe,22,NYK,NBA,1950-51,44,,,135,336,135,336,,,68,97,,,195,121,,,,144,338,0.402,0.402,,0.402,0.701,0.446,vandeer01
Brady Walker,29,TOT,NBA,1950-51,66,,,164,416,164,416,,,72,103,,,354,111,,,,82,400,0.394,0.394,,0.394,0.699,0.434,walkebr01
Paul Walther,23,INO,NBA,1950-51,63,,,213,634,213,634,,,145,209,,,226,225,,,,201,571,0.336,0.336,,0.336,0.694,0.393,walthpa01
Bobby Wanzer,29,ROC,NBA,1950-51,68,,,252,628,252,628,,,232,273,,,232,181,,,,129,736,0.401,0.401,,0.401,0.85,0.492,wanzebo01
Max Zaslofsky,25,NYK,NBA,1950-51,66,,,302,853,302,853,,,231,298,,,228,136,,,,150,835,0.354,0.354,,0.354,0.775,0.424,zasloma01
Paul Arizin,23,PHW,NBA,1951-52,66,,2939,548,1222,548,1222,,,578,707,,,745,170,,,,250,1674,0.448,0.448,,0.448,0.818,0.546,arizipa01
Cliff Barker,31,INO,NBA,1951-52,44,,494,48,161,48,161,,,30,51,,,81,70,,,,56,126,0.298,0.298,,0.298,0.588,0.343,barkecl01
Don Barksdale,28,BLB,NBA,1951-52,62,,2014,272,804,272,804,,,237,343,,,601,137,,,,230,781,0.338,0.338,,0.338,0.691,0.409,barksdo01
Leo Barnhorst,27,INO,NBA,1951-52,66,,2344,349,897,349,897,,,122,187,,,430,255,,,,196,820,0.389,0.389,,0.389,0.652,0.419,barnhle01
Elmer Behnke,22,MLH,NBA,1951-52,4,,55,6,22,6,22,,,4,7,,,17,4,,,,13,16,0.273,0.273,,0.273,0.571,0.319,behnkel01
Charlie Black,30,MLH,NBA,1951-52,13,,117,6,31,6,31,,,5,12,,,31,9,,,,31,17,0.194,0.194,,0.194,0.417,0.234,blackch01
Nelson Bobb,27,PHW,NBA,1951-52,62,,1192,110,306,110,306,,,99,167,,,147,168,,,,182,319,0.359,0.359,,0.359,0.593,0.42,bobbne01
Vince Boryla,24,NYK,NBA,1951-52,42,,1440,202,522,202,522,,,96,115,,,219,90,,,,121,500,0.387,0.387,,0.387,0.835,0.437,borylvi01
Don Boven,26,MLH,NBA,1951-52,66,,1982,200,668,200,668,,,256,350,,,336,177,,,,271,656,0.299,0.299,,0.299,0.731,0.399,bovendo01
Bob Brannum,26,BOS,NBA,1951-52,66,,1324,149,404,149,404,,,107,171,,,406,76,,,,235,405,0.369,0.369,,0.369,0.626,0.423,brannbo01
Frankie Brian,28,FTW,NBA,1951-52,66,,2672,342,972,342,972,,,367,433,,,232,233,,,,220,1051,0.352,0.352,,0.352,0.848,0.452,brianfr01
Stan Brown,22,PHW,NBA,1951-52,15,,141,22,63,22,63,,,10,18,,,17,9,,,,32,54,0.349,0.349,,0.349,0.556,0.381,brownst01
Walt Budko,26,PHW,NBA,1951-52,63,,1126,97,240,97,240,,,60,89,,,232,91,,,,196,254,0.404,0.404,,0.404,0.674,0.455,budkowa01
Art Burris,27,TOT,NBA,1951-52,41,,514,42,156,42,156,,,26,39,,,99,27,,,,69,110,0.269,0.269,,0.269,0.667,0.318,burriar01
Gerry Calabrese,26,SYR,NBA,1951-52,58,,937,109,317,109,317,,,73,103,,,84,83,,,,107,291,0.344,0.344,,0.344,0.709,0.402,calabge01
Bill Calhoun,24,BLB,NBA,1951-52,55,,1594,129,409,129,409,,,125,183,,,252,117,,,,84,383,0.315,0.315,,0.315,0.683,0.391,calhobi01
Al Cervi,34,SYR,NBA,1951-52,55,,850,99,280,99,280,,,219,248,,,87,148,,,,176,417,0.354,0.354,,0.354,0.883,0.536,cervial01
Cal Christensen,24,MLH,NBA,1951-52,24,,374,29,96,29,96,,,30,57,,,82,34,,,,47,88,0.302,0.302,,0.302,0.526,0.363,chrisca01
Nat Clifton,29,NYK,NBA,1951-52,62,,2101,244,729,244,729,,,170,256,,,731,209,,,,227,658,0.335,0.335,,0.335,0.664,0.391,cliftna01
Bill Closs,30,FTW,NBA,1951-52,57,,1120,120,389,120,389,,,107,157,,,204,76,,,,125,347,0.308,0.308,,0.308,0.682,0.379,clossbi01
Jack Coleman,27,ROC,NBA,1951-52,66,,2606,308,742,308,742,,,120,169,,,692,208,,,,218,736,0.415,0.415,,0.415,0.71,0.451,colemja01
Chuck Cooper,25,BOS,NBA,1951-52,66,,1976,197,545,197,545,,,149,201,,,502,134,,,,219,543,0.361,0.361,,0.361,0.741,0.429,coopech01
Bob Cousy,23,BOS,NBA,1951-52,66,,2681,512,1388,512,1388,,,409,506,,,421,441,,,,190,1433,0.369,0.369,,0.369,0.808,0.445,cousybo01
Dillard Crocker,27,TOT,NBA,1951-52,38,,783,98,279,98,279,,,97,145,,,111,57,,,,132,293,0.351,0.351,,0.351,0.669,0.427,crockdi01
Ed Dahler,26,PHW,NBA,1951-52,14,,112,14,38,14,38,,,7,7,,,22,5,,,,16,35,0.368,0.368,,0.368,1,0.426,dahleed01
Bob Davies,32,ROC,NBA,1951-52,65,,2394,379,990,379,990,,,294,379,,,189,390,,,,269,1052,0.383,0.383,,0.383,0.776,0.455,daviebo01
Nate DeLong,26,MLH,NBA,1951-52,17,,132,20,42,20,42,,,24,35,,,31,14,,,,47,64,0.476,0.476,,0.476,0.686,0.557,delonna01
Dick Dickey,25,BOS,NBA,1951-52,45,,440,40,136,40,136,,,47,69,,,81,50,,,,79,127,0.294,0.294,,0.294,0.681,0.382,dickedi01
Bob Donham,25,BOS,NBA,1951-52,66,,1980,201,413,201,413,,,149,293,,,330,228,,,,223,551,0.487,0.487,,0.487,0.509,0.508,donhabo01
Dike Eddleman,29,TOT,NBA,1951-52,66,,1904,270,813,270,813,,,203,332,,,269,135,,,,252,743,0.332,0.332,,0.332,0.611,0.387,eddledi01
Jake Fendley,22,FTW,NBA,1951-52,58,,651,54,170,54,170,,,75,95,,,80,58,,,,118,183,0.318,0.318,,0.318,0.789,0.432,fendlja01
Larry Foust,23,FTW,NBA,1951-52,66,,2615,390,989,390,989,,,267,394,,,880,200,,,,245,1047,0.394,0.394,,0.394,0.678,0.45,foustla01
Jerry Fowler,24,MLH,NBA,1951-52,6,,41,4,13,4,13,,,1,4,,,10,2,,,,9,9,0.308,0.308,,0.308,0.25,0.305,fowleje01
Joe Fulks,30,PHW,NBA,1951-52,61,,1904,336,1078,336,1078,,,250,303,,,368,123,,,,255,922,0.312,0.312,,0.312,0.825,0.381,fulksjo01
Bill Gabor,29,SYR,NBA,1951-52,57,,1085,173,538,173,538,,,142,183,,,93,86,,,,188,488,0.322,0.322,,0.322,0.776,0.394,gaborbi01
Harry Gallatin,24,NYK,NBA,1951-52,66,,1931,233,527,233,527,,,275,341,,,661,115,,,,223,741,0.442,0.442,,0.442,0.806,0.547,gallaha01
Vern Gardner,26,PHW,NBA,1951-52,27,,507,72,194,72,194,,,15,23,,,112,37,,,,60,159,0.371,0.371,,0.371,0.652,0.389,gardnve01
Joe Graboski,22,INO,NBA,1951-52,66,,2439,320,827,320,827,,,264,396,,,655,130,,,,254,904,0.387,0.387,,0.387,0.667,0.451,grabojo01
Alex Hannum,28,TOT,NBA,1951-52,66,,1508,170,462,170,462,,,98,138,,,336,133,,,,271,438,0.368,0.368,,0.368,0.71,0.419,hannual01
Bob Harris,24,BOS,NBA,1951-52,66,,1899,190,463,190,463,,,134,209,,,531,120,,,,194,514,0.41,0.41,,0.41,0.641,0.463,harribo01
Bob Harrison,24,MNL,NBA,1951-52,65,,1712,156,487,156,487,,,89,124,,,160,188,,,,203,401,0.32,0.32,,0.32,0.718,0.37,harribo02
Lew Hitch,22,MNL,NBA,1951-52,61,,849,77,215,77,215,,,63,94,,,243,50,,,,89,217,0.358,0.358,,0.358,0.67,0.423,hitchle01
Joe Holland,26,INO,NBA,1951-52,55,,737,93,265,93,265,,,40,69,,,166,47,,,,90,226,0.351,0.351,,0.351,0.58,0.383,hollajo01
Red Holzman,31,ROC,NBA,1951-52,65,,1065,104,372,104,372,,,61,85,,,106,115,,,,95,269,0.28,0.28,,0.28,0.718,0.329,holzmre01
Mel Hutchins,23,MLH,NBA,1951-52,66,,2618,231,633,231,633,,,145,225,,,880,190,,,,192,607,0.365,0.365,,0.365,0.644,0.415,hutchme01
Joe Hutton,23,MNL,NBA,1951-52,60,,723,53,158,53,158,,,49,70,,,85,62,,,,110,155,0.335,0.335,,0.335,0.7,0.41,huttojo01
Arnie Johnson,31,ROC,NBA,1951-52,66,,2158,178,411,178,411,,,301,387,,,404,182,,,,259,657,0.433,0.433,,0.433,0.778,0.565,johnsar01
Ralph Johnson,30,FTW,NBA,1951-52,66,,2265,211,592,211,592,,,101,140,,,222,210,,,,243,523,0.356,0.356,,0.356,0.721,0.4,johnsra01
Neil Johnston,22,PHW,NBA,1951-52,64,,993,141,299,141,299,,,100,151,,,342,39,,,,154,382,0.472,0.472,,0.472,0.662,0.523,johnsne01
Wah Wah Jones,25,INO,NBA,1951-52,58,,1320,164,524,164,524,,,102,136,,,283,150,,,,137,430,0.313,0.313,,0.313,0.75,0.368,joneswa01
Noble Jorgensen,26,SYR,NBA,1951-52,66,,1318,190,460,190,460,,,149,187,,,288,63,,,,190,529,0.413,0.413,,0.413,0.797,0.488,jorgeno01
George Kaftan,23,NYK,NBA,1951-52,52,,955,115,307,115,307,,,92,134,,,196,88,,,,107,322,0.375,0.375,,0.375,0.687,0.44,kaftage01
Jack Kerris,27,FTW,NBA,1951-52,66,,2148,186,480,186,480,,,217,325,,,514,212,,,,265,589,0.388,0.388,,0.388,0.668,0.473,kerrija01
Jack Kiley,23,FTW,NBA,1951-52,47,,477,44,193,44,193,,,30,54,,,49,62,,,,54,118,0.228,0.228,,0.228,0.556,0.272,kileyja01
George King,23,SYR,NBA,1951-52,66,,1889,235,579,235,579,,,188,264,,,274,244,,,,199,658,0.406,0.406,,0.406,0.712,0.473,kingge01
Walt Kirk,27,MLH,NBA,1951-52,11,,396,28,101,28,101,,,55,78,,,44,28,,,,47,111,0.277,0.277,,0.277,0.705,0.41,kirkwa01
Frank Kudelka,26,BLB,NBA,1951-52,65,,1583,204,614,204,614,,,198,258,,,275,183,,,,220,606,0.332,0.332,,0.332,0.767,0.416,kudelfr01
Bob Lavoy,25,INO,NBA,1951-52,63,,1829,240,604,240,604,,,168,223,,,479,107,,,,210,648,0.397,0.397,,0.397,0.753,0.461,lavoybo01
Don Lofgran,22,INO,NBA,1951-52,63,,1254,149,417,149,417,,,156,219,,,257,48,,,,147,454,0.357,0.357,,0.357,0.712,0.442,lofgrdo01
Ray Lumpp,28,NYK,NBA,1951-52,62,,1317,184,476,184,476,,,90,119,,,125,123,,,,165,458,0.387,0.387,,0.387,0.756,0.433,lumppra01
Ed Macauley,23,BOS,NBA,1951-52,66,,2631,384,888,384,888,,,496,621,,,529,232,,,,174,1264,0.432,0.432,,0.432,0.799,0.544,macaued01
John Mahnken,29,BOS,NBA,1951-52,60,,581,78,227,78,227,,,26,43,,,132,63,,,,91,182,0.344,0.344,,0.344,0.605,0.37,mahnkjo01
Slater Martin,26,MNL,NBA,1951-52,66,,2480,237,632,237,632,,,142,190,,,228,249,,,,226,616,0.375,0.375,,0.375,0.747,0.43,martisl01
John McConathy,21,MLH,NBA,1951-52,11,,106,4,29,4,29,,,6,14,,,20,8,,,,7,14,0.138,0.138,,0.138,0.429,0.199,mcconjo01
Alfred McGuire,23,NYK,NBA,1951-52,59,,788,72,167,72,167,,,64,122,,,121,107,,,,136,208,0.431,0.431,,0.431,0.525,0.471,mcguial01
Dick McGuire,26,NYK,NBA,1951-52,64,,2018,204,474,204,474,,,183,290,,,332,388,,,,181,591,0.43,0.43,,0.43,0.631,0.491,mcguidi01
Bones McKinney,33,BOS,NBA,1951-52,63,,1083,136,418,136,418,,,65,80,,,175,111,,,,148,337,0.325,0.325,,0.325,0.813,0.372,mckinbo01
Joe McNamee,25,TOT,NBA,1951-52,58,,695,68,222,68,222,,,30,50,,,137,40,,,,108,166,0.306,0.306,,0.306,0.6,0.34,mcnamjo01
Dick Mehen,29,MLH,NBA,1951-52,65,,2294,293,824,293,824,,,117,167,,,282,171,,,,209,703,0.356,0.356,,0.356,0.701,0.392,mehendi01
Stan Miasek,28,BLB,NBA,1951-52,66,,2174,258,707,258,707,,,263,372,,,639,140,,,,257,779,0.365,0.365,,0.365,0.707,0.447,miasest01
Ed Mikan,26,PHW,NBA,1951-52,66,,1781,202,571,202,571,,,116,148,,,492,87,,,,252,520,0.354,0.354,,0.354,0.784,0.409,mikaned01
George Mikan,27,MNL,NBA,1951-52,64,,2572,545,1414,545,1414,,,433,555,,,866,194,,,,286,1523,0.385,0.385,,0.385,0.78,0.459,mikange01
Vern Mikkelsen,23,MNL,NBA,1951-52,66,,2345,363,866,363,866,,,283,372,,,681,180,,,,282,1009,0.419,0.419,,0.419,0.761,0.49,mikkeve01
Dave Minor,29,BLB,NBA,1951-52,57,,1558,185,522,185,522,,,101,132,,,275,160,,,,161,471,0.354,0.354,,0.354,0.765,0.406,minorda01
Paul Noel,27,ROC,NBA,1951-52,8,,32,2,9,2,9,,,2,3,,,4,3,,,,6,6,0.222,0.222,,0.222,0.667,0.291,noelpa01
Ralph O'Brien,23,INO,NBA,1951-52,64,,1577,228,613,228,613,,,122,149,,,122,124,,,,115,578,0.372,0.372,,0.372,0.819,0.426,obriera01
Kevin O'Shea,26,TOT,NBA,1951-52,65,,1725,153,466,153,466,,,144,210,,,201,171,,,,175,450,0.328,0.328,,0.328,0.686,0.403,osheake01
Wally Osterkorn,23,SYR,NBA,1951-52,66,,1721,145,413,145,413,,,199,335,,,444,117,,,,226,489,0.351,0.351,,0.351,0.594,0.436,osterwa01
Don Otten,30,TOT,NBA,1951-52,64,,1789,222,636,222,636,,,323,418,,,435,123,,,,218,767,0.349,0.349,,0.349,0.773,0.468,ottendo01
Red Owens,26,TOT,NBA,1951-52,29,,626,83,252,83,252,,,64,114,,,102,64,,,,92,230,0.329,0.329,,0.329,0.561,0.381,owensre01
Mel Payton,25,PHW,NBA,1951-52,45,,471,54,140,54,140,,,21,28,,,83,45,,,,68,129,0.386,0.386,,0.386,0.75,0.423,paytome01
Andy Phillip,29,PHW,NBA,1951-52,66,,2933,279,762,279,762,,,232,308,,,434,539,,,,218,790,0.366,0.366,,0.366,0.753,0.44,phillan01
John Pilch,26,MNL,NBA,1951-52,9,,41,1,10,1,10,,,3,6,,,9,2,,,,10,5,0.1,0.1,,0.1,0.5,0.198,pilchjo01
Jim Pollard,29,MNL,NBA,1951-52,65,,2545,411,1155,411,1155,,,183,260,,,593,234,,,,199,1005,0.356,0.356,,0.356,0.704,0.396,pollaji01
Ray Ragelis,23,ROC,NBA,1951-52,51,,337,25,96,25,96,,,18,29,,,76,31,,,,62,68,0.26,0.26,,0.26,0.621,0.313,ragelra01
Sam Ranzino,23,ROC,NBA,1951-52,39,,234,30,90,30,90,,,26,37,,,39,25,,,,63,86,0.333,0.333,,0.333,0.703,0.405,ranzisa01
George Ratkovicz,29,SYR,NBA,1951-52,66,,1356,165,473,165,473,,,163,242,,,328,90,,,,235,493,0.349,0.349,,0.349,0.674,0.425,ratkoge01
Don Rehfeldt,25,TOT,NBA,1951-52,39,,788,99,285,99,285,,,63,80,,,243,50,,,,102,261,0.347,0.347,,0.347,0.788,0.408,rehfedo01
John Rennicke,22,MLH,NBA,1951-52,6,,54,4,18,4,18,,,3,9,,,9,1,,,,7,11,0.222,0.222,,0.222,0.333,0.25,rennijo01
Arnie Risen,27,ROC,NBA,1951-52,66,,2396,365,926,365,926,,,302,431,,,841,150,,,,258,1032,0.394,0.394,,0.394,0.701,0.463,risenar01
Red Rocha,28,SYR,NBA,1951-52,66,,2543,300,749,300,749,,,254,330,,,549,128,,,,249,854,0.401,0.401,,0.401,0.77,0.478,rochare01
Pep Saul,27,TOT,NBA,1951-52,64,,1479,157,436,157,436,,,119,153,,,165,147,,,,120,433,0.36,0.36,,0.36,0.778,0.43,saulpe01
Don Savage,23,SYR,NBA,1951-52,12,,118,9,43,9,43,,,18,28,,,24,12,,,,22,36,0.209,0.209,,0.209,0.643,0.325,savagdo01
Fred Schaus,26,FTW,NBA,1951-52,62,,2581,281,778,281,778,,,310,372,,,434,247,,,,221,872,0.361,0.361,,0.361,0.833,0.463,schaufr01
Dolph Schayes,23,SYR,NBA,1951-52,63,,2004,263,740,263,740,,,342,424,,,773,182,,,,213,868,0.355,0.355,,0.355,0.807,0.468,schaydo01
Herb Scherer,23,NYK,NBA,1951-52,12,,167,19,65,19,65,,,9,14,,,26,6,,,,25,47,0.292,0.292,,0.292,0.643,0.33,scherhe01
Howie Schultz,29,MNL,NBA,1951-52,66,,1301,89,315,89,315,,,90,119,,,246,102,,,,197,268,0.283,0.283,,0.283,0.756,0.365,schulho01
Fred Scolari,29,BLB,NBA,1951-52,64,,2242,290,867,290,867,,,353,423,,,214,303,,,,213,933,0.334,0.334,,0.334,0.835,0.443,scolafr01
George Senesky,29,PHW,NBA,1951-52,57,,1925,164,454,164,454,,,146,194,,,232,280,,,,123,474,0.361,0.361,,0.361,0.753,0.439,senesge01
Paul Seymour,24,SYR,NBA,1951-52,66,,2209,206,615,206,615,,,186,245,,,225,220,,,,165,598,0.335,0.335,,0.335,0.759,0.414,seymopa01
Chuck Share,24,FTW,NBA,1951-52,63,,882,76,236,76,236,,,96,155,,,331,66,,,,141,248,0.322,0.322,,0.322,0.619,0.408,sharech01
Bill Sharman,25,BOS,NBA,1951-52,63,,1389,244,628,244,628,,,183,213,,,221,151,,,,181,671,0.389,0.389,,0.389,0.859,0.465,sharmbi01
Connie Simmons,26,NYK,NBA,1951-52,66,,1558,227,600,227,600,,,175,254,,,471,121,,,,214,629,0.378,0.378,,0.378,0.689,0.442,simmoco01
Zeke Sinicola,23,FTW,NBA,1951-52,3,,15,1,4,1,4,,,0,2,,,1,0,,,,2,2,0.25,0.25,,0.25,0,0.205,sinicze01
Whitey Skoog,25,MNL,NBA,1951-52,35,,988,102,296,102,296,,,30,38,,,122,60,,,,94,234,0.345,0.345,,0.345,0.789,0.374,skoogwh01
Jim Slaughter,23,BLB,NBA,1951-52,28,,525,53,165,53,165,,,41,68,,,148,25,,,,81,147,0.321,0.321,,0.321,0.603,0.377,slaugji01
Belus Smawley,33,BLB,NBA,1951-52,11,,139,13,63,13,63,,,14,17,,,18,8,,,,9,40,0.206,0.206,,0.206,0.824,0.284,smawlbe01
Odie Spears,27,ROC,NBA,1951-52,66,,1673,225,570,225,570,,,116,152,,,303,163,,,,225,566,0.395,0.395,,0.395,0.763,0.444,spearod01
Bill Tosheff,25,INO,NBA,1951-52,65,,2055,213,651,213,651,,,182,221,,,216,222,,,,204,608,0.327,0.327,,0.327,0.824,0.406,toshebi01
Gene Vance,28,MLH,NBA,1951-52,7,,118,7,26,7,26,,,9,14,,,15,9,,,,18,23,0.269,0.269,,0.269,0.643,0.358,vancege01
Ernie Vandeweghe,23,NYK,NBA,1951-52,57,,1507,200,457,200,457,,,124,160,,,264,164,,,,188,524,0.438,0.438,,0.438,0.775,0.497,vandeer01
Brady Walker,30,BLB,NBA,1951-52,35,,699,89,217,89,217,,,26,34,,,195,40,,,,38,204,0.41,0.41,,0.41,0.765,0.44,walkebr01
Paul Walther,24,INO,NBA,1951-52,55,,1903,220,549,220,549,,,231,308,,,246,137,,,,171,671,0.401,0.401,,0.401,0.75,0.49,walthpa01
Bobby Wanzer,30,ROC,NBA,1951-52,66,,2498,328,772,328,772,,,377,417,,,333,262,,,,201,1033,0.425,0.425,,0.425,0.904,0.541,wanzebo01
Bob Wilson,25,MLH,NBA,1951-52,63,,1308,79,264,79,264,,,78,135,,,210,108,,,,172,236,0.299,0.299,,0.299,0.578,0.365,wilsobo01
Max Zaslofsky,26,NYK,NBA,1951-52,66,,2113,322,958,322,958,,,287,380,,,194,156,,,,183,931,0.336,0.336,,0.336,0.755,0.414,zasloma01
Jim Baechtold,25,BLB,NBA,1952-53,64,,1893,242,621,242,621,,,177,240,,,219,154,,,,203,661,0.39,0.39,,0.39,0.738,0.455,baechji01
Don Barksdale,29,BLB,NBA,1952-53,65,,2298,321,829,321,829,,,257,401,,,597,166,,,,273,899,0.387,0.387,,0.387,0.641,0.447,barksdo01
Leo Barnhorst,28,INO,NBA,1952-53,71,,2871,402,1034,402,1034,,,163,259,,,483,277,,,,245,967,0.389,0.389,,0.389,0.629,0.421,barnhle01
Nelson Bobb,28,PHW,NBA,1952-53,55,,1286,119,318,119,318,,,105,162,,,157,192,,,,161,343,0.374,0.374,,0.374,0.648,0.441,bobbne01
Vince Boryla,25,NYK,NBA,1952-53,66,,2200,254,686,254,686,,,165,201,,,233,166,,,,226,673,0.37,0.37,,0.37,0.821,0.435,borylvi01
Don Boven,27,TOT,NBA,1952-53,67,,1373,153,427,153,427,,,145,209,,,217,79,,,,227,451,0.358,0.358,,0.358,0.694,0.435,bovendo01
Bob Brannum,27,BOS,NBA,1952-53,71,,1900,188,541,188,541,,,110,185,,,537,147,,,,287,486,0.348,0.348,,0.348,0.595,0.39,brannbo01
Jim Brasco,21,TOT,NBA,1952-53,20,,248,25,94,25,94,,,27,34,,,24,21,,,,30,77,0.266,0.266,,0.266,0.794,0.353,brascji01
Carl Braun,25,NYK,NBA,1952-53,70,,2316,323,807,323,807,,,331,401,,,233,243,,,,287,977,0.4,0.4,,0.4,0.825,0.497,braunca01
Frankie Brian,29,FTW,NBA,1952-53,68,,1910,245,699,245,699,,,236,297,,,133,142,,,,205,726,0.351,0.351,,0.351,0.795,0.438,brianfr01
Dick Bunt,22,TOT,NBA,1952-53,26,,271,29,105,29,105,,,34,48,,,28,17,,,,40,92,0.276,0.276,,0.276,0.708,0.365,buntdi01
Bill Calhoun,25,TOT,NBA,1952-53,62,,2148,180,534,180,534,,,211,292,,,277,156,,,,136,571,0.337,0.337,,0.337,0.723,0.431,calhobi01
Al Cervi,35,SYR,NBA,1952-53,38,,301,31,71,31,71,,,81,100,,,22,28,,,,90,143,0.437,0.437,,0.437,0.81,0.622,cervial01
Cal Christensen,25,ROC,NBA,1952-53,59,,777,72,230,72,230,,,68,114,,,199,54,,,,148,212,0.313,0.313,,0.313,0.596,0.378,chrisca01
Nat Clifton,30,NYK,NBA,1952-53,70,,2496,272,794,272,794,,,200,343,,,761,231,,,,274,744,0.343,0.343,,0.343,0.583,0.394,cliftna01
Jack Coleman,28,ROC,NBA,1952-53,70,,2625,314,748,314,748,,,135,208,,,774,231,,,,245,763,0.42,0.42,,0.42,0.649,0.454,colemja01
Gene Conley,22,BOS,NBA,1952-53,39,,461,35,108,35,108,,,18,31,,,171,19,,,,74,88,0.324,0.324,,0.324,0.581,0.362,conlege01
Chuck Cooper,26,BOS,NBA,1952-53,70,,1994,157,466,157,466,,,144,190,,,439,112,,,,258,458,0.337,0.337,,0.337,0.758,0.417,coopech01
Ray Corley,25,FTW,NBA,1952-53,8,,65,3,24,3,24,,,5,6,,,5,5,,,,18,11,0.125,0.125,,0.125,0.833,0.206,corlera01
Bob Cousy,24,BOS,NBA,1952-53,71,,2945,464,1320,464,1320,,,479,587,,,449,547,,,,227,1407,0.352,0.352,,0.352,0.816,0.446,cousybo01
Dillard Crocker,28,MLH,NBA,1952-53,61,,776,100,284,100,284,,,130,189,,,104,63,,,,199,330,0.352,0.352,,0.352,0.688,0.449,crockdi01
Pete Darcey,22,MLH,NBA,1952-53,12,,90,3,18,3,18,,,5,9,,,10,2,,,,29,11,0.167,0.167,,0.167,0.556,0.25,darcepe01
Bob Davies,33,ROC,NBA,1952-53,66,,2216,339,880,339,880,,,351,466,,,195,280,,,,261,1029,0.385,0.385,,0.385,0.753,0.474,daviebo01
Blaine Denning,22,BLB,NBA,1952-53,1,,9,2,5,2,5,,,1,1,,,4,0,,,,3,5,0.4,0.4,,0.4,1,0.46,dennibl01
Bob Donham,26,BOS,NBA,1952-53,71,,1435,169,353,169,353,,,113,240,,,239,153,,,,213,451,0.479,0.479,,0.479,0.471,0.492,donhabo01
Dike Eddleman,30,FTW,NBA,1952-53,69,,1571,241,687,241,687,,,133,237,,,236,104,,,,220,615,0.351,0.351,,0.351,0.561,0.389,eddledi01
George Feigenbaum,23,MLH,NBA,1952-53,5,,79,4,22,4,22,,,8,15,,,7,9,,,,14,16,0.182,0.182,,0.182,0.533,0.28,feigege01
Jake Fendley,23,FTW,NBA,1952-53,45,,380,32,80,32,80,,,40,60,,,46,36,,,,82,104,0.4,0.4,,0.4,0.667,0.489,fendlja01
Danny Finn,24,PHW,NBA,1952-53,31,,1015,135,409,135,409,,,99,182,,,175,146,,,,124,369,0.33,0.33,,0.33,0.544,0.377,finnda01
Jerry Fleishman,30,PHW,NBA,1952-53,33,,882,100,303,100,303,,,96,140,,,152,108,,,,118,296,0.33,0.33,,0.33,0.686,0.406,fleisje01
Larry Foust,24,FTW,NBA,1952-53,67,,2303,311,865,311,865,,,336,465,,,769,151,,,,267,958,0.36,0.36,,0.36,0.723,0.448,foustla01
Joe Fulks,31,PHW,NBA,1952-53,70,,2085,332,960,332,960,,,168,231,,,387,138,,,,319,832,0.346,0.346,,0.346,0.727,0.392,fulksjo01
Bill Gabor,30,SYR,NBA,1952-53,69,,1337,215,614,215,614,,,217,284,,,104,134,,,,262,647,0.35,0.35,,0.35,0.764,0.438,gaborbi01
Harry Gallatin,25,NYK,NBA,1952-53,70,,2333,282,635,282,635,,,301,430,,,916,126,,,,224,865,0.444,0.444,,0.444,0.7,0.525,gallaha01
Joe Graboski,23,INO,NBA,1952-53,69,,2769,272,799,272,799,,,350,513,,,687,156,,,,303,894,0.34,0.34,,0.34,0.682,0.436,grabojo01
Dick Groat,22,FTW,NBA,1952-53,26,,663,100,272,100,272,,,109,138,,,86,69,,,,90,309,0.368,0.368,,0.368,0.79,0.464,groatdi01
Alex Hannum,29,ROC,NBA,1952-53,68,,1288,129,360,129,360,,,88,133,,,279,81,,,,258,346,0.358,0.358,,0.358,0.662,0.413,hannual01
Don Hanrahan,23,INO,NBA,1952-53,18,,121,11,32,11,32,,,11,15,,,30,11,,,,24,33,0.344,0.344,,0.344,0.733,0.427,hanrado01
Bob Harris,25,BOS,NBA,1952-53,70,,1971,192,459,192,459,,,133,226,,,485,95,,,,238,517,0.418,0.418,,0.418,0.588,0.463,harribo01
Bob Harrison,25,MNL,NBA,1952-53,70,,1643,195,518,195,518,,,107,165,,,153,160,,,,264,497,0.376,0.376,,0.376,0.648,0.421,harribo02
Don Henriksen,23,BLB,NBA,1952-53,68,,2263,199,475,199,475,,,176,281,,,506,129,,,,242,574,0.419,0.419,,0.419,0.626,0.479,henrido01
Kleggie Hermsen,29,TOT,NBA,1952-53,10,,62,4,31,4,31,,,3,5,,,19,4,,,,18,11,0.129,0.129,,0.129,0.6,0.166,hermskl01
Lew Hitch,23,MNL,NBA,1952-53,70,,1027,89,255,89,255,,,83,136,,,275,66,,,,122,261,0.349,0.349,,0.349,0.61,0.414,hitchle01
Paul Hoffman,27,BLB,NBA,1952-53,69,,1955,240,656,240,656,,,224,342,,,317,237,,,,282,704,0.366,0.366,,0.366,0.655,0.436,hoffmpa01
Jim Holstein,22,MNL,NBA,1952-53,66,,989,98,274,98,274,,,70,105,,,173,74,,,,128,266,0.358,0.358,,0.358,0.667,0.415,holstji01
Red Holzman,32,ROC,NBA,1952-53,46,,392,38,149,38,149,,,27,38,,,40,35,,,,56,103,0.255,0.255,,0.255,0.711,0.311,holzmre01
Mel Hutchins,24,MLH,NBA,1952-53,71,,2891,319,842,319,842,,,193,295,,,793,227,,,,214,831,0.379,0.379,,0.379,0.654,0.428,hutchme01
Arnie Johnson,32,ROC,NBA,1952-53,70,,1984,140,369,140,369,,,303,405,,,419,153,,,,282,583,0.379,0.379,,0.379,0.748,0.533,johnsar01
Ralph Johnson,31,FTW,NBA,1952-53,3,,30,3,9,3,9,,,2,3,,,1,5,,,,6,8,0.333,0.333,,0.333,0.667,0.388,johnsra01
Neil Johnston,23,PHW,NBA,1952-53,70,,3166,504,1114,504,1114,,,556,794,,,976,197,,,,248,1564,0.452,0.452,,0.452,0.7,0.534,johnsne01
Noble Jorgensen,27,SYR,NBA,1952-53,70,,1355,145,436,145,436,,,146,199,,,236,76,,,,247,436,0.333,0.333,,0.333,0.734,0.416,jorgeno01
George Kaftan,24,BLB,NBA,1952-53,23,,380,45,142,45,142,,,44,67,,,75,31,,,,59,134,0.317,0.317,,0.317,0.657,0.391,kaftage01
Jack Kerris,28,TOT,NBA,1952-53,69,,1424,93,256,93,256,,,88,140,,,295,156,,,,165,274,0.363,0.363,,0.363,0.629,0.431,kerrija01
Jack Kiley,24,FTW,NBA,1952-53,6,,27,2,10,2,10,,,2,2,,,2,3,,,,7,6,0.2,0.2,,0.2,1,0.276,kileyja01
George King,24,SYR,NBA,1952-53,71,,2519,255,635,255,635,,,284,442,,,281,364,,,,244,794,0.402,0.402,,0.402,0.643,0.479,kingge01
Frank Kudelka,27,TOT,NBA,1952-53,36,,567,59,193,59,193,,,44,68,,,88,70,,,,109,162,0.306,0.306,,0.306,0.647,0.363,kudelfr01
Bob Lavoy,26,INO,NBA,1952-53,70,,2327,225,560,225,560,,,168,242,,,528,130,,,,274,618,0.402,0.402,,0.402,0.694,0.464,lavoybo01
Andrew Levane,32,MLH,NBA,1952-53,7,,68,3,24,3,24,,,2,3,,,9,9,,,,15,8,0.125,0.125,,0.125,0.667,0.158,levanan01
Earl Lloyd,24,SYR,NBA,1952-53,64,,1806,156,453,156,453,,,160,231,,,444,64,,,,241,472,0.344,0.344,,0.344,0.693,0.426,lloydea01
Bob Lochmueller,25,SYR,NBA,1952-53,62,,802,79,245,79,245,,,74,122,,,162,47,,,,143,232,0.322,0.322,,0.322,0.607,0.388,lochmbo01
Don Lofgran,23,PHW,NBA,1952-53,64,,1788,173,525,173,525,,,126,173,,,339,106,,,,178,472,0.33,0.33,,0.33,0.728,0.393,lofgrdo01
Ray Lumpp,29,TOT,NBA,1952-53,55,,1422,188,506,188,506,,,153,206,,,141,168,,,,178,529,0.372,0.372,,0.372,0.743,0.443,lumppra01
Ed Macauley,24,BOS,NBA,1952-53,69,,2902,451,997,451,997,,,500,667,,,629,280,,,,188,1402,0.452,0.452,,0.452,0.75,0.543,macaued01
John Mahnken,30,BOS,NBA,1952-53,69,,771,76,252,76,252,,,39,56,,,182,75,,,,110,191,0.302,0.302,,0.302,0.696,0.345,mahnkjo01
Mo Mahoney,25,BOS,NBA,1952-53,6,,34,4,10,4,10,,,4,5,,,7,1,,,,7,12,0.4,0.4,,0.4,0.8,0.492,mahonmo01
Slater Martin,27,MNL,NBA,1952-53,70,,2556,260,634,260,634,,,224,287,,,186,250,,,,246,744,0.41,0.41,,0.41,0.78,0.489,martisl01
Al Masino,24,MLH,NBA,1952-53,72,,1773,134,400,134,400,,,128,204,,,177,160,,,,252,396,0.335,0.335,,0.335,0.627,0.404,masinal01
Jack McCloskey,27,PHW,NBA,1952-53,1,,16,3,9,3,9,,,0,0,,,3,1,,,,2,6,0.333,0.333,,0.333,,0.333,mccloja01
Bucky McConnell,24,MLH,NBA,1952-53,14,,297,27,71,27,71,,,14,29,,,34,41,,,,39,68,0.38,0.38,,0.38,0.483,0.406,mcconbu01
Alfred McGuire,24,NYK,NBA,1952-53,58,,1231,112,287,112,287,,,128,201,,,167,145,,,,206,352,0.39,0.39,,0.39,0.637,0.469,mcguial01
Dick McGuire,27,NYK,NBA,1952-53,61,,1783,142,373,142,373,,,153,269,,,280,296,,,,172,437,0.381,0.381,,0.381,0.569,0.445,mcguidi01
George McLeod,22,BLB,NBA,1952-53,10,,85,2,16,2,16,,,8,15,,,21,4,,,,16,12,0.125,0.125,,0.125,0.533,0.265,mcleoge01
Jack McMahon,24,ROC,NBA,1952-53,70,,1665,176,534,176,534,,,155,236,,,183,186,,,,253,507,0.33,0.33,,0.33,0.657,0.397,mcmahja01
Monk Meineke,22,FTW,NBA,1952-53,68,,2250,240,630,240,630,,,245,313,,,466,148,,,,334,725,0.381,0.381,,0.381,0.783,0.472,meinemo01
Stan Miasek,29,TOT,NBA,1952-53,65,,1584,178,488,178,488,,,156,248,,,360,122,,,,229,512,0.365,0.365,,0.365,0.629,0.429,miasest01
Ed Mikan,27,TOT,NBA,1952-53,62,,927,78,292,78,292,,,79,98,,,237,39,,,,124,235,0.267,0.267,,0.267,0.806,0.351,mikaned01
George Mikan,28,MNL,NBA,1952-53,70,,2651,500,1252,500,1252,,,442,567,,,1007,201,,,,290,1442,0.399,0.399,,0.399,0.78,0.48,mikange01
Vern Mikkelsen,24,MNL,NBA,1952-53,70,,2465,378,868,378,868,,,291,387,,,654,148,,,,289,1047,0.435,0.435,,0.435,0.752,0.504,mikkeve01
Eddie Miller,21,TOT,NBA,1952-53,70,,2018,273,781,273,781,,,187,287,,,669,115,,,,250,733,0.35,0.35,,0.35,0.652,0.404,milleed01
Dave Minor,30,TOT,NBA,1952-53,59,,1610,154,420,154,420,,,98,132,,,252,128,,,,211,406,0.367,0.367,,0.367,0.742,0.425,minorda01
Bill Mlkvy,22,PHW,NBA,1952-53,31,,608,75,246,75,246,,,31,48,,,101,62,,,,54,181,0.305,0.305,,0.305,0.646,0.339,mlkvybi01
Jim Mooney,22,PHW,NBA,1952-53,18,,529,54,148,54,148,,,27,40,,,70,35,,,,50,135,0.365,0.365,,0.365,0.675,0.408,mooneji01
Bob Naber,23,INO,NBA,1952-53,4,,11,0,4,0,4,,,1,2,,,5,1,,,,6,1,0,0,,0,0.5,0.102,naberbo01
Jack Nichols,26,MLH,NBA,1952-53,69,,2626,425,1170,425,1170,,,240,339,,,533,196,,,,237,1090,0.363,0.363,,0.363,0.708,0.413,nichoja01
John O'Boyle,24,MLH,NBA,1952-53,5,,97,8,26,8,26,,,5,7,,,10,5,,,,20,21,0.308,0.308,,0.308,0.714,0.361,oboyljo01
Ralph O'Brien,24,TOT,NBA,1952-53,55,,758,96,286,96,286,,,78,92,,,70,56,,,,74,270,0.336,0.336,,0.336,0.848,0.414,obriera01
Mike O'Neill,,MLH,NBA,1952-53,4,,50,4,17,4,17,,,4,4,,,9,3,,,,10,12,0.235,0.235,,0.235,1,0.32,oneilmi01
Kevin O'Shea,27,BLB,NBA,1952-53,46,,643,71,189,71,189,,,48,81,,,76,87,,,,82,190,0.376,0.376,,0.376,0.593,0.423,osheake01
Wally Osterkorn,24,SYR,NBA,1952-53,49,,1016,85,262,85,262,,,106,168,,,217,61,,,,129,276,0.324,0.324,,0.324,0.631,0.411,osterwa01
Don Otten,31,MLH,NBA,1952-53,24,,384,34,87,34,87,,,64,91,,,89,21,,,,68,132,0.391,0.391,,0.391,0.703,0.52,ottendo01
Claude Overton,25,PHW,NBA,1952-53,15,,182,19,75,19,75,,,20,30,,,25,15,,,,25,58,0.253,0.253,,0.253,0.667,0.329,overtcl01
Johnny Payak,26,MLH,NBA,1952-53,68,,1470,128,373,128,373,,,180,248,,,114,140,,,,194,436,0.343,0.343,,0.343,0.726,0.452,payakjo01
Mel Payton,26,INO,NBA,1952-53,66,,1424,173,485,173,485,,,120,161,,,313,81,,,,118,466,0.357,0.357,,0.357,0.745,0.419,paytome01
Andy Phillip,30,TOT,NBA,1952-53,70,,2690,250,629,250,629,,,222,301,,,364,397,,,,229,722,0.397,0.397,,0.397,0.738,0.474,phillan01
Jim Pollard,30,MNL,NBA,1952-53,66,,2403,333,933,333,933,,,193,251,,,452,231,,,,194,859,0.357,0.357,,0.357,0.769,0.412,pollaji01
Ralph Polson,23,TOT,NBA,1952-53,49,,810,65,179,65,179,,,61,96,,,211,24,,,,102,191,0.363,0.363,,0.363,0.635,0.432,polsora01
Bob Priddy,22,BLB,NBA,1952-53,16,,149,14,38,14,38,,,8,14,,,36,7,,,,36,36,0.368,0.368,,0.368,0.571,0.408,priddbo01
Moe Radovich,23,PHW,NBA,1952-53,4,,33,5,13,5,13,,,4,4,,,1,8,,,,5,14,0.385,0.385,,0.385,1,0.474,radovmo01
Sherwin Raiken,24,NYK,NBA,1952-53,6,,63,3,21,3,21,,,3,8,,,8,6,,,,10,9,0.143,0.143,,0.143,0.375,0.184,raikesh01
George Ratkovicz,30,TOT,NBA,1952-53,71,,2235,208,619,208,619,,,262,373,,,522,217,,,,287,678,0.336,0.336,,0.336,0.702,0.433,ratkoge01
Gene Rhodes,25,INO,NBA,1952-53,65,,1162,109,342,109,342,,,119,169,,,98,91,,,,78,337,0.319,0.319,,0.319,0.704,0.405,rhodege01
Arnie Risen,28,ROC,NBA,1952-53,68,,2288,295,802,295,802,,,294,429,,,745,135,,,,274,884,0.368,0.368,,0.368,0.685,0.446,risenar01
Red Rocha,29,SYR,NBA,1952-53,69,,2454,268,690,268,690,,,234,310,,,510,137,,,,257,770,0.388,0.388,,0.388,0.755,0.466,rochare01
Kenny Rollins,29,BOS,NBA,1952-53,43,,426,38,115,38,115,,,22,27,,,45,46,,,,63,98,0.33,0.33,,0.33,0.815,0.386,rollike01
Pep Saul,28,MNL,NBA,1952-53,70,,1796,187,471,187,471,,,142,200,,,141,110,,,,174,516,0.397,0.397,,0.397,0.71,0.462,saulpe01
Fred Schaus,27,FTW,NBA,1952-53,69,,2541,240,719,240,719,,,243,296,,,413,245,,,,261,723,0.334,0.334,,0.334,0.821,0.426,schaufr01
Dolph Schayes,24,SYR,NBA,1952-53,71,,2668,375,1002,375,1002,,,512,619,,,920,227,,,,271,1262,0.374,0.374,,0.374,0.827,0.495,schaydo01
Howie Schultz,30,MNL,NBA,1952-53,40,,474,24,90,24,90,,,43,62,,,80,29,,,,73,91,0.267,0.267,,0.267,0.694,0.388,schulho01
Fred Scolari,30,TOT,NBA,1952-53,62,,2123,277,809,277,809,,,276,327,,,209,233,,,,212,830,0.342,0.342,,0.342,0.844,0.436,scolafr01
George Senesky,30,PHW,NBA,1952-53,69,,2336,160,485,160,485,,,93,146,,,254,264,,,,166,413,0.33,0.33,,0.33,0.637,0.376,senesge01
Paul Seymour,25,SYR,NBA,1952-53,67,,2684,306,798,306,798,,,340,416,,,246,294,,,,210,952,0.383,0.383,,0.383,0.817,0.485,seymopa01
Chuck Share,25,FTW,NBA,1952-53,67,,1044,91,254,91,254,,,172,234,,,373,74,,,,213,354,0.358,0.358,,0.358,0.735,0.496,sharech01
Bill Sharman,26,BOS,NBA,1952-53,71,,2333,403,925,403,925,,,341,401,,,288,191,,,,240,1147,0.436,0.436,,0.436,0.85,0.521,sharmbi01
Connie Simmons,27,NYK,NBA,1952-53,65,,1707,240,637,240,637,,,249,340,,,458,127,,,,252,729,0.377,0.377,,0.377,0.732,0.463,simmoco01
Whitey Skoog,26,MNL,NBA,1952-53,68,,996,102,264,102,264,,,46,61,,,121,82,,,,137,250,0.386,0.386,,0.386,0.754,0.43,skoogwh01
Odie Spears,28,ROC,NBA,1952-53,62,,1414,198,494,198,494,,,199,243,,,251,113,,,,227,595,0.401,0.401,,0.401,0.819,0.495,spearod01
Dick Surhoff,23,NYK,NBA,1952-53,26,,187,13,61,13,61,,,19,30,,,25,9,,,,36,45,0.213,0.213,,0.213,0.633,0.303,surhodi01
Bill Tosheff,26,INO,NBA,1952-53,67,,2459,253,783,253,783,,,253,314,,,229,243,,,,243,759,0.323,0.323,,0.323,0.806,0.412,toshebi01
Ernie Vandeweghe,24,NYK,NBA,1952-53,61,,1745,272,625,272,625,,,187,244,,,342,144,,,,242,731,0.435,0.435,,0.435,0.766,0.499,vandeer01
Paul Walther,25,INO,NBA,1952-53,67,,2468,227,645,227,645,,,264,354,,,284,205,,,,260,718,0.352,0.352,,0.352,0.746,0.448,walthpa01
Bobby Wanzer,31,ROC,NBA,1952-53,70,,2577,318,866,318,866,,,384,473,,,351,252,,,,206,1020,0.367,0.367,,0.367,0.812,0.475,wanzebo01
Mark Workman,22,TOT,NBA,1952-53,65,,1030,130,408,130,408,,,70,113,,,193,37,,,,166,330,0.319,0.319,,0.319,0.619,0.36,workmma01
Max Zaslofsky,27,NYK,NBA,1952-53,29,,722,123,320,123,320,,,98,142,,,75,55,,,,81,344,0.384,0.384,,0.384,0.69,0.45,zasloma01
Zeke Zawoluk,22,INO,NBA,1952-53,41,,622,55,150,55,150,,,77,116,,,146,31,,,,83,187,0.367,0.367,,0.367,0.664,0.465,zawolze01
Don Ackerman,23,NYK,NBA,1953-54,28,,220,14,63,14,63,,,15,28,,,15,23,,,,43,43,0.222,0.222,,0.222,0.536,0.285,ackerdo01
Don Asmonga,25,BLB,NBA,1953-54,7,,46,2,15,2,15,,,1,1,,,1,5,,,,12,5,0.133,0.133,,0.133,1,0.162,asmondo01
Jim Baechtold,26,NYK,NBA,1953-54,70,,1627,170,465,170,465,,,134,177,,,183,117,,,,195,474,0.366,0.366,,0.366,0.757,0.437,baechji01
Don Barksdale,30,BOS,NBA,1953-54,63,,1358,156,415,156,415,,,149,225,,,345,117,,,,213,461,0.376,0.376,,0.376,0.662,0.448,barksdo01
Leo Barnhorst,29,TOT,NBA,1953-54,72,,2064,199,588,199,588,,,63,88,,,297,226,,,,203,461,0.338,0.338,,0.338,0.716,0.368,barnhle01
Ernie Barrett,24,BOS,NBA,1953-54,59,,641,60,191,60,191,,,14,25,,,100,55,,,,116,134,0.314,0.314,,0.314,0.56,0.332,barreer01
Ernie Beck,22,PHW,NBA,1953-54,15,,422,39,142,39,142,,,34,43,,,50,34,,,,29,112,0.275,0.275,,0.275,0.791,0.348,becker01
Irv Bemoras,23,MLH,NBA,1953-54,69,,1496,185,505,185,505,,,139,208,,,214,79,,,,152,509,0.366,0.366,,0.366,0.668,0.427,bemorir01
Bill Bolger,22,BLB,NBA,1953-54,20,,202,24,59,24,59,,,8,13,,,36,11,,,,27,56,0.407,0.407,,0.407,0.615,0.433,bolgebi01
Vince Boryla,26,NYK,NBA,1953-54,52,,1522,175,525,175,525,,,70,81,,,130,77,,,,128,420,0.333,0.333,,0.333,0.864,0.375,borylvi01
Bob Brannum,28,BOS,NBA,1953-54,71,,1729,140,453,140,453,,,129,206,,,509,144,,,,280,409,0.309,0.309,,0.309,0.626,0.376,brannbo01
Carl Braun,26,NYK,NBA,1953-54,72,,2373,354,884,354,884,,,354,429,,,246,209,,,,259,1062,0.4,0.4,,0.4,0.825,0.495,braunca01
Frankie Brian,30,FTW,NBA,1953-54,64,,973,132,352,132,352,,,137,182,,,79,92,,,,100,401,0.375,0.375,,0.375,0.753,0.464,brianfr01
Bill Calhoun,26,MLH,NBA,1953-54,72,,2370,190,545,190,545,,,214,292,,,274,189,,,,151,594,0.349,0.349,,0.349,0.733,0.441,calhobi01
Cal Christensen,26,ROC,NBA,1953-54,70,,1654,137,395,137,395,,,138,261,,,395,107,,,,196,412,0.347,0.347,,0.347,0.529,0.404,chrisca01
Nat Clifton,31,NYK,NBA,1953-54,72,,2179,257,699,257,699,,,174,277,,,528,176,,,,215,688,0.368,0.368,,0.368,0.628,0.419,cliftna01
Jack Coleman,29,ROC,NBA,1953-54,71,,2377,289,714,289,714,,,108,181,,,589,158,,,,201,686,0.405,0.405,,0.405,0.597,0.432,colemja01
Chuck Cooper,27,BOS,NBA,1953-54,70,,1101,78,261,78,261,,,78,116,,,304,74,,,,150,234,0.299,0.299,,0.299,0.672,0.375,coopech01
Bob Cousy,25,BOS,NBA,1953-54,72,,2857,486,1262,486,1262,,,411,522,,,394,518,,,,201,1383,0.385,0.385,,0.385,0.787,0.464,cousybo01
Bob Davies,34,ROC,NBA,1953-54,72,,2137,288,777,288,777,,,311,433,,,194,323,,,,224,887,0.371,0.371,,0.371,0.718,0.458,daviebo01
Walt Davis,23,PHW,NBA,1953-54,68,,1568,167,455,167,455,,,65,101,,,435,58,,,,207,399,0.367,0.367,,0.367,0.644,0.399,daviswa01
Bob Donham,27,BOS,NBA,1953-54,68,,1451,141,315,141,315,,,118,213,,,267,186,,,,235,400,0.448,0.448,,0.448,0.554,0.489,donhabo01
Gene Dyker,23,MLH,NBA,1953-54,11,,91,6,26,6,26,,,4,8,,,16,5,,,,21,16,0.231,0.231,,0.231,0.5,0.271,dykerge01
Ed Earle,26,SYR,NBA,1953-54,2,,12,1,2,1,2,,,2,4,,,2,0,,,,0,4,0.5,0.5,,0.5,0.5,0.532,earleed01
Ray Felix,23,BLB,NBA,1953-54,72,,2672,410,983,410,983,,,449,704,,,958,82,,,,253,1269,0.417,0.417,,0.417,0.638,0.491,felixra01
Danny Finn,25,PHW,NBA,1953-54,68,,1562,170,495,170,495,,,126,196,,,216,265,,,,215,466,0.343,0.343,,0.343,0.643,0.401,finnda01
Larry Foust,25,FTW,NBA,1953-54,72,,2693,376,919,376,919,,,338,475,,,967,161,,,,258,1090,0.409,0.409,,0.409,0.712,0.483,foustla01
Jim Fritsche,22,TOT,NBA,1953-54,68,,1221,116,379,116,379,,,49,68,,,217,73,,,,103,281,0.306,0.306,,0.306,0.721,0.344,fritsji01
Joe Fulks,32,PHW,NBA,1953-54,61,,501,61,229,61,229,,,28,49,,,101,28,,,,90,150,0.266,0.266,,0.266,0.571,0.299,fulksjo01
Bill Gabor,31,SYR,NBA,1953-54,61,,1211,204,551,204,551,,,139,194,,,96,162,,,,183,547,0.37,0.37,,0.37,0.716,0.43,gaborbi01
Harry Gallatin,26,NYK,NBA,1953-54,72,,2690,258,639,258,639,,,433,552,,,1098,153,,,,208,949,0.404,0.404,,0.404,0.784,0.538,gallaha01
Jack George,25,PHW,NBA,1953-54,71,,2648,259,736,259,736,,,157,266,,,386,312,,,,210,675,0.352,0.352,,0.352,0.59,0.396,georgja01
Bato Govedarica,25,SYR,NBA,1953-54,23,,258,25,79,25,79,,,25,37,,,18,24,,,,44,75,0.316,0.316,,0.316,0.676,0.394,govedba01
Joe Graboski,24,PHW,NBA,1953-54,71,,2759,354,1000,354,1000,,,236,350,,,670,163,,,,223,944,0.354,0.354,,0.354,0.674,0.409,grabojo01
Norm Grekin,23,PHW,NBA,1953-54,1,,1,0,0,0,0,,,0,0,,,0,0,,,,1,0,,,,,,,grekino01
Alex Hannum,30,ROC,NBA,1953-54,72,,1707,175,503,175,503,,,102,164,,,350,105,,,,279,452,0.348,0.348,,0.348,0.622,0.393,hannual01
Rollen Hans,22,BLB,NBA,1953-54,67,,1556,191,515,191,515,,,101,180,,,160,181,,,,172,483,0.371,0.371,,0.371,0.561,0.406,hansro01
Bob Harris,26,BOS,NBA,1953-54,71,,1898,156,409,156,409,,,108,172,,,517,94,,,,224,420,0.381,0.381,,0.381,0.628,0.433,harribo01
Bob Harrison,26,TOT,NBA,1953-54,64,,1443,144,449,144,449,,,94,158,,,130,139,,,,218,382,0.321,0.321,,0.321,0.595,0.368,harribo02
Lew Hitch,24,MLH,NBA,1953-54,72,,2452,221,603,221,603,,,133,208,,,691,141,,,,176,575,0.367,0.367,,0.367,0.639,0.414,hitchle01
Paul Hoffman,28,BLB,NBA,1953-54,72,,2505,253,761,253,761,,,217,303,,,486,285,,,,271,723,0.332,0.332,,0.332,0.716,0.404,hoffmpa01
Jim Holstein,23,MNL,NBA,1953-54,70,,1155,88,288,88,288,,,64,112,,,204,79,,,,140,240,0.306,0.306,,0.306,0.571,0.356,holstji01
Red Holzman,33,MLH,NBA,1953-54,51,,649,74,224,74,224,,,48,73,,,46,75,,,,73,196,0.33,0.33,,0.33,0.658,0.383,holzmre01
Bob Houbregs,21,TOT,NBA,1953-54,70,,1970,209,562,209,562,,,190,266,,,375,123,,,,209,608,0.372,0.372,,0.372,0.714,0.448,houbrbo01
Mel Hutchins,25,FTW,NBA,1953-54,72,,2934,295,736,295,736,,,151,223,,,695,210,,,,229,741,0.401,0.401,,0.401,0.677,0.444,hutchme01
Neil Johnston,24,PHW,NBA,1953-54,72,,3296,591,1317,591,1317,,,577,772,,,797,203,,,,259,1759,0.449,0.449,,0.449,0.747,0.531,johnsne01
Billy Kenville,23,SYR,NBA,1953-54,72,,1405,149,388,149,388,,,136,182,,,247,122,,,,138,434,0.384,0.384,,0.384,0.747,0.464,kenvibi01
George King,25,SYR,NBA,1953-54,72,,2370,280,744,280,744,,,257,410,,,268,272,,,,179,817,0.376,0.376,,0.376,0.627,0.442,kingge01
Dick Knostman,22,SYR,NBA,1953-54,5,,47,3,10,3,10,,,7,11,,,17,6,,,,9,13,0.3,0.3,,0.3,0.636,0.438,knostdi01
Bob Lavoy,27,TOT,NBA,1953-54,68,,1277,135,356,135,356,,,94,129,,,317,78,,,,215,364,0.379,0.379,,0.379,0.729,0.441,lavoybo01
Earl Lloyd,25,SYR,NBA,1953-54,72,,2206,249,666,249,666,,,156,209,,,529,115,,,,303,654,0.374,0.374,,0.374,0.746,0.431,lloydea01
Don Lofgran,24,MLH,NBA,1953-54,21,,380,35,112,35,112,,,32,49,,,64,26,,,,34,102,0.313,0.313,,0.313,0.653,0.382,lofgrdo01
Clyde Lovellette,24,MNL,NBA,1953-54,72,,1255,237,560,237,560,,,114,164,,,419,51,,,,210,588,0.423,0.423,,0.423,0.695,0.465,lovelcl01
Jim Luisi,25,BLB,NBA,1953-54,31,,367,31,95,31,95,,,27,41,,,25,35,,,,45,89,0.326,0.326,,0.326,0.659,0.394,luisiji01
Ed Macauley,25,BOS,NBA,1953-54,71,,2792,462,950,462,950,,,420,554,,,571,271,,,,168,1344,0.486,0.486,,0.486,0.758,0.563,macaued01
Mo Mahoney,26,BLB,NBA,1953-54,2,,11,0,2,0,2,,,0,0,,,2,1,,,,0,0,0,0,,0,,0,mahonmo01
Slater Martin,28,MNL,NBA,1953-54,69,,2472,254,654,254,654,,,176,243,,,166,253,,,,198,684,0.388,0.388,,0.388,0.724,0.449,martisl01
Al Masino,25,TOT,NBA,1953-54,27,,181,26,62,26,62,,,30,49,,,28,22,,,,44,82,0.419,0.419,,0.419,0.612,0.491,masinal01
Alfred McGuire,25,NYK,NBA,1953-54,64,,849,58,177,58,177,,,58,133,,,121,103,,,,144,174,0.328,0.328,,0.328,0.436,0.369,mcguial01
Dick McGuire,28,NYK,NBA,1953-54,68,,2343,201,493,201,493,,,220,345,,,310,354,,,,199,622,0.408,0.408,,0.408,0.638,0.482,mcguidi01
Jack McMahon,25,ROC,NBA,1953-54,71,,1891,250,691,250,691,,,211,303,,,211,238,,,,221,711,0.362,0.362,,0.362,0.696,0.431,mcmahja01
Monk Meineke,23,FTW,NBA,1953-54,71,,1466,135,393,135,393,,,136,169,,,372,81,,,,214,406,0.344,0.344,,0.344,0.805,0.434,meinemo01
Ed Mikan,28,BOS,NBA,1953-54,9,,71,8,24,8,24,,,5,9,,,20,3,,,,15,21,0.333,0.333,,0.333,0.556,0.376,mikaned01
George Mikan,29,MNL,NBA,1953-54,72,,2362,441,1160,441,1160,,,424,546,,,1028,174,,,,268,1306,0.38,0.38,,0.38,0.777,0.466,mikange01
Vern Mikkelsen,25,MNL,NBA,1953-54,72,,2247,288,771,288,771,,,221,298,,,615,119,,,,264,797,0.374,0.374,,0.374,0.742,0.442,mikkeve01
Eddie Miller,22,BLB,NBA,1953-54,72,,1657,244,600,244,600,,,231,317,,,537,95,,,,194,719,0.407,0.407,,0.407,0.729,0.486,milleed01
Jack Molinas,22,FTW,NBA,1953-54,32,,958,114,292,114,292,,,142,187,,,228,51,,,,83,370,0.39,0.39,,0.39,0.759,0.494,molinja01
Ken Murray,25,FTW,NBA,1953-54,49,,528,53,195,53,195,,,43,60,,,65,56,,,,60,149,0.272,0.272,,0.272,0.717,0.336,murrake01
Jim Neal,23,SYR,NBA,1953-54,67,,899,117,369,117,369,,,78,132,,,257,24,,,,139,312,0.317,0.317,,0.317,0.591,0.365,nealji01
Jack Nichols,27,TOT,NBA,1953-54,75,,1607,163,528,163,528,,,113,152,,,363,104,,,,187,439,0.309,0.309,,0.309,0.743,0.369,nichoja01
Paul Nolen,24,BLB,NBA,1953-54,1,,2,0,1,0,1,,,0,0,,,1,0,,,,1,0,0,0,,0,,0,nolenpa01
Mike Novak,38,SYR,NBA,1953-54,5,,24,0,7,0,7,,,1,2,,,2,2,,,,9,1,0,0,,0,0.5,0.063,novakmi01
Wally Osterkorn,25,SYR,NBA,1953-54,70,,2164,203,586,203,586,,,209,361,,,487,151,,,,209,615,0.346,0.346,,0.346,0.579,0.413,osterwa01
Bob Peterson,22,TOT,NBA,1953-54,8,,60,3,10,3,10,,,9,11,,,12,3,,,,15,15,0.3,0.3,,0.3,0.818,0.505,peterbo01
James Phelan,24,PHW,NBA,1953-54,4,,33,0,6,0,6,,,3,6,,,5,2,,,,9,3,0,0,,0,0.5,0.174,phelaja02
Andy Phillip,31,FTW,NBA,1953-54,71,,2705,255,680,255,680,,,241,330,,,265,449,,,,204,751,0.375,0.375,,0.375,0.73,0.455,phillan01
Jim Pollard,31,MNL,NBA,1953-54,71,,2483,326,882,326,882,,,179,230,,,500,214,,,,161,831,0.37,0.37,,0.37,0.778,0.423,pollaji01
George Ratkovicz,31,MLH,NBA,1953-54,69,,2170,197,501,197,501,,,176,273,,,523,154,,,,255,570,0.393,0.393,,0.393,0.645,0.459,ratkoge01
Connie Rea,19,BLB,NBA,1953-54,20,,154,9,43,9,43,,,5,16,,,31,16,,,,13,23,0.209,0.209,,0.209,0.313,0.23,reaco01
Frank Reddout,,ROC,NBA,1953-54,7,,18,5,6,5,6,,,3,4,,,9,0,,,,6,13,0.833,0.833,,0.833,0.75,0.838,reddofr01
Arnie Risen,29,ROC,NBA,1953-54,72,,2385,321,872,321,872,,,307,430,,,728,120,,,,284,949,0.368,0.368,,0.368,0.714,0.447,risenar01
Al Roges,23,BLB,NBA,1953-54,67,,1937,220,614,220,614,,,130,179,,,213,160,,,,177,570,0.358,0.358,,0.358,0.726,0.411,rogesal01
Pep Saul,29,MNL,NBA,1953-54,71,,1805,162,467,162,467,,,128,170,,,159,139,,,,149,452,0.347,0.347,,0.347,0.753,0.417,saulpe01
Fred Schaus,28,TOT,NBA,1953-54,67,,1515,161,415,161,415,,,153,195,,,267,109,,,,176,475,0.388,0.388,,0.388,0.785,0.474,schaufr01
Dolph Schayes,25,SYR,NBA,1953-54,72,,2655,370,973,370,973,,,488,590,,,870,214,,,,232,1228,0.38,0.38,,0.38,0.827,0.498,schaydo01
Dick Schnittker,25,MNL,NBA,1953-54,71,,1040,122,307,122,307,,,86,132,,,178,59,,,,178,330,0.397,0.397,,0.397,0.652,0.452,schnidi01
Fred Scolari,31,FTW,NBA,1953-54,64,,1589,159,491,159,491,,,144,180,,,139,131,,,,155,462,0.324,0.324,,0.324,0.8,0.405,scolafr01
George Senesky,31,PHW,NBA,1953-54,58,,771,41,119,41,119,,,29,53,,,66,84,,,,79,111,0.345,0.345,,0.345,0.547,0.39,senesge01
Paul Seymour,26,SYR,NBA,1953-54,71,,2727,316,838,316,838,,,299,368,,,291,364,,,,187,931,0.377,0.377,,0.377,0.813,0.466,seymopa01
Chuck Share,26,TOT,NBA,1953-54,68,,1576,188,493,188,493,,,188,275,,,555,80,,,,210,564,0.381,0.381,,0.381,0.684,0.459,sharech01
Bill Sharman,27,BOS,NBA,1953-54,72,,2467,412,915,412,915,,,331,392,,,255,229,,,,211,1155,0.45,0.45,,0.45,0.844,0.531,sharmbi01
Connie Simmons,28,NYK,NBA,1953-54,72,,2006,255,713,255,713,,,210,305,,,484,128,,,,234,720,0.358,0.358,,0.358,0.689,0.425,simmoco01
Zeke Sinicola,25,FTW,NBA,1953-54,9,,33,4,16,4,16,,,3,6,,,1,3,,,,8,11,0.25,0.25,,0.25,0.5,0.295,sinicze01
Whitey Skoog,27,MNL,NBA,1953-54,71,,1877,212,530,212,530,,,72,97,,,224,179,,,,234,496,0.4,0.4,,0.4,0.742,0.433,skoogwh01
Ed Smith,24,NYK,NBA,1953-54,12,,127,14,49,14,49,,,7,13,,,32,10,,,,17,35,0.286,0.286,,0.286,0.538,0.32,smithed01
Joe Smyth,24,TOT,NBA,1953-54,40,,495,48,138,48,138,,,35,65,,,98,49,,,,53,131,0.348,0.348,,0.348,0.538,0.393,smythjo01
Odie Spears,29,ROC,NBA,1953-54,72,,1633,184,505,184,505,,,183,238,,,310,109,,,,211,551,0.364,0.364,,0.364,0.769,0.452,spearod01
Don Sunderlage,24,MLH,NBA,1953-54,68,,2232,254,748,254,748,,,252,337,,,225,187,,,,263,760,0.34,0.34,,0.34,0.748,0.424,sundedo01
Dick Surhoff,24,MLH,NBA,1953-54,32,,358,43,129,43,129,,,47,62,,,69,23,,,,53,133,0.333,0.333,,0.333,0.758,0.426,surhodi01
Norm Swanson,23,ROC,NBA,1953-54,63,,611,31,137,31,137,,,38,64,,,110,33,,,,91,100,0.226,0.226,,0.226,0.594,0.303,swansno01
Bill Tosheff,27,MLH,NBA,1953-54,71,,1825,168,578,168,578,,,156,210,,,163,196,,,,207,492,0.291,0.291,,0.291,0.743,0.367,toshebi01
Hal Uplinger,24,BLB,NBA,1953-54,23,,268,33,94,33,94,,,20,22,,,31,26,,,,42,86,0.351,0.351,,0.351,0.909,0.415,uplinha01
Ernie Vandeweghe,25,NYK,NBA,1953-54,15,,271,37,103,37,103,,,25,31,,,20,29,,,,38,99,0.359,0.359,,0.359,0.806,0.424,vandeer01
Paul Walther,26,PHW,NBA,1953-54,64,,2067,138,392,138,392,,,145,206,,,257,220,,,,199,421,0.352,0.352,,0.352,0.704,0.436,walthpa01
Isaac Walthour,23,MLH,NBA,1953-54,4,,30,1,6,1,6,,,0,0,,,1,2,,,,6,2,0.167,0.167,,0.167,,0.167,walthis01
Bobby Wanzer,32,ROC,NBA,1953-54,72,,2538,322,835,322,835,,,314,428,,,392,254,,,,171,958,0.386,0.386,,0.386,0.734,0.468,wanzebo01
Mark Workman,23,BLB,NBA,1953-54,14,,151,25,60,25,60,,,6,10,,,37,7,,,,31,56,0.417,0.417,,0.417,0.6,0.435,workmma01
George Yardley,25,FTW,NBA,1953-54,63,,1489,209,492,209,492,,,146,205,,,407,99,,,,166,564,0.425,0.425,,0.425,0.712,0.484,yardlge01
Max Zaslofsky,28,TOT,NBA,1953-54,65,,1881,278,756,278,756,,,255,357,,,160,154,,,,142,811,0.368,0.368,,0.368,0.714,0.444,zasloma01
Zeke Zawoluk,23,PHW,NBA,1953-54,71,,1795,203,540,203,540,,,186,230,,,330,99,,,,220,592,0.376,0.376,,0.376,0.809,0.462,zawolze01
Don Anielak,24,NYK,NBA,1954-55,1,,10,0,4,0,4,,,3,4,,,2,0,,,,0,3,0,0,,0,0.75,0.26,anieldo01
Paul Arizin,26,PHW,NBA,1954-55,72,,2953,529,1325,529,1325,,,454,585,,,675,210,,,,270,1512,0.399,0.399,,0.399,0.776,0.478,arizipa01
Jim Baechtold,27,NYK,NBA,1954-55,72,,2536,362,898,362,898,,,279,339,,,307,218,,,,202,1003,0.403,0.403,,0.403,0.823,0.479,baechji01
Don Barksdale,31,BOS,NBA,1954-55,72,,1790,267,699,267,699,,,220,338,,,545,129,,,,225,754,0.382,0.382,,0.382,0.651,0.445,barksdo01
Bob Brannum,29,BOS,NBA,1954-55,71,,1623,176,465,176,465,,,90,127,,,492,127,,,,232,442,0.378,0.378,,0.378,0.709,0.424,brannbo01
Carl Braun,27,NYK,NBA,1954-55,71,,2479,400,1032,400,1032,,,274,342,,,295,274,,,,208,1074,0.388,0.388,,0.388,0.801,0.454,braunca01
Tom Brennan,24,PHW,NBA,1954-55,11,,52,5,11,5,11,,,0,0,,,5,2,,,,5,10,0.455,0.455,,0.455,,0.455,brennto01
Frankie Brian,31,FTW,NBA,1954-55,71,,1381,237,623,237,623,,,217,255,,,127,142,,,,133,691,0.38,0.38,,0.38,0.851,0.47,brianfr01
Bill Calhoun,27,MLH,NBA,1954-55,69,,2109,144,480,144,480,,,166,236,,,290,235,,,,181,454,0.3,0.3,,0.3,0.703,0.389,calhobi01
Bob Carney,22,MNL,NBA,1954-55,19,,244,24,64,24,64,,,21,40,,,45,16,,,,36,69,0.375,0.375,,0.375,0.525,0.423,carnebo01
Fred Christ,24,NYK,NBA,1954-55,6,,48,5,18,5,18,,,10,11,,,8,7,,,,3,20,0.278,0.278,,0.278,0.909,0.438,chrisfr01
Cal Christensen,27,ROC,NBA,1954-55,71,,1204,114,305,114,305,,,124,206,,,388,104,,,,174,352,0.374,0.374,,0.374,0.602,0.445,chrisca01
Nat Clifton,32,NYK,NBA,1954-55,72,,2390,360,932,360,932,,,224,328,,,612,198,,,,221,944,0.386,0.386,,0.386,0.683,0.439,cliftna01
Jack Coleman,30,ROC,NBA,1954-55,72,,2482,400,866,400,866,,,124,183,,,729,232,,,,201,924,0.462,0.462,,0.462,0.678,0.488,colemja01
Bert Cook,25,NYK,NBA,1954-55,37,,424,42,133,42,133,,,34,50,,,72,33,,,,39,118,0.316,0.316,,0.316,0.68,0.381,cookbe01
Chuck Cooper,28,MLH,NBA,1954-55,70,,1749,193,569,193,569,,,187,249,,,385,151,,,,210,573,0.339,0.339,,0.339,0.751,0.422,coopech01
Larry Costello,23,PHW,NBA,1954-55,19,,463,46,139,46,139,,,26,32,,,49,78,,,,37,118,0.331,0.331,,0.331,0.813,0.385,costela01
Bob Cousy,26,BOS,NBA,1954-55,71,,2747,522,1316,522,1316,,,460,570,,,424,557,,,,165,1504,0.397,0.397,,0.397,0.807,0.48,cousybo01
Bob Davies,35,ROC,NBA,1954-55,72,,1870,326,785,326,785,,,220,293,,,205,355,,,,220,872,0.415,0.415,,0.415,0.751,0.477,daviebo01
Walt Davis,24,PHW,NBA,1954-55,61,,766,70,182,70,182,,,35,48,,,206,36,,,,100,175,0.385,0.385,,0.385,0.729,0.431,daviswa01
George Dempsey,25,PHW,NBA,1954-55,48,,1387,127,360,127,360,,,98,141,,,236,174,,,,141,352,0.353,0.353,,0.353,0.695,0.417,dempsge01
Fred Diute,26,MLH,NBA,1954-55,7,,72,2,21,2,21,,,7,12,,,13,4,,,,12,11,0.095,0.095,,0.095,0.583,0.209,diutefr01
Dick Farley,22,SYR,NBA,1954-55,69,,1113,136,353,136,353,,,136,201,,,167,111,,,,145,408,0.385,0.385,,0.385,0.677,0.462,farledi01
Ray Felix,24,NYK,NBA,1954-55,72,,2024,364,832,364,832,,,310,498,,,818,67,,,,286,1038,0.438,0.438,,0.438,0.622,0.494,felixra01
Danny Finn,26,PHW,NBA,1954-55,43,,820,77,265,77,265,,,53,86,,,157,155,,,,114,207,0.291,0.291,,0.291,0.616,0.342,finnda01
Larry Foust,26,FTW,NBA,1954-55,70,,2264,398,818,398,818,,,393,513,,,700,118,,,,264,1189,0.487,0.487,,0.487,0.766,0.57,foustla01
Jim Fritsche,23,FTW,NBA,1954-55,16,,151,16,48,16,48,,,13,16,,,32,4,,,,28,45,0.333,0.333,,0.333,0.813,0.409,fritsji01
Bill Gabor,32,SYR,NBA,1954-55,3,,47,7,22,7,22,,,3,5,,,5,11,,,,6,17,0.318,0.318,,0.318,0.6,0.351,gaborbi01
Harry Gallatin,27,NYK,NBA,1954-55,72,,2548,330,859,330,859,,,393,483,,,995,176,,,,206,1053,0.384,0.384,,0.384,0.814,0.491,gallaha01
Jack George,26,PHW,NBA,1954-55,68,,2480,291,756,291,756,,,192,291,,,302,359,,,,191,774,0.385,0.385,,0.385,0.66,0.438,georgja01
Joe Graboski,25,PHW,NBA,1954-55,70,,2515,373,1096,373,1096,,,208,303,,,636,182,,,,259,954,0.34,0.34,,0.34,0.686,0.388,grabojo01
Chuck Grigsby,26,NYK,NBA,1954-55,7,,45,7,19,7,19,,,2,8,,,11,7,,,,9,16,0.368,0.368,,0.368,0.25,0.355,grigsch01
Alex Hannum,31,MLH,NBA,1954-55,53,,1088,126,358,126,358,,,61,107,,,245,105,,,,206,313,0.352,0.352,,0.352,0.57,0.386,hannual01
Rollen Hans,23,BLB,NBA,1954-55,13,,178,30,67,30,67,,,13,25,,,16,26,,,,20,73,0.448,0.448,,0.448,0.52,0.468,hansro01
Bob Harrison,27,MLH,NBA,1954-55,72,,2300,299,875,299,875,,,126,185,,,226,252,,,,291,724,0.342,0.342,,0.342,0.681,0.379,harribo02
Herm Hedderick,25,NYK,NBA,1954-55,5,,23,2,9,2,9,,,0,1,,,4,2,,,,3,4,0.222,0.222,,0.222,0,0.212,heddehe01
Don Henriksen,25,TOT,NBA,1954-55,70,,1664,139,406,139,406,,,137,195,,,484,111,,,,190,415,0.342,0.342,,0.342,0.703,0.422,henrido01
Lew Hitch,25,TOT,NBA,1954-55,74,,1774,167,417,167,417,,,115,169,,,438,125,,,,110,449,0.4,0.4,,0.4,0.68,0.457,hitchle01
Paul Hoffman,29,TOT,NBA,1954-55,38,,670,65,216,65,216,,,64,93,,,124,94,,,,93,194,0.301,0.301,,0.301,0.688,0.378,hoffmpa01
Jim Holstein,24,MNL,NBA,1954-55,62,,980,107,330,107,330,,,67,94,,,206,58,,,,107,281,0.324,0.324,,0.324,0.713,0.378,holstji01
Bob Houbregs,22,TOT,NBA,1954-55,64,,1326,148,386,148,386,,,129,182,,,297,86,,,,180,425,0.383,0.383,,0.383,0.709,0.456,houbrbo01
Mel Hutchins,26,FTW,NBA,1954-55,72,,2860,341,903,341,903,,,182,257,,,665,247,,,,232,864,0.378,0.378,,0.378,0.708,0.425,hutchme01
Neil Johnston,25,PHW,NBA,1954-55,72,,2917,521,1184,521,1184,,,589,769,,,1085,215,,,,255,1631,0.44,0.44,,0.44,0.766,0.536,johnsne01
Ed Kalafat,22,MNL,NBA,1954-55,72,,1102,118,375,118,375,,,111,168,,,317,75,,,,205,347,0.315,0.315,,0.315,0.661,0.386,kalafed01
Mike Kearns,25,PHW,NBA,1954-55,6,,25,0,5,0,5,,,1,4,,,3,5,,,,1,1,0,0,,0,0.25,0.074,kearnmi01
Billy Kenville,24,SYR,NBA,1954-55,70,,1380,172,482,172,482,,,154,201,,,247,150,,,,132,498,0.357,0.357,,0.357,0.766,0.437,kenvibi01
Red Kerr,22,SYR,NBA,1954-55,72,,1529,301,718,301,718,,,152,223,,,474,80,,,,165,754,0.419,0.419,,0.419,0.682,0.462,kerrre01
Dan King,24,BLB,NBA,1954-55,12,,103,7,22,7,22,,,5,10,,,25,3,,,,5,19,0.318,0.318,,0.318,0.5,0.36,kingda01
George King,26,SYR,NBA,1954-55,67,,2015,228,605,228,605,,,140,229,,,227,331,,,,148,596,0.377,0.377,,0.377,0.611,0.422,kingge01
Bob Knight,25,NYK,NBA,1954-55,2,,29,3,7,3,7,,,1,1,,,1,8,,,,6,7,0.429,0.429,,0.429,1,0.47,knighbo01
Earl Lloyd,26,SYR,NBA,1954-55,72,,2212,286,784,286,784,,,159,212,,,553,151,,,,283,731,0.365,0.365,,0.365,0.75,0.417,lloydea01
Clyde Lovellette,25,MNL,NBA,1954-55,70,,2361,519,1192,519,1192,,,273,398,,,802,100,,,,262,1311,0.435,0.435,,0.435,0.686,0.479,lovelcl01
Ed Macauley,26,BOS,NBA,1954-55,71,,2706,403,951,403,951,,,442,558,,,600,275,,,,171,1248,0.424,0.424,,0.424,0.792,0.522,macaued01
Ronnie MacGilvray,24,MLH,NBA,1954-55,6,,57,2,12,2,12,,,4,7,,,9,11,,,,5,8,0.167,0.167,,0.167,0.571,0.265,macgiro01
Tom Marshall,24,ROC,NBA,1954-55,72,,1337,223,505,223,505,,,131,194,,,256,111,,,,99,577,0.442,0.442,,0.442,0.675,0.489,marshto01
Phil Martin,26,MLH,NBA,1954-55,7,,47,5,19,5,19,,,2,2,,,10,6,,,,7,12,0.263,0.263,,0.263,1,0.302,martiph01
Slater Martin,29,MNL,NBA,1954-55,72,,2784,350,919,350,919,,,276,359,,,260,427,,,,221,976,0.381,0.381,,0.381,0.769,0.453,martisl01
Ken McBride,,MLH,NBA,1954-55,12,,249,48,147,48,147,,,21,29,,,31,14,,,,31,117,0.327,0.327,,0.327,0.724,0.366,mcbrike01
Alfred McGuire,26,BLB,NBA,1954-55,10,,98,9,32,9,32,,,5,7,,,9,8,,,,15,23,0.281,0.281,,0.281,0.714,0.328,mcguial01
Dick McGuire,29,NYK,NBA,1954-55,71,,2310,226,581,226,581,,,195,303,,,322,542,,,,143,647,0.389,0.389,,0.389,0.644,0.453,mcguidi01
Jack McMahon,26,ROC,NBA,1954-55,72,,1807,251,721,251,721,,,143,225,,,211,246,,,,179,645,0.348,0.348,,0.348,0.636,0.393,mcmahja01
Carl McNulty,24,MLH,NBA,1954-55,1,,14,1,6,1,6,,,0,0,,,0,0,,,,1,2,0.167,0.167,,0.167,,0.167,mcnulca01
Monk Meineke,24,FTW,NBA,1954-55,68,,1026,136,366,136,366,,,119,170,,,246,64,,,,153,391,0.372,0.372,,0.372,0.7,0.444,meinemo01
Vern Mikkelsen,26,MNL,NBA,1954-55,71,,2559,440,1043,440,1043,,,447,598,,,722,145,,,,319,1327,0.422,0.422,,0.422,0.747,0.508,mikkeve01
Jackie Moore,22,TOT,NBA,1954-55,23,,376,44,115,44,115,,,22,47,,,105,20,,,,62,110,0.383,0.383,,0.383,0.468,0.405,mooreja01
Red Morrison,22,BOS,NBA,1954-55,71,,1227,120,284,120,284,,,72,115,,,451,82,,,,222,312,0.423,0.423,,0.423,0.626,0.466,morrire01
Ken Murray,26,TOT,NBA,1954-55,66,,1590,187,535,187,535,,,98,129,,,179,224,,,,126,472,0.35,0.35,,0.35,0.76,0.399,murrake01
Boris Nachamkin,21,ROC,NBA,1954-55,6,,59,6,20,6,20,,,8,13,,,19,3,,,,6,20,0.3,0.3,,0.3,0.615,0.389,nachabo01
Jim Neal,24,BLB,NBA,1954-55,13,,194,12,59,12,59,,,14,21,,,47,9,,,,22,38,0.203,0.203,,0.203,0.667,0.278,nealji01
Jack Nichols,28,BOS,NBA,1954-55,64,,1910,249,656,249,656,,,138,177,,,533,144,,,,238,636,0.38,0.38,,0.38,0.78,0.433,nichoja01
Wally Osterkorn,26,SYR,NBA,1954-55,19,,286,20,97,20,97,,,16,32,,,70,17,,,,32,56,0.206,0.206,,0.206,0.5,0.252,osterwa01
Togo Palazzi,22,BOS,NBA,1954-55,53,,504,101,253,101,253,,,45,60,,,146,30,,,,60,247,0.399,0.399,,0.399,0.75,0.442,palazto01
Bob Peterson,23,NYK,NBA,1954-55,37,,503,62,169,62,169,,,30,45,,,154,31,,,,80,154,0.367,0.367,,0.367,0.667,0.408,peterbo01
Bob Pettit,22,MLH,NBA,1954-55,72,,2659,520,1279,520,1279,,,426,567,,,994,229,,,,258,1466,0.407,0.407,,0.407,0.751,0.48,pettibo01
Andy Phillip,32,FTW,NBA,1954-55,64,,2332,202,545,202,545,,,213,308,,,290,491,,,,166,617,0.371,0.371,,0.371,0.692,0.453,phillan01
Jim Pollard,32,MNL,NBA,1954-55,63,,1960,265,749,265,749,,,151,186,,,458,160,,,,147,681,0.354,0.354,,0.354,0.812,0.41,pollaji01
Frank Ramsey,23,BOS,NBA,1954-55,64,,1754,236,592,236,592,,,243,322,,,402,185,,,,250,715,0.399,0.399,,0.399,0.755,0.487,ramsefr01
George Ratkovicz,32,MLH,NBA,1954-55,9,,102,3,19,3,19,,,10,23,,,17,13,,,,15,16,0.158,0.158,,0.158,0.435,0.275,ratkoge01
Arnie Risen,30,ROC,NBA,1954-55,69,,1970,259,699,259,699,,,279,375,,,703,112,,,,253,797,0.371,0.371,,0.371,0.744,0.461,risenar01
Red Rocha,31,SYR,NBA,1954-55,72,,2473,295,801,295,801,,,222,284,,,489,178,,,,242,812,0.368,0.368,,0.368,0.782,0.438,rochare01
Al Roges,24,TOT,NBA,1954-55,17,,201,23,61,23,61,,,15,24,,,24,19,,,,20,61,0.377,0.377,,0.377,0.625,0.426,rogesal01
Dick Rosenthal,25,FTW,NBA,1954-55,67,,1406,197,523,197,523,,,130,181,,,300,153,,,,179,524,0.377,0.377,,0.377,0.718,0.435,rosendi01
Pep Saul,30,MLH,NBA,1954-55,65,,1139,96,303,96,303,,,95,123,,,134,104,,,,126,287,0.317,0.317,,0.317,0.772,0.402,saulpe01
Dolph Schayes,26,SYR,NBA,1954-55,72,,2526,422,1103,422,1103,,,489,587,,,887,213,,,,247,1333,0.383,0.383,,0.383,0.833,0.49,schaydo01
Dick Schnittker,26,MNL,NBA,1954-55,72,,1798,226,583,226,583,,,298,362,,,349,114,,,,231,750,0.388,0.388,,0.388,0.823,0.505,schnidi01
Fred Scolari,32,BOS,NBA,1954-55,59,,619,76,249,76,249,,,39,49,,,77,93,,,,76,191,0.305,0.305,,0.305,0.796,0.353,scolafr01
Frank Selvy,22,TOT,NBA,1954-55,71,,2668,452,1195,452,1195,,,444,610,,,394,245,,,,230,1348,0.378,0.378,,0.378,0.728,0.461,selvyfr01
Paul Seymour,27,SYR,NBA,1954-55,72,,2950,375,1036,375,1036,,,300,370,,,309,483,,,,137,1050,0.362,0.362,,0.362,0.811,0.438,seymopa01
Chuck Share,27,MLH,NBA,1954-55,69,,1685,235,577,235,577,,,351,492,,,684,84,,,,273,821,0.407,0.407,,0.407,0.713,0.517,sharech01
Bill Sharman,28,BOS,NBA,1954-55,68,,2453,453,1062,453,1062,,,347,387,,,302,280,,,,212,1253,0.427,0.427,,0.427,0.897,0.508,sharmbi01
Gene Shue,23,TOT,NBA,1954-55,62,,947,100,289,100,289,,,59,78,,,154,89,,,,64,259,0.346,0.346,,0.346,0.756,0.401,shuege01
Connie Simmons,29,TOT,NBA,1954-55,36,,862,137,384,137,384,,,72,114,,,220,61,,,,109,346,0.357,0.357,,0.357,0.632,0.398,simmoco01
Whitey Skoog,28,MNL,NBA,1954-55,72,,2365,330,836,330,836,,,125,155,,,303,251,,,,265,785,0.395,0.395,,0.395,0.806,0.434,skoogwh01
Odie Spears,30,ROC,NBA,1954-55,71,,1888,226,585,226,585,,,220,271,,,299,148,,,,252,672,0.386,0.386,,0.386,0.812,0.477,spearod01
Art Spoelstra,22,ROC,NBA,1954-55,70,,1127,159,399,159,399,,,108,156,,,285,58,,,,170,426,0.398,0.398,,0.398,0.692,0.455,spoelar01
Don Sunderlage,25,MNL,NBA,1954-55,45,,404,33,133,33,133,,,48,73,,,56,37,,,,57,114,0.248,0.248,,0.248,0.658,0.345,sundedo01
Jim Tucker,22,SYR,NBA,1954-55,20,,287,39,116,39,116,,,27,38,,,97,12,,,,50,105,0.336,0.336,,0.336,0.711,0.396,tuckeji01
Jack Turner,24,NYK,NBA,1954-55,65,,922,111,308,111,308,,,60,76,,,154,77,,,,76,282,0.36,0.36,,0.36,0.789,0.413,turneja01
Paul Walther,27,FTW,NBA,1954-55,68,,820,56,161,56,161,,,54,88,,,155,131,,,,115,166,0.348,0.348,,0.348,0.614,0.416,walthpa01
Bobby Wanzer,33,ROC,NBA,1954-55,72,,2376,324,820,324,820,,,294,374,,,374,247,,,,163,942,0.395,0.395,,0.395,0.786,0.478,wanzebo01
Bobby Watson,24,TOT,NBA,1954-55,63,,702,72,223,72,223,,,31,45,,,87,79,,,,67,175,0.323,0.323,,0.323,0.689,0.36,watsobo01
Skippy Whitaker,24,BOS,NBA,1954-55,3,,15,1,6,1,6,,,0,0,,,1,1,,,,4,2,0.167,0.167,,0.167,,0.167,whitask01
George Yardley,26,FTW,NBA,1954-55,60,,2150,363,869,363,869,,,310,416,,,594,126,,,,205,1036,0.418,0.418,,0.418,0.745,0.492,yardlge01
Max Zaslofsky,29,FTW,NBA,1954-55,70,,1862,269,821,269,821,,,247,352,,,191,203,,,,130,785,0.328,0.328,,0.328,0.702,0.402,zasloma01
Zeke Zawoluk,24,PHW,NBA,1954-55,67,,1117,138,375,138,375,,,155,199,,,256,87,,,,147,431,0.368,0.368,,0.368,0.779,0.466,zawolze01
Paul Arizin,27,PHW,NBA,1955-56,72,,2724,617,1378,617,1378,,,507,626,,,539,189,,,,282,1741,0.448,0.448,,0.448,0.81,0.526,arizipa01
Jesse Arnelle,22,FTW,NBA,1955-56,31,,409,52,164,52,164,,,43,69,,,170,18,,,,60,147,0.317,0.317,,0.317,0.623,0.378,arnelje01
Dick Atha,24,NYK,NBA,1955-56,25,,288,36,88,36,88,,,21,27,,,42,32,,,,39,93,0.409,0.409,,0.409,0.778,0.466,athadi01
Jim Baechtold,28,NYK,NBA,1955-56,70,,1738,268,695,268,695,,,233,291,,,220,163,,,,156,769,0.386,0.386,,0.386,0.801,0.467,baechji01
Ernie Barrett,26,BOS,NBA,1955-56,72,,1451,207,533,207,533,,,93,118,,,243,174,,,,184,507,0.388,0.388,,0.388,0.788,0.433,barreer01
Ernie Beck,24,PHW,NBA,1955-56,67,,1007,136,351,136,351,,,76,106,,,196,79,,,,86,348,0.387,0.387,,0.387,0.717,0.438,becker01
Don Bielke,,FTW,NBA,1955-56,7,,38,5,9,5,9,,,4,7,,,9,1,,,,9,14,0.556,0.556,,0.556,0.571,0.579,bielkdo01
Carl Braun,28,NYK,NBA,1955-56,72,,2316,396,1064,396,1064,,,320,382,,,259,298,,,,215,1112,0.372,0.372,,0.372,0.838,0.451,braunca01
Frankie Brian,32,FTW,NBA,1955-56,37,,680,78,263,78,263,,,72,88,,,88,74,,,,62,228,0.297,0.297,,0.297,0.818,0.378,brianfr01
Nat Clifton,33,NYK,NBA,1955-56,64,,1537,213,541,213,541,,,135,191,,,386,151,,,,189,561,0.394,0.394,,0.394,0.707,0.449,cliftna01
Jack Coleman,31,TOT,NBA,1955-56,75,,2738,390,946,390,946,,,177,249,,,688,294,,,,242,957,0.412,0.412,,0.412,0.711,0.453,colemja01
Ed Conlin,22,SYR,NBA,1955-56,66,,1423,211,574,211,574,,,121,178,,,326,145,,,,121,543,0.368,0.368,,0.368,0.68,0.416,conlied01
Chuck Cooper,29,TOT,NBA,1955-56,67,,1144,101,308,101,308,,,100,133,,,239,89,,,,140,302,0.328,0.328,,0.328,0.752,0.412,coopech01
Bob Cousy,27,BOS,NBA,1955-56,72,,2767,440,1223,440,1223,,,476,564,,,492,642,,,,206,1356,0.36,0.36,,0.36,0.844,0.461,cousybo01
Red Davis,23,ROC,NBA,1955-56,3,,16,0,6,0,6,,,2,2,,,4,1,,,,2,2,0,0,,0,1,0.145,davisre01
Walt Davis,25,PHW,NBA,1955-56,70,,1097,123,333,123,333,,,77,112,,,276,56,,,,230,323,0.369,0.369,,0.369,0.688,0.422,daviswa01
George Dempsey,26,PHW,NBA,1955-56,72,,1444,126,265,126,265,,,88,139,,,264,205,,,,146,340,0.475,0.475,,0.475,0.633,0.521,dempsge01
Corky Devlin,24,FTW,NBA,1955-56,69,,1535,200,541,200,541,,,146,192,,,171,138,,,,119,546,0.37,0.37,,0.37,0.76,0.436,devlico01
Walter Dukes,25,NYK,NBA,1955-56,60,,1290,149,370,149,370,,,167,236,,,443,39,,,,211,465,0.403,0.403,,0.403,0.708,0.491,dukeswa01
Dick Farley,23,SYR,NBA,1955-56,72,,1429,168,451,168,451,,,143,207,,,165,151,,,,154,479,0.373,0.373,,0.373,0.691,0.442,farledi01
Ron Feiereisel,24,MNL,NBA,1955-56,10,,59,8,28,8,28,,,14,16,,,6,6,,,,9,30,0.286,0.286,,0.286,0.875,0.428,feierro01
Ray Felix,25,NYK,NBA,1955-56,72,,1702,277,668,277,668,,,331,469,,,623,47,,,,293,885,0.415,0.415,,0.415,0.706,0.506,felixra01
Al Ferrari,22,STL,NBA,1955-56,68,,1611,191,534,191,534,,,164,236,,,186,163,,,,192,546,0.358,0.358,,0.358,0.695,0.428,ferraal01
Ed Fleming,22,ROC,NBA,1955-56,71,,2028,306,824,306,824,,,277,372,,,489,197,,,,178,889,0.371,0.371,,0.371,0.745,0.45,flemied01
Larry Foust,27,FTW,NBA,1955-56,72,,2024,367,821,367,821,,,432,555,,,648,127,,,,263,1166,0.447,0.447,,0.447,0.778,0.547,foustla01
Harry Gallatin,28,NYK,NBA,1955-56,72,,2378,322,834,322,834,,,358,455,,,740,168,,,,220,1002,0.386,0.386,,0.386,0.787,0.484,gallaha01
Dick Garmaker,23,MNL,NBA,1955-56,68,,870,138,373,138,373,,,112,139,,,132,104,,,,127,388,0.37,0.37,,0.37,0.806,0.447,garmadi01
Jack George,27,PHW,NBA,1955-56,72,,2840,352,940,352,940,,,296,391,,,313,457,,,,202,1000,0.374,0.374,,0.374,0.757,0.45,georgja01
Tom Gola,23,PHW,NBA,1955-56,68,,2346,244,592,244,592,,,244,333,,,616,404,,,,272,732,0.412,0.412,,0.412,0.733,0.496,golato01
Joe Graboski,26,PHW,NBA,1955-56,72,,2375,397,1075,397,1075,,,240,340,,,642,190,,,,272,1034,0.369,0.369,,0.369,0.706,0.422,grabojo01
Alex Hannum,32,STL,NBA,1955-56,71,,1480,146,453,146,453,,,93,154,,,344,157,,,,271,385,0.322,0.322,,0.322,0.604,0.37,hannual01
Chris Harris,22,TOT,NBA,1955-56,41,,420,37,149,37,149,,,27,45,,,44,44,,,,43,101,0.248,0.248,,0.248,0.6,0.299,harrich01
Bob Harrison,28,STL,NBA,1955-56,72,,2219,260,725,260,725,,,97,146,,,195,277,,,,246,617,0.359,0.359,,0.359,0.664,0.391,harribo02
Dick Hemric,22,BOS,NBA,1955-56,71,,1329,161,400,161,400,,,177,273,,,399,60,,,,142,499,0.403,0.403,,0.403,0.648,0.48,hemridi01
Larry Hennessy,26,PHW,NBA,1955-56,53,,444,85,247,85,247,,,26,32,,,49,46,,,,37,196,0.344,0.344,,0.344,0.813,0.375,hennela01
Lew Hitch,26,MNL,NBA,1955-56,69,,1129,94,235,94,235,,,100,132,,,283,77,,,,85,288,0.4,0.4,,0.4,0.758,0.491,hitchle01
Jim Holstein,25,TOT,NBA,1955-56,27,,352,24,89,24,89,,,24,37,,,76,38,,,,51,72,0.27,0.27,,0.27,0.649,0.342,holstji01
Johnny Horan,23,TOT,NBA,1955-56,19,,93,12,42,12,42,,,10,11,,,10,2,,,,21,34,0.286,0.286,,0.286,0.909,0.363,horanjo01
Bob Houbregs,23,FTW,NBA,1955-56,70,,1535,247,575,247,575,,,283,383,,,414,159,,,,147,777,0.43,0.43,,0.43,0.739,0.523,houbrbo01
Mel Hutchins,27,FTW,NBA,1955-56,66,,2240,325,764,325,764,,,142,221,,,496,180,,,,166,792,0.425,0.425,,0.425,0.643,0.46,hutchme01
Neil Johnston,26,PHW,NBA,1955-56,70,,2594,499,1092,499,1092,,,549,685,,,872,225,,,,251,1547,0.457,0.457,,0.457,0.801,0.555,johnsne01
Ed Kalafat,23,MNL,NBA,1955-56,72,,1639,194,540,194,540,,,186,252,,,440,130,,,,236,574,0.359,0.359,,0.359,0.738,0.441,kalafed01
Billy Kenville,25,SYR,NBA,1955-56,72,,1278,170,448,170,448,,,195,257,,,215,159,,,,132,535,0.379,0.379,,0.379,0.759,0.477,kenvibi01
Red Kerr,23,SYR,NBA,1955-56,72,,2114,377,935,377,935,,,207,316,,,607,84,,,,168,961,0.403,0.403,,0.403,0.655,0.447,kerrre01
George King,27,SYR,NBA,1955-56,72,,2343,284,763,284,763,,,176,275,,,250,410,,,,150,744,0.372,0.372,,0.372,0.64,0.421,kingge01
Earl Lloyd,27,SYR,NBA,1955-56,72,,1837,213,636,213,636,,,186,241,,,492,116,,,,267,612,0.335,0.335,,0.335,0.772,0.412,lloydea01
Jim Loscutoff,25,BOS,NBA,1955-56,71,,1582,226,628,226,628,,,139,207,,,622,65,,,,213,591,0.36,0.36,,0.36,0.671,0.411,loscuji01
Clyde Lovellette,26,MNL,NBA,1955-56,71,,2518,594,1370,594,1370,,,338,469,,,992,164,,,,245,1526,0.434,0.434,,0.434,0.721,0.484,lovelcl01
Ed Macauley,27,BOS,NBA,1955-56,71,,2354,420,995,420,995,,,400,504,,,422,211,,,,158,1240,0.422,0.422,,0.422,0.794,0.51,macaued01
Slater Martin,30,MNL,NBA,1955-56,72,,2838,309,863,309,863,,,329,395,,,260,445,,,,202,947,0.358,0.358,,0.358,0.833,0.457,martisl01
Dick McGuire,30,NYK,NBA,1955-56,62,,1685,152,438,152,438,,,121,193,,,220,362,,,,146,425,0.347,0.347,,0.347,0.627,0.406,mcguidi01
Jack McMahon,27,TOT,NBA,1955-56,70,,1713,202,615,202,615,,,110,185,,,180,222,,,,170,514,0.328,0.328,,0.328,0.595,0.369,mcmahja01
Monk Meineke,25,ROC,NBA,1955-56,69,,1248,154,414,154,414,,,181,232,,,316,102,,,,191,489,0.372,0.372,,0.372,0.78,0.474,meinemo01
Chuck Mencel,22,MNL,NBA,1955-56,69,,973,120,375,120,375,,,78,96,,,110,132,,,,74,318,0.32,0.32,,0.32,0.813,0.381,mencech01
George Mikan,31,MNL,NBA,1955-56,37,,765,148,375,148,375,,,94,122,,,308,53,,,,153,390,0.395,0.395,,0.395,0.77,0.455,mikange01
Vern Mikkelsen,27,MNL,NBA,1955-56,72,,2100,317,821,317,821,,,328,408,,,608,173,,,,319,962,0.386,0.386,,0.386,0.804,0.481,mikkeve01
Jackie Moore,23,PHW,NBA,1955-56,54,,402,50,129,50,129,,,32,53,,,117,26,,,,80,132,0.388,0.388,,0.388,0.604,0.433,mooreja01
Red Morrison,23,BOS,NBA,1955-56,71,,910,89,240,89,240,,,44,89,,,345,53,,,,159,222,0.371,0.371,,0.371,0.494,0.398,morrire01
Jack Nichols,29,BOS,NBA,1955-56,60,,1964,330,799,330,799,,,200,253,,,625,160,,,,228,860,0.413,0.413,,0.413,0.791,0.472,nichoja01
Chuck Noble,24,FTW,NBA,1955-56,72,,2013,270,767,270,767,,,146,195,,,261,282,,,,253,686,0.352,0.352,,0.352,0.749,0.402,noblech01
Togo Palazzi,23,BOS,NBA,1955-56,63,,703,145,373,145,373,,,85,124,,,182,42,,,,87,375,0.389,0.389,,0.389,0.685,0.439,palazto01
Med Park,22,STL,NBA,1955-56,40,,424,53,152,53,152,,,44,70,,,94,40,,,,64,150,0.349,0.349,,0.349,0.629,0.41,parkme01
Bob Peterson,24,NYK,NBA,1955-56,58,,779,121,303,121,303,,,68,104,,,223,44,,,,123,310,0.399,0.399,,0.399,0.654,0.444,peterbo01
Bob Pettit,23,STL,NBA,1955-56,72,,2794,646,1507,646,1507,,,557,757,,,1164,189,,,,202,1849,0.429,0.429,,0.429,0.736,0.502,pettibo01
Andy Phillip,33,FTW,NBA,1955-56,70,,2078,148,405,148,405,,,112,199,,,257,410,,,,155,408,0.365,0.365,,0.365,0.563,0.414,phillan01
Richie Regan,25,ROC,NBA,1955-56,72,,1746,240,681,240,681,,,85,133,,,174,222,,,,179,565,0.352,0.352,,0.352,0.639,0.382,reganri01
Dick Ricketts,22,TOT,NBA,1955-56,68,,1943,235,752,235,752,,,138,195,,,490,206,,,,287,608,0.313,0.313,,0.313,0.708,0.363,rickedi01
Arnie Risen,31,BOS,NBA,1955-56,68,,1597,189,493,189,493,,,170,240,,,553,88,,,,300,548,0.383,0.383,,0.383,0.708,0.458,risenar01
Red Rocha,32,SYR,NBA,1955-56,72,,1883,250,692,250,692,,,220,281,,,416,131,,,,244,720,0.361,0.361,,0.361,0.783,0.441,rochare01
Bob Santini,20,NYK,NBA,1955-56,4,,23,5,10,5,10,,,1,2,,,3,1,,,,4,11,0.5,0.5,,0.5,0.5,0.506,santibo01
Bob Schafer,,TOT,NBA,1955-56,54,,578,81,270,81,270,,,62,81,,,71,53,,,,75,224,0.3,0.3,,0.3,0.765,0.366,schafbo01
Dolph Schayes,27,SYR,NBA,1955-56,72,,2517,465,1202,465,1202,,,542,632,,,891,200,,,,251,1472,0.387,0.387,,0.387,0.858,0.497,schaydo01
Dick Schnittker,27,MNL,NBA,1955-56,72,,1930,254,647,254,647,,,304,355,,,296,142,,,,253,812,0.393,0.393,,0.393,0.856,0.505,schnidi01
Kenny Sears,22,NYK,NBA,1955-56,70,,2069,319,728,319,728,,,258,324,,,616,114,,,,201,896,0.438,0.438,,0.438,0.796,0.515,searske01
Frank Selvy,23,STL,NBA,1955-56,17,,444,67,183,67,183,,,53,71,,,54,35,,,,38,187,0.366,0.366,,0.366,0.746,0.436,selvyfr01
Paul Seymour,28,SYR,NBA,1955-56,57,,1826,227,670,227,670,,,188,233,,,152,276,,,,130,642,0.339,0.339,,0.339,0.807,0.416,seymopa01
Chuck Share,28,STL,NBA,1955-56,72,,1975,315,733,315,733,,,346,498,,,774,131,,,,318,976,0.43,0.43,,0.43,0.695,0.513,sharech01
Bill Sharman,29,BOS,NBA,1955-56,72,,2698,538,1229,538,1229,,,358,413,,,259,339,,,,197,1434,0.438,0.438,,0.438,0.867,0.508,sharmbi01
Gene Shue,24,NYK,NBA,1955-56,72,,1750,240,625,240,625,,,181,237,,,212,179,,,,111,661,0.384,0.384,,0.384,0.764,0.453,shuege01
Connie Simmons,30,ROC,NBA,1955-56,68,,903,144,428,144,428,,,78,129,,,235,82,,,,142,366,0.336,0.336,,0.336,0.605,0.378,simmoco01
Whitey Skoog,29,MNL,NBA,1955-56,72,,2311,340,854,340,854,,,155,193,,,291,255,,,,232,835,0.398,0.398,,0.398,0.803,0.445,skoogwh01
Odie Spears,31,FTW,NBA,1955-56,72,,1378,166,468,166,468,,,159,201,,,231,121,,,,191,491,0.355,0.355,,0.355,0.791,0.441,spearod01
Art Spoelstra,23,ROC,NBA,1955-56,72,,1640,226,576,226,576,,,163,238,,,436,95,,,,248,615,0.392,0.392,,0.392,0.685,0.452,spoelar01
Jack Stephens,22,STL,NBA,1955-56,72,,2219,248,643,248,643,,,247,357,,,377,207,,,,144,743,0.386,0.386,,0.386,0.692,0.464,stephja01
Maurice Stokes,22,ROC,NBA,1955-56,67,,2323,403,1137,403,1137,,,319,447,,,1094,328,,,,276,1125,0.354,0.354,,0.354,0.714,0.422,stokema01
Jim Tucker,23,SYR,NBA,1955-56,70,,895,101,290,101,290,,,66,83,,,232,38,,,,166,268,0.348,0.348,,0.348,0.795,0.41,tuckeji01
Jack Twyman,21,ROC,NBA,1955-56,72,,2186,417,987,417,987,,,204,298,,,466,171,,,,239,1038,0.422,0.422,,0.422,0.685,0.464,twymaja01
Ernie Vandeweghe,27,NYK,NBA,1955-56,5,,77,10,31,10,31,,,2,2,,,13,12,,,,15,22,0.323,0.323,,0.323,1,0.345,vandeer01
Bobby Wanzer,34,ROC,NBA,1955-56,72,,1980,245,651,245,651,,,259,360,,,272,225,,,,151,749,0.376,0.376,,0.376,0.719,0.463,wanzebo01
Bob Williams,24,MNL,NBA,1955-56,20,,173,21,46,21,46,,,24,45,,,54,7,,,,36,66,0.457,0.457,,0.457,0.533,0.502,willibo01
George Yardley,27,FTW,NBA,1955-56,71,,2353,434,1067,434,1067,,,365,492,,,686,159,,,,212,1233,0.407,0.407,,0.407,0.742,0.48,yardlge01
Max Zaslofsky,30,FTW,NBA,1955-56,9,,182,29,81,29,81,,,30,35,,,16,16,,,,18,88,0.358,0.358,,0.358,0.857,0.456,zasloma01
Forest Able,24,SYR,NBA,1956-57,1,,1,0,2,0,2,,,0,0,,,1,1,,,,1,0,0,0,,0,,0,ablefo01
Paul Arizin,28,PHW,NBA,1956-57,71,,2767,613,1451,613,1451,,,591,713,,,561,150,,,,274,1817,0.422,0.422,,0.422,0.829,0.515,arizipa01
Bob Armstrong,23,PHW,NBA,1956-57,19,,110,11,37,11,37,,,6,12,,,39,3,,,,13,28,0.297,0.297,,0.297,0.5,0.331,armstbo01
Jim Baechtold,29,NYK,NBA,1956-57,45,,462,75,197,75,197,,,66,88,,,80,33,,,,39,216,0.381,0.381,,0.381,0.75,0.458,baechji01
John Barber,29,STL,NBA,1956-57,5,,19,2,8,2,8,,,3,6,,,6,0,,,,4,7,0.25,0.25,,0.25,0.5,0.329,barbejo01
Ernie Beck,25,PHW,NBA,1956-57,72,,1743,195,508,195,508,,,111,157,,,312,190,,,,155,501,0.384,0.384,,0.384,0.707,0.434,becker01
Irv Bemoras,26,STL,NBA,1956-57,62,,983,124,385,124,385,,,70,103,,,127,46,,,,76,318,0.322,0.322,,0.322,0.68,0.369,bemorir01
Gary Bergen,24,NYK,NBA,1956-57,6,,40,3,11,3,11,,,2,2,,,8,1,,,,4,8,0.273,0.273,,0.273,1,0.337,bergega01
Al Bianchi,24,SYR,NBA,1956-57,68,,1577,199,567,199,567,,,165,239,,,227,106,,,,198,563,0.351,0.351,,0.351,0.69,0.419,biancal01
Carl Braun,29,NYK,NBA,1956-57,72,,2345,378,993,378,993,,,245,303,,,259,256,,,,195,1001,0.381,0.381,,0.381,0.809,0.444,braunca01
Bob Burrow,22,ROC,NBA,1956-57,67,,1028,137,366,137,366,,,130,211,,,293,41,,,,165,404,0.374,0.374,,0.374,0.616,0.44,burrobo01
Nat Clifton,34,NYK,NBA,1956-57,71,,2231,308,818,308,818,,,146,217,,,557,164,,,,243,762,0.377,0.377,,0.377,0.673,0.417,cliftna01
Jack Coleman,32,STL,NBA,1956-57,72,,2145,316,775,316,775,,,123,161,,,645,159,,,,235,755,0.408,0.408,,0.408,0.764,0.446,colemja01
Ed Conlin,23,SYR,NBA,1956-57,71,,2250,335,896,335,896,,,283,368,,,430,205,,,,170,953,0.374,0.374,,0.374,0.769,0.45,conlied01
Larry Costello,25,PHW,NBA,1956-57,72,,2111,186,497,186,497,,,175,222,,,323,236,,,,182,547,0.374,0.374,,0.374,0.788,0.46,costela01
Bob Cousy,28,BOS,NBA,1956-57,64,,2364,478,1264,478,1264,,,363,442,,,309,478,,,,134,1319,0.378,0.378,,0.378,0.821,0.452,cousybo01
Walt Davis,26,PHW,NBA,1956-57,65,,1250,178,437,178,437,,,74,106,,,306,52,,,,235,430,0.407,0.407,,0.407,0.698,0.445,daviswa01
George Dempsey,27,PHW,NBA,1956-57,71,,1147,134,302,134,302,,,55,102,,,251,136,,,,107,323,0.444,0.444,,0.444,0.539,0.466,dempsge01
Corky Devlin,25,FTW,NBA,1956-57,71,,1242,190,502,190,502,,,97,143,,,146,141,,,,114,477,0.378,0.378,,0.378,0.678,0.422,devlico01
Walter Dukes,26,MNL,NBA,1956-57,71,,1866,228,626,228,626,,,264,383,,,794,54,,,,273,720,0.364,0.364,,0.364,0.689,0.453,dukeswa01
Ray Felix,26,NYK,NBA,1956-57,72,,1622,295,709,295,709,,,277,371,,,587,36,,,,284,867,0.416,0.416,,0.416,0.747,0.497,felixra01
Ed Fleming,23,ROC,NBA,1956-57,51,,927,109,364,109,364,,,139,191,,,183,81,,,,94,357,0.299,0.299,,0.299,0.728,0.398,flemied01
Larry Foust,28,FTW,NBA,1956-57,61,,1533,243,617,243,617,,,273,380,,,555,71,,,,221,759,0.394,0.394,,0.394,0.718,0.484,foustla01
Harry Gallatin,29,NYK,NBA,1956-57,72,,1943,332,817,332,817,,,415,519,,,725,85,,,,202,1079,0.406,0.406,,0.406,0.8,0.516,gallaha01
Dick Garmaker,24,MNL,NBA,1956-57,72,,2406,406,1015,406,1015,,,365,435,,,336,190,,,,199,1177,0.4,0.4,,0.4,0.839,0.488,garmadi01
Jack George,28,PHW,NBA,1956-57,67,,2229,253,750,253,750,,,200,293,,,318,307,,,,165,706,0.337,0.337,,0.337,0.683,0.402,georgja01
Joe Graboski,27,PHW,NBA,1956-57,72,,2501,390,1118,390,1118,,,252,322,,,614,140,,,,244,1032,0.349,0.349,,0.349,0.783,0.41,grabojo01
Si Green,23,ROC,NBA,1956-57,13,,423,50,143,50,143,,,49,69,,,67,47,,,,36,149,0.35,0.35,,0.35,0.71,0.43,greensi01
Richie Guerin,24,NYK,NBA,1956-57,72,,1793,257,699,257,699,,,181,292,,,334,182,,,,186,695,0.368,0.368,,0.368,0.62,0.42,gueriri01
Cliff Hagan,25,STL,NBA,1956-57,67,,971,134,371,134,371,,,100,145,,,247,86,,,,165,368,0.361,0.361,,0.361,0.69,0.423,hagancl01
Alex Hannum,33,TOT,NBA,1956-57,59,,642,77,223,77,223,,,37,56,,,158,28,,,,135,191,0.345,0.345,,0.345,0.661,0.386,hannual01
Bob Harrison,29,TOT,NBA,1956-57,66,,1810,243,629,243,629,,,93,130,,,156,161,,,,220,579,0.386,0.386,,0.386,0.715,0.422,harribo02
Tom Heinsohn,22,BOS,NBA,1956-57,72,,2150,446,1123,446,1123,,,271,343,,,705,117,,,,304,1163,0.397,0.397,,0.397,0.79,0.456,heinsto01
Dick Hemric,23,BOS,NBA,1956-57,67,,1055,109,317,109,317,,,146,210,,,304,42,,,,98,364,0.344,0.344,,0.344,0.695,0.445,hemridi01
Larry Hennessy,27,SYR,NBA,1956-57,21,,373,56,175,56,175,,,23,32,,,45,27,,,,28,135,0.32,0.32,,0.32,0.719,0.357,hennela01
Lew Hitch,27,TOT,NBA,1956-57,68,,1133,111,296,111,296,,,63,88,,,253,40,,,,103,285,0.375,0.375,,0.375,0.716,0.426,hitchle01
Joe Holup,22,SYR,NBA,1956-57,71,,1284,160,487,160,487,,,204,253,,,279,84,,,,177,524,0.329,0.329,,0.329,0.806,0.438,holupjo01
Bob Hopkins,22,SYR,NBA,1956-57,62,,764,130,343,130,343,,,94,126,,,233,22,,,,106,354,0.379,0.379,,0.379,0.746,0.444,hopkibo01
Bob Houbregs,24,FTW,NBA,1956-57,60,,1592,253,585,253,585,,,167,234,,,401,113,,,,118,673,0.432,0.432,,0.432,0.714,0.489,houbrbo01
Mel Hutchins,28,FTW,NBA,1956-57,72,,2647,369,953,369,953,,,152,206,,,571,210,,,,182,890,0.387,0.387,,0.387,0.738,0.426,hutchme01
Neil Johnston,27,PHW,NBA,1956-57,69,,2531,520,1163,520,1163,,,535,648,,,855,203,,,,231,1575,0.447,0.447,,0.447,0.826,0.544,johnsne01
Phil Jordon,23,NYK,NBA,1956-57,9,,91,18,49,18,49,,,8,12,,,34,2,,,,15,44,0.367,0.367,,0.367,0.667,0.405,jordoph01
Ed Kalafat,24,MNL,NBA,1956-57,65,,1617,178,507,178,507,,,197,298,,,425,105,,,,243,553,0.351,0.351,,0.351,0.661,0.433,kalafed01
Billy Kenville,26,FTW,NBA,1956-57,71,,1701,204,608,204,608,,,174,218,,,324,172,,,,169,582,0.336,0.336,,0.336,0.798,0.413,kenvibi01
Red Kerr,24,SYR,NBA,1956-57,72,,2191,333,827,333,827,,,225,313,,,807,90,,,,190,891,0.403,0.403,,0.403,0.719,0.462,kerrre01
Hal Lear,22,PHW,NBA,1956-57,3,,14,2,6,2,6,,,0,0,,,1,1,,,,3,4,0.333,0.333,,0.333,,0.333,learha01
Slick Leonard,24,MNL,NBA,1956-57,72,,1943,303,867,303,867,,,186,241,,,220,169,,,,140,792,0.349,0.349,,0.349,0.772,0.407,leonasl01
Earl Lloyd,28,SYR,NBA,1956-57,72,,1965,256,687,256,687,,,134,179,,,435,114,,,,282,646,0.373,0.373,,0.373,0.749,0.422,lloydea01
Jim Loscutoff,26,BOS,NBA,1956-57,70,,2220,306,888,306,888,,,132,187,,,730,89,,,,244,744,0.345,0.345,,0.345,0.706,0.383,loscuji01
Clyde Lovellette,27,MNL,NBA,1956-57,69,,2492,574,1348,574,1348,,,286,399,,,932,139,,,,251,1434,0.426,0.426,,0.426,0.717,0.471,lovelcl01
Ed Macauley,28,STL,NBA,1956-57,72,,2582,414,987,414,987,,,359,479,,,440,202,,,,206,1187,0.419,0.419,,0.419,0.749,0.496,macaued01
Tom Marshall,26,ROC,NBA,1956-57,40,,460,56,163,56,163,,,47,58,,,83,31,,,,33,159,0.344,0.344,,0.344,0.81,0.422,marshto01
Slater Martin,31,TOT,NBA,1956-57,66,,2401,244,736,244,736,,,230,291,,,288,269,,,,193,718,0.332,0.332,,0.332,0.79,0.415,martisl01
Johnny McCarthy,22,ROC,NBA,1956-57,72,,1560,173,460,173,460,,,130,193,,,201,107,,,,130,476,0.376,0.376,,0.376,0.674,0.437,mccarjo01
Dick McGuire,31,NYK,NBA,1956-57,72,,1191,140,366,140,366,,,105,163,,,146,222,,,,103,385,0.383,0.383,,0.383,0.644,0.44,mcguidi01
Jack McMahon,28,STL,NBA,1956-57,72,,2344,239,725,239,725,,,142,225,,,222,367,,,,213,620,0.33,0.33,,0.33,0.631,0.376,mcmahja01
Chuck Mencel,23,MNL,NBA,1956-57,72,,1848,243,688,243,688,,,179,240,,,237,201,,,,95,665,0.353,0.353,,0.353,0.746,0.419,mencech01
Vern Mikkelsen,28,MNL,NBA,1956-57,72,,2198,322,854,322,854,,,342,424,,,630,121,,,,312,986,0.377,0.377,,0.377,0.807,0.474,mikkeve01
Jackie Moore,24,PHW,NBA,1956-57,57,,400,43,106,43,106,,,37,46,,,116,21,,,,75,123,0.406,0.406,,0.406,0.804,0.487,mooreja01
Willie Naulls,22,TOT,NBA,1956-57,71,,1778,293,820,293,820,,,132,195,,,617,84,,,,186,718,0.357,0.357,,0.357,0.677,0.396,naullwi01
Jack Nichols,30,BOS,NBA,1956-57,61,,1372,195,537,195,537,,,108,136,,,374,85,,,,185,498,0.363,0.363,,0.363,0.794,0.417,nichoja01
Chuck Noble,25,FTW,NBA,1956-57,54,,1260,200,556,200,556,,,76,102,,,135,180,,,,161,476,0.36,0.36,,0.36,0.745,0.396,noblech01
Togo Palazzi,24,TOT,NBA,1956-57,63,,1013,210,571,210,571,,,136,175,,,262,49,,,,117,556,0.368,0.368,,0.368,0.777,0.429,palazto01
Med Park,23,STL,NBA,1956-57,66,,1130,118,324,118,324,,,108,146,,,200,94,,,,137,344,0.364,0.364,,0.364,0.74,0.443,parkme01
Jim Paxson,24,MNL,NBA,1956-57,71,,1274,138,485,138,485,,,170,236,,,266,86,,,,163,446,0.285,0.285,,0.285,0.72,0.379,paxsoji01
Bob Pettit,24,STL,NBA,1956-57,71,,2491,613,1477,613,1477,,,529,684,,,1037,133,,,,181,1755,0.415,0.415,,0.415,0.773,0.494,pettibo01
Andy Phillip,34,BOS,NBA,1956-57,67,,1476,105,277,105,277,,,88,137,,,181,168,,,,121,298,0.379,0.379,,0.379,0.642,0.442,phillan01
Dave Piontek,22,ROC,NBA,1956-57,71,,1759,257,637,257,637,,,122,183,,,351,108,,,,141,636,0.403,0.403,,0.403,0.667,0.443,piontda01
Frank Ramsey,25,BOS,NBA,1956-57,35,,807,137,349,137,349,,,144,182,,,178,67,,,,113,418,0.393,0.393,,0.393,0.791,0.487,ramsefr01
Jim Ray,23,SYR,NBA,1956-57,4,,43,2,11,2,11,,,3,5,,,5,3,,,,4,7,0.182,0.182,,0.182,0.6,0.265,rayji01
Richie Regan,26,ROC,NBA,1956-57,71,,2100,257,780,257,780,,,182,235,,,205,222,,,,179,696,0.329,0.329,,0.329,0.774,0.394,reganri01
Dick Ricketts,23,ROC,NBA,1956-57,72,,2114,299,869,299,869,,,206,297,,,437,127,,,,307,804,0.344,0.344,,0.344,0.694,0.402,rickedi01
Arnie Risen,32,BOS,NBA,1956-57,43,,935,119,307,119,307,,,106,156,,,286,53,,,,163,344,0.388,0.388,,0.388,0.679,0.458,risenar01
Red Rocha,33,FTW,NBA,1956-57,72,,1154,136,390,136,390,,,109,144,,,272,81,,,,162,381,0.349,0.349,,0.349,0.757,0.42,rochare01
Dick Rosenthal,27,FTW,NBA,1956-57,18,,188,21,79,21,79,,,9,17,,,52,17,,,,22,51,0.266,0.266,,0.266,0.529,0.295,rosendi01
Bill Russell,22,BOS,NBA,1956-57,48,,1695,277,649,277,649,,,152,309,,,943,88,,,,143,706,0.427,0.427,,0.427,0.492,0.45,russebi01
Don Savage,28,SYR,NBA,1956-57,5,,55,6,19,6,19,,,6,7,,,7,2,,,,7,18,0.316,0.316,,0.316,0.857,0.408,savagdo01
Bob Schafer,,SYR,NBA,1956-57,11,,167,19,66,19,66,,,11,13,,,11,15,,,,16,49,0.288,0.288,,0.288,0.846,0.342,schafbo01
Dolph Schayes,28,SYR,NBA,1956-57,72,,2851,496,1308,496,1308,,,625,691,,,1008,229,,,,219,1617,0.379,0.379,,0.379,0.904,0.502,schaydo01
Dick Schnittker,28,MNL,NBA,1956-57,70,,997,113,351,113,351,,,160,193,,,185,52,,,,144,386,0.322,0.322,,0.322,0.829,0.443,schnidi01
Kenny Sears,23,NYK,NBA,1956-57,72,,2516,343,821,343,821,,,383,485,,,614,101,,,,226,1069,0.418,0.418,,0.418,0.79,0.517,searske01
Paul Seymour,29,SYR,NBA,1956-57,65,,1235,143,442,143,442,,,101,123,,,130,193,,,,91,387,0.324,0.324,,0.324,0.821,0.39,seymopa01
Chuck Share,29,STL,NBA,1956-57,72,,1673,235,535,235,535,,,269,393,,,642,79,,,,269,739,0.439,0.439,,0.439,0.684,0.522,sharech01
Bill Sharman,30,BOS,NBA,1956-57,67,,2403,516,1241,516,1241,,,381,421,,,286,236,,,,188,1413,0.416,0.416,,0.416,0.905,0.495,sharmbi01
Ron Shavlik,23,NYK,NBA,1956-57,7,,72,4,22,4,22,,,2,5,,,22,0,,,,12,10,0.182,0.182,,0.182,0.4,0.207,shavlro01
Gene Shue,25,FTW,NBA,1956-57,72,,2470,273,710,273,710,,,241,316,,,421,238,,,,137,787,0.385,0.385,,0.385,0.763,0.463,shuege01
Whitey Skoog,30,MNL,NBA,1956-57,23,,656,78,220,78,220,,,44,47,,,72,76,,,,65,200,0.355,0.355,,0.355,0.936,0.415,skoogwh01
Ron Sobie,22,NYK,NBA,1956-57,71,,1378,166,442,166,442,,,152,199,,,326,129,,,,158,484,0.376,0.376,,0.376,0.764,0.457,sobiero01
Odie Spears,32,TOT,NBA,1956-57,11,,118,12,38,12,38,,,19,22,,,15,7,,,,24,43,0.316,0.316,,0.316,0.864,0.451,spearod01
Art Spoelstra,24,ROC,NBA,1956-57,69,,1176,217,559,217,559,,,88,120,,,220,56,,,,168,522,0.388,0.388,,0.388,0.733,0.427,spoelar01
Norm Stewart,22,STL,NBA,1956-57,5,,37,4,15,4,15,,,2,6,,,5,2,,,,9,10,0.267,0.267,,0.267,0.333,0.283,stewano01
Maurice Stokes,23,ROC,NBA,1956-57,72,,2761,434,1249,434,1249,,,256,385,,,1256,331,,,,287,1124,0.347,0.347,,0.347,0.665,0.396,stokema01
Bill Thieben,21,FTW,NBA,1956-57,58,,633,90,256,90,256,,,57,87,,,207,17,,,,78,237,0.352,0.352,,0.352,0.655,0.403,thiebbi01
Lou Tsioropoulos,26,BOS,NBA,1956-57,52,,670,79,256,79,256,,,69,89,,,207,33,,,,135,227,0.309,0.309,,0.309,0.775,0.385,tsiorlo01
Jim Tucker,24,SYR,NBA,1956-57,9,,119,17,44,17,44,,,0,1,,,20,2,,,,26,34,0.386,0.386,,0.386,0,0.383,tuckeji01
Jack Twyman,22,ROC,NBA,1956-57,72,,2338,449,1023,449,1023,,,276,363,,,354,123,,,,251,1174,0.439,0.439,,0.439,0.76,0.496,twymaja01
Bobby Wanzer,35,ROC,NBA,1956-57,21,,159,23,49,23,49,,,36,46,,,25,9,,,,20,82,0.469,0.469,,0.469,0.783,0.592,wanzebo01
Bob Williams,25,MNL,NBA,1956-57,4,,20,1,4,1,4,,,2,3,,,5,0,,,,2,4,0.25,0.25,,0.25,0.667,0.376,willibo01
George Yardley,28,FTW,NBA,1956-57,72,,2691,522,1273,522,1273,,,503,639,,,755,147,,,,231,1547,0.41,0.41,,0.41,0.787,0.498,yardlge01
Paul Arizin,29,PHW,NBA,1957-58,68,,2377,483,1229,483,1229,,,440,544,,,503,135,,,,235,1406,0.393,0.393,,0.393,0.809,0.479,arizipa01
Dick Atha,26,DET,NBA,1957-58,18,,160,17,47,17,47,,,10,12,,,24,19,,,,24,44,0.362,0.362,,0.362,0.833,0.421,athadi01
Ernie Beck,26,PHW,NBA,1957-58,71,,1974,272,683,272,683,,,170,203,,,307,190,,,,173,714,0.398,0.398,,0.398,0.837,0.462,becker01
Al Bianchi,25,SYR,NBA,1957-58,69,,1421,215,625,215,625,,,140,205,,,221,114,,,,188,570,0.344,0.344,,0.344,0.683,0.398,biancal01
Doug Bolstorff,26,DET,NBA,1957-58,3,,21,2,5,2,5,,,0,0,,,0,0,,,,1,4,0.4,0.4,,0.4,,0.4,bolstdo01
Carl Braun,30,NYK,NBA,1957-58,71,,2475,426,1018,426,1018,,,321,378,,,330,393,,,,183,1173,0.418,0.418,,0.418,0.849,0.495,braunca01
George Brown,22,MNL,NBA,1957-58,1,,6,0,2,0,2,,,1,2,,,1,0,,,,1,1,0,0,,0,0.5,0.174,brownge01
Bob Burrow,23,MNL,NBA,1957-58,14,,171,22,70,22,70,,,11,33,,,64,6,,,,15,55,0.314,0.314,,0.314,0.333,0.325,burrobo01
Nat Clifton,35,DET,NBA,1957-58,68,,1435,217,597,217,597,,,91,146,,,403,76,,,,202,525,0.363,0.363,,0.363,0.623,0.397,cliftna01
Jack Coleman,33,STL,NBA,1957-58,72,,1506,231,560,231,560,,,84,131,,,485,117,,,,169,546,0.413,0.413,,0.413,0.641,0.442,colemja01
Ed Conlin,24,SYR,NBA,1957-58,60,,1871,343,877,343,877,,,215,270,,,436,133,,,,168,901,0.391,0.391,,0.391,0.796,0.452,conlied01
Larry Costello,26,SYR,NBA,1957-58,72,,2746,378,888,378,888,,,320,378,,,378,317,,,,246,1076,0.426,0.426,,0.426,0.847,0.51,costela01
Bob Cousy,29,BOS,NBA,1957-58,65,,2222,445,1262,445,1262,,,277,326,,,322,463,,,,136,1167,0.353,0.353,,0.353,0.85,0.415,cousybo01
Walt Davis,27,TOT,NBA,1957-58,61,,663,85,244,85,244,,,61,82,,,174,29,,,,143,231,0.348,0.348,,0.348,0.744,0.412,daviswa01
George Dempsey,28,PHW,NBA,1957-58,67,,1048,112,311,112,311,,,70,105,,,214,128,,,,113,294,0.36,0.36,,0.36,0.667,0.412,dempsge01
Corky Devlin,26,MNL,NBA,1957-58,70,,1248,170,489,170,489,,,133,172,,,132,167,,,,104,473,0.348,0.348,,0.348,0.773,0.419,devlico01
Dick Duckett,24,CIN,NBA,1957-58,34,,424,54,158,54,158,,,24,27,,,56,47,,,,60,132,0.342,0.342,,0.342,0.889,0.389,duckedi01
Walter Dukes,27,DET,NBA,1957-58,72,,2184,278,796,278,796,,,247,366,,,954,52,,,,311,803,0.349,0.349,,0.349,0.675,0.42,dukeswa01
Pat Dunn,26,PHW,NBA,1957-58,28,,206,28,90,28,90,,,14,17,,,31,28,,,,20,70,0.311,0.311,,0.311,0.824,0.359,dunnpa01
Bill Ebben,22,DET,NBA,1957-58,8,,50,6,28,6,28,,,3,4,,,8,4,,,,5,15,0.214,0.214,,0.214,0.75,0.252,ebbenbi01
Bo Erias,25,MNL,NBA,1957-58,18,,401,59,170,59,170,,,30,47,,,83,26,,,,52,148,0.347,0.347,,0.347,0.638,0.388,eriasbo01
Ray Felix,27,NYK,NBA,1957-58,72,,1709,304,688,304,688,,,271,389,,,747,52,,,,283,879,0.442,0.442,,0.442,0.697,0.512,felixra01
Ed Fleming,24,MNL,NBA,1957-58,72,,1686,226,655,226,655,,,181,255,,,492,139,,,,222,633,0.345,0.345,,0.345,0.71,0.413,flemied01
Larry Foust,29,MNL,NBA,1957-58,72,,2200,391,982,391,982,,,428,566,,,876,108,,,,299,1210,0.398,0.398,,0.398,0.756,0.491,foustla01
Larry Friend,22,NYK,NBA,1957-58,44,,569,74,226,74,226,,,27,41,,,106,47,,,,54,175,0.327,0.327,,0.327,0.659,0.359,frienla01
Harry Gallatin,30,DET,NBA,1957-58,72,,1990,340,898,340,898,,,392,498,,,749,86,,,,217,1072,0.379,0.379,,0.379,0.787,0.48,gallaha01
Dick Garmaker,25,MNL,NBA,1957-58,68,,2216,390,988,390,988,,,314,411,,,365,183,,,,190,1094,0.395,0.395,,0.395,0.764,0.468,garmadi01
Jack George,29,PHW,NBA,1957-58,72,,1910,232,627,232,627,,,178,242,,,288,234,,,,140,642,0.37,0.37,,0.37,0.736,0.438,georgja01
Tom Gola,25,PHW,NBA,1957-58,59,,2126,295,711,295,711,,,223,299,,,639,327,,,,225,813,0.415,0.415,,0.415,0.746,0.482,golato01
Joe Graboski,28,PHW,NBA,1957-58,72,,2077,341,1017,341,1017,,,227,303,,,570,125,,,,249,909,0.335,0.335,,0.335,0.749,0.395,grabojo01
Richie Guerin,25,NYK,NBA,1957-58,63,,2368,344,973,344,973,,,353,511,,,489,317,,,,202,1041,0.354,0.354,,0.354,0.691,0.435,gueriri01
Cliff Hagan,26,STL,NBA,1957-58,70,,2190,503,1135,503,1135,,,385,501,,,707,175,,,,267,1391,0.443,0.443,,0.443,0.768,0.513,hagancl01
Bob Harrison,30,SYR,NBA,1957-58,72,,1799,210,604,210,604,,,97,122,,,166,169,,,,200,517,0.348,0.348,,0.348,0.795,0.393,harribo02
Tom Heinsohn,23,BOS,NBA,1957-58,69,,2206,468,1226,468,1226,,,294,394,,,705,125,,,,274,1230,0.382,0.382,,0.382,0.746,0.439,heinsto01
Joe Holup,23,TOT,NBA,1957-58,53,,740,91,278,91,278,,,71,94,,,221,36,,,,99,253,0.327,0.327,,0.327,0.755,0.396,holupjo01
Bob Hopkins,23,SYR,NBA,1957-58,69,,1224,221,554,221,554,,,123,161,,,392,45,,,,162,565,0.399,0.399,,0.399,0.764,0.452,hopkibo01
Bob Houbregs,25,DET,NBA,1957-58,17,,302,49,137,49,137,,,30,43,,,65,19,,,,36,128,0.358,0.358,,0.358,0.698,0.41,houbrbo01
Hot Rod Hundley,23,MNL,NBA,1957-58,65,,1154,174,548,174,548,,,104,162,,,186,121,,,,99,452,0.318,0.318,,0.318,0.642,0.365,hundlho01
Mel Hutchins,29,NYK,NBA,1957-58,18,,384,51,131,51,131,,,24,43,,,86,34,,,,31,126,0.389,0.389,,0.389,0.558,0.42,hutchme01
McCoy Ingram,26,MNL,NBA,1957-58,24,,267,27,103,27,103,,,13,28,,,116,20,,,,44,67,0.262,0.262,,0.262,0.464,0.29,ingramc01
Neil Johnston,28,PHW,NBA,1957-58,71,,2408,473,1102,473,1102,,,442,540,,,790,166,,,,233,1388,0.429,0.429,,0.429,0.819,0.518,johnsne01
Sam Jones,24,BOS,NBA,1957-58,56,,594,100,233,100,233,,,60,84,,,160,37,,,,42,260,0.429,0.429,,0.429,0.714,0.482,jonessa01
Phil Jordon,24,TOT,NBA,1957-58,58,,898,193,467,193,467,,,64,93,,,301,37,,,,108,450,0.413,0.413,,0.413,0.688,0.443,jordoph01
Billy Kenville,27,DET,NBA,1957-58,35,,649,106,280,106,280,,,46,75,,,102,66,,,,68,258,0.379,0.379,,0.379,0.613,0.412,kenvibi01
Red Kerr,25,SYR,NBA,1957-58,72,,2384,407,1020,407,1020,,,280,422,,,963,88,,,,197,1094,0.399,0.399,,0.399,0.664,0.454,kerrre01
George King,29,CIN,NBA,1957-58,63,,2272,235,645,235,645,,,140,227,,,306,337,,,,124,610,0.364,0.364,,0.364,0.617,0.409,kingge01
Jim Krebs,22,MNL,NBA,1957-58,68,,1259,199,527,199,527,,,135,176,,,502,27,,,,182,533,0.378,0.378,,0.378,0.767,0.441,krebsji01
Slick Leonard,25,MNL,NBA,1957-58,66,,2074,266,794,266,794,,,205,268,,,237,218,,,,145,737,0.335,0.335,,0.335,0.765,0.404,leonasl01
Earl Lloyd,29,SYR,NBA,1957-58,61,,1045,119,359,119,359,,,79,106,,,287,60,,,,179,317,0.331,0.331,,0.331,0.745,0.391,lloydea01
Jim Loscutoff,27,BOS,NBA,1957-58,5,,56,11,31,11,31,,,1,3,,,20,1,,,,8,23,0.355,0.355,,0.355,0.333,0.356,loscuji01
Clyde Lovellette,28,CIN,NBA,1957-58,71,,2589,679,1540,679,1540,,,301,405,,,862,134,,,,236,1659,0.441,0.441,,0.441,0.743,0.483,lovelcl01
Ed Macauley,29,STL,NBA,1957-58,72,,1908,376,879,376,879,,,267,369,,,478,143,,,,156,1019,0.428,0.428,,0.428,0.724,0.489,macaued01
Tom Marshall,27,TOT,NBA,1957-58,38,,518,52,166,52,166,,,48,63,,,101,19,,,,43,152,0.313,0.313,,0.313,0.762,0.392,marshto01
Slater Martin,32,STL,NBA,1957-58,60,,2098,258,768,258,768,,,206,276,,,228,218,,,,187,722,0.336,0.336,,0.336,0.746,0.406,martisl01
Brendan McCann,22,NYK,NBA,1957-58,36,,295,22,100,22,100,,,25,37,,,45,54,,,,34,69,0.22,0.22,,0.22,0.676,0.297,mccanbr01
Dick McGuire,32,DET,NBA,1957-58,69,,2311,203,544,203,544,,,150,225,,,291,454,,,,178,556,0.373,0.373,,0.373,0.667,0.432,mcguidi01
Jack McMahon,29,STL,NBA,1957-58,72,,2239,216,719,216,719,,,134,221,,,195,333,,,,184,566,0.3,0.3,,0.3,0.606,0.347,mcmahja01
Monk Meineke,27,CIN,NBA,1957-58,67,,792,125,351,125,351,,,77,119,,,226,38,,,,155,327,0.356,0.356,,0.356,0.647,0.405,meinemo01
Vern Mikkelsen,29,MNL,NBA,1957-58,72,,2390,439,1070,439,1070,,,370,471,,,805,166,,,,299,1248,0.41,0.41,,0.41,0.786,0.489,mikkeve01
Red Morrison,25,STL,NBA,1957-58,13,,79,9,26,9,26,,,3,4,,,26,0,,,,12,21,0.346,0.346,,0.346,0.75,0.378,morrire01
Willie Naulls,23,NYK,NBA,1957-58,68,,2369,472,1189,472,1189,,,284,344,,,799,97,,,,220,1228,0.397,0.397,,0.397,0.826,0.458,naullwi01
Jack Nichols,31,BOS,NBA,1957-58,69,,1224,170,484,170,484,,,59,80,,,302,63,,,,123,399,0.351,0.351,,0.351,0.738,0.384,nichoja01
Chuck Noble,26,DET,NBA,1957-58,61,,1363,199,601,199,601,,,56,77,,,140,153,,,,166,454,0.331,0.331,,0.331,0.727,0.358,noblech01
Togo Palazzi,25,SYR,NBA,1957-58,67,,1001,228,579,228,579,,,123,171,,,243,42,,,,125,579,0.394,0.394,,0.394,0.719,0.442,palazto01
Med Park,24,STL,NBA,1957-58,71,,1103,133,363,133,363,,,118,162,,,184,76,,,,106,384,0.366,0.366,,0.366,0.728,0.442,parkme01
Worthy Patterson,26,STL,NBA,1957-58,4,,13,3,8,3,8,,,1,2,,,2,2,,,,3,7,0.375,0.375,,0.375,0.5,0.394,pattewo01
Jerry Paulson,22,CIN,NBA,1957-58,6,,68,8,23,8,23,,,4,6,,,10,4,,,,5,20,0.348,0.348,,0.348,0.667,0.39,paulsje01
Jim Paxson,25,CIN,NBA,1957-58,67,,1795,225,639,225,639,,,209,285,,,350,139,,,,183,659,0.352,0.352,,0.352,0.733,0.431,paxsoji01
Bob Pettit,25,STL,NBA,1957-58,70,,2528,581,1418,581,1418,,,557,744,,,1216,157,,,,222,1719,0.41,0.41,,0.41,0.749,0.492,pettibo01
Andy Phillip,35,BOS,NBA,1957-58,70,,1164,97,273,97,273,,,42,71,,,158,121,,,,121,236,0.355,0.355,,0.355,0.592,0.388,phillan01
Dave Piontek,23,CIN,NBA,1957-58,71,,1032,150,397,150,397,,,95,151,,,254,52,,,,134,395,0.378,0.378,,0.378,0.629,0.426,piontda01
Ray Radziszewski,22,PHW,NBA,1957-58,1,,6,0,3,0,3,,,0,0,,,2,1,,,,1,0,0,0,,0,,0,radzira01
Frank Ramsey,26,BOS,NBA,1957-58,69,,2047,377,900,377,900,,,383,472,,,504,167,,,,245,1137,0.419,0.419,,0.419,0.811,0.513,ramsefr01
Richie Regan,27,CIN,NBA,1957-58,72,,1648,202,569,202,569,,,120,172,,,175,185,,,,174,524,0.355,0.355,,0.355,0.698,0.406,reganri01
Dick Ricketts,24,CIN,NBA,1957-58,72,,1620,215,664,215,664,,,132,196,,,410,114,,,,277,562,0.324,0.324,,0.324,0.673,0.375,rickedi01
Arnie Risen,33,BOS,NBA,1957-58,63,,1119,134,397,134,397,,,114,167,,,360,50,,,,195,382,0.338,0.338,,0.338,0.683,0.406,risenar01
Lennie Rosenbluth,25,PHW,NBA,1957-58,53,,373,91,265,91,265,,,53,84,,,91,23,,,,39,235,0.343,0.343,,0.343,0.631,0.389,rosenle01
Bill Russell,23,BOS,NBA,1957-58,69,,2640,456,1032,456,1032,,,230,443,,,1564,202,,,,181,1142,0.442,0.442,,0.442,0.519,0.465,russebi01
Woody Sauldsberry,23,PHW,NBA,1957-58,71,,2377,389,1082,389,1082,,,134,218,,,729,58,,,,245,912,0.36,0.36,,0.36,0.615,0.387,sauldwo01
Dolph Schayes,29,SYR,NBA,1957-58,72,,2918,581,1458,581,1458,,,629,696,,,1022,224,,,,244,1791,0.398,0.398,,0.398,0.904,0.508,schaydo01
Dick Schnittker,29,MNL,NBA,1957-58,50,,979,128,357,128,357,,,201,237,,,211,71,,,,126,457,0.359,0.359,,0.359,0.848,0.495,schnidi01
Kenny Sears,24,NYK,NBA,1957-58,72,,2685,445,1014,445,1014,,,452,550,,,785,126,,,,251,1342,0.439,0.439,,0.439,0.822,0.534,searske01
Frank Selvy,25,TOT,NBA,1957-58,38,,426,44,167,44,167,,,47,77,,,88,35,,,,44,135,0.263,0.263,,0.263,0.61,0.336,selvyfr01
Paul Seymour,30,SYR,NBA,1957-58,64,,763,107,315,107,315,,,53,63,,,107,93,,,,88,267,0.34,0.34,,0.34,0.841,0.39,seymopa01
Chuck Share,30,STL,NBA,1957-58,72,,1824,216,545,216,545,,,190,293,,,749,130,,,,279,622,0.396,0.396,,0.396,0.648,0.461,sharech01
Bill Sharman,31,BOS,NBA,1957-58,63,,2214,550,1297,550,1297,,,302,338,,,295,167,,,,156,1402,0.424,0.424,,0.424,0.893,0.485,sharmbi01
Ron Shavlik,24,NYK,NBA,1957-58,1,,2,0,1,0,1,,,0,0,,,1,0,,,,0,0,0,0,,0,,0,shavlro01
Gene Shue,26,DET,NBA,1957-58,63,,2333,353,919,353,919,,,276,327,,,333,172,,,,150,982,0.384,0.384,,0.384,0.844,0.462,shuege01
Ron Sobie,23,NYK,NBA,1957-58,55,,1399,217,539,217,539,,,196,239,,,263,125,,,,147,630,0.403,0.403,,0.403,0.82,0.489,sobiero01
Guy Sparrow,25,NYK,NBA,1957-58,72,,1661,318,838,318,838,,,165,257,,,461,69,,,,232,801,0.379,0.379,,0.379,0.642,0.421,sparrgu01
Art Spoelstra,25,TOT,NBA,1957-58,67,,1305,161,419,161,419,,,127,187,,,332,57,,,,225,449,0.384,0.384,,0.384,0.679,0.448,spoelar01
Maurice Stokes,24,CIN,NBA,1957-58,63,,2460,414,1181,414,1181,,,238,333,,,1142,403,,,,226,1066,0.351,0.351,,0.351,0.715,0.402,stokema01
Bill Thieben,22,DET,NBA,1957-58,27,,243,42,143,42,143,,,16,27,,,65,7,,,,44,100,0.294,0.294,,0.294,0.593,0.323,thiebbi01
Lou Tsioropoulos,27,BOS,NBA,1957-58,70,,1819,198,624,198,624,,,142,207,,,434,112,,,,242,538,0.317,0.317,,0.317,0.686,0.376,tsiorlo01
Jack Twyman,23,CIN,NBA,1957-58,72,,2178,465,1028,465,1028,,,307,396,,,464,110,,,,224,1237,0.452,0.452,,0.452,0.775,0.514,twymaja01
Charlie Tyra,22,NYK,NBA,1957-58,68,,1182,175,490,175,490,,,150,224,,,480,34,,,,175,500,0.357,0.357,,0.357,0.67,0.425,tyrach01
Jim Walsh,27,PHW,NBA,1957-58,10,,72,5,27,5,27,,,10,17,,,15,8,,,,9,20,0.185,0.185,,0.185,0.588,0.29,walshji01
Win Wilfong,24,STL,NBA,1957-58,71,,1360,196,543,196,543,,,163,238,,,290,163,,,,199,555,0.361,0.361,,0.361,0.685,0.428,wilfowi01
George Yardley,29,DET,NBA,1957-58,72,,2843,673,1624,673,1624,,,655,808,,,768,97,,,,226,2001,0.414,0.414,,0.414,0.811,0.505,yardlge01
Paul Arizin,30,PHW,NBA,1958-59,70,,2799,632,1466,632,1466,,,587,722,,,637,119,,,,264,1851,0.431,0.431,,0.431,0.813,0.519,arizipa01
Elgin Baylor,24,MNL,NBA,1958-59,70,,2855,605,1482,605,1482,,,532,685,,,1050,287,,,,270,1742,0.408,0.408,,0.408,0.777,0.488,bayloel01
Ernie Beck,27,PHW,NBA,1958-59,70,,1017,163,418,163,418,,,43,65,,,176,89,,,,124,369,0.39,0.39,,0.39,0.662,0.413,becker01
Al Bianchi,26,SYR,NBA,1958-59,72,,1779,285,756,285,756,,,149,206,,,199,159,,,,260,719,0.377,0.377,,0.377,0.723,0.425,biancal01
Jerry Bird,23,NYK,NBA,1958-59,11,,45,12,32,12,32,,,1,1,,,12,4,,,,7,25,0.375,0.375,,0.375,1,0.385,birdje01
Bucky Bockhorn,25,CIN,NBA,1958-59,71,,2251,294,771,294,771,,,138,196,,,460,206,,,,215,726,0.381,0.381,,0.381,0.704,0.423,bockhbu01
Carl Braun,31,NYK,NBA,1958-59,72,,1959,287,684,287,684,,,180,218,,,251,349,,,,178,754,0.42,0.42,,0.42,0.826,0.483,braunca01
Pete Brennan,22,NYK,NBA,1958-59,16,,136,13,43,13,43,,,14,25,,,31,6,,,,15,40,0.302,0.302,,0.302,0.56,0.37,brennpe01
Barney Cable,23,DET,NBA,1958-59,31,,271,43,126,43,126,,,23,29,,,88,12,,,,30,109,0.341,0.341,,0.341,0.793,0.393,cableba01
Gene Conley,28,BOS,NBA,1958-59,50,,663,86,262,86,262,,,37,64,,,276,19,,,,117,209,0.328,0.328,,0.328,0.578,0.36,conlege01
Ed Conlin,25,TOT,NBA,1958-59,72,,1955,329,891,329,891,,,197,274,,,394,132,,,,188,855,0.369,0.369,,0.369,0.719,0.423,conlied01
Larry Costello,27,SYR,NBA,1958-59,70,,2750,414,948,414,948,,,280,349,,,365,379,,,,263,1108,0.437,0.437,,0.437,0.802,0.503,costela01
Bob Cousy,30,BOS,NBA,1958-59,65,,2403,484,1260,484,1260,,,329,385,,,359,557,,,,135,1297,0.384,0.384,,0.384,0.855,0.454,cousybo01
Archie Dees,22,CIN,NBA,1958-59,68,,1252,200,562,200,562,,,159,204,,,339,56,,,,114,559,0.356,0.356,,0.356,0.779,0.429,deesar01
George Dempsey,29,TOT,NBA,1958-59,57,,694,92,215,92,215,,,81,106,,,160,68,,,,95,265,0.428,0.428,,0.428,0.764,0.506,dempsge01
Connie Dierking,22,SYR,NBA,1958-59,64,,726,105,290,105,290,,,83,140,,,233,34,,,,148,293,0.362,0.362,,0.362,0.593,0.417,dierkco01
Walter Dukes,28,DET,NBA,1958-59,72,,2338,318,904,318,904,,,297,452,,,958,64,,,,332,933,0.352,0.352,,0.352,0.657,0.423,dukeswa01
Boo Ellis,22,MNL,NBA,1958-59,72,,1202,163,379,163,379,,,102,144,,,380,59,,,,137,428,0.43,0.43,,0.43,0.708,0.484,ellisbo01
Wayne Embry,21,CIN,NBA,1958-59,66,,1590,272,702,272,702,,,206,314,,,597,96,,,,232,750,0.387,0.387,,0.387,0.656,0.446,embrywa01
Dick Farley,26,DET,NBA,1958-59,70,,1280,177,448,177,448,,,137,186,,,195,124,,,,130,491,0.395,0.395,,0.395,0.737,0.463,farledi01
Mike Farmer,22,NYK,NBA,1958-59,72,,1545,176,498,176,498,,,83,99,,,315,66,,,,152,435,0.353,0.353,,0.353,0.838,0.402,farmemi01
Ray Felix,28,NYK,NBA,1958-59,72,,1588,260,700,260,700,,,229,321,,,569,49,,,,275,749,0.371,0.371,,0.371,0.713,0.445,felixra01
Al Ferrari,25,STL,NBA,1958-59,72,,1189,134,385,134,385,,,145,199,,,142,122,,,,155,413,0.348,0.348,,0.348,0.729,0.437,ferraal01
Ed Fleming,25,MNL,NBA,1958-59,71,,1132,162,419,162,419,,,137,190,,,281,89,,,,148,461,0.387,0.387,,0.387,0.721,0.459,flemied01
Larry Foust,30,MNL,NBA,1958-59,72,,1933,301,771,301,771,,,280,366,,,627,91,,,,233,882,0.39,0.39,,0.39,0.765,0.473,foustla01
Dave Gambee,21,STL,NBA,1958-59,2,,7,1,1,1,1,,,0,0,,,2,0,,,,2,2,1,1,,1,,1,gambeda01
Dick Garmaker,26,MNL,NBA,1958-59,72,,2493,350,885,350,885,,,284,368,,,325,211,,,,226,984,0.395,0.395,,0.395,0.772,0.47,garmadi01
Jack George,30,TOT,NBA,1958-59,71,,1881,233,674,233,674,,,153,203,,,293,221,,,,149,619,0.346,0.346,,0.346,0.754,0.405,georgja01
Tom Gola,26,PHW,NBA,1958-59,64,,2333,310,773,310,773,,,281,357,,,710,269,,,,243,901,0.401,0.401,,0.401,0.787,0.484,golato01
Joe Graboski,29,PHW,NBA,1958-59,72,,2482,394,1116,394,1116,,,270,360,,,751,148,,,,249,1058,0.353,0.353,,0.353,0.75,0.415,grabojo01
Si Green,25,TOT,NBA,1958-59,46,,1109,146,415,146,415,,,104,160,,,252,113,,,,127,396,0.352,0.352,,0.352,0.65,0.408,greensi01
Hal Greer,22,SYR,NBA,1958-59,68,,1625,308,679,308,679,,,137,176,,,196,101,,,,189,753,0.454,0.454,,0.454,0.778,0.498,greerha01
Richie Guerin,26,NYK,NBA,1958-59,71,,2558,443,1046,443,1046,,,405,505,,,518,364,,,,255,1291,0.424,0.424,,0.424,0.802,0.509,gueriri01
Cliff Hagan,27,STL,NBA,1958-59,72,,2702,646,1417,646,1417,,,415,536,,,783,245,,,,275,1707,0.456,0.456,,0.456,0.774,0.516,hagancl01
Steve Hamilton,24,MNL,NBA,1958-59,67,,847,109,294,109,294,,,74,109,,,220,36,,,,144,292,0.371,0.371,,0.371,0.679,0.427,hamilst01
Vern Hatton,23,TOT,NBA,1958-59,64,,1109,149,418,149,418,,,77,105,,,178,70,,,,111,375,0.356,0.356,,0.356,0.733,0.404,hattove01
Tom Heinsohn,24,BOS,NBA,1958-59,66,,2089,465,1192,465,1192,,,312,391,,,638,164,,,,271,1242,0.39,0.39,,0.39,0.798,0.455,heinsto01
Joe Holup,24,DET,NBA,1958-59,68,,1502,209,580,209,580,,,152,200,,,352,73,,,,239,570,0.36,0.36,,0.36,0.76,0.427,holupjo01
Bob Hopkins,24,SYR,NBA,1958-59,67,,1518,246,611,246,611,,,176,234,,,436,67,,,,181,668,0.403,0.403,,0.403,0.752,0.468,hopkibo01
Hot Rod Hundley,24,MNL,NBA,1958-59,71,,1664,259,719,259,719,,,164,218,,,250,205,,,,139,682,0.36,0.36,,0.36,0.752,0.418,hundlho01
Andy Johnson,26,PHW,NBA,1958-59,67,,1158,174,466,174,466,,,115,191,,,212,90,,,,176,463,0.373,0.373,,0.373,0.602,0.421,johnsan01
Neil Johnston,29,PHW,NBA,1958-59,28,,393,54,164,54,164,,,69,88,,,139,21,,,,50,177,0.329,0.329,,0.329,0.784,0.437,johnsne01
K.C. Jones,26,BOS,NBA,1958-59,49,,609,65,192,65,192,,,41,68,,,127,70,,,,58,171,0.339,0.339,,0.339,0.603,0.385,joneskc01
Sam Jones,25,BOS,NBA,1958-59,71,,1466,305,703,305,703,,,151,196,,,428,101,,,,102,761,0.434,0.434,,0.434,0.77,0.482,jonessa01
Phil Jordon,25,DET,NBA,1958-59,72,,2058,399,967,399,967,,,231,303,,,594,83,,,,193,1029,0.413,0.413,,0.413,0.762,0.468,jordoph01
Tommy Kearns,22,SYR,NBA,1958-59,1,,7,1,1,1,1,,,0,0,,,0,0,,,,1,2,1,1,,1,,1,kearnto01
Red Kerr,26,SYR,NBA,1958-59,72,,2671,502,1139,502,1139,,,281,367,,,1008,142,,,,183,1285,0.441,0.441,,0.441,0.766,0.494,kerrre01
Jim Krebs,23,MNL,NBA,1958-59,72,,1578,271,679,271,679,,,92,123,,,491,50,,,,212,634,0.399,0.399,,0.399,0.748,0.432,krebsji01
Slick Leonard,26,MNL,NBA,1958-59,58,,1598,206,552,206,552,,,120,160,,,178,186,,,,119,532,0.373,0.373,,0.373,0.75,0.427,leonasl01
Earl Lloyd,30,DET,NBA,1958-59,72,,1796,234,670,234,670,,,137,182,,,500,90,,,,291,605,0.349,0.349,,0.349,0.753,0.403,lloydea01
Jim Loscutoff,28,BOS,NBA,1958-59,66,,1680,242,686,242,686,,,62,84,,,460,60,,,,285,546,0.353,0.353,,0.353,0.738,0.378,loscuji01
Clyde Lovellette,29,STL,NBA,1958-59,70,,1599,402,885,402,885,,,205,250,,,605,91,,,,216,1009,0.454,0.454,,0.454,0.82,0.507,lovelcl01
Ed Macauley,30,STL,NBA,1958-59,14,,196,22,75,22,75,,,21,35,,,40,13,,,,20,65,0.293,0.293,,0.293,0.6,0.36,macaued01
Tom Marshall,28,CIN,NBA,1958-59,18,,272,23,79,23,79,,,18,29,,,52,27,,,,22,64,0.291,0.291,,0.291,0.621,0.349,marshto01
Slater Martin,33,STL,NBA,1958-59,71,,2504,245,706,245,706,,,197,254,,,253,336,,,,230,687,0.347,0.347,,0.347,0.776,0.42,martisl01
Brendan McCann,23,NYK,NBA,1958-59,1,,7,0,3,0,3,,,0,0,,,1,1,,,,1,0,0,0,,0,,0,mccanbr01
Johnny McCarthy,24,CIN,NBA,1958-59,47,,1827,245,657,245,657,,,116,174,,,227,225,,,,158,606,0.373,0.373,,0.373,0.667,0.413,mccarjo01
Dick McGuire,33,DET,NBA,1958-59,71,,2063,232,543,232,543,,,191,258,,,285,443,,,,147,655,0.427,0.427,,0.427,0.74,0.499,mcguidi01
Jack McMahon,30,STL,NBA,1958-59,72,,2235,248,692,248,692,,,96,156,,,164,298,,,,221,592,0.358,0.358,,0.358,0.615,0.389,mcmahja01
Shellie McMillon,22,DET,NBA,1958-59,48,,700,127,289,127,289,,,55,104,,,285,26,,,,110,309,0.439,0.439,,0.439,0.529,0.462,mcmilsh01
Vern Mikkelsen,30,MNL,NBA,1958-59,72,,2139,353,904,353,904,,,286,355,,,570,159,,,,246,992,0.39,0.39,,0.39,0.806,0.468,mikkeve01
Willie Naulls,24,NYK,NBA,1958-59,68,,2061,405,1072,405,1072,,,258,311,,,723,102,,,,233,1068,0.378,0.378,,0.378,0.83,0.442,naullwi01
Chuck Noble,27,DET,NBA,1958-59,65,,939,189,560,189,560,,,83,113,,,115,114,,,,126,461,0.338,0.338,,0.338,0.735,0.378,noblech01
Togo Palazzi,26,SYR,NBA,1958-59,71,,1053,240,612,240,612,,,115,158,,,266,67,,,,174,595,0.392,0.392,,0.392,0.728,0.437,palazto01
Jim Palmer,25,CIN,NBA,1958-59,67,,1624,256,633,256,633,,,178,246,,,472,65,,,,211,690,0.404,0.404,,0.404,0.724,0.465,palmeji01
Med Park,25,TOT,NBA,1958-59,62,,1126,145,361,145,361,,,115,150,,,188,108,,,,93,405,0.402,0.402,,0.402,0.767,0.474,parkme01
Jack Parr,22,CIN,NBA,1958-59,66,,1037,109,307,109,307,,,44,73,,,278,51,,,,138,262,0.355,0.355,,0.355,0.603,0.386,parrja01
Bob Pettit,26,STL,NBA,1958-59,72,,2873,719,1640,719,1640,,,667,879,,,1182,221,,,,200,2105,0.438,0.438,,0.438,0.759,0.519,pettibo01
Dave Piontek,24,CIN,NBA,1958-59,72,,1674,305,813,305,813,,,156,227,,,385,124,,,,162,766,0.375,0.375,,0.375,0.687,0.42,piontda01
Frank Ramsey,27,BOS,NBA,1958-59,72,,2013,383,1013,383,1013,,,341,436,,,491,147,,,,266,1107,0.378,0.378,,0.378,0.782,0.459,ramsefr01
Hub Reed,22,STL,NBA,1958-59,65,,950,136,317,136,317,,,53,71,,,317,32,,,,171,325,0.429,0.429,,0.429,0.746,0.467,reedhu01
Guy Rodgers,23,PHW,NBA,1958-59,45,,1565,211,535,211,535,,,61,112,,,281,261,,,,132,483,0.394,0.394,,0.394,0.545,0.413,rodgegu01
Phil Rollins,25,TOT,NBA,1958-59,44,,691,83,231,83,231,,,63,90,,,118,102,,,,49,229,0.359,0.359,,0.359,0.7,0.423,rolliph01
Lennie Rosenbluth,26,PHW,NBA,1958-59,29,,205,43,145,43,145,,,21,29,,,54,6,,,,20,107,0.297,0.297,,0.297,0.724,0.339,rosenle01
Bill Russell,24,BOS,NBA,1958-59,70,,2979,456,997,456,997,,,256,428,,,1612,222,,,,161,1168,0.457,0.457,,0.457,0.598,0.493,russebi01
Woody Sauldsberry,24,PHW,NBA,1958-59,72,,2743,501,1380,501,1380,,,110,176,,,826,71,,,,276,1112,0.363,0.363,,0.363,0.625,0.381,sauldwo01
Dolph Schayes,30,SYR,NBA,1958-59,72,,2645,504,1304,504,1304,,,526,609,,,962,178,,,,280,1534,0.387,0.387,,0.387,0.864,0.488,schaydo01
Kenny Sears,25,NYK,NBA,1958-59,71,,2498,491,1002,491,1002,,,506,588,,,658,136,,,,237,1488,0.49,0.49,,0.49,0.861,0.59,searske01
Frank Selvy,26,NYK,NBA,1958-59,68,,1448,233,605,233,605,,,201,262,,,248,96,,,,113,667,0.385,0.385,,0.385,0.767,0.463,selvyfr01
Paul Seymour,31,SYR,NBA,1958-59,21,,266,32,98,32,98,,,26,29,,,39,36,,,,25,90,0.327,0.327,,0.327,0.897,0.406,seymopa01
Chuck Share,31,STL,NBA,1958-59,72,,1713,147,381,147,381,,,139,184,,,657,103,,,,261,433,0.386,0.386,,0.386,0.755,0.469,sharech01
Bill Sharman,32,BOS,NBA,1958-59,72,,2382,562,1377,562,1377,,,342,367,,,292,179,,,,173,1466,0.408,0.408,,0.408,0.932,0.476,sharmbi01
Gene Shue,27,DET,NBA,1958-59,72,,2745,464,1197,464,1197,,,338,421,,,335,231,,,,129,1266,0.388,0.388,,0.388,0.803,0.458,shuege01
Ron Sobie,24,NYK,NBA,1958-59,50,,857,144,400,144,400,,,112,133,,,154,78,,,,84,400,0.36,0.36,,0.36,0.842,0.436,sobiero01
Guy Sparrow,26,TOT,NBA,1958-59,67,,842,129,406,129,406,,,78,138,,,244,67,,,,158,336,0.318,0.318,,0.318,0.565,0.36,sparrgu01
Larry Staverman,22,CIN,NBA,1958-59,57,,681,101,215,101,215,,,45,59,,,218,54,,,,103,247,0.47,0.47,,0.47,0.763,0.513,stavela01
Bennie Swain,25,BOS,NBA,1958-59,58,,708,99,244,99,244,,,67,110,,,262,29,,,,127,265,0.406,0.406,,0.406,0.609,0.453,swainbe01
Lou Tsioropoulos,28,BOS,NBA,1958-59,35,,488,60,190,60,190,,,25,33,,,110,20,,,,74,145,0.316,0.316,,0.316,0.758,0.354,tsiorlo01
Jack Twyman,24,CIN,NBA,1958-59,72,,2713,710,1691,710,1691,,,437,558,,,653,209,,,,277,1857,0.42,0.42,,0.42,0.783,0.479,twymaja01
Charlie Tyra,23,NYK,NBA,1958-59,69,,1586,240,606,240,606,,,129,190,,,485,33,,,,180,609,0.396,0.396,,0.396,0.679,0.442,tyrach01
Win Wilfong,25,STL,NBA,1958-59,63,,741,99,285,99,285,,,62,82,,,121,50,,,,102,260,0.347,0.347,,0.347,0.756,0.405,wilfowi01
George Yardley,30,TOT,NBA,1958-59,61,,1839,446,1042,446,1042,,,317,407,,,431,65,,,,159,1209,0.428,0.428,,0.428,0.779,0.495,yardlge01
Gary Alcorn,23,DET,NBA,1959-60,58,,670,91,312,91,312,,,48,84,,,279,22,,,,123,230,0.292,0.292,,0.292,0.571,0.33,alcorga01
Bob Anderegg,22,NYK,NBA,1959-60,33,,373,55,143,55,143,,,23,42,,,69,29,,,,32,133,0.385,0.385,,0.385,0.548,0.412,anderbo01
Paul Arizin,31,PHW,NBA,1959-60,72,,2618,593,1400,593,1400,,,420,526,,,621,165,,,,263,1606,0.424,0.424,,0.424,0.798,0.492,arizipa01
Dick Barnett,23,SYR,NBA,1959-60,57,,1235,289,701,289,701,,,128,180,,,155,160,,,,98,706,0.412,0.412,,0.412,0.711,0.452,barnedi01
Elgin Baylor,25,MNL,NBA,1959-60,70,,2873,755,1781,755,1781,,,564,770,,,1150,243,,,,234,2074,0.424,0.424,,0.424,0.732,0.489,bayloel01
Ernie Beck,28,PHW,NBA,1959-60,66,,809,114,294,114,294,,,27,32,,,127,72,,,,90,255,0.388,0.388,,0.388,0.844,0.414,becker01
Whitey Bell,27,NYK,NBA,1959-60,31,,449,70,185,70,185,,,28,43,,,87,55,,,,59,168,0.378,0.378,,0.378,0.651,0.412,bellwh01
Al Bianchi,27,SYR,NBA,1959-60,69,,1256,211,576,211,576,,,109,155,,,179,169,,,,231,531,0.366,0.366,,0.366,0.703,0.412,biancal01
Bucky Bockhorn,26,CIN,NBA,1959-60,75,,2103,323,812,323,812,,,145,194,,,382,256,,,,249,791,0.398,0.398,,0.398,0.747,0.441,bockhbu01
Carl Braun,32,NYK,NBA,1959-60,54,,1514,285,659,285,659,,,129,154,,,168,270,,,,127,699,0.432,0.432,,0.432,0.838,0.481,braunca01
Barney Cable,24,TOT,NBA,1959-60,57,,715,109,290,109,290,,,44,67,,,225,39,,,,93,262,0.376,0.376,,0.376,0.657,0.41,cableba01
Wilt Chamberlain,23,PHW,NBA,1959-60,72,,3338,1065,2311,1065,2311,,,577,991,,,1941,168,,,,150,2707,0.461,0.461,,0.461,0.582,0.493,chambwi01
Gene Conley,29,BOS,NBA,1959-60,71,,1330,201,539,201,539,,,76,114,,,590,32,,,,270,478,0.373,0.373,,0.373,0.667,0.406,conlege01
Ed Conlin,26,DET,NBA,1959-60,70,,1636,300,831,300,831,,,181,238,,,346,126,,,,158,781,0.361,0.361,,0.361,0.761,0.417,conlied01
Larry Costello,28,SYR,NBA,1959-60,71,,2469,372,822,372,822,,,249,289,,,388,449,,,,234,993,0.453,0.453,,0.453,0.862,0.523,costela01
Bob Cousy,31,BOS,NBA,1959-60,75,,2588,568,1481,568,1481,,,319,403,,,352,715,,,,146,1455,0.384,0.384,,0.384,0.792,0.439,cousybo01
Archie Dees,23,DET,NBA,1959-60,73,,1244,271,617,271,617,,,165,204,,,397,43,,,,188,707,0.439,0.439,,0.439,0.809,0.5,deesar01
Connie Dierking,23,SYR,NBA,1959-60,71,,1119,192,526,192,526,,,108,188,,,456,54,,,,168,492,0.365,0.365,,0.365,0.574,0.404,dierkco01
Walter Dukes,29,DET,NBA,1959-60,66,,2140,314,871,314,871,,,376,508,,,883,80,,,,310,1004,0.361,0.361,,0.361,0.74,0.459,dukeswa01
Boo Ellis,23,MNL,NBA,1959-60,46,,671,64,185,64,185,,,51,76,,,236,27,,,,64,179,0.346,0.346,,0.346,0.671,0.41,ellisbo01
Wayne Embry,22,CIN,NBA,1959-60,73,,1594,303,690,303,690,,,167,325,,,692,83,,,,226,773,0.439,0.439,,0.439,0.514,0.464,embrywa01
Mike Farmer,23,NYK,NBA,1959-60,67,,1536,212,568,212,568,,,70,83,,,385,57,,,,130,494,0.373,0.373,,0.373,0.843,0.409,farmemi01
Ray Felix,29,TOT,NBA,1959-60,47,,882,136,355,136,355,,,70,112,,,340,31,,,,177,342,0.383,0.383,,0.383,0.625,0.423,felixra01
Al Ferrari,26,STL,NBA,1959-60,71,,1567,216,523,216,523,,,176,225,,,162,188,,,,205,608,0.413,0.413,,0.413,0.782,0.489,ferraal01
Bob Ferry,22,STL,NBA,1959-60,62,,875,144,338,144,338,,,76,119,,,233,40,,,,132,364,0.426,0.426,,0.426,0.639,0.466,ferrybo01
Ed Fleming,26,MNL,NBA,1959-60,27,,413,59,141,59,141,,,53,69,,,87,38,,,,46,171,0.418,0.418,,0.418,0.768,0.499,flemied01
Larry Foust,31,TOT,NBA,1959-60,72,,1964,312,766,312,766,,,253,320,,,621,96,,,,241,877,0.407,0.407,,0.407,0.791,0.484,foustla01
Dave Gambee,22,TOT,NBA,1959-60,61,,656,117,291,117,291,,,69,106,,,229,38,,,,83,303,0.402,0.402,,0.402,0.651,0.449,gambeda01
Dick Garmaker,27,TOT,NBA,1959-60,70,,1932,323,815,323,815,,,203,263,,,313,206,,,,186,849,0.396,0.396,,0.396,0.772,0.456,garmadi01
Jack George,31,NYK,NBA,1959-60,69,,1604,250,650,250,650,,,155,202,,,197,240,,,,148,655,0.385,0.385,,0.385,0.767,0.443,georgja01
Tom Gola,27,PHW,NBA,1959-60,75,,2870,426,983,426,983,,,270,340,,,779,409,,,,311,1122,0.433,0.433,,0.433,0.794,0.495,golato01
Joe Graboski,30,PHW,NBA,1959-60,73,,1269,217,583,217,583,,,131,174,,,358,111,,,,147,565,0.372,0.372,,0.372,0.753,0.428,grabojo01
Johnny Green,26,NYK,NBA,1959-60,69,,1232,209,468,209,468,,,63,155,,,539,52,,,,195,481,0.447,0.447,,0.447,0.406,0.449,greenjo01
Si Green,26,STL,NBA,1959-60,70,,1354,159,427,159,427,,,111,175,,,257,133,,,,150,429,0.372,0.372,,0.372,0.634,0.426,greensi01
Hal Greer,23,SYR,NBA,1959-60,70,,1979,388,815,388,815,,,148,189,,,303,188,,,,208,924,0.476,0.476,,0.476,0.783,0.514,greerha01
Gene Guarilia,22,BOS,NBA,1959-60,48,,423,58,154,58,154,,,29,41,,,85,18,,,,57,145,0.377,0.377,,0.377,0.707,0.421,guarige01
Richie Guerin,27,NYK,NBA,1959-60,74,,2429,579,1379,579,1379,,,457,591,,,505,468,,,,242,1615,0.42,0.42,,0.42,0.773,0.493,gueriri01
Cliff Hagan,28,STL,NBA,1959-60,75,,2798,719,1549,719,1549,,,421,524,,,803,299,,,,270,1859,0.464,0.464,,0.464,0.803,0.522,hagancl01
Steve Hamilton,25,MNL,NBA,1959-60,15,,247,29,77,29,77,,,18,23,,,58,7,,,,39,76,0.377,0.377,,0.377,0.783,0.436,hamilst01
Vern Hatton,24,PHW,NBA,1959-60,67,,1049,127,356,127,356,,,53,87,,,159,82,,,,61,307,0.357,0.357,,0.357,0.609,0.389,hattove01
Tom Hawkins,23,MNL,NBA,1959-60,69,,1467,220,579,220,579,,,106,164,,,428,54,,,,188,546,0.38,0.38,,0.38,0.646,0.419,hawkito01
Tom Heinsohn,25,BOS,NBA,1959-60,75,,2420,673,1590,673,1590,,,283,386,,,794,171,,,,275,1629,0.423,0.423,,0.423,0.733,0.463,heinsto01
Bob Hopkins,25,SYR,NBA,1959-60,75,,1616,257,660,257,660,,,136,174,,,465,55,,,,193,650,0.389,0.389,,0.389,0.782,0.441,hopkibo01
Bailey Howell,23,DET,NBA,1959-60,75,,2346,510,1119,510,1119,,,312,422,,,790,63,,,,282,1332,0.456,0.456,,0.456,0.739,0.51,howelba01
Hot Rod Hundley,25,MNL,NBA,1959-60,73,,2279,365,1019,365,1019,,,203,273,,,390,338,,,,194,933,0.358,0.358,,0.358,0.744,0.41,hundlho01
Andy Johnson,27,PHW,NBA,1959-60,75,,1421,245,648,245,648,,,125,208,,,282,152,,,,196,615,0.378,0.378,,0.378,0.601,0.416,johnsan01
K.C. Jones,27,BOS,NBA,1959-60,74,,1274,169,414,169,414,,,128,170,,,199,189,,,,109,466,0.408,0.408,,0.408,0.753,0.477,joneskc01
Sam Jones,26,BOS,NBA,1959-60,74,,1512,355,782,355,782,,,168,220,,,375,125,,,,101,878,0.454,0.454,,0.454,0.764,0.5,jonessa01
Phil Jordon,26,CIN,NBA,1959-60,75,,2066,381,970,381,970,,,242,338,,,624,207,,,,227,1004,0.393,0.393,,0.393,0.716,0.449,jordoph01
Billy Kenville,29,DET,NBA,1959-60,25,,365,47,131,47,131,,,33,41,,,71,46,,,,31,127,0.359,0.359,,0.359,0.805,0.426,kenvibi01
Red Kerr,27,SYR,NBA,1959-60,75,,2372,436,1111,436,1111,,,233,310,,,913,167,,,,207,1105,0.392,0.392,,0.392,0.752,0.443,kerrre01
Maurice King,24,BOS,NBA,1959-60,1,,19,5,8,5,8,,,0,1,,,4,2,,,,3,10,0.625,0.625,,0.625,0,0.592,kingma01
Jim Krebs,24,MNL,NBA,1959-60,75,,1269,237,605,237,605,,,98,136,,,327,38,,,,210,572,0.392,0.392,,0.392,0.721,0.43,krebsji01
Rudy LaRusso,22,MNL,NBA,1959-60,71,,2092,355,913,355,913,,,265,357,,,679,83,,,,222,975,0.389,0.389,,0.389,0.742,0.456,larusru01
Slick Leonard,27,MNL,NBA,1959-60,73,,2074,231,717,231,717,,,136,193,,,245,252,,,,171,598,0.322,0.322,,0.322,0.705,0.373,leonasl01
Earl Lloyd,31,DET,NBA,1959-60,68,,1610,237,665,237,665,,,128,160,,,322,89,,,,226,602,0.356,0.356,,0.356,0.8,0.409,lloydea01
Jim Loscutoff,29,BOS,NBA,1959-60,28,,536,66,205,66,205,,,22,36,,,108,12,,,,108,154,0.322,0.322,,0.322,0.611,0.349,loscuji01
Clyde Lovellette,30,STL,NBA,1959-60,68,,1953,550,1174,550,1174,,,316,385,,,721,127,,,,248,1416,0.468,0.468,,0.468,0.821,0.527,lovelcl01
Nick Mantis,24,MNL,NBA,1959-60,10,,71,10,39,10,39,,,1,2,,,6,9,,,,8,21,0.256,0.256,,0.256,0.5,0.263,mantini01
Slater Martin,34,STL,NBA,1959-60,64,,1756,142,383,142,383,,,113,155,,,187,330,,,,174,397,0.371,0.371,,0.371,0.729,0.44,martisl01
Brendan McCann,24,NYK,NBA,1959-60,4,,29,1,10,1,10,,,3,3,,,4,10,,,,2,5,0.1,0.1,,0.1,1,0.221,mccanbr01
Johnny McCarthy,25,STL,NBA,1959-60,75,,2383,240,730,240,730,,,149,226,,,301,328,,,,233,629,0.329,0.329,,0.329,0.659,0.379,mccarjo01
Dick McGuire,34,DET,NBA,1959-60,68,,1466,179,402,179,402,,,124,201,,,264,358,,,,112,482,0.445,0.445,,0.445,0.617,0.491,mcguidi01
Jack McMahon,31,STL,NBA,1959-60,25,,334,33,93,33,93,,,16,29,,,24,49,,,,42,82,0.355,0.355,,0.355,0.552,0.388,mcmahja01
Shellie McMillon,23,DET,NBA,1959-60,75,,1416,267,627,267,627,,,132,199,,,431,49,,,,198,666,0.426,0.426,,0.426,0.663,0.466,mcmilsh01
Willie Naulls,25,NYK,NBA,1959-60,65,,2250,551,1286,551,1286,,,286,342,,,921,138,,,,214,1388,0.428,0.428,,0.428,0.836,0.483,naullwi01
Chuck Noble,28,DET,NBA,1959-60,58,,1621,276,774,276,774,,,101,138,,,201,265,,,,172,653,0.357,0.357,,0.357,0.732,0.391,noblech01
Togo Palazzi,27,SYR,NBA,1959-60,7,,70,13,41,13,41,,,4,8,,,14,3,,,,7,30,0.317,0.317,,0.317,0.5,0.337,palazto01
Jim Palmer,26,TOT,NBA,1959-60,74,,1482,246,574,246,574,,,119,174,,,389,70,,,,224,611,0.429,0.429,,0.429,0.684,0.47,palmeji01
Med Park,26,CIN,NBA,1959-60,74,,1849,226,582,226,582,,,189,260,,,301,214,,,,180,641,0.388,0.388,,0.388,0.727,0.46,parkme01
Bob Pettit,27,STL,NBA,1959-60,72,,2896,669,1526,669,1526,,,544,722,,,1221,257,,,,204,1882,0.438,0.438,,0.438,0.753,0.51,pettibo01
Dave Piontek,25,TOT,NBA,1959-60,77,,1833,292,728,292,728,,,129,202,,,461,118,,,,211,713,0.401,0.401,,0.401,0.639,0.436,piontda01
Cal Ramsey,22,TOT,NBA,1959-60,11,,195,39,96,39,96,,,19,33,,,66,9,,,,25,97,0.406,0.406,,0.406,0.576,0.439,ramseca01
Frank Ramsey,28,BOS,NBA,1959-60,73,,2009,422,1062,422,1062,,,273,347,,,506,137,,,,251,1117,0.397,0.397,,0.397,0.787,0.46,ramsefr01
Jim Ray,26,SYR,NBA,1959-60,4,,21,1,6,1,6,,,0,0,,,0,2,,,,3,2,0.167,0.167,,0.167,,0.167,rayji01
Hub Reed,23,TOT,NBA,1959-60,71,,1820,270,601,270,601,,,134,184,,,614,69,,,,230,674,0.449,0.449,,0.449,0.728,0.494,reedhu01
John Richter,22,BOS,NBA,1959-60,66,,808,113,332,113,332,,,59,117,,,312,27,,,,158,285,0.34,0.34,,0.34,0.504,0.372,richtjo01
Guy Rodgers,24,PHW,NBA,1959-60,68,,2483,338,870,338,870,,,111,181,,,391,482,,,,196,787,0.389,0.389,,0.389,0.613,0.414,rodgegu01
Phil Rollins,26,CIN,NBA,1959-60,72,,1235,158,386,158,386,,,77,127,,,180,233,,,,150,393,0.409,0.409,,0.409,0.606,0.445,rolliph01
Joe Ruklick,21,PHW,NBA,1959-60,39,,384,85,214,85,214,,,26,36,,,137,24,,,,70,196,0.397,0.397,,0.397,0.722,0.426,ruklijo01
Bill Russell,25,BOS,NBA,1959-60,74,,3146,555,1189,555,1189,,,240,392,,,1778,277,,,,210,1350,0.467,0.467,,0.467,0.612,0.496,russebi01
Woody Sauldsberry,25,PHW,NBA,1959-60,71,,1848,325,974,325,974,,,55,103,,,447,112,,,,203,705,0.334,0.334,,0.334,0.534,0.346,sauldwo01
Dolph Schayes,31,SYR,NBA,1959-60,75,,2741,578,1440,578,1440,,,533,597,,,959,256,,,,263,1689,0.401,0.401,,0.401,0.893,0.496,schaydo01
Kenny Sears,26,NYK,NBA,1959-60,64,,2099,412,863,412,863,,,363,418,,,876,127,,,,191,1187,0.477,0.477,,0.477,0.868,0.567,searske01
Frank Selvy,27,TOT,NBA,1959-60,62,,1308,205,521,205,521,,,153,208,,,175,111,,,,101,563,0.393,0.393,,0.393,0.736,0.46,selvyfr01
Paul Seymour,32,SYR,NBA,1959-60,4,,7,0,4,0,4,,,0,0,,,1,0,,,,1,0,0,0,,0,,0,seymopa01
Chuck Share,32,TOT,NBA,1959-60,41,,651,59,151,59,151,,,53,80,,,221,62,,,,142,171,0.391,0.391,,0.391,0.663,0.459,sharech01
Bill Sharman,33,BOS,NBA,1959-60,71,,1916,559,1225,559,1225,,,252,291,,,262,144,,,,154,1370,0.456,0.456,,0.456,0.866,0.506,sharmbi01
Gene Shue,28,DET,NBA,1959-60,75,,3338,620,1501,620,1501,,,472,541,,,409,295,,,,146,1712,0.413,0.413,,0.413,0.872,0.492,shuege01
Bobby Smith,22,MNL,NBA,1959-60,10,,130,13,54,13,54,,,11,16,,,33,14,,,,10,37,0.241,0.241,,0.241,0.688,0.303,smithbo01
Ron Sobie,25,TOT,NBA,1959-60,16,,234,37,108,37,108,,,31,37,,,48,21,,,,32,105,0.343,0.343,,0.343,0.838,0.422,sobiero01
Guy Sparrow,27,PHW,NBA,1959-60,11,,80,14,45,14,45,,,2,8,,,23,6,,,,20,30,0.311,0.311,,0.311,0.25,0.309,sparrgu01
Larry Staverman,23,CIN,NBA,1959-60,49,,479,70,149,70,149,,,47,64,,,180,36,,,,98,187,0.47,0.47,,0.47,0.734,0.528,stavela01
Wayne Stevens,23,CIN,NBA,1959-60,8,,49,3,19,3,19,,,7,10,,,16,4,,,,4,13,0.158,0.158,,0.158,0.7,0.278,stevewa01
Jack Twyman,25,CIN,NBA,1959-60,75,,3023,870,2063,870,2063,,,598,762,,,664,260,,,,275,2338,0.422,0.422,,0.422,0.785,0.487,twymaja01
Charlie Tyra,24,NYK,NBA,1959-60,74,,2033,406,952,406,952,,,133,189,,,598,80,,,,258,945,0.426,0.426,,0.426,0.704,0.456,tyrach01
Win Wilfong,26,CIN,NBA,1959-60,72,,1992,283,764,283,764,,,161,207,,,352,265,,,,229,727,0.37,0.37,,0.37,0.778,0.425,wilfowi01
Tony Windis,27,DET,NBA,1959-60,9,,193,16,60,16,60,,,4,6,,,47,32,,,,20,36,0.267,0.267,,0.267,0.667,0.287,windito01
George Yardley,31,SYR,NBA,1959-60,73,,2402,546,1205,546,1205,,,381,467,,,579,122,,,,227,1473,0.453,0.453,,0.453,0.816,0.522,yardlge01
Gary Alcorn,24,LAL,NBA,1960-61,20,,174,12,40,12,40,,,7,8,,,50,2,,,,47,31,0.3,0.3,,0.3,0.875,0.356,alcorga01
Paul Arizin,32,PHW,NBA,1960-61,79,,2935,650,1529,650,1529,,,532,639,,,681,188,,,,335,1832,0.425,0.425,,0.425,0.833,0.506,arizipa01
Al Attles,24,PHW,NBA,1960-61,77,,1544,222,543,222,543,,,97,162,,,214,174,,,,235,541,0.409,0.409,,0.409,0.599,0.44,attleal01
Dick Barnett,24,SYR,NBA,1960-61,78,,2070,540,1194,540,1194,,,240,337,,,283,218,,,,169,1320,0.452,0.452,,0.452,0.712,0.492,barnedi01
Elgin Baylor,26,LAL,NBA,1960-61,73,,3133,931,2166,931,2166,,,676,863,,,1447,371,,,,279,2538,0.43,0.43,,0.43,0.783,0.498,bayloel01
Ernie Beck,29,TOT,NBA,1960-61,10,,82,10,29,10,29,,,6,7,,,23,15,,,,10,26,0.345,0.345,,0.345,0.857,0.405,becker01
Whitey Bell,28,NYK,NBA,1960-61,5,,45,7,18,7,18,,,1,3,,,7,1,,,,7,15,0.389,0.389,,0.389,0.333,0.388,bellwh01
Al Bianchi,28,SYR,NBA,1960-61,52,,667,118,342,118,342,,,60,87,,,105,93,,,,137,296,0.345,0.345,,0.345,0.69,0.389,biancal01
Bucky Bockhorn,27,CIN,NBA,1960-61,79,,2669,420,1059,420,1059,,,152,208,,,434,338,,,,282,992,0.397,0.397,,0.397,0.731,0.431,bockhbu01
Bob Boozer,23,CIN,NBA,1960-61,79,,1573,250,603,250,603,,,166,247,,,488,109,,,,193,666,0.415,0.415,,0.415,0.672,0.468,boozebo01
Carl Braun,33,NYK,NBA,1960-61,15,,218,37,79,37,79,,,11,14,,,31,48,,,,29,85,0.468,0.468,,0.468,0.786,0.499,braunca01
Dave Budd,22,NYK,NBA,1960-61,61,,1075,156,361,156,361,,,87,134,,,297,45,,,,171,399,0.432,0.432,,0.432,0.649,0.475,buddda01
Barney Cable,25,SYR,NBA,1960-61,75,,1642,266,574,266,574,,,73,108,,,469,85,,,,246,605,0.463,0.463,,0.463,0.676,0.487,cableba01
Wilt Chamberlain,24,PHW,NBA,1960-61,79,,3773,1251,2457,1251,2457,,,531,1054,,,2149,148,,,,130,3033,0.509,0.509,,0.509,0.504,0.519,chambwi01
Gene Conley,30,BOS,NBA,1960-61,75,,1242,183,495,183,495,,,106,153,,,550,40,,,,275,472,0.37,0.37,,0.37,0.693,0.42,conlege01
Ed Conlin,27,PHW,NBA,1960-61,77,,1294,216,599,216,599,,,104,139,,,262,123,,,,153,536,0.361,0.361,,0.361,0.748,0.406,conlied01
Larry Costello,29,SYR,NBA,1960-61,75,,2167,407,844,407,844,,,270,338,,,292,413,,,,286,1084,0.482,0.482,,0.482,0.799,0.546,costela01
Bob Cousy,32,BOS,NBA,1960-61,76,,2468,513,1382,513,1382,,,352,452,,,331,587,,,,196,1378,0.371,0.371,,0.371,0.779,0.436,cousybo01
Ralph Davis,22,CIN,NBA,1960-61,73,,1210,181,451,181,451,,,34,52,,,86,177,,,,127,396,0.401,0.401,,0.401,0.654,0.418,davisra01
Archie Dees,24,DET,NBA,1960-61,28,,308,53,135,53,135,,,39,47,,,94,17,,,,50,145,0.393,0.393,,0.393,0.83,0.466,deesar01
Walter Dukes,30,DET,NBA,1960-61,73,,2044,286,706,286,706,,,281,400,,,1028,139,,,,313,853,0.405,0.405,,0.405,0.703,0.484,dukeswa01
Wayne Embry,23,CIN,NBA,1960-61,79,,2233,458,1015,458,1015,,,221,331,,,864,127,,,,286,1137,0.451,0.451,,0.451,0.668,0.49,embrywa01
Mike Farmer,24,TOT,NBA,1960-61,59,,1301,180,461,180,461,,,69,94,,,380,81,,,,130,429,0.39,0.39,,0.39,0.734,0.427,farmemi01
Ray Felix,30,LAL,NBA,1960-61,78,,1510,189,508,189,508,,,135,193,,,539,37,,,,302,513,0.372,0.372,,0.372,0.699,0.433,felixra01
Al Ferrari,27,STL,NBA,1960-61,63,,1031,117,328,117,328,,,95,116,,,115,143,,,,157,329,0.357,0.357,,0.357,0.819,0.434,ferraal01
Bob Ferry,23,DET,NBA,1960-61,79,,1657,350,776,350,776,,,189,255,,,500,129,,,,205,889,0.451,0.451,,0.451,0.741,0.5,ferrybo01
Larry Foust,32,STL,NBA,1960-61,68,,1208,194,489,194,489,,,164,208,,,389,77,,,,185,552,0.397,0.397,,0.397,0.788,0.475,foustla01
Dave Gambee,23,SYR,NBA,1960-61,79,,2090,397,947,397,947,,,291,352,,,581,101,,,,276,1085,0.419,0.419,,0.419,0.827,0.492,gambeda01
Dick Garmaker,28,NYK,NBA,1960-61,71,,2238,415,943,415,943,,,275,358,,,277,220,,,,240,1105,0.44,0.44,,0.44,0.768,0.502,garmadi01
Jack George,32,NYK,NBA,1960-61,16,,268,31,93,31,93,,,20,30,,,32,39,,,,37,82,0.333,0.333,,0.333,0.667,0.386,georgja01
Tom Gola,28,PHW,NBA,1960-61,74,,2712,420,940,420,940,,,210,281,,,692,292,,,,321,1050,0.447,0.447,,0.447,0.747,0.494,golato01
Joe Graboski,31,PHW,NBA,1960-61,68,,1011,169,507,169,507,,,127,183,,,262,74,,,,148,465,0.333,0.333,,0.333,0.694,0.396,grabojo01
Johnny Green,27,NYK,NBA,1960-61,78,,1784,326,758,326,758,,,145,278,,,838,97,,,,194,797,0.43,0.43,,0.43,0.522,0.453,greenjo01
Si Green,27,STL,NBA,1960-61,76,,1968,263,718,263,718,,,174,247,,,380,258,,,,234,700,0.366,0.366,,0.366,0.704,0.423,greensi01
Hal Greer,24,SYR,NBA,1960-61,79,,2763,623,1381,623,1381,,,305,394,,,455,302,,,,242,1551,0.451,0.451,,0.451,0.774,0.499,greerha01
Gene Guarilia,23,BOS,NBA,1960-61,25,,209,38,94,38,94,,,3,10,,,71,5,,,,28,79,0.404,0.404,,0.404,0.3,0.401,guarige01
Richie Guerin,28,NYK,NBA,1960-61,79,,3023,612,1545,612,1545,,,496,626,,,628,503,,,,310,1720,0.396,0.396,,0.396,0.792,0.472,gueriri01
Cliff Hagan,29,STL,NBA,1960-61,77,,2701,661,1490,661,1490,,,383,467,,,715,381,,,,286,1705,0.444,0.444,,0.444,0.82,0.503,hagancl01
Swede Halbrook,28,SYR,NBA,1960-61,79,,1131,155,463,155,463,,,76,140,,,550,31,,,,262,386,0.335,0.335,,0.335,0.543,0.368,halbrsw01
Vern Hatton,25,PHW,NBA,1960-61,54,,610,97,304,97,304,,,46,56,,,92,59,,,,59,240,0.319,0.319,,0.319,0.821,0.365,hattove01
Tom Hawkins,24,LAL,NBA,1960-61,78,,1846,310,719,310,719,,,140,235,,,479,88,,,,209,760,0.431,0.431,,0.431,0.596,0.462,hawkito01
Tom Heinsohn,26,BOS,NBA,1960-61,74,,2256,627,1566,627,1566,,,325,424,,,732,141,,,,260,1579,0.4,0.4,,0.4,0.767,0.45,heinsto01
Bailey Howell,24,DET,NBA,1960-61,77,,2952,607,1293,607,1293,,,601,798,,,1111,196,,,,297,1815,0.469,0.469,,0.469,0.753,0.552,howelba01
Hot Rod Hundley,26,LAL,NBA,1960-61,79,,2179,323,921,323,921,,,223,296,,,289,350,,,,144,869,0.351,0.351,,0.351,0.753,0.413,hundlho01
Darrall Imhoff,22,NYK,NBA,1960-61,62,,994,122,310,122,310,,,49,96,,,296,51,,,,143,293,0.394,0.394,,0.394,0.51,0.416,imhofda01
Andy Johnson,28,PHW,NBA,1960-61,79,,2000,299,834,299,834,,,157,275,,,345,205,,,,249,755,0.359,0.359,,0.359,0.571,0.395,johnsan01
Ron Johnson,22,TOT,NBA,1960-61,14,,103,13,43,13,43,,,11,17,,,29,2,,,,10,37,0.302,0.302,,0.302,0.647,0.366,johnsro01
Howie Jolliff,22,LAL,NBA,1960-61,46,,352,46,141,46,141,,,11,23,,,141,16,,,,53,103,0.326,0.326,,0.326,0.478,0.341,jolifho01
K.C. Jones,28,BOS,NBA,1960-61,78,,1605,203,601,203,601,,,186,280,,,279,253,,,,190,592,0.338,0.338,,0.338,0.664,0.409,joneskc01
Sam Jones,27,BOS,NBA,1960-61,78,,2028,480,1069,480,1069,,,211,268,,,421,217,,,,148,1171,0.449,0.449,,0.449,0.787,0.493,jonessa01
Willie Jones,24,DET,NBA,1960-61,35,,452,78,216,78,216,,,40,63,,,94,63,,,,90,196,0.361,0.361,,0.361,0.635,0.402,joneswi01
Phil Jordon,27,TOT,NBA,1960-61,79,,2064,360,933,360,933,,,206,287,,,674,181,,,,273,926,0.386,0.386,,0.386,0.718,0.437,jordoph01
Pickles Kennedy,22,PHW,NBA,1960-61,7,,52,4,21,4,21,,,4,6,,,8,9,,,,6,12,0.19,0.19,,0.19,0.667,0.254,kennepi01
Red Kerr,28,SYR,NBA,1960-61,79,,2676,419,1056,419,1056,,,218,299,,,951,199,,,,230,1056,0.397,0.397,,0.397,0.729,0.445,kerrre01
Jim Krebs,25,LAL,NBA,1960-61,75,,1655,271,692,271,692,,,75,93,,,456,68,,,,223,617,0.392,0.392,,0.392,0.806,0.421,krebsji01
Fred LaCour,22,STL,NBA,1960-61,55,,722,123,295,123,295,,,63,84,,,178,84,,,,73,309,0.417,0.417,,0.417,0.75,0.465,lacoufr01
Rudy LaRusso,23,LAL,NBA,1960-61,79,,2593,416,992,416,992,,,323,409,,,781,135,,,,280,1155,0.419,0.419,,0.419,0.79,0.493,larusru01
George Lee,24,DET,NBA,1960-61,74,,1735,310,776,310,776,,,276,394,,,490,89,,,,158,896,0.399,0.399,,0.399,0.701,0.472,leege01
Slick Leonard,28,LAL,NBA,1960-61,55,,600,61,207,61,207,,,71,100,,,70,81,,,,70,193,0.295,0.295,,0.295,0.71,0.384,leonasl01
Jim Loscutoff,30,BOS,NBA,1960-61,76,,1153,144,478,144,478,,,49,76,,,291,25,,,,238,337,0.301,0.301,,0.301,0.645,0.329,loscuji01
Clyde Lovellette,31,STL,NBA,1960-61,67,,2111,599,1321,599,1321,,,273,329,,,677,172,,,,248,1471,0.453,0.453,,0.453,0.83,0.502,lovelcl01
Johnny McCarthy,26,STL,NBA,1960-61,79,,2519,266,746,266,746,,,122,226,,,325,430,,,,272,654,0.357,0.357,,0.357,0.54,0.387,mccarjo01
Shellie McMillon,24,DET,NBA,1960-61,78,,1636,322,752,322,752,,,140,201,,,487,98,,,,238,784,0.428,0.428,,0.428,0.697,0.466,mcmilsh01
Bob McNeill,22,NYK,NBA,1960-61,75,,1387,166,427,166,427,,,105,126,,,123,238,,,,148,437,0.389,0.389,,0.389,0.833,0.453,mcneibo01
Jackie Moreland,22,DET,NBA,1960-61,64,,1003,191,477,191,477,,,86,132,,,315,52,,,,174,468,0.4,0.4,,0.4,0.652,0.437,morelja01
Willie Naulls,26,NYK,NBA,1960-61,79,,2976,737,1723,737,1723,,,372,456,,,1055,191,,,,268,1846,0.428,0.428,,0.428,0.816,0.48,naullwi01
Chuck Noble,29,DET,NBA,1960-61,75,,1655,196,566,196,566,,,82,115,,,180,287,,,,195,474,0.346,0.346,,0.346,0.713,0.384,noblech01
Don Ohl,24,DET,NBA,1960-61,79,,2172,427,1085,427,1085,,,200,278,,,256,265,,,,224,1054,0.394,0.394,,0.394,0.719,0.437,ohldo01
Jim Palmer,27,NYK,NBA,1960-61,55,,688,125,310,125,310,,,44,65,,,179,30,,,,128,294,0.403,0.403,,0.403,0.677,0.434,palmeji01
Bob Pettit,28,STL,NBA,1960-61,76,,3027,769,1720,769,1720,,,582,804,,,1540,262,,,,217,2120,0.447,0.447,,0.447,0.724,0.511,pettibo01
Dave Piontek,26,STL,NBA,1960-61,29,,254,47,96,47,96,,,16,31,,,68,19,,,,31,110,0.49,0.49,,0.49,0.516,0.502,piontda01
Cal Ramsey,23,SYR,NBA,1960-61,2,,27,2,11,2,11,,,2,4,,,7,3,,,,7,6,0.182,0.182,,0.182,0.5,0.235,ramseca01
Frank Ramsey,29,BOS,NBA,1960-61,79,,2019,448,1100,448,1100,,,295,354,,,431,146,,,,284,1191,0.407,0.407,,0.407,0.833,0.474,ramsefr01
Hub Reed,24,CIN,NBA,1960-61,75,,1216,156,364,156,364,,,85,122,,,367,69,,,,199,397,0.429,0.429,,0.429,0.697,0.475,reedhu01
Joe Roberts,24,SYR,NBA,1960-61,68,,800,130,351,130,351,,,62,104,,,243,43,,,,125,322,0.37,0.37,,0.37,0.596,0.406,roberjo01
Oscar Robertson,22,CIN,NBA,1960-61,71,,3032,756,1600,756,1600,,,653,794,,,716,690,,,,219,2165,0.473,0.473,,0.473,0.822,0.555,roberos01
Guy Rodgers,25,PHW,NBA,1960-61,78,,2905,397,1029,397,1029,,,206,300,,,509,677,,,,262,1000,0.386,0.386,,0.386,0.687,0.431,rodgegu01
Phil Rollins,27,TOT,NBA,1960-61,61,,816,109,293,109,293,,,58,88,,,97,123,,,,121,276,0.372,0.372,,0.372,0.659,0.416,rolliph01
Joe Ruklick,22,PHW,NBA,1960-61,29,,223,43,120,43,120,,,8,13,,,62,10,,,,38,94,0.358,0.358,,0.358,0.615,0.374,ruklijo01
Bill Russell,26,BOS,NBA,1960-61,78,,3458,532,1250,532,1250,,,258,469,,,1868,268,,,,155,1322,0.426,0.426,,0.426,0.55,0.454,russebi01
Tom Sanders,22,BOS,NBA,1960-61,68,,1084,148,352,148,352,,,67,100,,,385,44,,,,131,363,0.42,0.42,,0.42,0.67,0.458,sandeto01
Woody Sauldsberry,26,STL,NBA,1960-61,69,,1491,230,768,230,768,,,56,100,,,491,74,,,,197,516,0.299,0.299,,0.299,0.56,0.318,sauldwo01
Dolph Schayes,32,SYR,NBA,1960-61,79,,3007,594,1595,594,1595,,,680,783,,,960,296,,,,296,1868,0.372,0.372,,0.372,0.868,0.482,schaydo01
Kenny Sears,27,NYK,NBA,1960-61,52,,1396,241,568,241,568,,,268,325,,,293,102,,,,165,750,0.424,0.424,,0.424,0.825,0.527,searske01
Frank Selvy,28,LAL,NBA,1960-61,77,,2153,311,767,311,767,,,210,279,,,299,246,,,,219,832,0.405,0.405,,0.405,0.753,0.468,selvyfr01
Bill Sharman,34,BOS,NBA,1960-61,61,,1538,383,908,383,908,,,210,228,,,223,146,,,,127,976,0.422,0.422,,0.422,0.921,0.484,sharmbi01
Gene Shue,29,DET,NBA,1960-61,78,,3361,650,1545,650,1545,,,465,543,,,334,530,,,,207,1765,0.421,0.421,,0.421,0.856,0.495,shuege01
Larry Staverman,24,CIN,NBA,1960-61,66,,944,111,249,111,249,,,79,93,,,287,86,,,,164,301,0.446,0.446,,0.446,0.849,0.519,stavela01
Jack Twyman,26,CIN,NBA,1960-61,79,,2920,796,1632,796,1632,,,405,554,,,672,225,,,,279,1997,0.488,0.488,,0.488,0.731,0.532,twymaja01
Charlie Tyra,25,NYK,NBA,1960-61,59,,1404,199,549,199,549,,,120,173,,,394,82,,,,164,518,0.362,0.362,,0.362,0.694,0.414,tyrach01
Jerry West,22,LAL,NBA,1960-61,79,,2797,529,1264,529,1264,,,331,497,,,611,333,,,,213,1389,0.419,0.419,,0.419,0.666,0.468,westje01
Win Wilfong,27,CIN,NBA,1960-61,62,,717,106,305,106,305,,,72,89,,,147,87,,,,119,284,0.348,0.348,,0.348,0.809,0.413,wilfowi01
Lenny Wilkens,23,STL,NBA,1960-61,75,,1898,333,783,333,783,,,214,300,,,335,212,,,,215,880,0.425,0.425,,0.425,0.713,0.481,wilkele01
Stacey Arceneaux,25,STL,NBA,1961-62,7,,110,22,56,22,56,,,6,13,,,32,4,,,,10,50,0.393,0.393,,0.393,0.462,0.405,arcenst01
Paul Arizin,33,PHW,NBA,1961-62,78,,2785,611,1490,611,1490,,,484,601,,,527,201,,,,307,1706,0.41,0.41,,0.41,0.805,0.486,arizipa01
Al Attles,25,PHW,NBA,1961-62,75,,2468,343,724,343,724,,,158,267,,,355,333,,,,279,844,0.474,0.474,,0.474,0.592,0.501,attleal01
Elgin Baylor,27,LAL,NBA,1961-62,48,,2129,680,1588,680,1588,,,476,631,,,892,222,,,,155,1836,0.428,0.428,,0.428,0.754,0.492,bayloel01
Walt Bellamy,22,CHP,NBA,1961-62,79,,3344,973,1875,973,1875,,,549,853,,,1500,210,,,,281,2495,0.519,0.519,,0.519,0.644,0.554,bellawa01
Al Bianchi,29,SYR,NBA,1961-62,80,,1925,336,847,336,847,,,154,221,,,281,263,,,,232,826,0.397,0.397,,0.397,0.697,0.437,biancal01
George Blaney,22,NYK,NBA,1961-62,36,,363,54,142,54,142,,,9,17,,,36,45,,,,34,117,0.38,0.38,,0.38,0.529,0.391,blanege01
Bucky Bockhorn,28,CIN,NBA,1961-62,80,,3062,531,1234,531,1234,,,198,251,,,376,366,,,,280,1260,0.43,0.43,,0.43,0.789,0.469,bockhbu01
George Bon Salle,26,CHP,NBA,1961-62,3,,9,2,8,2,8,,,0,0,,,2,0,,,,0,4,0.25,0.25,,0.25,,0.25,bonsage01
Bob Boozer,24,CIN,NBA,1961-62,79,,2488,410,936,410,936,,,263,372,,,804,130,,,,275,1083,0.438,0.438,,0.438,0.707,0.492,boozebo01
Carl Braun,34,BOS,NBA,1961-62,48,,414,78,207,78,207,,,20,27,,,50,71,,,,49,176,0.377,0.377,,0.377,0.741,0.402,braunca01
Joe Buckhalter,24,CIN,NBA,1961-62,63,,728,153,334,153,334,,,67,108,,,262,43,,,,123,373,0.458,0.458,,0.458,0.62,0.489,buckhjo01
Cleveland Buckner,23,NYK,NBA,1961-62,62,,696,158,367,158,367,,,83,133,,,236,39,,,,114,399,0.431,0.431,,0.431,0.624,0.469,buckncl01
Dave Budd,23,NYK,NBA,1961-62,79,,1370,188,431,188,431,,,138,231,,,345,86,,,,162,514,0.436,0.436,,0.436,0.597,0.483,buddda01
Ed Burton,22,NYK,NBA,1961-62,8,,28,7,14,7,14,,,1,4,,,5,1,,,,3,15,0.5,0.5,,0.5,0.25,0.476,burtoed01
Donnie Butcher,25,NYK,NBA,1961-62,47,,479,48,155,48,155,,,42,69,,,79,51,,,,63,138,0.31,0.31,,0.31,0.609,0.372,butchdo01
Al Butler,23,TOT,NBA,1961-62,59,,2016,349,754,349,754,,,129,182,,,337,205,,,,156,827,0.463,0.463,,0.463,0.709,0.496,butleal01
Barney Cable,26,TOT,NBA,1961-62,67,,1861,305,749,305,749,,,118,181,,,563,115,,,,211,728,0.407,0.407,,0.407,0.652,0.439,cableba01
Howie Carl,23,CHP,NBA,1961-62,31,,382,67,201,67,201,,,36,51,,,39,57,,,,41,170,0.333,0.333,,0.333,0.706,0.38,carlho01
Wilt Chamberlain,25,PHW,NBA,1961-62,80,,3882,1597,3159,1597,3159,,,835,1363,,,2052,192,,,,123,4029,0.506,0.506,,0.506,0.613,0.536,chambwi01
Ed Conlin,28,PHW,NBA,1961-62,70,,963,128,371,128,371,,,66,89,,,155,85,,,,118,322,0.345,0.345,,0.345,0.742,0.393,conlied01
Larry Costello,30,SYR,NBA,1961-62,63,,1854,310,726,310,726,,,247,295,,,245,359,,,,220,867,0.427,0.427,,0.427,0.837,0.507,costela01
Bob Cousy,33,BOS,NBA,1961-62,75,,2114,462,1181,462,1181,,,251,333,,,261,584,,,,135,1175,0.391,0.391,,0.391,0.754,0.443,cousybo01
Jimmy Darrow,24,STL,NBA,1961-62,5,,34,3,15,3,15,,,6,7,,,7,6,,,,9,12,0.2,0.2,,0.2,0.857,0.332,darroji01
Ralph Davis,23,CHP,NBA,1961-62,77,,1992,364,881,364,881,,,71,103,,,162,247,,,,187,799,0.413,0.413,,0.413,0.689,0.431,davisra01
Archie Dees,25,TOT,NBA,1961-62,21,,288,51,115,51,115,,,35,46,,,77,16,,,,33,137,0.443,0.443,,0.443,0.761,0.507,deesar01
Walter Dukes,31,DET,NBA,1961-62,77,,1896,256,647,256,647,,,208,291,,,803,125,,,,327,720,0.396,0.396,,0.396,0.715,0.464,dukeswa01
Johnny Egan,23,DET,NBA,1961-62,58,,696,128,301,128,301,,,64,84,,,86,102,,,,64,320,0.425,0.425,,0.425,0.762,0.473,eganjo01
Rich Eichhorst,28,STL,NBA,1961-62,1,,10,1,2,1,2,,,0,0,,,1,3,,,,1,2,0.5,0.5,,0.5,,0.5,eichhdi01
Wayne Embry,24,CIN,NBA,1961-62,75,,2623,564,1210,564,1210,,,356,516,,,977,182,,,,286,1484,0.466,0.466,,0.466,0.69,0.516,embrywa01
Ray Felix,31,LAL,NBA,1961-62,80,,1478,171,398,171,398,,,90,130,,,473,55,,,,266,432,0.43,0.43,,0.43,0.692,0.475,felixra01
Al Ferrari,28,STL,NBA,1961-62,79,,2046,208,582,208,582,,,175,219,,,213,313,,,,278,591,0.357,0.357,,0.357,0.799,0.436,ferraal01
Bob Ferry,24,DET,NBA,1961-62,80,,1918,411,939,411,939,,,286,422,,,503,145,,,,199,1108,0.438,0.438,,0.438,0.678,0.493,ferrybo01
Larry Foust,33,STL,NBA,1961-62,57,,1153,204,433,204,433,,,145,178,,,328,78,,,,186,553,0.471,0.471,,0.471,0.815,0.541,foustla01
Dave Gambee,24,SYR,NBA,1961-62,80,,2301,477,1126,477,1126,,,384,470,,,631,114,,,,275,1338,0.424,0.424,,0.424,0.817,0.502,gambeda01
Tom Gola,29,PHW,NBA,1961-62,60,,2462,322,765,322,765,,,176,230,,,587,295,,,,267,820,0.421,0.421,,0.421,0.765,0.473,golato01
Joe Graboski,32,TOT,NBA,1961-62,38,,468,77,221,77,221,,,39,65,,,154,28,,,,62,193,0.348,0.348,,0.348,0.6,0.387,grabojo01
Johnny Green,28,NYK,NBA,1961-62,80,,2789,507,1164,507,1164,,,261,434,,,1066,191,,,,265,1275,0.436,0.436,,0.436,0.601,0.47,greenjo01
Si Green,28,TOT,NBA,1961-62,71,,2388,341,905,341,905,,,218,311,,,399,318,,,,226,900,0.377,0.377,,0.377,0.701,0.432,greensi01
Hal Greer,25,SYR,NBA,1961-62,71,,2705,644,1442,644,1442,,,331,404,,,524,313,,,,252,1619,0.447,0.447,,0.447,0.819,0.5,greerha01
Gene Guarilia,24,BOS,NBA,1961-62,45,,367,61,161,61,161,,,41,64,,,124,11,,,,56,163,0.379,0.379,,0.379,0.641,0.431,guarige01
Richie Guerin,29,NYK,NBA,1961-62,78,,3348,839,1897,839,1897,,,625,762,,,501,539,,,,299,2303,0.442,0.442,,0.442,0.82,0.516,gueriri01
Cliff Hagan,30,STL,NBA,1961-62,77,,2784,701,1490,701,1490,,,362,439,,,633,370,,,,282,1764,0.47,0.47,,0.47,0.825,0.524,hagancl01
Swede Halbrook,29,SYR,NBA,1961-62,64,,908,152,422,152,422,,,96,151,,,399,33,,,,179,400,0.36,0.36,,0.36,0.636,0.409,halbrsw01
Vern Hatton,26,TOT,NBA,1961-62,40,,898,112,331,112,331,,,98,125,,,102,99,,,,63,322,0.338,0.338,,0.338,0.784,0.417,hattove01
Tom Hawkins,25,LAL,NBA,1961-62,79,,1903,289,704,289,704,,,143,222,,,514,95,,,,244,721,0.411,0.411,,0.411,0.644,0.45,hawkito01
Tom Heinsohn,27,BOS,NBA,1961-62,79,,2383,692,1613,692,1613,,,358,437,,,747,165,,,,280,1742,0.429,0.429,,0.429,0.819,0.482,heinsto01
Cleo Hill,23,STL,NBA,1961-62,58,,1050,107,309,107,309,,,106,137,,,178,114,,,,98,320,0.346,0.346,,0.346,0.774,0.433,hillcl01
Ron Horn,23,STL,NBA,1961-62,3,,25,1,12,1,12,,,1,2,,,6,1,,,,4,3,0.083,0.083,,0.083,0.5,0.116,hornro01
Bailey Howell,25,DET,NBA,1961-62,79,,2857,553,1193,553,1193,,,470,612,,,996,186,,,,317,1576,0.464,0.464,,0.464,0.768,0.539,howelba01
Hot Rod Hundley,27,LAL,NBA,1961-62,78,,1492,173,509,173,509,,,83,127,,,199,290,,,,129,429,0.34,0.34,,0.34,0.654,0.38,hundlho01
Darrall Imhoff,23,NYK,NBA,1961-62,76,,1481,186,482,186,482,,,80,139,,,470,82,,,,230,452,0.386,0.386,,0.386,0.576,0.416,imhofda01
Andy Johnson,29,CHP,NBA,1961-62,71,,2193,365,814,365,814,,,284,452,,,351,228,,,,247,1014,0.448,0.448,,0.448,0.628,0.501,johnsan01
Howie Jolliff,23,LAL,NBA,1961-62,64,,1094,104,253,104,253,,,41,78,,,383,76,,,,175,249,0.411,0.411,,0.411,0.526,0.433,jolifho01
K.C. Jones,29,BOS,NBA,1961-62,80,,2054,294,724,294,724,,,147,232,,,298,343,,,,206,735,0.406,0.406,,0.406,0.634,0.445,joneskc01
Sam Jones,28,BOS,NBA,1961-62,78,,2388,596,1284,596,1284,,,243,297,,,458,232,,,,149,1435,0.464,0.464,,0.464,0.818,0.507,jonessa01
Willie Jones,25,DET,NBA,1961-62,69,,1006,177,475,177,475,,,64,101,,,177,115,,,,137,418,0.373,0.373,,0.373,0.634,0.402,joneswi01
Phil Jordon,28,NYK,NBA,1961-62,76,,2195,403,1028,403,1028,,,96,168,,,482,156,,,,258,902,0.392,0.392,,0.392,0.571,0.409,jordoph01
Red Kerr,29,SYR,NBA,1961-62,80,,2768,541,1220,541,1220,,,222,302,,,1176,243,,,,272,1304,0.443,0.443,,0.443,0.735,0.482,kerrre01
Doug Kistler,23,NYK,NBA,1961-62,5,,13,3,6,3,6,,,2,4,,,1,0,,,,2,8,0.5,0.5,,0.5,0.5,0.515,kistldo01
Jim Krebs,26,LAL,NBA,1961-62,78,,2012,312,701,312,701,,,156,208,,,616,110,,,,290,780,0.445,0.445,,0.445,0.75,0.492,krebsji01
Fred LaCour,23,STL,NBA,1961-62,73,,1507,230,536,230,536,,,106,130,,,272,166,,,,168,566,0.429,0.429,,0.429,0.815,0.477,lacoufr01
York Larese,23,TOT,NBA,1961-62,59,,703,122,327,122,327,,,58,72,,,77,94,,,,104,302,0.373,0.373,,0.373,0.806,0.421,laresyo01
Rudy LaRusso,24,LAL,NBA,1961-62,80,,2754,516,1108,516,1108,,,342,448,,,828,179,,,,255,1374,0.466,0.466,,0.466,0.763,0.526,larusru01
George Lee,25,DET,NBA,1961-62,75,,1351,179,500,179,500,,,213,280,,,349,64,,,,128,571,0.358,0.358,,0.358,0.761,0.458,leege01
Slick Leonard,29,CHP,NBA,1961-62,70,,2464,423,1128,423,1128,,,279,371,,,199,378,,,,186,1125,0.375,0.375,,0.375,0.752,0.436,leonasl01
Jim Loscutoff,31,BOS,NBA,1961-62,79,,1146,188,519,188,519,,,45,84,,,329,51,,,,185,421,0.362,0.362,,0.362,0.536,0.379,loscuji01
Clyde Lovellette,32,STL,NBA,1961-62,40,,1192,341,724,341,724,,,155,187,,,350,68,,,,136,837,0.471,0.471,,0.471,0.829,0.519,lovelcl01
Ted Luckenbill,22,PHW,NBA,1961-62,67,,396,43,120,43,120,,,49,76,,,110,27,,,,67,135,0.358,0.358,,0.358,0.645,0.44,luckete01
Whitey Martin,22,NYK,NBA,1961-62,66,,1018,95,292,95,292,,,37,55,,,158,115,,,,158,227,0.325,0.325,,0.325,0.673,0.359,martiwh01
Johnny McCarthy,27,STL,NBA,1961-62,15,,333,18,73,18,73,,,12,27,,,56,70,,,,50,48,0.247,0.247,,0.247,0.444,0.283,mccarjo01
Shellie McMillon,25,TOT,NBA,1961-62,62,,1225,265,591,265,591,,,108,182,,,368,59,,,,202,638,0.448,0.448,,0.448,0.593,0.475,mcmilsh01
Bob McNeill,23,TOT,NBA,1961-62,50,,441,56,136,56,136,,,26,34,,,56,89,,,,56,138,0.412,0.412,,0.412,0.765,0.457,mcneibo01
Tom Meschery,23,PHW,NBA,1961-62,80,,2509,375,929,375,929,,,216,262,,,729,145,,,,330,966,0.404,0.404,,0.404,0.824,0.463,meschto01
Jackie Moreland,23,DET,NBA,1961-62,74,,1219,205,487,205,487,,,139,186,,,427,76,,,,179,549,0.421,0.421,,0.421,0.747,0.483,morelja01
Willie Naulls,27,NYK,NBA,1961-62,75,,2978,747,1798,747,1798,,,383,455,,,867,192,,,,260,1877,0.415,0.415,,0.415,0.842,0.47,naullwi01
Paul Neumann,24,SYR,NBA,1961-62,77,,1265,172,401,172,401,,,133,172,,,194,176,,,,203,477,0.429,0.429,,0.429,0.773,0.5,neumapa01
Chuck Noble,30,DET,NBA,1961-62,26,,361,32,113,32,113,,,8,15,,,43,63,,,,55,72,0.283,0.283,,0.283,0.533,0.301,noblech01
Bevo Nordmann,22,CIN,NBA,1961-62,58,,344,51,126,51,126,,,29,57,,,128,18,,,,81,131,0.405,0.405,,0.405,0.509,0.434,nordmbe01
Don Ohl,25,DET,NBA,1961-62,77,,2526,555,1250,555,1250,,,201,280,,,267,244,,,,173,1311,0.444,0.444,,0.444,0.718,0.477,ohldo01
Chuck Osborne,23,SYR,NBA,1961-62,4,,21,1,8,1,8,,,3,4,,,9,1,,,,3,5,0.125,0.125,,0.125,0.75,0.256,osborch01
Bob Pettit,29,STL,NBA,1961-62,78,,3282,867,1928,867,1928,,,695,901,,,1459,289,,,,296,2429,0.45,0.45,,0.45,0.771,0.522,pettibo01
Gary Phillips,22,BOS,NBA,1961-62,67,,713,110,310,110,310,,,50,86,,,107,64,,,,109,270,0.355,0.355,,0.355,0.581,0.388,phillga01
Dave Piontek,27,CHP,NBA,1961-62,45,,614,83,225,83,225,,,39,59,,,155,31,,,,89,205,0.369,0.369,,0.369,0.661,0.408,piontda01
Frank Radovich,23,PHW,NBA,1961-62,37,,175,37,93,37,93,,,13,26,,,51,4,,,,27,87,0.398,0.398,,0.398,0.5,0.417,radovfr01
Frank Ramsey,30,BOS,NBA,1961-62,79,,1913,436,1019,436,1019,,,334,405,,,387,109,,,,245,1206,0.428,0.428,,0.428,0.825,0.504,ramsefr01
Hub Reed,25,CIN,NBA,1961-62,80,,1446,203,460,203,460,,,60,82,,,440,53,,,,267,466,0.441,0.441,,0.441,0.732,0.47,reedhu01
Joe Roberts,25,SYR,NBA,1961-62,80,,1642,243,619,243,619,,,129,194,,,538,50,,,,230,615,0.393,0.393,,0.393,0.665,0.437,roberjo01
Oscar Robertson,23,CIN,NBA,1961-62,79,,3503,866,1810,866,1810,,,700,872,,,985,899,,,,258,2432,0.478,0.478,,0.478,0.803,0.554,roberos01
Guy Rodgers,26,PHW,NBA,1961-62,80,,2650,267,749,267,749,,,121,182,,,348,643,,,,312,655,0.356,0.356,,0.356,0.665,0.395,rodgegu01
Joe Ruklick,23,PHW,NBA,1961-62,46,,302,48,147,48,147,,,12,26,,,87,14,,,,56,108,0.327,0.327,,0.327,0.462,0.341,ruklijo01
Bill Russell,27,BOS,NBA,1961-62,76,,3433,575,1258,575,1258,,,286,481,,,1790,341,,,,207,1436,0.457,0.457,,0.457,0.595,0.489,russebi01
Tom Sanders,23,BOS,NBA,1961-62,80,,2325,350,804,350,804,,,197,263,,,762,74,,,,279,897,0.435,0.435,,0.435,0.749,0.488,sandeto01
Woody Sauldsberry,27,TOT,NBA,1961-62,63,,1765,298,869,298,869,,,79,123,,,536,90,,,,179,675,0.343,0.343,,0.343,0.642,0.366,sauldwo01
Dolph Schayes,33,SYR,NBA,1961-62,56,,1480,268,751,268,751,,,286,319,,,439,120,,,,167,822,0.357,0.357,,0.357,0.897,0.461,schaydo01
Ray Scott,23,DET,NBA,1961-62,75,,2087,370,956,370,956,,,255,388,,,865,132,,,,232,995,0.387,0.387,,0.387,0.657,0.442,scottra01
Frank Selvy,29,LAL,NBA,1961-62,79,,2806,433,1032,433,1032,,,298,404,,,412,381,,,,232,1164,0.42,0.42,,0.42,0.738,0.481,selvyfr01
Lee Shaffer,22,SYR,NBA,1961-62,75,,2083,514,1180,514,1180,,,239,310,,,511,99,,,,266,1267,0.436,0.436,,0.436,0.771,0.481,shaffle01
Gene Shue,30,DET,NBA,1961-62,80,,3143,580,1422,580,1422,,,362,447,,,372,465,,,,192,1522,0.408,0.408,,0.408,0.81,0.47,shuege01
Bob Sims,23,TOT,NBA,1961-62,65,,1345,193,491,193,491,,,123,216,,,183,154,,,,187,509,0.393,0.393,,0.393,0.569,0.434,simsbo01
Adrian Smith,25,CIN,NBA,1961-62,80,,1462,202,499,202,499,,,172,222,,,151,167,,,,101,576,0.405,0.405,,0.405,0.775,0.483,smithad01
Bill Smith,22,NYK,NBA,1961-62,9,,83,8,33,8,33,,,7,8,,,16,7,,,,6,23,0.242,0.242,,0.242,0.875,0.315,smithbi01
Bobby Smith,24,LAL,NBA,1961-62,3,,7,0,1,0,1,,,0,0,,,0,0,,,,1,0,0,0,,0,,0,smithbo01
Sam Stith,24,NYK,NBA,1961-62,32,,440,59,162,59,162,,,23,38,,,51,60,,,,55,141,0.364,0.364,,0.364,0.605,0.394,stithsa01
Jack Turner,22,CHP,NBA,1961-62,42,,567,84,221,84,221,,,32,42,,,85,44,,,,51,200,0.38,0.38,,0.38,0.762,0.418,turneja02
Jack Twyman,27,CIN,NBA,1961-62,80,,2991,739,1542,739,1542,,,353,435,,,638,215,,,,323,1831,0.479,0.479,,0.479,0.811,0.528,twymaja01
Charlie Tyra,26,CHP,NBA,1961-62,78,,1606,193,534,193,534,,,133,214,,,610,86,,,,210,519,0.361,0.361,,0.361,0.621,0.413,tyrach01
Horace Walker,24,CHP,NBA,1961-62,65,,1331,149,439,149,439,,,140,193,,,466,69,,,,194,438,0.339,0.339,,0.339,0.725,0.418,walkeho01
Jerry West,23,LAL,NBA,1961-62,75,,3087,799,1795,799,1795,,,712,926,,,591,402,,,,173,2310,0.445,0.445,,0.445,0.769,0.524,westje01
Bob Wiesenhahn,23,CIN,NBA,1961-62,60,,326,51,161,51,161,,,17,30,,,112,23,,,,50,119,0.317,0.317,,0.317,0.567,0.342,wiesebo01
Lenny Wilkens,24,STL,NBA,1961-62,20,,870,140,364,140,364,,,84,110,,,131,116,,,,63,364,0.385,0.385,,0.385,0.764,0.441,wilkele01
Wayne Yates,24,LAL,NBA,1961-62,37,,263,31,105,31,105,,,10,22,,,94,16,,,,72,72,0.295,0.295,,0.295,0.455,0.314,yateswa01
Dave Zeller,22,CIN,NBA,1961-62,61,,278,36,102,36,102,,,18,24,,,27,58,,,,37,90,0.353,0.353,,0.353,0.75,0.4,zelleda01
Al Attles,26,SFW,NBA,1962-63,71,,1876,301,630,301,630,,,133,206,,,205,184,,,,253,735,0.478,0.478,,0.478,0.646,0.51,attleal01
Dick Barnett,26,LAL,NBA,1962-63,80,,2544,547,1162,547,1162,,,343,421,,,242,224,,,,189,1437,0.471,0.471,,0.471,0.815,0.533,barnedi01
John Barnhill,24,STL,NBA,1962-63,77,,2692,360,838,360,838,,,181,255,,,359,322,,,,168,901,0.43,0.43,,0.43,0.71,0.474,barnhjo01
Elgin Baylor,28,LAL,NBA,1962-63,80,,3370,1029,2273,1029,2273,,,661,790,,,1146,386,,,,226,2719,0.453,0.453,,0.453,0.837,0.519,bayloel01
Zelmo Beaty,23,STL,NBA,1962-63,80,,1918,297,677,297,677,,,220,307,,,665,85,,,,312,814,0.439,0.439,,0.439,0.717,0.501,beatyze01
Walt Bellamy,23,CHZ,NBA,1962-63,80,,3306,840,1595,840,1595,,,553,821,,,1309,233,,,,283,2233,0.527,0.527,,0.527,0.674,0.571,bellawa01
Al Bianchi,30,SYR,NBA,1962-63,61,,1159,202,476,202,476,,,120,164,,,134,170,,,,165,524,0.424,0.424,,0.424,0.732,0.478,biancal01
Bucky Bockhorn,29,CIN,NBA,1962-63,80,,2612,375,954,375,954,,,183,242,,,322,261,,,,260,933,0.393,0.393,,0.393,0.756,0.44,bockhbu01
Bob Boozer,25,CIN,NBA,1962-63,79,,2488,440,992,440,992,,,252,353,,,878,102,,,,299,1132,0.444,0.444,,0.444,0.714,0.493,boozebo01
Bill Bridges,23,STL,NBA,1962-63,27,,374,66,160,66,160,,,32,51,,,144,23,,,,58,164,0.413,0.413,,0.413,0.627,0.449,bridgbi01
Joe Buckhalter,25,CIN,NBA,1962-63,2,,12,0,5,0,5,,,2,2,,,3,0,,,,1,2,0,0,,0,1,0.17,buckhjo01
Cleveland Buckner,24,NYK,NBA,1962-63,6,,27,5,10,5,10,,,2,4,,,4,5,,,,6,12,0.5,0.5,,0.5,0.5,0.51,buckncl01
Dave Budd,24,NYK,NBA,1962-63,78,,1725,294,596,294,596,,,151,202,,,395,87,,,,204,739,0.493,0.493,,0.493,0.748,0.54,buddda01
Donnie Butcher,26,NYK,NBA,1962-63,68,,1193,172,424,172,424,,,131,194,,,180,138,,,,164,475,0.406,0.406,,0.406,0.675,0.466,butchdo01
Al Butler,24,NYK,NBA,1962-63,74,,1488,297,676,297,676,,,144,187,,,170,156,,,,145,738,0.439,0.439,,0.439,0.77,0.487,butleal01
Barney Cable,27,TOT,NBA,1962-63,61,,1203,173,380,173,380,,,62,96,,,238,83,,,,135,408,0.455,0.455,,0.455,0.646,0.483,cableba01
Wilt Chamberlain,26,SFW,NBA,1962-63,80,,3806,1463,2770,1463,2770,,,660,1113,,,1946,275,,,,136,3586,0.528,0.528,,0.528,0.593,0.55,chambwi01
Len Chappell,22,SYR,NBA,1962-63,80,,1241,281,604,281,604,,,148,238,,,461,56,,,,171,710,0.465,0.465,,0.465,0.622,0.501,chapple01
Gene Conley,32,NYK,NBA,1962-63,70,,1544,254,651,254,651,,,122,186,,,469,70,,,,263,630,0.39,0.39,,0.39,0.656,0.43,conlege01
Larry Costello,31,SYR,NBA,1962-63,78,,2066,285,660,285,660,,,288,327,,,237,334,,,,263,858,0.432,0.432,,0.432,0.881,0.534,costela01
Bob Cousy,34,BOS,NBA,1962-63,76,,1975,392,988,392,988,,,219,298,,,193,515,,,,175,1003,0.397,0.397,,0.397,0.735,0.448,cousybo01
Johnny Cox,26,CHZ,NBA,1962-63,73,,1685,239,568,239,568,,,95,135,,,280,142,,,,149,573,0.421,0.421,,0.421,0.704,0.457,coxjo01
Dave DeBusschere,22,DET,NBA,1962-63,80,,2352,406,944,406,944,,,206,287,,,694,207,,,,247,1018,0.43,0.43,,0.43,0.718,0.476,debusda01
Terry Dischinger,22,CHZ,NBA,1962-63,57,,2294,525,1026,525,1026,,,402,522,,,458,175,,,,188,1452,0.512,0.512,,0.512,0.77,0.578,dischte01
Danny Doyle,22,DET,NBA,1962-63,4,,25,6,12,6,12,,,4,5,,,8,3,,,,4,16,0.5,0.5,,0.5,0.8,0.563,doyleda01
Bob Duffy,22,STL,NBA,1962-63,42,,435,66,174,66,174,,,22,39,,,39,83,,,,42,154,0.379,0.379,,0.379,0.564,0.403,duffybo02
Walter Dukes,32,DET,NBA,1962-63,62,,913,83,255,83,255,,,101,137,,,360,55,,,,183,267,0.325,0.325,,0.325,0.737,0.423,dukeswa01
Johnny Egan,24,DET,NBA,1962-63,46,,752,110,296,110,296,,,53,69,,,59,114,,,,70,273,0.372,0.372,,0.372,0.768,0.418,eganjo01
Leroy Ellis,22,LAL,NBA,1962-63,80,,1628,222,530,222,530,,,133,202,,,518,46,,,,194,577,0.419,0.419,,0.419,0.658,0.466,ellisle01
Wayne Embry,25,CIN,NBA,1962-63,76,,2511,534,1165,534,1165,,,343,514,,,936,177,,,,286,1411,0.458,0.458,,0.458,0.667,0.507,embrywa01
Mike Farmer,26,STL,NBA,1962-63,80,,1724,239,562,239,562,,,117,139,,,369,143,,,,155,595,0.425,0.425,,0.425,0.842,0.477,farmemi01
Dave Fedor,22,SFW,NBA,1962-63,7,,27,3,10,3,10,,,0,1,,,6,1,,,,4,6,0.3,0.3,,0.3,0,0.287,fedorda01
Al Ferrari,29,CHZ,NBA,1962-63,18,,138,12,37,12,37,,,14,17,,,12,14,,,,21,38,0.324,0.324,,0.324,0.824,0.427,ferraal01
Bob Ferry,25,DET,NBA,1962-63,79,,2479,426,984,426,984,,,220,339,,,537,170,,,,246,1072,0.433,0.433,,0.433,0.649,0.473,ferrybo01
Jack Foley,23,TOT,NBA,1962-63,11,,83,20,51,20,51,,,13,15,,,16,5,,,,8,53,0.392,0.392,,0.392,0.867,0.46,foleyja01
Dave Gambee,25,SYR,NBA,1962-63,60,,1234,235,537,235,537,,,199,238,,,289,48,,,,190,669,0.438,0.438,,0.438,0.836,0.521,gambeda01
Tom Gola,30,TOT,NBA,1962-63,73,,2670,363,791,363,791,,,170,219,,,517,298,,,,295,896,0.459,0.459,,0.459,0.776,0.505,golato01
Johnny Green,29,NYK,NBA,1962-63,80,,2553,582,1261,582,1261,,,280,439,,,964,152,,,,243,1444,0.462,0.462,,0.462,0.638,0.497,greenjo01
Si Green,29,CHZ,NBA,1962-63,73,,2648,322,783,322,783,,,209,306,,,335,422,,,,274,853,0.411,0.411,,0.411,0.683,0.465,greensi01
Hal Greer,26,SYR,NBA,1962-63,80,,2631,600,1293,600,1293,,,362,434,,,457,275,,,,286,1562,0.464,0.464,,0.464,0.834,0.526,greerha01
Gene Guarilia,25,BOS,NBA,1962-63,11,,83,11,38,11,38,,,4,11,,,14,2,,,,5,26,0.289,0.289,,0.289,0.364,0.303,guarige01
Richie Guerin,30,NYK,NBA,1962-63,79,,2712,596,1380,596,1380,,,509,600,,,331,348,,,,228,1701,0.432,0.432,,0.432,0.848,0.517,gueriri01
Dave Gunther,25,SFW,NBA,1962-63,1,,5,1,2,1,2,,,0,0,,,3,3,,,,1,2,0.5,0.5,,0.5,,0.5,gunthda01
Cliff Hagan,31,STL,NBA,1962-63,79,,1716,491,1055,491,1055,,,244,305,,,341,193,,,,211,1226,0.465,0.465,,0.465,0.8,0.515,hagancl01
Charlie Hardnett,24,CHZ,NBA,1962-63,78,,1657,301,683,301,683,,,225,349,,,602,74,,,,225,827,0.441,0.441,,0.441,0.645,0.494,hardnch01
John Havlicek,22,BOS,NBA,1962-63,80,,2200,483,1085,483,1085,,,174,239,,,534,179,,,,189,1140,0.445,0.445,,0.445,0.728,0.479,havlijo01
Tom Hawkins,26,CIN,NBA,1962-63,79,,1721,299,635,299,635,,,147,241,,,543,100,,,,197,745,0.471,0.471,,0.471,0.61,0.503,hawkito01
Tom Heinsohn,28,BOS,NBA,1962-63,76,,2004,550,1300,550,1300,,,340,407,,,569,95,,,,270,1440,0.423,0.423,,0.423,0.835,0.487,heinsto01
Wayne Hightower,23,SFW,NBA,1962-63,66,,1387,192,548,192,548,,,105,157,,,354,51,,,,181,489,0.35,0.35,,0.35,0.669,0.396,hightwa01
Paul Hogue,22,NYK,NBA,1962-63,50,,1340,152,419,152,419,,,79,174,,,430,42,,,,220,383,0.363,0.363,,0.363,0.454,0.386,hoguedu01
Ron Horn,24,LAL,NBA,1962-63,28,,289,27,82,27,82,,,20,29,,,71,10,,,,46,74,0.329,0.329,,0.329,0.69,0.39,hornro01
Bailey Howell,26,DET,NBA,1962-63,79,,2971,637,1235,637,1235,,,519,650,,,910,232,,,,300,1793,0.516,0.516,,0.516,0.798,0.589,howelba01
Hot Rod Hundley,28,LAL,NBA,1962-63,65,,785,88,262,88,262,,,84,119,,,106,151,,,,81,260,0.336,0.336,,0.336,0.706,0.414,hundlho01
Darrall Imhoff,24,DET,NBA,1962-63,45,,458,48,153,48,153,,,24,50,,,155,28,,,,66,120,0.314,0.314,,0.314,0.48,0.343,imhofda01
Howie Jolliff,24,LAL,NBA,1962-63,28,,293,15,55,15,55,,,6,9,,,62,20,,,,49,36,0.273,0.273,,0.273,0.667,0.305,jolifho01
K.C. Jones,30,BOS,NBA,1962-63,79,,1945,230,591,230,591,,,112,177,,,263,317,,,,221,572,0.389,0.389,,0.389,0.633,0.428,joneskc01
Sam Jones,29,BOS,NBA,1962-63,76,,2323,621,1305,621,1305,,,257,324,,,396,241,,,,162,1499,0.476,0.476,,0.476,0.793,0.518,jonessa01
Willie Jones,26,DET,NBA,1962-63,79,,1470,305,730,305,730,,,118,164,,,233,188,,,,207,728,0.418,0.418,,0.418,0.72,0.454,joneswi01
Phil Jordon,29,STL,NBA,1962-63,73,,1420,211,527,211,527,,,56,101,,,319,103,,,,172,478,0.4,0.4,,0.4,0.554,0.418,jordoph01
Red Kerr,30,SYR,NBA,1962-63,80,,2561,507,1069,507,1069,,,241,320,,,1039,214,,,,208,1255,0.474,0.474,,0.474,0.753,0.519,kerrre01
Maurice King,27,CHZ,NBA,1962-63,37,,954,94,241,94,241,,,28,34,,,102,142,,,,87,216,0.39,0.39,,0.39,0.824,0.422,kingma01
Jim Krebs,27,LAL,NBA,1962-63,79,,1913,272,627,272,627,,,115,154,,,502,87,,,,256,659,0.434,0.434,,0.434,0.747,0.474,krebsji01
Fred LaCour,24,SFW,NBA,1962-63,16,,171,28,73,28,73,,,9,16,,,24,19,,,,27,65,0.384,0.384,,0.384,0.563,0.406,lacoufr01
Rudy LaRusso,25,LAL,NBA,1962-63,75,,2505,321,761,321,761,,,282,393,,,747,187,,,,255,924,0.422,0.422,,0.422,0.718,0.495,larusru01
George Lee,26,SFW,NBA,1962-63,64,,1192,149,394,149,394,,,152,193,,,217,64,,,,113,450,0.378,0.378,,0.378,0.788,0.47,leege01
Slick Leonard,30,CHZ,NBA,1962-63,32,,879,84,245,84,245,,,59,85,,,68,143,,,,84,227,0.343,0.343,,0.343,0.694,0.402,leonasl01
Jim Loscutoff,32,BOS,NBA,1962-63,63,,607,94,251,94,251,,,22,42,,,157,25,,,,126,210,0.375,0.375,,0.375,0.524,0.39,loscuji01
Kevin Loughery,22,DET,NBA,1962-63,57,,845,146,397,146,397,,,71,100,,,109,104,,,,135,363,0.368,0.368,,0.368,0.71,0.412,loughke01
Clyde Lovellette,33,BOS,NBA,1962-63,61,,568,161,376,161,376,,,73,98,,,177,27,,,,137,395,0.428,0.428,,0.428,0.745,0.471,lovelcl01
Ted Luckenbill,23,SFW,NBA,1962-63,20,,201,26,68,26,68,,,9,20,,,56,8,,,,34,61,0.382,0.382,,0.382,0.45,0.397,luckete01
Nick Mantis,27,TOT,NBA,1962-63,42,,684,94,244,94,244,,,27,49,,,85,83,,,,94,215,0.385,0.385,,0.385,0.551,0.405,mantini01
Bill McGill,23,CHZ,NBA,1962-63,60,,590,181,353,181,353,,,80,119,,,161,38,,,,118,442,0.513,0.513,,0.513,0.672,0.545,mcgilbi01
Porter Meriwether,22,SYR,NBA,1962-63,31,,268,48,122,48,122,,,23,33,,,29,43,,,,19,119,0.393,0.393,,0.393,0.697,0.436,meriwpo01
Tom Meschery,24,SFW,NBA,1962-63,64,,2245,397,935,397,935,,,228,313,,,624,104,,,,249,1022,0.425,0.425,,0.425,0.728,0.476,meschto01
Howie Montgomery,22,SFW,NBA,1962-63,20,,364,65,153,65,153,,,14,23,,,69,21,,,,35,144,0.425,0.425,,0.425,0.609,0.441,montgho01
Jackie Moreland,24,DET,NBA,1962-63,78,,1516,271,622,271,622,,,145,214,,,449,114,,,,226,687,0.436,0.436,,0.436,0.678,0.48,morelja01
Willie Naulls,28,TOT,NBA,1962-63,70,,1901,370,887,370,887,,,166,207,,,515,102,,,,205,906,0.417,0.417,,0.417,0.802,0.463,naullwi01
Don Nelson,22,CHZ,NBA,1962-63,62,,1071,129,293,129,293,,,161,221,,,279,72,,,,136,419,0.44,0.44,,0.44,0.729,0.537,nelsodo01
Paul Neumann,25,SYR,NBA,1962-63,80,,1581,237,503,237,503,,,181,222,,,200,227,,,,221,655,0.471,0.471,,0.471,0.815,0.545,neumapa01
Bevo Nordmann,23,TOT,NBA,1962-63,53,,1000,156,319,156,319,,,59,122,,,316,47,,,,156,371,0.489,0.489,,0.489,0.484,0.498,nordmbe01
Mel Nowell,23,CHZ,NBA,1962-63,39,,589,92,237,92,237,,,48,66,,,67,84,,,,86,232,0.388,0.388,,0.388,0.727,0.436,nowelme01
Don Ohl,26,DET,NBA,1962-63,80,,2961,636,1450,636,1450,,,275,380,,,239,325,,,,234,1547,0.439,0.439,,0.439,0.724,0.478,ohldo01
Bud Olsen,22,CIN,NBA,1962-63,52,,373,43,133,43,133,,,27,39,,,105,42,,,,78,113,0.323,0.323,,0.323,0.692,0.376,olsenbu01
Bob Pettit,30,STL,NBA,1962-63,79,,3090,778,1746,778,1746,,,685,885,,,1191,245,,,,282,2241,0.446,0.446,,0.446,0.774,0.525,pettibo01
Gary Phillips,23,SFW,NBA,1962-63,75,,1801,256,643,256,643,,,97,152,,,225,137,,,,185,609,0.398,0.398,,0.398,0.638,0.429,phillga01
Dave Piontek,28,CIN,NBA,1962-63,48,,457,60,158,60,158,,,10,16,,,96,26,,,,67,130,0.38,0.38,,0.38,0.625,0.394,piontda01
Frank Ramsey,31,BOS,NBA,1962-63,77,,1541,284,743,284,743,,,271,332,,,288,95,,,,259,839,0.382,0.382,,0.382,0.816,0.472,ramsefr01
Hub Reed,26,CIN,NBA,1962-63,80,,1299,199,427,199,427,,,74,98,,,398,83,,,,261,472,0.466,0.466,,0.466,0.755,0.502,reedhu01
Joe Roberts,26,SYR,NBA,1962-63,33,,466,73,196,73,196,,,35,51,,,155,16,,,,66,181,0.372,0.372,,0.372,0.686,0.414,roberjo01
Oscar Robertson,24,CIN,NBA,1962-63,80,,3521,825,1593,825,1593,,,614,758,,,835,758,,,,293,2264,0.518,0.518,,0.518,0.81,0.588,roberos01
Guy Rodgers,27,SFW,NBA,1962-63,79,,3249,445,1150,445,1150,,,208,286,,,394,825,,,,296,1098,0.387,0.387,,0.387,0.727,0.43,rodgegu01
John Rudometkin,22,NYK,NBA,1962-63,56,,572,108,307,108,307,,,73,95,,,149,30,,,,58,289,0.352,0.352,,0.352,0.768,0.414,rudomjo01
Bill Russell,28,BOS,NBA,1962-63,78,,3500,511,1182,511,1182,,,287,517,,,1843,348,,,,189,1309,0.432,0.432,,0.432,0.555,0.464,russebi01
Tom Sanders,24,BOS,NBA,1962-63,80,,2148,339,744,339,744,,,186,252,,,576,95,,,,262,864,0.456,0.456,,0.456,0.738,0.505,sandeto01
Woody Sauldsberry,28,TOT,NBA,1962-63,77,,2034,366,966,366,966,,,107,163,,,447,78,,,,230,839,0.379,0.379,,0.379,0.656,0.404,sauldwo01
Dolph Schayes,34,SYR,NBA,1962-63,66,,1438,223,575,223,575,,,181,206,,,375,175,,,,177,627,0.388,0.388,,0.388,0.879,0.471,schaydo01
Ray Scott,24,DET,NBA,1962-63,76,,2538,460,1110,460,1110,,,308,457,,,772,191,,,,263,1228,0.414,0.414,,0.414,0.674,0.468,scottra01
Kenny Sears,29,TOT,NBA,1962-63,77,,1141,161,304,161,304,,,131,168,,,206,95,,,,128,453,0.53,0.53,,0.53,0.78,0.599,searske01
Frank Selvy,30,LAL,NBA,1962-63,80,,2369,317,747,317,747,,,192,269,,,289,281,,,,149,826,0.424,0.424,,0.424,0.714,0.477,selvyfr01
Lee Shaffer,23,SYR,NBA,1962-63,80,,2392,597,1393,597,1393,,,294,375,,,524,97,,,,249,1488,0.429,0.429,,0.429,0.784,0.478,shaffle01
Gene Shue,31,NYK,NBA,1962-63,78,,2288,354,894,354,894,,,208,302,,,191,259,,,,171,916,0.396,0.396,,0.396,0.689,0.446,shuege01
Jeff Slade,21,CHZ,NBA,1962-63,3,,20,2,5,2,5,,,0,1,,,7,0,,,,3,4,0.4,0.4,,0.4,0,0.368,sladeje01
Adrian Smith,26,CIN,NBA,1962-63,79,,1522,241,544,241,544,,,223,275,,,174,141,,,,157,705,0.443,0.443,,0.443,0.811,0.53,smithad01
Larry Staverman,26,CHZ,NBA,1962-63,33,,602,94,194,94,194,,,49,62,,,158,43,,,,94,237,0.485,0.485,,0.485,0.79,0.536,stavela01
Tom Stith,24,NYK,NBA,1962-63,25,,209,37,110,37,110,,,3,10,,,39,18,,,,23,77,0.336,0.336,,0.336,0.3,0.337,stithto01
Dan Swartz,28,BOS,NBA,1962-63,39,,335,57,150,57,150,,,61,72,,,88,21,,,,92,175,0.38,0.38,,0.38,0.847,0.482,swartda01
Dan Tieman,22,CIN,NBA,1962-63,29,,176,15,57,15,57,,,4,10,,,22,27,,,,18,34,0.263,0.263,,0.263,0.4,0.277,tiemada01
Gene Tormohlen,25,STL,NBA,1962-63,7,,47,5,10,5,10,,,2,10,,,15,5,,,,11,12,0.5,0.5,,0.5,0.2,0.417,tormobu01
Jack Twyman,28,CIN,NBA,1962-63,80,,2623,641,1335,641,1335,,,304,375,,,598,214,,,,286,1586,0.48,0.48,,0.48,0.811,0.529,twymaja01
Chico Vaughn,22,STL,NBA,1962-63,77,,1845,295,708,295,708,,,188,261,,,258,252,,,,201,778,0.417,0.417,,0.417,0.72,0.473,vaughch01
Chet Walker,22,SYR,NBA,1962-63,78,,1992,352,751,352,751,,,253,362,,,561,83,,,,220,957,0.469,0.469,,0.469,0.699,0.526,walkech01
Ben Warley,26,SYR,NBA,1962-63,26,,206,50,111,50,111,,,25,35,,,86,4,,,,42,125,0.45,0.45,,0.45,0.714,0.494,warlebe01
Ralph Wells,22,CHZ,NBA,1962-63,3,,48,1,7,1,7,,,0,7,,,6,7,,,,6,2,0.143,0.143,,0.143,0,0.099,wellsra01
Jerry West,24,LAL,NBA,1962-63,55,,2163,559,1213,559,1213,,,371,477,,,384,307,,,,150,1489,0.461,0.461,,0.461,0.778,0.523,westje01
Hubie White,23,SFW,NBA,1962-63,29,,271,40,111,40,111,,,12,18,,,35,28,,,,47,92,0.36,0.36,,0.36,0.667,0.387,whitehu01
Gene Wiley,25,LAL,NBA,1962-63,75,,1488,109,236,109,236,,,23,68,,,504,40,,,,180,241,0.462,0.462,,0.462,0.338,0.453,wileyge01
Lenny Wilkens,25,STL,NBA,1962-63,75,,2569,333,834,333,834,,,222,319,,,403,381,,,,256,888,0.399,0.399,,0.399,0.696,0.456,wilkele01
Jay Arnette,25,CIN,NBA,1963-64,48,,501,71,196,71,196,,,42,54,,,54,71,,,,105,184,0.362,0.362,,0.362,0.778,0.419,arnetja01
Al Attles,27,SFW,NBA,1963-64,70,,1883,289,640,289,640,,,185,275,,,236,197,,,,249,763,0.452,0.452,,0.452,0.673,0.501,attleal01
Dick Barnett,27,LAL,NBA,1963-64,78,,2620,541,1197,541,1197,,,351,454,,,250,238,,,,233,1433,0.452,0.452,,0.452,0.773,0.513,barnedi01
John Barnhill,25,STL,NBA,1963-64,74,,1367,208,505,208,505,,,70,115,,,157,145,,,,107,486,0.412,0.412,,0.412,0.609,0.437,barnhjo01
Elgin Baylor,29,LAL,NBA,1963-64,78,,3164,756,1778,756,1778,,,471,586,,,936,347,,,,235,1983,0.425,0.425,,0.425,0.804,0.487,bayloel01
Zelmo Beaty,24,STL,NBA,1963-64,59,,1922,287,647,287,647,,,200,270,,,633,79,,,,262,774,0.444,0.444,,0.444,0.741,0.505,beatyze01
Walt Bellamy,24,BAL,NBA,1963-64,80,,3394,811,1582,811,1582,,,537,825,,,1361,126,,,,300,2159,0.513,0.513,,0.513,0.651,0.555,bellawa01
Al Bianchi,31,PHI,NBA,1963-64,78,,1437,257,684,257,684,,,109,141,,,147,149,,,,248,623,0.376,0.376,,0.376,0.773,0.418,biancal01
Bucky Bockhorn,30,CIN,NBA,1963-64,70,,1670,242,587,242,587,,,96,126,,,205,173,,,,227,580,0.412,0.412,,0.412,0.762,0.451,bockhbu01
Bob Boozer,26,TOT,NBA,1963-64,81,,2379,468,1096,468,1096,,,272,376,,,596,96,,,,231,1208,0.427,0.427,,0.427,0.723,0.479,boozebo01
Bill Bridges,24,STL,NBA,1963-64,80,,1949,268,675,268,675,,,146,224,,,680,181,,,,269,682,0.397,0.397,,0.397,0.652,0.441,bridgbi01
Dave Budd,25,NYK,NBA,1963-64,73,,1031,128,297,128,297,,,84,115,,,276,57,,,,130,340,0.431,0.431,,0.431,0.73,0.489,buddda01
Donnie Butcher,27,TOT,NBA,1963-64,78,,1971,202,507,202,507,,,159,256,,,329,244,,,,249,563,0.398,0.398,,0.398,0.621,0.454,butchdo01
Al Butler,25,NYK,NBA,1963-64,76,,1379,260,616,260,616,,,138,187,,,168,157,,,,167,658,0.422,0.422,,0.422,0.738,0.471,butleal01
Barney Cable,28,BAL,NBA,1963-64,71,,1125,116,290,116,290,,,28,42,,,301,47,,,,166,260,0.4,0.4,,0.4,0.667,0.421,cableba01
Wilt Chamberlain,27,SFW,NBA,1963-64,80,,3689,1204,2298,1204,2298,,,540,1016,,,1787,403,,,,182,2948,0.524,0.524,,0.524,0.531,0.537,chambwi01
Len Chappell,23,TOT,NBA,1963-64,79,,2505,531,1185,531,1185,,,288,403,,,771,83,,,,214,1350,0.448,0.448,,0.448,0.715,0.495,chapple01
Larry Comley,24,BAL,NBA,1963-64,12,,89,8,37,8,37,,,9,16,,,19,12,,,,11,25,0.216,0.216,,0.216,0.563,0.284,comlela01
Gene Conley,33,NYK,NBA,1963-64,46,,551,74,189,74,189,,,44,65,,,156,21,,,,124,192,0.392,0.392,,0.392,0.677,0.441,conlege01
Larry Costello,32,PHI,NBA,1963-64,45,,1137,191,408,191,408,,,147,170,,,105,167,,,,150,529,0.468,0.468,,0.468,0.865,0.548,costela01
Dave DeBusschere,23,DET,NBA,1963-64,15,,304,52,133,52,133,,,25,43,,,105,23,,,,32,129,0.391,0.391,,0.391,0.581,0.425,debusda01
Connie Dierking,27,PHI,NBA,1963-64,76,,1286,191,514,191,514,,,114,169,,,422,50,,,,221,496,0.372,0.372,,0.372,0.675,0.422,dierkco01
Terry Dischinger,23,BAL,NBA,1963-64,80,,2816,604,1217,604,1217,,,454,585,,,667,157,,,,321,1662,0.496,0.496,,0.496,0.776,0.564,dischte01
Bob Duffy,23,TOT,NBA,1963-64,48,,662,94,229,94,229,,,44,65,,,61,79,,,,48,232,0.41,0.41,,0.41,0.677,0.45,duffybo02
Johnny Egan,25,TOT,NBA,1963-64,66,,2326,334,758,334,758,,,193,243,,,191,358,,,,181,861,0.441,0.441,,0.441,0.794,0.498,eganjo01
Leroy Ellis,23,LAL,NBA,1963-64,78,,1459,200,473,200,473,,,112,170,,,498,41,,,,192,512,0.423,0.423,,0.423,0.659,0.467,ellisle01
Wayne Embry,26,CIN,NBA,1963-64,80,,2915,556,1213,556,1213,,,271,417,,,925,113,,,,325,1383,0.458,0.458,,0.458,0.65,0.495,embrywa01
Mike Farmer,27,STL,NBA,1963-64,76,,1361,178,438,178,438,,,68,83,,,225,109,,,,140,424,0.406,0.406,,0.406,0.819,0.447,farmemi01
Bob Ferry,26,DET,NBA,1963-64,74,,1522,298,670,298,670,,,186,279,,,428,94,,,,174,782,0.445,0.445,,0.445,0.667,0.493,ferrybo01
Dave Gambee,26,PHI,NBA,1963-64,41,,927,149,378,149,378,,,151,185,,,256,35,,,,161,449,0.394,0.394,,0.394,0.816,0.489,gambeda01
Mel Gibson,23,LAL,NBA,1963-64,9,,53,6,20,6,20,,,1,2,,,4,6,,,,10,13,0.3,0.3,,0.3,0.5,0.311,gibsome01
Tom Gola,31,NYK,NBA,1963-64,74,,2156,258,602,258,602,,,154,212,,,469,257,,,,278,670,0.429,0.429,,0.429,0.726,0.482,golato01
Johnny Green,30,NYK,NBA,1963-64,80,,2134,482,1026,482,1026,,,195,392,,,799,157,,,,246,1159,0.47,0.47,,0.47,0.497,0.484,greenjo01
Si Green,30,BAL,NBA,1963-64,75,,2064,287,691,287,691,,,198,290,,,282,215,,,,224,772,0.415,0.415,,0.415,0.683,0.472,greensi01
Jerry Greenspan,22,PHI,NBA,1963-64,20,,280,32,90,32,90,,,34,50,,,72,11,,,,54,98,0.356,0.356,,0.356,0.68,0.438,greenje01
Hal Greer,27,PHI,NBA,1963-64,80,,3157,715,1611,715,1611,,,435,525,,,484,374,,,,291,1865,0.444,0.444,,0.444,0.829,0.506,greerha01
Richie Guerin,31,TOT,NBA,1963-64,80,,2366,351,846,351,846,,,347,424,,,256,375,,,,276,1049,0.415,0.415,,0.415,0.818,0.508,gueriri01
Cliff Hagan,32,STL,NBA,1963-64,77,,2279,572,1280,572,1280,,,269,331,,,377,193,,,,273,1413,0.447,0.447,,0.447,0.813,0.496,hagancl01
Reggie Harding,21,DET,NBA,1963-64,39,,1158,184,460,184,460,,,61,98,,,410,52,,,,119,429,0.4,0.4,,0.4,0.622,0.426,hardire01
Charlie Hardnett,25,BAL,NBA,1963-64,66,,617,107,260,107,260,,,84,125,,,251,27,,,,114,298,0.412,0.412,,0.412,0.672,0.473,hardnch01
Jerry Harkness,23,NYK,NBA,1963-64,5,,59,13,30,13,30,,,3,8,,,6,6,,,,4,29,0.433,0.433,,0.433,0.375,0.433,harknje01
John Havlicek,23,BOS,NBA,1963-64,80,,2587,640,1535,640,1535,,,315,422,,,428,238,,,,227,1595,0.417,0.417,,0.417,0.746,0.463,havlijo01
Tom Hawkins,27,CIN,NBA,1963-64,73,,1770,256,580,256,580,,,113,188,,,435,74,,,,198,625,0.441,0.441,,0.441,0.601,0.472,hawkito01
Tom Heinsohn,29,BOS,NBA,1963-64,76,,2040,487,1223,487,1223,,,283,342,,,460,183,,,,268,1257,0.398,0.398,,0.398,0.827,0.458,heinsto01
Art Heyman,22,NYK,NBA,1963-64,75,,2236,432,1003,432,1003,,,289,422,,,298,256,,,,229,1153,0.431,0.431,,0.431,0.685,0.485,heymaar01
Wayne Hightower,24,SFW,NBA,1963-64,79,,2536,393,1022,393,1022,,,260,329,,,566,133,,,,269,1046,0.385,0.385,,0.385,0.79,0.448,hightwa01
Gary Hill,22,SFW,NBA,1963-64,67,,1015,146,384,146,384,,,51,77,,,114,103,,,,165,343,0.38,0.38,,0.38,0.662,0.41,hillga01
Paul Hogue,23,TOT,NBA,1963-64,15,,147,12,30,12,30,,,2,7,,,31,6,,,,35,26,0.4,0.4,,0.4,0.286,0.393,hoguedu01
Tom Hoover,23,NYK,NBA,1963-64,59,,988,102,247,102,247,,,81,132,,,331,36,,,,185,285,0.413,0.413,,0.413,0.614,0.467,hooveto01
Bailey Howell,27,DET,NBA,1963-64,77,,2700,598,1267,598,1267,,,470,581,,,776,205,,,,290,1666,0.472,0.472,,0.472,0.809,0.547,howelba01
Darrall Imhoff,25,DET,NBA,1963-64,58,,871,104,251,104,251,,,69,114,,,283,56,,,,167,277,0.414,0.414,,0.414,0.605,0.46,imhofda01
Gus Johnson,25,BAL,NBA,1963-64,78,,2847,571,1329,571,1329,,,210,319,,,1064,169,,,,321,1352,0.43,0.43,,0.43,0.658,0.46,johnsgu01
K.C. Jones,31,BOS,NBA,1963-64,80,,2424,283,722,283,722,,,88,168,,,372,407,,,,253,654,0.392,0.392,,0.392,0.524,0.411,joneskc01
Sam Jones,30,BOS,NBA,1963-64,76,,2381,612,1359,612,1359,,,249,318,,,349,202,,,,192,1473,0.45,0.45,,0.45,0.783,0.491,jonessa01
Willie Jones,27,DET,NBA,1963-64,77,,1539,265,680,265,680,,,100,141,,,253,172,,,,211,630,0.39,0.39,,0.39,0.709,0.425,joneswi01
Red Kerr,31,PHI,NBA,1963-64,80,,2938,536,1250,536,1250,,,268,357,,,1017,275,,,,187,1340,0.429,0.429,,0.429,0.751,0.476,kerrre01
Jim King,22,LAL,NBA,1963-64,60,,762,84,198,84,198,,,66,101,,,113,110,,,,99,234,0.424,0.424,,0.424,0.653,0.483,kingji01
Don Kojis,25,BAL,NBA,1963-64,78,,1148,203,484,203,484,,,82,146,,,309,57,,,,123,488,0.419,0.419,,0.419,0.562,0.445,kojisdo01
Jim Krebs,28,LAL,NBA,1963-64,68,,975,134,357,134,357,,,65,85,,,283,49,,,,166,333,0.375,0.375,,0.375,0.765,0.422,krebsji01
Rudy LaRusso,26,LAL,NBA,1963-64,79,,2746,337,776,337,776,,,298,397,,,800,190,,,,268,972,0.434,0.434,,0.434,0.751,0.511,larusru01
George Lee,27,SFW,NBA,1963-64,54,,522,64,169,64,169,,,47,71,,,97,25,,,,67,175,0.379,0.379,,0.379,0.662,0.437,leege01
Jim Loscutoff,33,BOS,NBA,1963-64,53,,451,56,182,56,182,,,18,31,,,131,25,,,,90,130,0.308,0.308,,0.308,0.581,0.332,loscuji01
Kevin Loughery,23,TOT,NBA,1963-64,66,,1459,236,631,236,631,,,126,177,,,138,182,,,,175,598,0.374,0.374,,0.374,0.712,0.422,loughke01
Clyde Lovellette,34,BOS,NBA,1963-64,45,,437,128,305,128,305,,,45,57,,,126,24,,,,100,301,0.42,0.42,,0.42,0.789,0.456,lovelcl01
Jerry Lucas,23,CIN,NBA,1963-64,79,,3273,545,1035,545,1035,,,310,398,,,1375,204,,,,300,1400,0.527,0.527,,0.527,0.779,0.578,lucasje01
Johnny McCarthy,29,BOS,NBA,1963-64,28,,206,16,48,16,48,,,5,13,,,35,24,,,,42,37,0.333,0.333,,0.333,0.385,0.344,mccarjo01
Bill McGill,24,TOT,NBA,1963-64,74,,1784,456,937,456,937,,,204,282,,,414,121,,,,217,1116,0.487,0.487,,0.487,0.723,0.526,mcgilbi01
Tom Meschery,25,SFW,NBA,1963-64,80,,2422,436,951,436,951,,,207,295,,,612,149,,,,288,1079,0.458,0.458,,0.458,0.702,0.499,meschto01
Eddie Miles,23,DET,NBA,1963-64,60,,811,131,371,131,371,,,62,87,,,95,58,,,,92,324,0.353,0.353,,0.353,0.713,0.396,milesed01
Jackie Moreland,25,DET,NBA,1963-64,78,,1780,272,639,272,639,,,164,210,,,405,121,,,,268,708,0.426,0.426,,0.426,0.781,0.484,morelja01
Willie Naulls,29,BOS,NBA,1963-64,78,,1409,321,769,321,769,,,125,157,,,356,64,,,,208,767,0.417,0.417,,0.417,0.796,0.458,naullwi01
Don Nelson,23,LAL,NBA,1963-64,80,,1406,135,323,135,323,,,149,201,,,323,76,,,,181,419,0.418,0.418,,0.418,0.741,0.509,nelsodo01
Paul Neumann,26,PHI,NBA,1963-64,74,,1973,324,732,324,732,,,210,266,,,246,291,,,,211,858,0.443,0.443,,0.443,0.789,0.505,neumapa01
Bevo Nordmann,24,TOT,NBA,1963-64,19,,259,27,66,27,66,,,9,19,,,65,5,,,,51,63,0.409,0.409,,0.409,0.474,0.424,nordmbe01
Don Ohl,27,DET,NBA,1963-64,71,,2366,500,1224,500,1224,,,225,331,,,180,225,,,,219,1225,0.408,0.408,,0.408,0.68,0.447,ohldo01
Bud Olsen,23,CIN,NBA,1963-64,49,,513,85,210,85,210,,,32,57,,,149,29,,,,78,202,0.405,0.405,,0.405,0.561,0.43,olsenbu01
Mel Peterson,25,BAL,NBA,1963-64,2,,3,1,1,1,1,,,0,0,,,1,0,,,,2,2,1,1,,1,,1,peterme01
Bob Pettit,31,STL,NBA,1963-64,80,,3296,791,1708,791,1708,,,608,771,,,1224,259,,,,300,2190,0.463,0.463,,0.463,0.789,0.535,pettibo01
Gary Phillips,24,SFW,NBA,1963-64,66,,2010,256,691,256,691,,,146,218,,,248,203,,,,245,658,0.37,0.37,,0.37,0.67,0.418,phillga01
Frank Ramsey,32,BOS,NBA,1963-64,75,,1227,226,604,226,604,,,196,233,,,223,81,,,,245,648,0.374,0.374,,0.374,0.841,0.459,ramsefr01
Hub Reed,27,LAL,NBA,1963-64,46,,386,33,91,33,91,,,10,15,,,107,23,,,,73,76,0.363,0.363,,0.363,0.667,0.389,reedhu01
Oscar Robertson,25,CIN,NBA,1963-64,79,,3559,840,1740,840,1740,,,800,938,,,783,868,,,,280,2480,0.483,0.483,,0.483,0.853,0.576,roberos01
Guy Rodgers,28,SFW,NBA,1963-64,79,,2695,337,923,337,923,,,198,280,,,328,556,,,,245,872,0.365,0.365,,0.365,0.707,0.417,rodgegu01
Ken Rohloff,24,STL,NBA,1963-64,2,,7,0,1,0,1,,,0,0,,,0,1,,,,4,0,0,0,,0,,0,rohloke01
John Rudometkin,23,NYK,NBA,1963-64,52,,696,154,326,154,326,,,87,116,,,164,26,,,,86,395,0.472,0.472,,0.472,0.75,0.524,rudomjo01
Bill Russell,29,BOS,NBA,1963-64,78,,3482,466,1077,466,1077,,,236,429,,,1930,370,,,,190,1168,0.433,0.433,,0.433,0.55,0.461,russebi01
Tom Sanders,25,BOS,NBA,1963-64,80,,2370,349,836,349,836,,,213,280,,,667,102,,,,277,911,0.417,0.417,,0.417,0.761,0.475,sandeto01
Dolph Schayes,35,PHI,NBA,1963-64,24,,350,44,143,44,143,,,46,57,,,110,48,,,,76,134,0.308,0.308,,0.308,0.807,0.399,schaydo01
Ray Scott,25,DET,NBA,1963-64,80,,2964,539,1307,539,1307,,,328,456,,,1078,244,,,,296,1406,0.412,0.412,,0.412,0.719,0.466,scottra01
Kenny Sears,30,SFW,NBA,1963-64,51,,519,53,120,53,120,,,64,79,,,94,42,,,,71,170,0.442,0.442,,0.442,0.81,0.549,searske01
Frank Selvy,31,LAL,NBA,1963-64,73,,1286,160,423,160,423,,,78,122,,,139,149,,,,115,398,0.378,0.378,,0.378,0.639,0.417,selvyfr01
Lee Shaffer,24,PHI,NBA,1963-64,41,,1013,217,587,217,587,,,102,133,,,205,36,,,,116,536,0.37,0.37,,0.37,0.767,0.415,shaffle01
Gene Shue,32,BAL,NBA,1963-64,47,,963,81,276,81,276,,,36,61,,,94,150,,,,98,198,0.293,0.293,,0.293,0.59,0.327,shuege01
Larry Siegfried,24,BOS,NBA,1963-64,31,,261,35,110,35,110,,,31,39,,,51,40,,,,33,101,0.318,0.318,,0.318,0.795,0.397,siegfla01
Adrian Smith,27,CIN,NBA,1963-64,66,,1524,234,576,234,576,,,154,197,,,147,145,,,,164,622,0.406,0.406,,0.406,0.782,0.469,smithad01
Larry Staverman,27,TOT,NBA,1963-64,60,,674,98,212,98,212,,,69,90,,,176,32,,,,118,265,0.462,0.462,,0.462,0.767,0.527,stavela01
Roger Strickland,23,BAL,NBA,1963-64,1,,4,1,3,1,3,,,0,0,,,0,0,,,,1,2,0.333,0.333,,0.333,,0.333,stricro01
Tom Thacker,24,CIN,NBA,1963-64,48,,457,53,181,53,181,,,26,53,,,115,51,,,,51,132,0.293,0.293,,0.293,0.491,0.323,thackto01
Rod Thorn,22,BAL,NBA,1963-64,75,,2594,411,1015,411,1015,,,258,353,,,360,281,,,,187,1080,0.405,0.405,,0.405,0.731,0.461,thornro01
Nate Thurmond,22,SFW,NBA,1963-64,76,,1966,219,554,219,554,,,95,173,,,790,86,,,,184,533,0.395,0.395,,0.395,0.549,0.423,thurmna01
Gene Tormohlen,26,STL,NBA,1963-64,51,,640,94,250,94,250,,,22,46,,,216,50,,,,128,210,0.376,0.376,,0.376,0.478,0.389,tormobu01
Jack Twyman,29,CIN,NBA,1963-64,68,,1996,447,993,447,993,,,189,228,,,364,137,,,,267,1083,0.45,0.45,,0.45,0.829,0.495,twymaja01
Chico Vaughn,23,STL,NBA,1963-64,68,,1340,238,538,238,538,,,107,148,,,126,129,,,,166,583,0.442,0.442,,0.442,0.723,0.483,vaughch01
Chet Walker,23,PHI,NBA,1963-64,76,,2775,492,1118,492,1118,,,330,464,,,784,124,,,,232,1314,0.44,0.44,,0.44,0.711,0.497,walkech01
Gerry Ward,22,STL,NBA,1963-64,24,,139,16,53,16,53,,,11,17,,,21,21,,,,26,43,0.302,0.302,,0.302,0.647,0.355,wardge01
Ben Warley,27,PHI,NBA,1963-64,79,,1740,215,494,215,494,,,220,305,,,619,71,,,,274,650,0.435,0.435,,0.435,0.721,0.517,warlebe01
Jerry West,25,LAL,NBA,1963-64,72,,2906,740,1529,740,1529,,,584,702,,,433,403,,,,200,2064,0.484,0.484,,0.484,0.832,0.562,westje01
Hubie White,24,PHI,NBA,1963-64,23,,196,31,105,31,105,,,17,28,,,42,12,,,,28,79,0.295,0.295,,0.295,0.607,0.337,whitehu01
Gene Wiley,26,LAL,NBA,1963-64,78,,1510,146,273,146,273,,,45,75,,,510,44,,,,225,337,0.535,0.535,,0.535,0.6,0.551,wileyge01
Lenny Wilkens,26,STL,NBA,1963-64,78,,2526,334,808,334,808,,,270,365,,,335,359,,,,287,938,0.413,0.413,,0.413,0.74,0.484,wilkele01
John Windsor,23,SFW,NBA,1963-64,11,,68,10,27,10,27,,,7,8,,,26,2,,,,13,27,0.37,0.37,,0.37,0.875,0.442,windsjo01
Jay Arnette,26,CIN,NBA,1964-65,63,,662,91,245,91,245,,,56,75,,,62,68,,,,125,238,0.371,0.371,,0.371,0.747,0.428,arnetja01
Al Attles,28,SFW,NBA,1964-65,73,,1733,254,662,254,662,,,171,274,,,239,205,,,,242,679,0.384,0.384,,0.384,0.624,0.434,attleal01
Jim Barnes,23,NYK,NBA,1964-65,75,,2586,454,1070,454,1070,,,251,379,,,729,93,,,,312,1159,0.424,0.424,,0.424,0.662,0.469,barneji01
Dick Barnett,28,LAL,NBA,1964-65,74,,2026,375,908,375,908,,,270,338,,,200,159,,,,209,1020,0.413,0.413,,0.413,0.799,0.483,barnedi01
John Barnhill,26,STL,NBA,1964-65,41,,777,121,312,121,312,,,45,70,,,91,76,,,,56,287,0.388,0.388,,0.388,0.643,0.419,barnhjo01
Elgin Baylor,30,LAL,NBA,1964-65,74,,3056,763,1903,763,1903,,,483,610,,,950,280,,,,235,2009,0.401,0.401,,0.401,0.792,0.463,bayloel01
Zelmo Beaty,25,STL,NBA,1964-65,80,,2916,505,1047,505,1047,,,341,477,,,966,111,,,,328,1351,0.482,0.482,,0.482,0.715,0.537,beatyze01
Walt Bellamy,25,BAL,NBA,1964-65,80,,3301,733,1441,733,1441,,,515,752,,,1166,191,,,,260,1981,0.509,0.509,,0.509,0.685,0.559,bellawa01
Al Bianchi,32,PHI,NBA,1964-65,60,,1116,175,486,175,486,,,54,76,,,95,140,,,,178,404,0.36,0.36,,0.36,0.711,0.389,biancal01
Bucky Bockhorn,31,CIN,NBA,1964-65,19,,424,60,157,60,157,,,28,39,,,55,45,,,,52,148,0.382,0.382,,0.382,0.718,0.425,bockhbu01
Ron Bonham,22,BOS,NBA,1964-65,37,,369,91,220,91,220,,,92,112,,,78,19,,,,33,274,0.414,0.414,,0.414,0.821,0.509,bonharo01
Bob Boozer,27,NYK,NBA,1964-65,80,,2139,424,963,424,963,,,288,375,,,604,108,,,,183,1136,0.44,0.44,,0.44,0.768,0.504,boozebo01
Gary Bradds,22,BAL,NBA,1964-65,41,,335,46,111,46,111,,,45,63,,,84,19,,,,36,137,0.414,0.414,,0.414,0.714,0.494,braddga01
Bill Bridges,25,STL,NBA,1964-65,79,,2362,362,938,362,938,,,186,275,,,853,187,,,,276,910,0.386,0.386,,0.386,0.676,0.43,bridgbi01
Em Bryant,26,NYK,NBA,1964-65,77,,1332,145,436,145,436,,,87,133,,,167,167,,,,212,377,0.333,0.333,,0.333,0.654,0.381,bryanem01
Dave Budd,26,NYK,NBA,1964-65,62,,1188,196,407,196,407,,,121,170,,,310,62,,,,147,513,0.482,0.482,,0.482,0.712,0.532,buddda01
Ed Burton,25,STL,NBA,1964-65,7,,42,7,20,7,20,,,4,7,,,13,2,,,,13,18,0.35,0.35,,0.35,0.571,0.39,burtoed01
Donnie Butcher,28,DET,NBA,1964-65,71,,1157,143,353,143,353,,,126,204,,,200,122,,,,183,412,0.405,0.405,,0.405,0.618,0.465,butchdo01
Al Butler,26,BAL,NBA,1964-65,25,,172,24,73,24,73,,,11,15,,,21,12,,,,25,59,0.329,0.329,,0.329,0.733,0.371,butleal01
Joe Caldwell,23,DET,NBA,1964-65,66,,1543,290,776,290,776,,,129,210,,,441,118,,,,171,709,0.374,0.374,,0.374,0.614,0.408,caldwjo01
Wilt Chamberlain,28,TOT,NBA,1964-65,73,,3301,1063,2083,1063,2083,,,408,880,,,1673,250,,,,146,2534,0.51,0.51,,0.51,0.464,0.513,chambwi01
Len Chappell,24,NYK,NBA,1964-65,43,,655,145,367,145,367,,,68,100,,,140,15,,,,73,358,0.395,0.395,,0.395,0.68,0.436,chapple01
Larry Costello,33,PHI,NBA,1964-65,64,,1967,309,695,309,695,,,243,277,,,169,275,,,,242,861,0.445,0.445,,0.445,0.877,0.527,costela01
Mel Counts,23,BOS,NBA,1964-65,54,,572,100,272,100,272,,,58,74,,,265,19,,,,134,258,0.368,0.368,,0.368,0.784,0.424,countme01
Steve Courtin,22,PHI,NBA,1964-65,24,,317,42,103,42,103,,,17,21,,,22,22,,,,44,101,0.408,0.408,,0.408,0.81,0.45,courtst01
Dave DeBusschere,24,DET,NBA,1964-65,79,,2769,508,1196,508,1196,,,306,437,,,874,253,,,,242,1322,0.425,0.425,,0.425,0.7,0.476,debusda01
Connie Dierking,28,TOT,NBA,1964-65,68,,1294,218,538,218,538,,,100,168,,,435,72,,,,165,536,0.405,0.405,,0.405,0.595,0.438,dierkco01
Terry Dischinger,24,DET,NBA,1964-65,80,,2698,568,1153,568,1153,,,320,424,,,479,198,,,,253,1456,0.493,0.493,,0.493,0.755,0.543,dischte01
Bob Duffy,24,DET,NBA,1964-65,4,,26,4,11,4,11,,,6,7,,,4,5,,,,4,14,0.364,0.364,,0.364,0.857,0.497,duffybo02
Johnny Egan,26,NYK,NBA,1964-65,74,,1664,258,529,258,529,,,162,199,,,143,252,,,,139,678,0.488,0.488,,0.488,0.814,0.55,eganjo01
Leroy Ellis,24,LAL,NBA,1964-65,80,,2026,311,700,311,700,,,198,284,,,652,49,,,,196,820,0.444,0.444,,0.444,0.697,0.497,ellisle01
Wayne Embry,27,CIN,NBA,1964-65,74,,2243,352,772,352,772,,,239,371,,,741,92,,,,297,943,0.456,0.456,,0.456,0.644,0.504,embrywa01
Mike Farmer,28,STL,NBA,1964-65,60,,1272,167,408,167,408,,,75,94,,,258,88,,,,123,409,0.409,0.409,,0.409,0.798,0.455,farmemi01
Bob Ferry,27,BAL,NBA,1964-65,77,,1280,143,338,143,338,,,122,199,,,355,60,,,,156,408,0.423,0.423,,0.423,0.613,0.479,ferrybo01
Dave Gambee,27,PHI,NBA,1964-65,80,,1993,356,864,356,864,,,299,368,,,468,113,,,,277,1011,0.412,0.412,,0.412,0.813,0.493,gambeda01
Tom Gola,32,NYK,NBA,1964-65,77,,1727,204,455,204,455,,,133,180,,,319,220,,,,269,541,0.448,0.448,,0.448,0.739,0.506,golato01
Johnny Green,31,NYK,NBA,1964-65,78,,1720,346,737,346,737,,,165,301,,,545,129,,,,194,857,0.469,0.469,,0.469,0.548,0.493,greenjo01
Si Green,31,BAL,NBA,1964-65,70,,1086,152,368,152,368,,,101,161,,,169,140,,,,134,405,0.413,0.413,,0.413,0.627,0.461,greensi01
Jerry Greenspan,23,PHI,NBA,1964-65,5,,49,8,13,8,13,,,8,8,,,11,0,,,,12,24,0.615,0.615,,0.615,1,0.726,greenje01
Hal Greer,28,PHI,NBA,1964-65,70,,2600,539,1245,539,1245,,,335,413,,,355,313,,,,254,1413,0.433,0.433,,0.433,0.811,0.495,greerha01
Jerry Grote,24,LAL,NBA,1964-65,11,,33,6,11,6,11,,,2,2,,,4,4,,,,5,14,0.545,0.545,,0.545,1,0.589,groteje01
Richie Guerin,32,STL,NBA,1964-65,57,,1678,295,662,295,662,,,231,301,,,149,271,,,,193,821,0.446,0.446,,0.446,0.767,0.517,gueriri01
Cliff Hagan,33,STL,NBA,1964-65,77,,1739,393,901,393,901,,,214,268,,,276,136,,,,182,1000,0.436,0.436,,0.436,0.799,0.491,hagancl01
Happy Hairston,22,CIN,NBA,1964-65,61,,736,131,351,131,351,,,110,165,,,293,27,,,,95,372,0.373,0.373,,0.373,0.667,0.439,hairsha01
Reggie Harding,22,DET,NBA,1964-65,78,,2699,405,987,405,987,,,128,209,,,906,179,,,,258,938,0.41,0.41,,0.41,0.612,0.435,hardire01
Charlie Hardnett,26,BAL,NBA,1964-65,20,,200,25,80,25,80,,,23,39,,,77,2,,,,37,73,0.313,0.313,,0.313,0.59,0.376,hardnch01
John Havlicek,24,BOS,NBA,1964-65,75,,2169,570,1420,570,1420,,,235,316,,,371,199,,,,200,1375,0.401,0.401,,0.401,0.744,0.441,havlijo01
Tom Hawkins,28,CIN,NBA,1964-65,79,,1864,220,538,220,538,,,116,204,,,475,80,,,,240,556,0.409,0.409,,0.409,0.569,0.443,hawkito01
Walt Hazzard,22,LAL,NBA,1964-65,66,,919,117,306,117,306,,,46,71,,,111,140,,,,132,280,0.382,0.382,,0.382,0.648,0.415,abdulma01
Tom Heinsohn,30,BOS,NBA,1964-65,67,,1706,365,954,365,954,,,182,229,,,399,157,,,,252,912,0.383,0.383,,0.383,0.795,0.432,heinsto01
Art Heyman,23,NYK,NBA,1964-65,55,,663,114,267,114,267,,,88,132,,,99,79,,,,96,316,0.427,0.427,,0.427,0.667,0.486,heymaar01
Wayne Hightower,25,TOT,NBA,1964-65,75,,1547,196,570,196,570,,,195,254,,,420,54,,,,204,587,0.344,0.344,,0.344,0.768,0.431,hightwa01
Gary Hill,23,TOT,NBA,1964-65,12,,103,10,36,10,36,,,7,14,,,16,7,,,,11,27,0.278,0.278,,0.278,0.5,0.32,hillga01
Tom Hoover,24,NYK,NBA,1964-65,24,,153,13,32,13,32,,,8,14,,,58,12,,,,37,34,0.406,0.406,,0.406,0.571,0.445,hooveto01
Bailey Howell,28,BAL,NBA,1964-65,80,,2975,515,1040,515,1040,,,504,629,,,869,208,,,,345,1534,0.495,0.495,,0.495,0.801,0.582,howelba01
Les Hunter,22,BAL,NBA,1964-65,24,,114,18,64,18,64,,,6,14,,,50,11,,,,16,42,0.281,0.281,,0.281,0.429,0.299,huntele01
Darrall Imhoff,26,LAL,NBA,1964-65,76,,1521,145,311,145,311,,,88,154,,,500,87,,,,238,378,0.466,0.466,,0.466,0.571,0.499,imhofda01
Luke Jackson,23,PHI,NBA,1964-65,76,,2590,419,1013,419,1013,,,288,404,,,980,93,,,,251,1126,0.414,0.414,,0.414,0.713,0.473,jackslu01
Gus Johnson,26,BAL,NBA,1964-65,76,,2899,577,1379,577,1379,,,261,386,,,988,270,,,,258,1415,0.418,0.418,,0.418,0.676,0.457,johnsgu01
K.C. Jones,32,BOS,NBA,1964-65,78,,2434,253,639,253,639,,,143,227,,,318,437,,,,263,649,0.396,0.396,,0.396,0.63,0.439,joneskc01
Larry Jones,22,PHI,NBA,1964-65,23,,359,47,153,47,153,,,37,52,,,57,40,,,,46,131,0.307,0.307,,0.307,0.712,0.372,jonesla01
Sam Jones,31,BOS,NBA,1964-65,80,,2885,821,1818,821,1818,,,428,522,,,411,223,,,,176,2070,0.452,0.452,,0.452,0.82,0.505,jonessa01
Wali Jones,22,BAL,NBA,1964-65,77,,1250,154,411,154,411,,,99,136,,,140,200,,,,196,407,0.375,0.375,,0.375,0.728,0.432,joneswa02
Willie Jones,28,DET,NBA,1964-65,12,,101,21,52,21,52,,,2,6,,,10,7,,,,13,44,0.404,0.404,,0.404,0.333,0.403,joneswi01
Red Kerr,32,PHI,NBA,1964-65,80,,1810,264,714,264,714,,,126,181,,,551,197,,,,132,654,0.37,0.37,,0.37,0.696,0.412,kerrre01
Jim King,23,LAL,NBA,1964-65,77,,1671,184,469,184,469,,,118,151,,,214,178,,,,193,486,0.392,0.392,,0.392,0.781,0.454,kingji01
Don Kojis,26,DET,NBA,1964-65,65,,836,180,416,180,416,,,62,98,,,243,63,,,,115,422,0.433,0.433,,0.433,0.633,0.46,kojisdo01
Howard Komives,23,NYK,NBA,1964-65,80,,2378,381,1020,381,1020,,,212,254,,,195,265,,,,246,974,0.374,0.374,,0.374,0.835,0.43,komivho01
Bud Koper,22,SFW,NBA,1964-65,54,,631,106,241,106,241,,,35,42,,,61,43,,,,59,247,0.44,0.44,,0.44,0.833,0.476,koperbu01
Barry Kramer,22,TOT,NBA,1964-65,52,,507,63,186,63,186,,,60,84,,,100,41,,,,67,186,0.339,0.339,,0.339,0.714,0.417,krameba01
Rudy LaRusso,27,LAL,NBA,1964-65,77,,2588,381,827,381,827,,,321,415,,,725,198,,,,258,1083,0.461,0.461,,0.461,0.773,0.536,larusru01
George Lee,28,SFW,NBA,1964-65,19,,247,27,77,27,77,,,38,52,,,55,12,,,,22,92,0.351,0.351,,0.351,0.731,0.461,leege01
Kevin Loughery,24,BAL,NBA,1964-65,80,,2417,406,957,406,957,,,212,281,,,235,296,,,,320,1024,0.424,0.424,,0.424,0.754,0.474,loughke01
Jerry Lucas,24,CIN,NBA,1964-65,66,,2864,558,1121,558,1121,,,298,366,,,1321,157,,,,214,1414,0.498,0.498,,0.498,0.814,0.551,lucasje01
Bill McGill,25,TOT,NBA,1964-65,24,,133,21,65,21,65,,,13,17,,,36,9,,,,32,55,0.323,0.323,,0.323,0.765,0.379,mcgilbi01
McCoy McLemore,22,SFW,NBA,1964-65,78,,1731,244,725,244,725,,,157,220,,,488,81,,,,224,645,0.337,0.337,,0.337,0.714,0.392,mclemmc01
Tom Meschery,26,SFW,NBA,1964-65,79,,2408,361,917,361,917,,,278,370,,,655,106,,,,279,1000,0.394,0.394,,0.394,0.751,0.463,meschto01
Eddie Miles,24,DET,NBA,1964-65,76,,2074,439,994,439,994,,,166,223,,,258,157,,,,201,1044,0.442,0.442,,0.442,0.744,0.478,milesed01
Jackie Moreland,26,DET,NBA,1964-65,54,,732,103,296,103,296,,,66,104,,,183,69,,,,151,272,0.348,0.348,,0.348,0.635,0.398,morelja01
Jeff Mullins,22,STL,NBA,1964-65,44,,492,87,209,87,209,,,41,61,,,102,44,,,,60,215,0.416,0.416,,0.416,0.672,0.456,mullije01
Cotton Nash,22,TOT,NBA,1964-65,45,,357,47,145,47,145,,,43,52,,,83,19,,,,57,137,0.324,0.324,,0.324,0.827,0.408,nashco01
Willie Naulls,30,BOS,NBA,1964-65,71,,1465,302,786,302,786,,,143,176,,,336,72,,,,225,747,0.384,0.384,,0.384,0.813,0.433,naullwi01
Don Nelson,24,LAL,NBA,1964-65,39,,238,36,85,36,85,,,20,26,,,73,24,,,,40,92,0.424,0.424,,0.424,0.769,0.477,nelsodo01
Paul Neumann,27,TOT,NBA,1964-65,76,,2034,365,772,365,772,,,234,303,,,198,233,,,,218,964,0.473,0.473,,0.473,0.772,0.532,neumapa01
Bevo Nordmann,25,BOS,NBA,1964-65,3,,25,3,5,3,5,,,0,0,,,8,3,,,,5,6,0.6,0.6,,0.6,,0.6,nordmbe01
Don Ohl,28,BAL,NBA,1964-65,77,,2821,568,1297,568,1297,,,284,388,,,336,250,,,,274,1420,0.438,0.438,,0.438,0.732,0.484,ohldo01
Bud Olsen,24,CIN,NBA,1964-65,79,,1372,224,512,224,512,,,144,195,,,333,84,,,,203,592,0.438,0.438,,0.438,0.738,0.495,olsenbu01
Bob Pettit,32,STL,NBA,1964-65,50,,1754,396,923,396,923,,,332,405,,,621,128,,,,167,1124,0.429,0.429,,0.429,0.82,0.51,pettibo01
Gary Phillips,25,SFW,NBA,1964-65,73,,1541,198,553,198,553,,,120,199,,,189,148,,,,184,516,0.358,0.358,,0.358,0.603,0.403,phillga01
Hub Reed,28,DET,NBA,1964-65,62,,753,84,221,84,221,,,40,58,,,206,38,,,,136,208,0.38,0.38,,0.38,0.69,0.422,reedhu01
Willis Reed,22,NYK,NBA,1964-65,80,,3042,629,1457,629,1457,,,302,407,,,1175,133,,,,339,1560,0.432,0.432,,0.432,0.742,0.477,reedwi01
Oscar Robertson,26,CIN,NBA,1964-65,75,,3421,807,1681,807,1681,,,665,793,,,674,861,,,,205,2279,0.48,0.48,,0.48,0.839,0.561,roberos01
Guy Rodgers,29,SFW,NBA,1964-65,79,,2699,465,1225,465,1225,,,223,325,,,323,565,,,,256,1153,0.38,0.38,,0.38,0.686,0.421,rodgegu01
John Rudometkin,24,TOT,NBA,1964-65,23,,376,52,154,52,154,,,34,50,,,99,16,,,,54,138,0.338,0.338,,0.338,0.68,0.392,rudomjo01
Bill Russell,30,BOS,NBA,1964-65,78,,3466,429,980,429,980,,,244,426,,,1878,410,,,,204,1102,0.438,0.438,,0.438,0.573,0.472,russebi01
Tom Sanders,26,BOS,NBA,1964-65,80,,2459,374,871,374,871,,,193,259,,,661,92,,,,318,941,0.429,0.429,,0.429,0.745,0.478,sandeto01
Ray Scott,26,DET,NBA,1964-65,66,,2167,402,1092,402,1092,,,220,314,,,634,239,,,,209,1024,0.368,0.368,,0.368,0.701,0.416,scottra01
Larry Siegfried,25,BOS,NBA,1964-65,72,,996,173,417,173,417,,,109,140,,,134,119,,,,108,455,0.415,0.415,,0.415,0.779,0.475,siegfla01
Paul Silas,21,STL,NBA,1964-65,79,,1243,140,375,140,375,,,83,164,,,576,48,,,,161,363,0.373,0.373,,0.373,0.506,0.406,silaspa01
Adrian Smith,28,CIN,NBA,1964-65,80,,2745,463,1016,463,1016,,,284,342,,,220,240,,,,199,1210,0.456,0.456,,0.456,0.83,0.519,smithad01
Tom Thacker,25,CIN,NBA,1964-65,55,,470,56,168,56,168,,,23,47,,,127,41,,,,64,135,0.333,0.333,,0.333,0.489,0.358,thackto01
John Thompson,23,BOS,NBA,1964-65,64,,699,84,209,84,209,,,62,105,,,230,16,,,,141,230,0.402,0.402,,0.402,0.59,0.451,thompjo01
Rod Thorn,23,DET,NBA,1964-65,74,,1770,320,750,320,750,,,176,243,,,266,161,,,,122,816,0.427,0.427,,0.427,0.724,0.476,thornro01
Nate Thurmond,23,SFW,NBA,1964-65,77,,3173,519,1240,519,1240,,,235,357,,,1395,157,,,,232,1273,0.419,0.419,,0.419,0.658,0.456,thurmna01
John Tresvant,25,STL,NBA,1964-65,4,,35,4,11,4,11,,,6,9,,,18,6,,,,9,14,0.364,0.364,,0.364,0.667,0.468,tresvjo01
Jack Twyman,30,CIN,NBA,1964-65,80,,2236,479,1081,479,1081,,,198,239,,,383,137,,,,239,1156,0.443,0.443,,0.443,0.828,0.487,twymaja01
Chico Vaughn,24,STL,NBA,1964-65,75,,1965,344,811,344,811,,,182,242,,,173,157,,,,192,870,0.424,0.424,,0.424,0.752,0.474,vaughch01
Chet Walker,24,PHI,NBA,1964-65,79,,2187,377,936,377,936,,,288,388,,,528,132,,,,200,1042,0.403,0.403,,0.403,0.742,0.471,walkech01
Gerry Ward,23,BOS,NBA,1964-65,3,,30,2,18,2,18,,,1,1,,,5,6,,,,6,5,0.111,0.111,,0.111,1,0.136,wardge01
Ben Warley,28,PHI,NBA,1964-65,64,,900,94,253,94,253,,,124,176,,,277,53,,,,170,312,0.372,0.372,,0.372,0.705,0.472,warlebe01
Jerry West,26,LAL,NBA,1964-65,74,,3066,822,1655,822,1655,,,648,789,,,447,364,,,,221,2292,0.497,0.497,,0.497,0.821,0.572,westje01
Gene Wiley,27,LAL,NBA,1964-65,80,,2002,175,376,175,376,,,56,111,,,690,105,,,,235,406,0.465,0.465,,0.465,0.505,0.478,wileyge01
Lenny Wilkens,27,STL,NBA,1964-65,78,,2854,434,1048,434,1048,,,416,558,,,365,431,,,,283,1284,0.414,0.414,,0.414,0.746,0.496,wilkele01
George Wilson,22,CIN,NBA,1964-65,39,,288,41,155,41,155,,,9,30,,,102,11,,,,59,91,0.265,0.265,,0.265,0.3,0.271,wilsoge01
Jay Arnette,27,CIN,NBA,1965-66,3,,14,1,6,1,6,,,0,0,,,0,0,,,,3,2,0.167,0.167,,0.167,,0.167,arnetja01
Al Attles,29,SFW,NBA,1965-66,79,,2053,364,724,364,724,,,154,252,,,322,225,,,,265,882,0.503,0.503,,0.503,0.611,0.528,attleal01
Jim Barnes,24,TOT,NBA,1965-66,73,,2191,348,818,348,818,,,212,310,,,755,94,,,,283,908,0.425,0.425,,0.425,0.684,0.476,barneji01
Dick Barnett,29,NYK,NBA,1965-66,75,,2589,631,1344,631,1344,,,467,605,,,310,259,,,,235,1729,0.469,0.469,,0.469,0.772,0.537,barnedi01
John Barnhill,27,TOT,NBA,1965-66,76,,1617,243,606,243,606,,,113,184,,,203,196,,,,134,599,0.401,0.401,,0.401,0.614,0.436,barnhjo01
Rick Barry,21,SFW,NBA,1965-66,80,,2990,745,1698,745,1698,,,569,660,,,850,173,,,,297,2059,0.439,0.439,,0.439,0.862,0.518,barryri01
Elgin Baylor,31,LAL,NBA,1965-66,65,,1975,415,1034,415,1034,,,249,337,,,621,224,,,,157,1079,0.401,0.401,,0.401,0.739,0.456,bayloel01
Zelmo Beaty,26,STL,NBA,1965-66,80,,3072,616,1301,616,1301,,,424,559,,,1086,125,,,,344,1656,0.473,0.473,,0.473,0.758,0.535,beatyze01
Walt Bellamy,26,TOT,NBA,1965-66,80,,3352,695,1373,695,1373,,,430,689,,,1254,235,,,,294,1820,0.506,0.506,,0.506,0.624,0.543,bellawa01
Al Bianchi,33,PHI,NBA,1965-66,78,,1312,214,560,214,560,,,66,98,,,134,134,,,,232,494,0.382,0.382,,0.382,0.673,0.41,biancal01
Ron Bonham,23,BOS,NBA,1965-66,39,,312,76,207,76,207,,,52,61,,,35,11,,,,29,204,0.367,0.367,,0.367,0.852,0.436,bonharo01
Bob Boozer,28,LAL,NBA,1965-66,78,,1847,365,754,365,754,,,225,289,,,548,87,,,,196,955,0.484,0.484,,0.484,0.779,0.542,boozebo01
Gary Bradds,23,BAL,NBA,1965-66,3,,15,2,6,2,6,,,3,4,,,8,1,,,,1,7,0.333,0.333,,0.333,0.75,0.451,braddga01
Jesse Branson,24,PHI,NBA,1965-66,5,,14,1,6,1,6,,,3,4,,,9,1,,,,4,5,0.167,0.167,,0.167,0.75,0.322,bransje01
Bill Bridges,26,STL,NBA,1965-66,78,,2677,377,927,377,927,,,257,364,,,951,208,,,,333,1011,0.407,0.407,,0.407,0.706,0.465,bridgbi01
Em Bryant,27,NYK,NBA,1965-66,71,,1193,212,449,212,449,,,74,101,,,170,216,,,,215,498,0.472,0.472,,0.472,0.733,0.505,bryanem01
Bill Buntin,23,DET,NBA,1965-66,42,,713,118,299,118,299,,,88,143,,,252,36,,,,119,324,0.395,0.395,,0.395,0.615,0.448,buntibi01
Donnie Butcher,29,DET,NBA,1965-66,15,,285,45,96,45,96,,,18,34,,,33,30,,,,40,108,0.469,0.469,,0.469,0.529,0.487,butchdo01
Joe Caldwell,24,TOT,NBA,1965-66,79,,1857,411,938,411,938,,,179,254,,,436,126,,,,203,1001,0.438,0.438,,0.438,0.705,0.477,caldwjo01
Wilt Chamberlain,29,PHI,NBA,1965-66,79,,3737,1074,1990,1074,1990,,,501,976,,,1943,414,,,,171,2649,0.54,0.54,,0.54,0.513,0.547,chambwi01
Len Chappell,25,NYK,NBA,1965-66,46,,545,100,238,100,238,,,46,78,,,127,26,,,,64,246,0.42,0.42,,0.42,0.59,0.452,chapple01
Barry Clemens,22,NYK,NBA,1965-66,70,,877,161,391,161,391,,,54,78,,,183,67,,,,113,376,0.412,0.412,,0.412,0.692,0.442,clemeba01
Mel Counts,24,BOS,NBA,1965-66,67,,1021,221,549,221,549,,,120,145,,,432,50,,,,207,562,0.403,0.403,,0.403,0.828,0.459,countme01
Billy Cunningham,22,PHI,NBA,1965-66,80,,2134,431,1011,431,1011,,,281,443,,,599,207,,,,301,1143,0.426,0.426,,0.426,0.634,0.474,cunnibi01
Dave DeBusschere,25,DET,NBA,1965-66,79,,2696,524,1284,524,1284,,,249,378,,,916,209,,,,252,1297,0.408,0.408,,0.408,0.659,0.447,debusda01
Connie Dierking,29,CIN,NBA,1965-66,57,,782,134,322,134,322,,,50,82,,,245,43,,,,113,318,0.416,0.416,,0.416,0.61,0.444,dierkco01
Johnny Egan,27,TOT,NBA,1965-66,76,,1644,259,574,259,574,,,173,227,,,183,273,,,,167,691,0.451,0.451,,0.451,0.762,0.513,eganjo01
Leroy Ellis,25,LAL,NBA,1965-66,80,,2219,393,927,393,927,,,186,256,,,735,74,,,,232,972,0.424,0.424,,0.424,0.727,0.467,ellisle01
Wayne Embry,28,CIN,NBA,1965-66,80,,1882,232,564,232,564,,,141,234,,,525,81,,,,287,605,0.411,0.411,,0.411,0.603,0.454,embrywa01
Keith Erickson,21,SFW,NBA,1965-66,64,,646,95,267,95,267,,,43,65,,,162,38,,,,91,233,0.356,0.356,,0.356,0.662,0.394,erickke01
John Fairchild,22,LAL,NBA,1965-66,30,,171,23,89,23,89,,,14,20,,,45,11,,,,33,60,0.258,0.258,,0.258,0.7,0.307,faircjo01
Mike Farmer,29,STL,NBA,1965-66,9,,79,13,30,13,30,,,4,5,,,18,6,,,,10,30,0.433,0.433,,0.433,0.8,0.466,farmemi01
Bob Ferry,28,BAL,NBA,1965-66,66,,1229,188,457,188,457,,,105,157,,,334,111,,,,134,481,0.411,0.411,,0.411,0.669,0.457,ferrybo01
Will Frazier,23,SFW,NBA,1965-66,2,,9,0,4,0,4,,,1,2,,,5,1,,,,1,1,0,0,,0,0.5,0.102,fraziwi01
Dave Gambee,28,PHI,NBA,1965-66,72,,1068,168,437,168,437,,,159,187,,,273,71,,,,189,495,0.384,0.384,,0.384,0.85,0.477,gambeda01
Tom Gola,33,NYK,NBA,1965-66,74,,1127,122,271,122,271,,,82,105,,,289,191,,,,207,326,0.45,0.45,,0.45,0.781,0.514,golato01
Gail Goodrich,22,LAL,NBA,1965-66,65,,1008,203,503,203,503,,,103,149,,,130,103,,,,103,509,0.404,0.404,,0.404,0.691,0.448,goodrga01
Johnny Green,32,TOT,NBA,1965-66,79,,1645,358,668,358,668,,,202,388,,,645,107,,,,183,918,0.536,0.536,,0.536,0.521,0.547,greenjo01
Si Green,32,BOS,NBA,1965-66,10,,92,12,31,12,31,,,8,16,,,11,9,,,,16,32,0.387,0.387,,0.387,0.5,0.421,greensi01
Hal Greer,29,PHI,NBA,1965-66,80,,3326,703,1580,703,1580,,,413,514,,,473,384,,,,315,1819,0.445,0.445,,0.445,0.804,0.504,greerha01
Richie Guerin,33,STL,NBA,1965-66,80,,2363,414,998,414,998,,,362,446,,,314,388,,,,256,1190,0.415,0.415,,0.415,0.812,0.498,gueriri01
Cliff Hagan,34,STL,NBA,1965-66,74,,1851,419,942,419,942,,,176,206,,,234,164,,,,177,1014,0.445,0.445,,0.445,0.854,0.491,hagancl01
Happy Hairston,23,CIN,NBA,1965-66,72,,1794,398,814,398,814,,,220,321,,,546,44,,,,216,1016,0.489,0.489,,0.489,0.685,0.532,hairsha01
John Havlicek,25,BOS,NBA,1965-66,71,,2175,530,1328,530,1328,,,274,349,,,423,210,,,,158,1334,0.399,0.399,,0.399,0.785,0.45,havlijo01
Tom Hawkins,29,CIN,NBA,1965-66,79,,2126,273,604,273,604,,,116,209,,,575,99,,,,274,662,0.452,0.452,,0.452,0.555,0.476,hawkito01
Walt Hazzard,23,LAL,NBA,1965-66,80,,2198,458,1003,458,1003,,,182,257,,,219,393,,,,224,1098,0.457,0.457,,0.457,0.708,0.492,abdulma01
Fred Hetzel,23,SFW,NBA,1965-66,56,,722,160,401,160,401,,,63,92,,,290,27,,,,121,383,0.399,0.399,,0.399,0.685,0.434,hetzefr01
Art Heyman,24,TOT,NBA,1965-66,17,,120,18,52,18,52,,,14,22,,,17,11,,,,23,50,0.346,0.346,,0.346,0.636,0.405,heymaar01
Wayne Hightower,26,BAL,NBA,1965-66,24,,460,63,186,63,186,,,57,78,,,131,35,,,,61,183,0.339,0.339,,0.339,0.731,0.415,hightwa01
Bailey Howell,29,BAL,NBA,1965-66,78,,2328,481,986,481,986,,,402,551,,,773,155,,,,306,1364,0.488,0.488,,0.488,0.73,0.555,howelba01
Darrall Imhoff,27,LAL,NBA,1965-66,77,,1413,151,337,151,337,,,77,136,,,509,113,,,,234,379,0.448,0.448,,0.448,0.566,0.478,imhofda01
Luke Jackson,24,PHI,NBA,1965-66,79,,1966,246,614,246,614,,,158,214,,,676,132,,,,216,650,0.401,0.401,,0.401,0.738,0.459,jackslu01
Gus Johnson,27,BAL,NBA,1965-66,41,,1284,273,661,273,661,,,131,178,,,546,114,,,,136,677,0.413,0.413,,0.413,0.736,0.458,johnsgu01
K.C. Jones,33,BOS,NBA,1965-66,80,,2710,240,619,240,619,,,209,303,,,304,503,,,,243,689,0.388,0.388,,0.388,0.69,0.458,joneskc01
Sam Jones,32,BOS,NBA,1965-66,67,,2155,626,1335,626,1335,,,325,407,,,347,216,,,,170,1577,0.469,0.469,,0.469,0.799,0.521,jonessa01
Wali Jones,23,PHI,NBA,1965-66,80,,2196,296,799,296,799,,,128,172,,,169,273,,,,250,720,0.37,0.37,,0.37,0.744,0.412,joneswa02
Red Kerr,33,BAL,NBA,1965-66,71,,1770,286,692,286,692,,,209,272,,,586,225,,,,148,781,0.413,0.413,,0.413,0.768,0.481,kerrre01
Jim King,24,LAL,NBA,1965-66,76,,1499,238,545,238,545,,,94,115,,,204,223,,,,181,570,0.437,0.437,,0.437,0.817,0.479,kingji01
Don Kojis,27,DET,NBA,1965-66,60,,783,182,439,182,439,,,76,141,,,260,42,,,,94,440,0.415,0.415,,0.415,0.539,0.439,kojisdo01
Howard Komives,24,NYK,NBA,1965-66,80,,2612,436,1116,436,1116,,,241,280,,,281,425,,,,278,1113,0.391,0.391,,0.391,0.861,0.449,komivho01
Rudy LaRusso,28,LAL,NBA,1965-66,76,,2316,410,897,410,897,,,350,445,,,660,165,,,,261,1170,0.457,0.457,,0.457,0.787,0.535,larusru01
Kevin Loughery,25,BAL,NBA,1965-66,74,,2455,526,1264,526,1264,,,297,358,,,227,356,,,,273,1349,0.416,0.416,,0.416,0.83,0.474,loughke01
Jerry Lucas,25,CIN,NBA,1965-66,79,,3517,690,1523,690,1523,,,317,403,,,1668,213,,,,274,1697,0.453,0.453,,0.453,0.787,0.499,lucasje01
Jon McGlocklin,22,CIN,NBA,1965-66,72,,852,153,363,153,363,,,62,79,,,133,88,,,,77,368,0.421,0.421,,0.421,0.785,0.463,mcglojo01
McCoy McLemore,23,SFW,NBA,1965-66,80,,1467,225,528,225,528,,,142,191,,,488,55,,,,197,592,0.426,0.426,,0.426,0.743,0.484,mclemmc01
Thales McReynolds,22,BAL,NBA,1965-66,5,,28,1,12,1,12,,,1,2,,,6,1,,,,0,3,0.083,0.083,,0.083,0.5,0.116,mcreyth01
Tom Meschery,27,SFW,NBA,1965-66,80,,2383,401,895,401,895,,,224,293,,,716,81,,,,285,1026,0.448,0.448,,0.448,0.765,0.501,meschto01
Eddie Miles,25,DET,NBA,1965-66,80,,2788,634,1418,634,1418,,,298,402,,,302,221,,,,203,1566,0.447,0.447,,0.447,0.741,0.491,milesed01
Jeff Mullins,23,STL,NBA,1965-66,44,,587,113,296,113,296,,,29,36,,,69,66,,,,68,255,0.382,0.382,,0.382,0.806,0.409,mullije01
Willie Naulls,31,BOS,NBA,1965-66,71,,1433,328,815,328,815,,,104,131,,,319,72,,,,197,760,0.402,0.402,,0.402,0.794,0.435,naullwi01
Don Nelson,25,BOS,NBA,1965-66,75,,1765,271,618,271,618,,,223,326,,,403,79,,,,187,765,0.439,0.439,,0.439,0.684,0.502,nelsodo01
Paul Neumann,28,SFW,NBA,1965-66,66,,1729,343,817,343,817,,,265,317,,,208,184,,,,174,951,0.42,0.42,,0.42,0.836,0.497,neumapa01
Don Ohl,29,BAL,NBA,1965-66,73,,2645,593,1334,593,1334,,,316,430,,,280,290,,,,208,1502,0.445,0.445,,0.445,0.735,0.493,ohldo01
Bud Olsen,25,TOT,NBA,1965-66,59,,602,81,193,81,193,,,39,88,,,192,20,,,,81,201,0.42,0.42,,0.42,0.443,0.434,olsenbu01
Gary Phillips,26,SFW,NBA,1965-66,67,,867,106,303,106,303,,,54,87,,,134,113,,,,97,266,0.35,0.35,,0.35,0.621,0.39,phillga01
Ron Reed,23,DET,NBA,1965-66,57,,997,186,524,186,524,,,54,100,,,339,92,,,,133,426,0.355,0.355,,0.355,0.54,0.375,reedro01
Willis Reed,23,NYK,NBA,1965-66,76,,2537,438,1009,438,1009,,,302,399,,,883,91,,,,323,1178,0.434,0.434,,0.434,0.757,0.497,reedwi01
Oscar Robertson,27,CIN,NBA,1965-66,76,,3493,818,1723,818,1723,,,742,881,,,586,847,,,,227,2378,0.475,0.475,,0.475,0.842,0.563,roberos01
Guy Rodgers,30,SFW,NBA,1965-66,79,,2902,586,1571,586,1571,,,296,407,,,421,846,,,,241,1468,0.373,0.373,,0.373,0.727,0.419,rodgegu01
Bill Russell,31,BOS,NBA,1965-66,78,,3386,391,943,391,943,,,223,405,,,1779,371,,,,221,1005,0.415,0.415,,0.415,0.551,0.448,russebi01
Tom Sanders,27,BOS,NBA,1965-66,72,,1896,349,816,349,816,,,211,276,,,508,90,,,,317,909,0.428,0.428,,0.428,0.764,0.485,sandeto01
Woody Sauldsberry,31,BOS,NBA,1965-66,39,,530,80,249,80,249,,,11,22,,,142,15,,,,94,171,0.321,0.321,,0.321,0.5,0.331,sauldwo01
Ray Scott,27,DET,NBA,1965-66,79,,2652,544,1309,544,1309,,,323,435,,,755,238,,,,209,1411,0.416,0.416,,0.416,0.743,0.47,scottra01
Larry Siegfried,26,BOS,NBA,1965-66,71,,1675,349,825,349,825,,,274,311,,,196,165,,,,157,972,0.423,0.423,,0.423,0.881,0.505,siegfla01
Paul Silas,22,STL,NBA,1965-66,46,,586,70,173,70,173,,,35,61,,,236,22,,,,72,175,0.405,0.405,,0.405,0.574,0.438,silaspa01
Jerry Sloan,23,BAL,NBA,1965-66,59,,952,120,289,120,289,,,98,139,,,230,110,,,,176,338,0.415,0.415,,0.415,0.705,0.483,sloanje01
Adrian Smith,29,CIN,NBA,1965-66,80,,2982,531,1310,531,1310,,,408,480,,,287,256,,,,276,1470,0.405,0.405,,0.405,0.85,0.483,smithad01
Willie Somerset,23,BAL,NBA,1965-66,8,,98,18,43,18,43,,,9,11,,,15,9,,,,21,45,0.419,0.419,,0.419,0.818,0.47,somerwi01
Dave Stallworth,24,NYK,NBA,1965-66,80,,1893,373,820,373,820,,,258,376,,,492,186,,,,237,1004,0.455,0.455,,0.455,0.686,0.509,stallda01
Joe Strawder,25,DET,NBA,1965-66,79,,2180,250,613,250,613,,,176,256,,,820,78,,,,305,676,0.408,0.408,,0.408,0.688,0.466,strawjo01
Tom Thacker,26,CIN,NBA,1965-66,50,,478,84,207,84,207,,,15,38,,,119,61,,,,85,183,0.406,0.406,,0.406,0.395,0.409,thackto01
John Thompson,24,BOS,NBA,1965-66,10,,72,14,30,14,30,,,4,6,,,30,3,,,,15,32,0.467,0.467,,0.467,0.667,0.49,thompjo01
Rod Thorn,24,TOT,NBA,1965-66,73,,1739,306,728,306,728,,,168,236,,,210,145,,,,144,780,0.42,0.42,,0.42,0.712,0.469,thornro01
Nate Thurmond,24,SFW,NBA,1965-66,73,,2891,454,1119,454,1119,,,280,428,,,1312,111,,,,223,1188,0.406,0.406,,0.406,0.654,0.454,thurmna01
Gene Tormohlen,28,STL,NBA,1965-66,71,,775,144,324,144,324,,,54,82,,,314,60,,,,138,342,0.444,0.444,,0.444,0.659,0.475,tormobu01
John Tresvant,26,TOT,NBA,1965-66,61,,969,171,400,171,400,,,142,190,,,364,72,,,,179,484,0.428,0.428,,0.428,0.747,0.5,tresvjo01
Jack Twyman,31,CIN,NBA,1965-66,73,,943,224,498,224,498,,,95,117,,,168,60,,,,122,543,0.45,0.45,,0.45,0.812,0.494,twymaja01
Dick Van Arsdale,22,NYK,NBA,1965-66,79,,2289,359,838,359,838,,,251,351,,,376,184,,,,235,969,0.428,0.428,,0.428,0.715,0.488,vanardi01
Tom Van Arsdale,22,DET,NBA,1965-66,79,,2041,312,834,312,834,,,209,290,,,309,205,,,,251,833,0.374,0.374,,0.374,0.721,0.433,vanarto01
Chico Vaughn,25,TOT,NBA,1965-66,56,,1219,182,474,182,474,,,106,144,,,109,140,,,,99,470,0.384,0.384,,0.384,0.736,0.437,vaughch01
Chet Walker,25,PHI,NBA,1965-66,80,,2603,443,982,443,982,,,335,468,,,636,201,,,,238,1221,0.451,0.451,,0.451,0.716,0.514,walkech01
Gerry Ward,24,PHI,NBA,1965-66,66,,838,67,189,67,189,,,39,60,,,89,80,,,,163,173,0.354,0.354,,0.354,0.65,0.402,wardge01
Ben Warley,29,TOT,NBA,1965-66,57,,773,116,284,116,284,,,64,97,,,217,25,,,,129,296,0.408,0.408,,0.408,0.66,0.453,warlebe01
Bob Warlick,24,DET,NBA,1965-66,10,,78,11,38,11,38,,,2,6,,,16,10,,,,8,24,0.289,0.289,,0.289,0.333,0.295,warlibo01
Jim Washington,22,STL,NBA,1965-66,65,,1104,158,393,158,393,,,68,120,,,353,43,,,,176,384,0.402,0.402,,0.402,0.567,0.431,washiji01
Ron Watts,22,BOS,NBA,1965-66,1,,3,1,2,1,2,,,0,0,,,1,1,,,,1,2,0.5,0.5,,0.5,,0.5,wattsro01
Bob Weiss,23,PHI,NBA,1965-66,7,,30,3,9,3,9,,,0,0,,,7,4,,,,10,6,0.333,0.333,,0.333,,0.333,weissbo01
Jerry West,27,LAL,NBA,1965-66,79,,3218,818,1731,818,1731,,,840,977,,,562,480,,,,243,2476,0.473,0.473,,0.473,0.86,0.573,westje01
Gene Wiley,28,LAL,NBA,1965-66,67,,1386,123,289,123,289,,,43,76,,,490,63,,,,171,289,0.426,0.426,,0.426,0.566,0.448,wileyge01
Lenny Wilkens,28,STL,NBA,1965-66,69,,2692,411,954,411,954,,,422,532,,,322,429,,,,248,1244,0.431,0.431,,0.431,0.793,0.524,wilkele01
George Wilson,23,CIN,NBA,1965-66,47,,276,54,138,54,138,,,27,42,,,98,17,,,,56,135,0.391,0.391,,0.391,0.643,0.431,wilsoge01
Henry Akin,22,NYK,NBA,1966-67,50,,453,83,230,83,230,,,26,37,,,120,25,,,,82,192,0.361,0.361,,0.361,0.703,0.39,akinhe01
Al Attles,30,SFW,NBA,1966-67,69,,1764,212,467,212,467,,,88,151,,,321,269,,,,265,512,0.454,0.454,,0.454,0.583,0.48,attleal01
Johnny Austin,22,BAL,NBA,1966-67,4,,61,5,22,5,22,,,13,16,,,7,4,,,,12,23,0.227,0.227,,0.227,0.813,0.396,austijo01
Jim Barnes,25,LAL,NBA,1966-67,80,,1398,217,497,217,497,,,128,187,,,450,47,,,,266,562,0.437,0.437,,0.437,0.684,0.485,barneji01
Dick Barnett,30,NYK,NBA,1966-67,67,,1969,454,949,454,949,,,231,295,,,226,161,,,,185,1139,0.478,0.478,,0.478,0.783,0.528,barnedi01
Jim Barnett,22,BOS,NBA,1966-67,48,,383,78,211,78,211,,,42,62,,,53,41,,,,61,198,0.37,0.37,,0.37,0.677,0.415,barneji02
John Barnhill,28,BAL,NBA,1966-67,53,,1214,187,447,187,447,,,66,103,,,157,136,,,,80,440,0.418,0.418,,0.418,0.641,0.447,barnhjo01
Rick Barry,22,SFW,NBA,1966-67,78,,3175,1011,2240,1011,2240,,,753,852,,,714,282,,,,258,2775,0.451,0.451,,0.451,0.884,0.531,barryri01
Elgin Baylor,32,LAL,NBA,1966-67,70,,2706,711,1658,711,1658,,,440,541,,,898,215,,,,211,1862,0.429,0.429,,0.429,0.813,0.491,bayloel01
Zelmo Beaty,27,STL,NBA,1966-67,48,,1661,328,694,328,694,,,197,260,,,515,60,,,,189,853,0.473,0.473,,0.473,0.758,0.528,beatyze01
Walt Bellamy,27,NYK,NBA,1966-67,79,,3010,565,1084,565,1084,,,369,580,,,1064,206,,,,275,1499,0.521,0.521,,0.521,0.636,0.56,bellawa01
Dave Bing,23,DET,NBA,1966-67,80,,2762,664,1522,664,1522,,,273,370,,,359,330,,,,217,1601,0.436,0.436,,0.436,0.738,0.475,bingda01
John Block,22,LAL,NBA,1966-67,22,,118,20,52,20,52,,,24,34,,,45,5,,,,20,64,0.385,0.385,,0.385,0.706,0.478,blockjo01
Bob Boozer,29,CHI,NBA,1966-67,80,,2451,538,1104,538,1104,,,360,461,,,679,90,,,,212,1436,0.487,0.487,,0.487,0.781,0.549,boozebo01
Nate Bowman,23,CHI,NBA,1966-67,9,,65,8,21,8,21,,,6,8,,,28,2,,,,18,22,0.381,0.381,,0.381,0.75,0.449,bowmana01
Bill Bridges,27,STL,NBA,1966-67,79,,3130,503,1106,503,1106,,,367,523,,,1190,222,,,,325,1373,0.455,0.455,,0.455,0.702,0.514,bridgbi01
Em Bryant,28,NYK,NBA,1966-67,63,,1593,236,577,236,577,,,74,114,,,273,218,,,,231,546,0.409,0.409,,0.409,0.649,0.435,bryanem01
Joe Caldwell,25,STL,NBA,1966-67,81,,2256,458,1076,458,1076,,,200,308,,,442,166,,,,230,1116,0.426,0.426,,0.426,0.649,0.461,caldwjo01
Wilt Chamberlain,30,PHI,NBA,1966-67,81,,3682,785,1150,785,1150,,,386,875,,,1957,630,,,,143,1956,0.683,0.683,,0.683,0.441,0.637,chambwi01
Jerry Chambers,23,LAL,NBA,1966-67,69,,1015,224,496,224,496,,,68,93,,,208,44,,,,143,516,0.452,0.452,,0.452,0.731,0.481,chambje01
Len Chappell,26,TOT,NBA,1966-67,73,,708,132,313,132,313,,,53,81,,,189,33,,,,104,317,0.422,0.422,,0.422,0.654,0.455,chapple01
Archie Clark,25,LAL,NBA,1966-67,76,,1763,331,732,331,732,,,136,192,,,218,205,,,,193,798,0.452,0.452,,0.452,0.708,0.489,clarkar01
Barry Clemens,23,CHI,NBA,1966-67,60,,986,186,444,186,444,,,68,90,,,201,39,,,,143,440,0.419,0.419,,0.419,0.756,0.455,clemeba01
Larry Costello,35,PHI,NBA,1966-67,49,,976,130,293,130,293,,,120,133,,,103,140,,,,141,380,0.444,0.444,,0.444,0.902,0.541,costela01
Mel Counts,25,TOT,NBA,1966-67,56,,860,177,419,177,419,,,69,94,,,344,52,,,,183,423,0.422,0.422,,0.422,0.734,0.459,countme01
Freddie Crawford,25,NYK,NBA,1966-67,19,,192,44,116,44,116,,,24,38,,,48,12,,,,39,112,0.379,0.379,,0.379,0.632,0.422,crawffr01
Billy Cunningham,23,PHI,NBA,1966-67,81,,2168,556,1211,556,1211,,,383,558,,,589,205,,,,260,1495,0.459,0.459,,0.459,0.686,0.513,cunnibi01
Dave DeBusschere,26,DET,NBA,1966-67,78,,2897,531,1278,531,1278,,,361,512,,,924,216,,,,297,1423,0.415,0.415,,0.415,0.705,0.473,debusda01
Dave Deutsch,21,NYK,NBA,1966-67,19,,93,6,36,6,36,,,9,20,,,21,15,,,,17,21,0.167,0.167,,0.167,0.45,0.234,deutsda01
Connie Dierking,30,CIN,NBA,1966-67,77,,1905,291,729,291,729,,,134,180,,,603,158,,,,251,716,0.399,0.399,,0.399,0.744,0.443,dierkco01
Johnny Egan,28,BAL,NBA,1966-67,71,,1743,267,624,267,624,,,185,219,,,180,275,,,,190,719,0.428,0.428,,0.428,0.845,0.499,eganjo01
Joe Ellis,22,SFW,NBA,1966-67,41,,333,67,164,67,164,,,19,25,,,112,27,,,,45,153,0.409,0.409,,0.409,0.76,0.437,ellisjo01
Leroy Ellis,26,BAL,NBA,1966-67,81,,2938,496,1166,496,1166,,,211,286,,,970,170,,,,258,1203,0.425,0.425,,0.425,0.738,0.466,ellisle01
Wayne Embry,29,BOS,NBA,1966-67,72,,729,147,359,147,359,,,82,144,,,294,42,,,,137,376,0.409,0.409,,0.409,0.569,0.445,embrywa01
Keith Erickson,22,CHI,NBA,1966-67,76,,1454,235,641,235,641,,,117,159,,,339,119,,,,199,587,0.367,0.367,,0.367,0.736,0.413,erickke01
Bob Ferry,29,BAL,NBA,1966-67,51,,991,132,315,132,315,,,70,110,,,258,92,,,,97,334,0.419,0.419,,0.419,0.636,0.46,ferrybo01
Hank Finkel,24,LAL,NBA,1966-67,27,,141,17,47,17,47,,,7,12,,,64,5,,,,39,41,0.362,0.362,,0.362,0.583,0.392,finkeha01
Dave Gambee,29,PHI,NBA,1966-67,63,,757,150,345,150,345,,,107,125,,,197,42,,,,143,407,0.435,0.435,,0.435,0.856,0.509,gambeda01
Gail Goodrich,23,LAL,NBA,1966-67,77,,1780,352,776,352,776,,,253,337,,,251,210,,,,194,957,0.454,0.454,,0.454,0.751,0.518,goodrga01
Johnny Green,33,BAL,NBA,1966-67,61,,948,203,437,203,437,,,96,207,,,394,57,,,,139,502,0.465,0.465,,0.465,0.464,0.475,greenjo01
Hal Greer,30,PHI,NBA,1966-67,80,,3086,699,1524,699,1524,,,367,466,,,422,303,,,,302,1765,0.459,0.459,,0.459,0.788,0.51,greerha01
Richie Guerin,34,STL,NBA,1966-67,80,,2275,394,904,394,904,,,304,416,,,192,345,,,,247,1092,0.436,0.436,,0.436,0.731,0.502,gueriri01
Matt Guokas,22,PHI,NBA,1966-67,69,,808,79,203,79,203,,,49,81,,,83,105,,,,82,207,0.389,0.389,,0.389,0.605,0.434,guokama02
Happy Hairston,24,CIN,NBA,1966-67,79,,2442,461,962,461,962,,,252,382,,,631,62,,,,273,1174,0.479,0.479,,0.479,0.66,0.519,hairsha01
Reggie Harding,24,DET,NBA,1966-67,74,,1367,172,383,172,383,,,63,103,,,455,94,,,,164,407,0.449,0.449,,0.449,0.612,0.475,hardire01
John Havlicek,26,BOS,NBA,1966-67,81,,2602,684,1540,684,1540,,,365,441,,,532,278,,,,210,1733,0.444,0.444,,0.444,0.828,0.5,havlijo01
Tom Hawkins,30,LAL,NBA,1966-67,76,,1798,275,572,275,572,,,82,173,,,434,83,,,,207,632,0.481,0.481,,0.481,0.474,0.488,hawkito01
Walt Hazzard,24,LAL,NBA,1966-67,79,,1642,301,706,301,706,,,129,177,,,231,323,,,,203,731,0.426,0.426,,0.426,0.729,0.466,abdulma01
Fred Hetzel,24,SFW,NBA,1966-67,77,,2123,373,932,373,932,,,192,237,,,639,111,,,,228,938,0.4,0.4,,0.4,0.81,0.453,hetzefr01
Wayne Hightower,27,TOT,NBA,1966-67,72,,1310,195,567,195,567,,,153,210,,,405,64,,,,190,543,0.344,0.344,,0.344,0.729,0.412,hightwa01
Bob Hogsett,26,DET,NBA,1966-67,7,,22,5,16,5,16,,,6,6,,,3,1,,,,5,16,0.313,0.313,,0.313,1,0.429,hogsebo01
Tom Hoover,26,STL,NBA,1966-67,17,,129,13,31,13,31,,,5,13,,,36,8,,,,35,31,0.419,0.419,,0.419,0.385,0.422,hooveto01
Bailey Howell,30,BOS,NBA,1966-67,81,,2503,636,1242,636,1242,,,349,471,,,677,103,,,,296,1621,0.512,0.512,,0.512,0.741,0.559,howelba01
Lou Hudson,22,STL,NBA,1966-67,80,,2446,620,1328,620,1328,,,231,327,,,435,95,,,,277,1471,0.467,0.467,,0.467,0.706,0.5,hudsolo01
Darrall Imhoff,28,LAL,NBA,1966-67,81,,2725,370,780,370,780,,,127,207,,,1080,222,,,,281,867,0.474,0.474,,0.474,0.614,0.498,imhofda01
Luke Jackson,25,PHI,NBA,1966-67,81,,2377,386,882,386,882,,,198,261,,,724,114,,,,276,970,0.438,0.438,,0.438,0.759,0.487,jackslu01
Gus Johnson,28,BAL,NBA,1966-67,73,,2626,620,1377,620,1377,,,271,383,,,855,194,,,,281,1511,0.45,0.45,,0.45,0.708,0.489,johnsgu01
Neil Johnson,23,NYK,NBA,1966-67,51,,522,59,171,59,171,,,57,86,,,167,38,,,,102,175,0.345,0.345,,0.345,0.663,0.419,johnsne02
K.C. Jones,34,BOS,NBA,1966-67,78,,2446,182,459,182,459,,,119,189,,,239,389,,,,273,483,0.397,0.397,,0.397,0.63,0.445,joneskc01
Sam Jones,33,BOS,NBA,1966-67,72,,2325,638,1406,638,1406,,,318,371,,,338,217,,,,191,1594,0.454,0.454,,0.454,0.857,0.508,jonessa01
Wali Jones,24,PHI,NBA,1966-67,81,,2249,423,982,423,982,,,223,266,,,265,303,,,,246,1069,0.431,0.431,,0.431,0.838,0.486,joneswa02
Toby Kimball,24,BOS,NBA,1966-67,38,,222,35,97,35,97,,,27,40,,,146,13,,,,42,97,0.361,0.361,,0.361,0.675,0.423,kimbato01
Jim King,25,SFW,NBA,1966-67,67,,1667,286,685,286,685,,,174,221,,,319,240,,,,193,746,0.418,0.418,,0.418,0.787,0.477,kingji01
Don Kojis,28,CHI,NBA,1966-67,78,,1655,329,773,329,773,,,134,222,,,479,70,,,,204,792,0.426,0.426,,0.426,0.604,0.455,kojisdo01
Howard Komives,25,NYK,NBA,1966-67,65,,2282,402,995,402,995,,,217,253,,,183,401,,,,213,1021,0.404,0.404,,0.404,0.858,0.461,komivho01
Tommy Kron,23,STL,NBA,1966-67,32,,221,27,87,27,87,,,13,19,,,36,46,,,,35,67,0.31,0.31,,0.31,0.684,0.351,kronto01
Rudy LaRusso,29,LAL,NBA,1966-67,45,,1292,211,509,211,509,,,156,224,,,351,78,,,,149,578,0.415,0.415,,0.415,0.696,0.476,larusru01
Clyde Lee,22,SFW,NBA,1966-67,74,,1247,205,503,205,503,,,105,166,,,551,77,,,,168,515,0.408,0.408,,0.408,0.633,0.447,leecl01
George Lee,30,SFW,NBA,1966-67,1,,5,3,4,3,4,,,6,7,,,0,0,,,,0,12,0.75,0.75,,0.75,0.857,0.847,leege01
Freddie Lewis,23,CIN,NBA,1966-67,32,,334,60,153,60,153,,,29,41,,,44,40,,,,49,149,0.392,0.392,,0.392,0.707,0.436,lewisfr02
Kevin Loughery,26,BAL,NBA,1966-67,76,,2577,520,1306,520,1306,,,340,412,,,349,288,,,,294,1380,0.398,0.398,,0.398,0.825,0.464,loughke01
Bob Love,24,CIN,NBA,1966-67,66,,1074,173,403,173,403,,,93,147,,,257,49,,,,153,439,0.429,0.429,,0.429,0.633,0.469,lovebo01
Jerry Lucas,26,CIN,NBA,1966-67,81,,3558,577,1257,577,1257,,,284,359,,,1547,268,,,,280,1438,0.459,0.459,,0.459,0.791,0.508,lucasje01
Jack Marin,22,BAL,NBA,1966-67,74,,1323,283,632,283,632,,,145,187,,,313,75,,,,199,711,0.448,0.448,,0.448,0.775,0.498,marinja01
Jon McGlocklin,23,CIN,NBA,1966-67,60,,1194,217,493,217,493,,,74,104,,,164,93,,,,84,508,0.44,0.44,,0.44,0.712,0.471,mcglojo01
McCoy McLemore,24,CHI,NBA,1966-67,79,,1382,258,670,258,670,,,210,272,,,374,62,,,,189,726,0.385,0.385,,0.385,0.772,0.46,mclemmc01
Bill Melchionni,22,PHI,NBA,1966-67,73,,692,138,353,138,353,,,39,60,,,98,98,,,,73,315,0.391,0.391,,0.391,0.65,0.415,melchbi01
Tom Meschery,28,SFW,NBA,1966-67,72,,1846,293,706,293,706,,,175,244,,,549,94,,,,264,761,0.415,0.415,,0.415,0.717,0.468,meschto01
Eddie Miles,26,DET,NBA,1966-67,81,,2419,582,1363,582,1363,,,261,338,,,298,181,,,,216,1425,0.427,0.427,,0.427,0.772,0.471,milesed01
Wayne Molis,23,NYK,NBA,1966-67,13,,75,19,51,19,51,,,7,13,,,22,2,,,,9,45,0.373,0.373,,0.373,0.538,0.397,moliswa01
Erwin Mueller,22,CHI,NBA,1966-67,80,,2136,422,957,422,957,,,171,260,,,497,131,,,,223,1015,0.441,0.441,,0.441,0.658,0.474,mueller01
Jeff Mullins,24,SFW,NBA,1966-67,77,,1835,421,919,421,919,,,150,214,,,388,226,,,,195,992,0.458,0.458,,0.458,0.701,0.49,mullije01
Dorie Murrey,23,DET,NBA,1966-67,35,,311,33,82,33,82,,,32,54,,,102,12,,,,57,98,0.402,0.402,,0.402,0.593,0.463,murredo01
Don Nelson,26,BOS,NBA,1966-67,79,,1202,227,509,227,509,,,141,190,,,295,65,,,,143,595,0.446,0.446,,0.446,0.742,0.502,nelsodo01
Paul Neumann,29,SFW,NBA,1966-67,78,,2421,386,911,386,911,,,312,390,,,272,342,,,,266,1084,0.424,0.424,,0.424,0.8,0.501,neumapa01
Don Ohl,30,BAL,NBA,1966-67,58,,2024,452,1002,452,1002,,,276,354,,,189,168,,,,153,1180,0.451,0.451,,0.451,0.78,0.51,ohldo01
Bud Olsen,26,SFW,NBA,1966-67,40,,348,75,167,75,167,,,23,58,,,103,32,,,,51,173,0.449,0.449,,0.449,0.397,0.449,olsenbu01
Ron Reed,24,DET,NBA,1966-67,62,,1248,223,600,223,600,,,79,133,,,423,81,,,,145,525,0.372,0.372,,0.372,0.594,0.399,reedro01
Willis Reed,24,NYK,NBA,1966-67,78,,2824,635,1298,635,1298,,,358,487,,,1136,126,,,,293,1628,0.489,0.489,,0.489,0.735,0.538,reedwi01
Oscar Robertson,28,CIN,NBA,1966-67,79,,3468,838,1699,838,1699,,,736,843,,,486,845,,,,226,2412,0.493,0.493,,0.493,0.873,0.583,roberos01
Flynn Robinson,25,CIN,NBA,1966-67,76,,1140,274,599,274,599,,,120,154,,,133,110,,,,197,668,0.457,0.457,,0.457,0.779,0.501,robinfl01
Guy Rodgers,31,CHI,NBA,1966-67,81,,3063,538,1377,538,1377,,,383,475,,,346,908,,,,243,1459,0.391,0.391,,0.391,0.806,0.46,rodgegu01
Bill Russell,32,BOS,NBA,1966-67,81,,3297,395,870,395,870,,,285,467,,,1700,472,,,,258,1075,0.454,0.454,,0.454,0.61,0.5,russebi01
Cazzie Russell,22,NYK,NBA,1966-67,77,,1696,344,789,344,789,,,179,228,,,251,187,,,,174,867,0.436,0.436,,0.436,0.785,0.487,russeca01
Tom Sanders,28,BOS,NBA,1966-67,81,,1926,323,755,323,755,,,178,218,,,439,91,,,,304,824,0.428,0.428,,0.428,0.817,0.484,sandeto01
Dave Schellhase,22,CHI,NBA,1966-67,31,,212,40,111,40,111,,,14,22,,,29,23,,,,27,94,0.36,0.36,,0.36,0.636,0.389,schelda01
Ray Scott,28,TOT,NBA,1966-67,72,,2446,458,1144,458,1144,,,256,366,,,760,160,,,,215,1172,0.4,0.4,,0.4,0.699,0.449,scottra01
Larry Siegfried,27,BOS,NBA,1966-67,73,,1891,368,833,368,833,,,294,347,,,228,250,,,,207,1030,0.442,0.442,,0.442,0.847,0.522,siegfla01
Paul Silas,23,STL,NBA,1966-67,77,,1570,207,482,207,482,,,113,213,,,669,74,,,,208,527,0.429,0.429,,0.429,0.531,0.458,silaspa01
Jerry Sloan,24,CHI,NBA,1966-67,80,,2942,525,1214,525,1214,,,340,427,,,726,170,,,,293,1390,0.432,0.432,,0.432,0.796,0.496,sloanje01
Adrian Smith,30,CIN,NBA,1966-67,81,,2636,502,1147,502,1147,,,343,380,,,205,187,,,,272,1347,0.438,0.438,,0.438,0.903,0.512,smithad01
Dick Snyder,22,STL,NBA,1966-67,55,,676,144,333,144,333,,,46,61,,,91,59,,,,82,334,0.432,0.432,,0.432,0.754,0.464,snydedi01
Dave Stallworth,25,NYK,NBA,1966-67,76,,1889,380,816,380,816,,,229,320,,,472,144,,,,226,989,0.466,0.466,,0.466,0.716,0.517,stallda01
Joe Strawder,26,DET,NBA,1966-67,79,,2156,281,660,281,660,,,188,262,,,791,82,,,,344,750,0.426,0.426,,0.426,0.718,0.484,strawjo01
Rod Thorn,25,STL,NBA,1966-67,67,,1166,233,524,233,524,,,125,172,,,160,118,,,,88,591,0.445,0.445,,0.445,0.727,0.493,thornro01
Nate Thurmond,25,SFW,NBA,1966-67,65,,2761,467,1068,467,1068,,,280,445,,,1382,166,,,,183,1214,0.437,0.437,,0.437,0.629,0.48,thurmna01
Gene Tormohlen,29,STL,NBA,1966-67,63,,1036,172,403,172,403,,,50,84,,,347,73,,,,177,394,0.427,0.427,,0.427,0.595,0.448,tormobu01
John Tresvant,27,DET,NBA,1966-67,68,,1553,256,585,256,585,,,164,234,,,483,88,,,,246,676,0.438,0.438,,0.438,0.701,0.491,tresvjo01
Dick Van Arsdale,23,NYK,NBA,1966-67,79,,2892,410,913,410,913,,,371,509,,,555,247,,,,264,1191,0.449,0.449,,0.449,0.729,0.524,vanardi01
Tom Van Arsdale,23,DET,NBA,1966-67,79,,2134,347,887,347,887,,,272,347,,,341,193,,,,241,966,0.391,0.391,,0.391,0.784,0.465,vanarto01
Chico Vaughn,26,DET,NBA,1966-67,51,,680,85,226,85,226,,,50,74,,,67,75,,,,54,220,0.376,0.376,,0.376,0.676,0.425,vaughch01
Chet Walker,26,PHI,NBA,1966-67,81,,2691,561,1150,561,1150,,,445,581,,,660,188,,,,232,1567,0.488,0.488,,0.488,0.766,0.557,walkech01
Gerry Ward,25,CHI,NBA,1966-67,76,,1042,117,307,117,307,,,87,138,,,179,130,,,,169,321,0.381,0.381,,0.381,0.63,0.436,wardge01
Jim Ware,22,CIN,NBA,1966-67,33,,201,30,97,30,97,,,10,17,,,69,6,,,,35,70,0.309,0.309,,0.309,0.588,0.335,wareji01
Ben Warley,30,BAL,NBA,1966-67,62,,1037,125,312,125,312,,,134,170,,,325,51,,,,176,384,0.401,0.401,,0.401,0.788,0.496,warlebe01
Bob Warlick,25,SFW,NBA,1966-67,12,,65,15,52,15,52,,,6,11,,,20,10,,,,4,36,0.288,0.288,,0.288,0.545,0.317,warlibo01
Jim Washington,23,CHI,NBA,1966-67,77,,1475,252,604,252,604,,,88,159,,,468,56,,,,181,592,0.417,0.417,,0.417,0.553,0.439,washiji01
Ron Watts,23,BOS,NBA,1966-67,27,,89,11,44,11,44,,,16,23,,,38,1,,,,16,38,0.25,0.25,,0.25,0.696,0.351,wattsro01
Bob Weiss,24,PHI,NBA,1966-67,6,,29,5,10,5,10,,,2,5,,,3,10,,,,8,12,0.5,0.5,,0.5,0.4,0.492,weissbo01
Walt Wesley,22,CIN,NBA,1966-67,64,,909,131,333,131,333,,,52,123,,,329,19,,,,161,314,0.393,0.393,,0.393,0.423,0.406,weslewa01
Jerry West,28,LAL,NBA,1966-67,66,,2670,645,1389,645,1389,,,602,686,,,392,447,,,,160,1892,0.464,0.464,,0.464,0.878,0.559,westje01
Lenny Wilkens,29,STL,NBA,1966-67,78,,2974,448,1036,448,1036,,,459,583,,,412,442,,,,280,1355,0.432,0.432,,0.432,0.787,0.524,wilkele01
George Wilson,24,TOT,NBA,1966-67,55,,573,85,234,85,234,,,58,86,,,206,15,,,,92,228,0.363,0.363,,0.363,0.674,0.419,wilsoge01
Bud Acton,26,SDR,NBA,1967-68,23,,195,29,74,29,74,,,19,29,,,47,11,,,,35,77,0.392,0.392,,0.392,0.655,0.444,actonbu01
Matthew Aitch,23,INA,ABA,1967-68,45,,637,100,247,100,245,0,2,52,77,,,160,18,,,37,69,252,0.405,0.408,0,0.405,0.675,0.449,aitchma01
Henry Akin,23,SEA,NBA,1967-68,36,,259,46,137,46,137,,,20,31,,,57,14,,,,48,112,0.336,0.336,,0.336,0.645,0.372,akinhe01
Bill Allen,,ANA,ABA,1967-68,38,,857,120,280,118,278,2,2,58,99,,,269,23,,,38,121,300,0.429,0.424,1,0.432,0.586,0.464,allenbi01
Andrew Anderson,22,OAK,ABA,1967-68,77,,1894,279,756,270,712,9,44,163,225,,,167,118,,,120,190,730,0.369,0.379,0.205,0.375,0.724,0.427,anderan01
Cliff Anderson,23,LAL,NBA,1967-68,18,,94,7,29,7,29,,,12,28,,,11,17,,,,18,26,0.241,0.241,,0.241,0.429,0.315,andercl01
Dan Anderson,24,NJA,ABA,1967-68,78,,2626,463,938,463,938,0,0,223,320,303,553,856,92,,,131,329,1149,0.494,0.494,,0.494,0.697,0.533,anderda01
Al Attles,31,SFW,NBA,1967-68,67,,1992,252,540,252,540,,,150,216,,,276,390,,,,284,654,0.467,0.467,,0.467,0.694,0.515,attleal01
Johnny Austin,23,NJA,ABA,1967-68,41,,692,108,279,108,268,0,11,101,140,,,64,58,,,57,110,317,0.387,0.403,0,0.387,0.721,0.465,austijo01
Jim Barnes,26,TOT,NBA,1967-68,79,,1425,221,499,221,499,,,133,191,,,415,55,,,,262,575,0.443,0.443,,0.443,0.696,0.493,barneji01
Dick Barnett,31,NYK,NBA,1967-68,81,,2488,559,1159,559,1159,,,343,440,,,238,242,,,,222,1461,0.482,0.482,,0.482,0.78,0.54,barnedi01
Jim Barnett,23,SDR,NBA,1967-68,47,,1068,179,456,179,456,,,84,118,,,155,134,,,,101,442,0.393,0.393,,0.393,0.712,0.435,barneji02
John Barnhill,29,SDR,NBA,1967-68,75,,1883,295,700,295,700,,,154,234,,,173,259,,,,143,744,0.421,0.421,,0.421,0.658,0.463,barnhjo01
Elgin Baylor,33,LAL,NBA,1967-68,77,,3029,757,1709,757,1709,,,488,621,,,941,355,,,,232,2002,0.443,0.443,,0.443,0.786,0.505,bayloel01
Howard Bayne,25,KEN,ABA,1967-68,69,,1181,130,361,129,354,1,7,77,143,,,456,71,,,117,199,338,0.36,0.364,0.143,0.361,0.538,0.399,bayneho01
Al Beard,25,NJA,ABA,1967-68,12,,118,12,23,12,23,0,0,6,11,,,46,0,,,12,29,30,0.522,0.522,,0.522,0.545,0.539,beardal01
Charles Beasley,22,DLC,ABA,1967-68,78,,2969,374,758,371,745,3,13,285,327,,,295,290,,,189,202,1036,0.493,0.498,0.231,0.495,0.872,0.574,beaslch01
John Beasley,23,DLC,ABA,1967-68,77,,2840,622,1264,622,1262,0,2,271,322,278,704,982,112,,,107,245,1515,0.492,0.493,0,0.492,0.842,0.539,beasljo01
Zelmo Beaty,28,STL,NBA,1967-68,82,,3068,639,1310,639,1310,,,455,573,,,959,174,,,,295,1733,0.488,0.488,,0.488,0.794,0.555,beatyze01
Byron Beck,23,DNR,ABA,1967-68,71,,1623,275,570,275,568,0,2,119,159,,,559,38,,,72,219,669,0.482,0.484,0,0.482,0.748,0.523,beckby01
Arthur Becker,26,HSM,ABA,1967-68,76,,2689,563,1204,559,1192,4,12,297,362,252,461,713,95,,,154,321,1427,0.468,0.469,0.333,0.469,0.82,0.523,beckear01
Bob Bedell,23,ANA,ABA,1967-68,76,,1492,325,736,325,732,0,4,142,190,,,506,79,,,111,203,792,0.442,0.444,0,0.442,0.747,0.483,bedelbo01
Walt Bellamy,28,NYK,NBA,1967-68,82,,2695,511,944,511,944,,,350,529,,,961,164,,,,259,1372,0.541,0.541,,0.541,0.662,0.583,bellawa01
Wesley Bialosuknia,22,OAK,ABA,1967-68,70,,1224,238,570,209,497,29,73,103,132,,,89,57,,,62,101,608,0.418,0.421,0.397,0.443,0.78,0.484,bialowe01
Dave Bing,24,DET,NBA,1967-68,79,,3209,835,1893,835,1893,,,472,668,,,373,509,,,,254,2142,0.441,0.441,,0.441,0.707,0.49,bingda01
John Block,23,SDR,NBA,1967-68,52,,1805,366,865,366,865,,,316,394,,,571,71,,,,189,1048,0.423,0.423,,0.423,0.802,0.505,blockjo01
Ron Bonham,25,INA,ABA,1967-68,42,,426,80,210,80,208,0,2,85,105,,,57,14,,,32,36,245,0.381,0.385,0,0.381,0.81,0.478,bonharo01
Bob Boozer,30,CHI,NBA,1967-68,77,,2988,622,1265,622,1265,,,411,535,,,756,121,,,,229,1655,0.492,0.492,,0.492,0.768,0.552,boozebo01
Tommie Bowens,27,DNR,ABA,1967-68,67,,1287,177,453,176,451,1,2,55,90,,,374,41,,,83,159,410,0.391,0.39,0.5,0.392,0.611,0.416,bowento01
Orbie Bowling,28,KEN,ABA,1967-68,11,,90,9,28,9,28,0,0,3,12,,,29,1,,,6,16,21,0.321,0.321,,0.321,0.25,0.316,bowlior01
Nate Bowman,24,NYK,NBA,1967-68,42,,272,52,134,52,134,,,10,15,,,113,20,,,,69,114,0.388,0.388,,0.388,0.667,0.405,bowmana01
Gary Bradds,25,OAK,ABA,1967-68,49,,1052,199,440,199,436,0,4,221,283,,,289,51,,,81,131,619,0.452,0.456,0,0.452,0.781,0.548,braddga01
Bill Bradley,26,KEN,ABA,1967-68,58,,521,82,258,79,240,3,18,51,56,,,47,54,,,50,40,218,0.318,0.329,0.167,0.324,0.911,0.386,bradlbi02
Bill Bradley,24,NYK,NBA,1967-68,45,,874,142,341,142,341,,,76,104,,,113,137,,,,138,360,0.416,0.416,,0.416,0.731,0.465,bradlbi01
Jesse Branson,26,NOB,ABA,1967-68,78,,1892,376,877,374,868,2,9,332,473,,,541,67,,,115,248,1086,0.429,0.431,0.222,0.43,0.702,0.5,bransje01
Bill Bridges,28,STL,NBA,1967-68,82,,3197,466,1009,466,1009,,,347,484,,,1102,253,,,,366,1279,0.462,0.462,,0.462,0.717,0.523,bridgbi01
Tyrone Britt,23,SDR,NBA,1967-68,11,,84,13,34,13,34,,,2,3,,,15,12,,,,10,28,0.382,0.382,,0.382,0.667,0.396,brittty01
Larry Brown,27,NOB,ABA,1967-68,78,,2807,330,901,311,812,19,89,366,450,,,249,506,,,355,220,1045,0.366,0.383,0.213,0.377,0.813,0.475,brownla01
Roger Brown,25,INA,ABA,1967-68,76,,2974,544,1286,530,1232,14,54,390,517,,,647,327,,,265,296,1492,0.423,0.43,0.259,0.428,0.754,0.493,brownro01
Em Bryant,29,NYK,NBA,1967-68,77,,968,112,291,112,291,,,59,86,,,133,134,,,,173,283,0.385,0.385,,0.385,0.686,0.43,bryanem01
Larry Bunce,22,ANA,ABA,1967-68,71,,2266,300,716,300,715,0,1,256,352,,,589,75,,,132,189,856,0.419,0.42,0,0.419,0.727,0.491,buncela01
Jim Burns,22,TOT,TOT,1967-68,36,,403,54,144,54,142,0,2,51,89,,,62,25,,,42,53,159,0.375,0.38,0,0.375,0.573,0.434,burnsji01
Jim Caldwell,25,TOT,TOT,1967-68,72,,1850,223,536,222,530,1,6,99,166,,,629,148,,,121,235,546,0.416,0.419,0.167,0.417,0.596,0.448,caldwji01
Joe Caldwell,26,STL,NBA,1967-68,79,,2641,564,1219,564,1219,,,165,290,,,338,240,,,,208,1293,0.463,0.463,,0.463,0.569,0.48,caldwjo01
Darel Carrier,27,KEN,ABA,1967-68,77,,3192,643,1545,559,1310,84,235,395,479,,,352,172,,,228,263,1765,0.416,0.427,0.357,0.443,0.825,0.503,carrida01
George Carter,24,DET,NBA,1967-68,1,,5,1,2,1,2,,,1,1,,,0,1,,,,0,3,0.5,0.5,,0.5,1,0.615,cartege01
Wilt Chamberlain,31,PHI,NBA,1967-68,82,,3836,819,1377,819,1377,,,354,932,,,1952,702,,,,160,1992,0.595,0.595,,0.595,0.38,0.557,chambwi01
Len Chappell,27,TOT,NBA,1967-68,67,,1064,235,458,235,458,,,138,194,,,361,53,,,,119,608,0.513,0.513,,0.513,0.711,0.559,chapple01
Stephen Chubin,23,ANA,ABA,1967-68,77,,2441,439,1057,437,1047,2,10,518,639,,,433,364,,,310,292,1398,0.415,0.417,0.2,0.416,0.811,0.522,chubist01
Archie Clark,26,LAL,NBA,1967-68,81,,3039,628,1309,628,1309,,,356,481,,,342,353,,,,235,1612,0.48,0.48,,0.48,0.74,0.53,clarkar01
Richard Clark,24,MNM,ABA,1967-68,26,,414,46,150,46,140,0,10,48,79,,,52,33,,,33,49,140,0.307,0.329,0,0.307,0.608,0.379,clarkri01
Barry Clemens,24,CHI,NBA,1967-68,78,,1631,301,670,301,670,,,123,170,,,375,98,,,,223,725,0.449,0.449,,0.449,0.724,0.487,clemeba01
John Comeaux,24,NOB,ABA,1967-68,23,,189,27,63,27,63,0,0,23,32,,,28,11,,,15,27,77,0.429,0.429,,0.429,0.719,0.499,comeajo01
Jeffrey Congdon,24,TOT,ABA,1967-68,64,,1020,150,404,137,350,13,54,49,64,,,106,133,,,119,84,362,0.371,0.391,0.241,0.387,0.766,0.419,congdje01
Larry Conley,24,KEN,ABA,1967-68,1,,18,1,4,1,4,0,0,0,0,0,0,0,0,,,3,0,2,0.25,0.25,,0.25,,0.25,conlela01
Larry Costello,36,PHI,NBA,1967-68,28,,492,67,148,67,148,,,67,81,,,51,68,,,,62,201,0.453,0.453,,0.453,0.827,0.547,costela01
Mel Counts,26,LAL,NBA,1967-68,82,,1739,384,808,384,808,,,190,254,,,732,139,,,,309,958,0.475,0.475,,0.475,0.748,0.521,countme01
Freddie Crawford,26,TOT,NBA,1967-68,69,,1182,224,507,224,507,,,111,179,,,195,141,,,,171,559,0.442,0.442,,0.442,0.62,0.477,crawffr01
Bill Crow,27,ANA,ABA,1967-68,1,,16,1,8,1,8,0,0,1,4,,,2,0,,,1,0,3,0.125,0.125,,0.125,0.25,0.154,crowbi01
Billy Cunningham,24,PHI,NBA,1967-68,74,,2076,516,1178,516,1178,,,368,509,,,562,187,,,,260,1400,0.438,0.438,,0.438,0.723,0.499,cunnibi01
Mike Dabich,25,TOT,ABA,1967-68,10,,49,8,12,8,12,0,0,4,9,,,13,2,,,5,12,20,0.667,0.667,,0.667,0.444,0.627,dabicmi01
Louie Dampier,23,KEN,ABA,1967-68,72,,2961,620,1473,582,1331,38,142,209,254,,,333,256,,,163,143,1487,0.421,0.437,0.268,0.434,0.823,0.469,dampilo01
Mel Daniels,23,MNM,ABA,1967-68,78,,2938,669,1640,668,1635,1,5,390,678,502,711,1213,109,,,232,268,1729,0.408,0.409,0.2,0.408,0.575,0.446,danieme01
Ollie Darden,23,INA,ABA,1967-68,77,,2045,371,831,371,830,0,1,180,270,,,527,69,,,140,277,922,0.446,0.447,0,0.446,0.667,0.485,dardeol01
Jim Davis,26,STL,NBA,1967-68,50,,394,61,139,61,139,,,25,64,,,123,13,,,,85,147,0.439,0.439,,0.439,0.391,0.44,davisji01
Warren Davis,24,ANA,ABA,1967-68,54,,1816,343,758,342,751,1,7,229,353,221,345,566,75,,,128,193,916,0.453,0.455,0.143,0.453,0.649,0.501,daviswa02
Jimmy Dawson,22,INA,ABA,1967-68,21,,288,46,133,45,126,1,7,25,43,,,21,32,,,16,16,118,0.346,0.357,0.143,0.35,0.581,0.388,dawsoji01
Dave DeBusschere,27,DET,NBA,1967-68,80,,3125,573,1295,573,1295,,,289,435,,,1081,181,,,,304,1435,0.442,0.442,,0.442,0.664,0.483,debusda01
John Dickson,22,NOB,ABA,1967-68,21,,100,14,39,14,39,0,0,8,13,,,33,3,,,10,11,36,0.359,0.359,,0.359,0.615,0.403,dicksjo01
Connie Dierking,31,CIN,NBA,1967-68,81,,2637,544,1164,544,1164,,,237,310,,,766,191,,,,315,1325,0.467,0.467,,0.467,0.765,0.509,dierkco01
Craig Dill,23,PTP,ABA,1967-68,65,,1354,187,488,187,485,0,3,71,106,,,378,31,,,64,164,445,0.383,0.386,0,0.383,0.67,0.416,dillcr01
Harry Dinnel,27,ANA,ABA,1967-68,11,,87,6,19,6,19,0,0,7,8,,,23,5,,,8,14,19,0.316,0.316,,0.316,0.875,0.422,dinneha01
Bill Dinwiddie,24,CIN,NBA,1967-68,67,,871,141,358,141,358,,,62,102,,,237,31,,,,122,344,0.394,0.394,,0.394,0.608,0.427,dinwibi01
Terry Dischinger,27,DET,NBA,1967-68,78,,1936,394,797,394,797,,,237,311,,,483,114,,,,247,1025,0.494,0.494,,0.494,0.762,0.549,dischte01
Sonny Dove,22,DET,NBA,1967-68,28,,162,22,75,22,75,,,12,26,,,52,11,,,,27,56,0.293,0.293,,0.293,0.462,0.324,doveso01
Bobby Edmonds,26,INA,ABA,1967-68,72,,1338,213,488,212,482,1,6,150,229,,,374,29,,,123,183,577,0.436,0.44,0.167,0.438,0.655,0.49,edmonbo01
Johnny Egan,29,BAL,NBA,1967-68,67,,930,163,415,163,415,,,142,183,,,112,134,,,,127,468,0.393,0.393,,0.393,0.776,0.472,eganjo01
Joe Ellis,23,SFW,NBA,1967-68,51,,624,111,302,111,302,,,32,50,,,195,37,,,,83,254,0.368,0.368,,0.368,0.64,0.392,ellisjo01
Leroy Ellis,27,BAL,NBA,1967-68,78,,2719,380,800,380,800,,,207,286,,,862,158,,,,256,967,0.475,0.475,,0.475,0.724,0.522,ellisle01
Wayne Embry,30,BOS,NBA,1967-68,78,,1088,193,483,193,483,,,109,185,,,321,52,,,,174,495,0.4,0.4,,0.4,0.589,0.439,embrywa01
Keith Erickson,23,CHI,NBA,1967-68,78,,2257,377,940,377,940,,,194,257,,,423,267,,,,276,948,0.401,0.401,,0.401,0.755,0.45,erickke01
John Fairchild,24,ANA,ABA,1967-68,62,,1311,271,620,270,616,1,4,135,200,,,332,63,,,103,155,678,0.437,0.438,0.25,0.438,0.675,0.479,faircjo01
Bob Ferry,30,BAL,NBA,1967-68,59,,841,128,311,128,311,,,73,117,,,186,61,,,,92,329,0.412,0.412,,0.412,0.624,0.454,ferrybo01
Ron Filipek,23,PHI,NBA,1967-68,19,,73,18,47,18,47,,,7,14,,,25,7,,,,12,43,0.383,0.383,,0.383,0.5,0.404,filipro01
Hank Finkel,25,SDR,NBA,1967-68,53,,1116,242,492,242,492,,,131,191,,,375,72,,,,175,615,0.492,0.492,,0.492,0.686,0.534,finkeha01
Jim Fox,24,TOT,NBA,1967-68,55,,624,66,161,66,161,,,66,108,,,230,29,,,,85,198,0.41,0.41,,0.41,0.611,0.475,foxji01
Ronald Franz,22,OAK,ABA,1967-68,74,,2080,354,903,329,806,25,97,197,285,,,469,129,,,173,249,930,0.392,0.408,0.258,0.406,0.691,0.452,franzro01
Walt Frazier,22,NYK,NBA,1967-68,74,,1588,256,568,256,568,,,154,235,,,313,305,,,,199,666,0.451,0.451,,0.451,0.655,0.496,fraziwa01
Will Frazier,25,HSM,ABA,1967-68,76,,2125,358,870,357,868,1,2,228,376,,,666,104,,,146,219,945,0.411,0.411,0.5,0.412,0.606,0.456,fraziwi01
Donnie Freeman,23,MNM,ABA,1967-68,69,,2431,414,1013,414,1007,0,6,296,414,,,326,190,,,187,185,1124,0.409,0.411,0,0.409,0.715,0.47,freemdo01
David Gaines,25,KEN,ABA,1967-68,3,,36,4,16,3,15,1,1,1,2,,,10,0,,,0,4,10,0.25,0.2,1,0.281,0.5,0.296,gaineda01
Dave Gambee,30,SDR,NBA,1967-68,80,,1755,375,853,375,853,,,321,379,,,464,93,,,,253,1071,0.44,0.44,,0.44,0.847,0.525,gambeda01
Chuck Gardner,23,DNR,ABA,1967-68,42,,487,71,175,71,171,0,4,55,79,,,136,13,,,52,74,197,0.406,0.415,0,0.406,0.696,0.47,gardnch01
Bill Garner,27,ANA,ABA,1967-68,53,,514,28,103,28,102,0,1,25,50,,,119,24,,,47,101,81,0.272,0.275,0,0.272,0.5,0.324,garnebi01
Gail Goodrich,24,LAL,NBA,1967-68,79,,2057,395,812,395,812,,,302,392,,,199,205,,,,228,1092,0.486,0.486,,0.486,0.77,0.555,goodrga01
Gerald Govan,26,NOB,ABA,1967-68,78,,1587,156,390,155,389,1,1,79,131,,,596,95,,,100,156,392,0.4,0.398,1,0.401,0.603,0.438,govange01
Calvin Graham,23,PTP,ABA,1967-68,8,,52,4,14,4,14,0,0,5,8,,,10,0,,,1,12,13,0.286,0.286,,0.286,0.625,0.371,grahaca01
Mal Graham,22,BOS,NBA,1967-68,48,,786,117,272,117,272,,,56,88,,,94,61,,,,123,290,0.43,0.43,,0.43,0.636,0.467,grahama01
Gary Gray,22,CIN,NBA,1967-68,44,,276,49,134,49,134,,,7,10,,,23,26,,,,48,105,0.366,0.366,,0.366,0.7,0.379,grayga01
Johnny Green,34,TOT,NBA,1967-68,77,,1440,310,676,310,676,,,139,295,,,545,80,,,,163,759,0.459,0.459,,0.459,0.471,0.471,greenjo01
Hal Greer,31,PHI,NBA,1967-68,82,,3263,777,1626,777,1626,,,422,549,,,444,372,,,,289,1976,0.478,0.478,,0.478,0.769,0.529,greerha01
Matt Guokas,23,PHI,NBA,1967-68,82,,1612,190,393,190,393,,,118,152,,,185,191,,,,172,498,0.483,0.483,,0.483,0.776,0.541,guokama02
Jim Hadnot,28,OAK,ABA,1967-68,77,,3004,488,1045,488,1043,0,2,368,551,303,633,936,135,,,169,279,1344,0.467,0.468,0,0.467,0.668,0.522,hadnoji01
Cliff Hagan,36,DLC,ABA,1967-68,56,,1737,371,759,371,756,0,3,277,351,,,334,276,,,216,202,1019,0.489,0.491,0,0.489,0.789,0.558,hagancl01
Happy Hairston,25,TOT,NBA,1967-68,74,,2517,481,987,481,987,,,365,522,,,617,95,,,,199,1327,0.487,0.487,,0.487,0.699,0.545,hairsha01
Hal Hale,22,HSM,ABA,1967-68,72,,1706,133,408,98,296,35,112,60,89,,,206,144,,,91,143,361,0.326,0.331,0.313,0.369,0.674,0.404,haleha01
Dennis Hamilton,23,LAL,NBA,1967-68,44,,378,54,108,54,108,,,13,13,,,72,30,,,,46,121,0.5,0.5,,0.5,1,0.532,hamilde01
Julian Hammond,24,DNR,ABA,1967-68,74,,1364,224,458,224,458,0,0,143,209,,,327,62,,,98,112,591,0.489,0.489,,0.489,0.684,0.537,hammoju01
Joe Hamood,24,HSM,ABA,1967-68,76,,1839,274,819,258,741,16,78,186,252,,,217,227,,,126,200,750,0.335,0.348,0.205,0.344,0.738,0.403,hamoojo01
Reggie Harding,25,TOT,TOT,1967-68,39,,1145,166,385,166,384,0,1,69,123,,,428,71,,,77,94,401,0.431,0.432,0,0.431,0.561,0.457,hardire01
Darrell Hardy,,HSM,ABA,1967-68,17,,172,32,74,32,73,0,1,25,35,,,56,8,,,12,23,89,0.432,0.438,0,0.432,0.714,0.498,hardyda01
Ira Harge,26,TOT,ABA,1967-68,82,,2699,311,781,311,781,0,0,202,298,,,1038,99,,,182,294,824,0.398,0.398,,0.398,0.678,0.452,hargeir01
Jerry Harkness,27,INA,ABA,1967-68,71,,1241,172,394,171,389,1,5,152,223,,,193,129,,,77,109,497,0.437,0.44,0.2,0.438,0.682,0.505,harknje01
Clem Haskins,24,CHI,NBA,1967-68,76,,1477,273,650,273,650,,,133,202,,,227,165,,,,175,679,0.42,0.42,,0.42,0.658,0.459,haskicl01
John Havlicek,27,BOS,NBA,1967-68,82,,2921,666,1551,666,1551,,,368,453,,,546,384,,,,237,1700,0.429,0.429,,0.429,0.812,0.486,havlijo01
Connie Hawkins,25,PTP,ABA,1967-68,70,,3146,635,1223,633,1214,2,9,603,789,368,577,945,320,,,200,248,1875,0.519,0.521,0.222,0.52,0.764,0.597,hawkico01
Tom Hawkins,31,LAL,NBA,1967-68,78,,2463,389,779,389,779,,,125,229,,,458,117,,,,289,903,0.499,0.499,,0.499,0.546,0.513,hawkito01
Walt Hazzard,25,SEA,NBA,1967-68,79,,2666,733,1662,733,1662,,,428,553,,,332,493,,,,246,1894,0.441,0.441,,0.441,0.774,0.497,abdulma01
Fred Hetzel,25,SFW,NBA,1967-68,77,,2394,533,1287,533,1287,,,395,474,,,546,131,,,,262,1461,0.414,0.414,,0.414,0.833,0.488,hetzefr01
Art Heyman,26,TOT,ABA,1967-68,73,,2555,457,1058,422,924,35,134,400,547,,,496,276,,,239,188,1349,0.432,0.457,0.261,0.448,0.731,0.519,heymaar01
Wayne Hightower,28,DNR,ABA,1967-68,74,,2459,431,1126,431,1120,0,6,420,543,,,536,143,,,165,237,1282,0.383,0.385,0,0.383,0.773,0.47,hightwa01
Bob Hogsett,27,PTP,ABA,1967-68,13,,119,7,20,7,20,0,0,7,17,,,23,1,,,4,11,21,0.35,0.35,,0.35,0.412,0.382,hogsebo01
Dennis Holman,22,DLC,ABA,1967-68,46,,554,55,153,51,144,4,9,62,103,,,78,73,,,40,85,176,0.359,0.354,0.444,0.373,0.602,0.444,holmade01
Carroll Hooser,23,DLC,ABA,1967-68,56,,720,128,297,127,296,1,1,59,83,,,216,29,,,49,139,316,0.431,0.429,1,0.433,0.711,0.474,hooseca01
Tom Hoover,27,DNR,ABA,1967-68,70,,1588,161,357,157,347,4,10,128,206,,,491,64,,,139,268,454,0.451,0.452,0.4,0.457,0.621,0.507,hooveto01
Ron Horn,29,DNR,ABA,1967-68,1,,6,0,2,0,2,0,0,2,2,,,1,0,,,1,0,2,0,0,,0,1,0.347,hornro01
Bailey Howell,31,BOS,NBA,1967-68,82,,2801,643,1336,643,1336,,,335,461,,,805,133,,,,285,1621,0.481,0.481,,0.481,0.727,0.527,howelba01
Lou Hudson,23,STL,NBA,1967-68,46,,966,227,500,227,500,,,120,164,,,193,65,,,,113,574,0.454,0.454,,0.454,0.732,0.502,hudsolo01
Les Hunter,25,MNM,ABA,1967-68,75,,2552,513,1207,511,1190,2,17,290,468,332,406,738,116,,,204,297,1318,0.425,0.429,0.118,0.426,0.62,0.466,huntele01
Darrall Imhoff,29,LAL,NBA,1967-68,82,,2271,293,613,293,613,,,177,286,,,893,206,,,,264,763,0.478,0.478,,0.478,0.619,0.516,imhofda01
Ervin Inniger,23,MNM,ABA,1967-68,75,,1993,345,790,340,755,5,35,99,137,,,325,115,,,94,201,794,0.437,0.45,0.143,0.44,0.723,0.467,inniger01
Al Jackson,24,CIN,NBA,1967-68,2,,17,0,3,0,3,,,0,0,,,0,1,,,,6,0,0,0,,0,,0,jacksal01
Luke Jackson,26,PHI,NBA,1967-68,82,,2570,401,927,401,927,,,166,231,,,872,139,,,,287,968,0.433,0.433,,0.433,0.719,0.471,jackslu01
Phil Jackson,22,NYK,NBA,1967-68,75,,1093,182,455,182,455,,,99,168,,,338,55,,,,212,463,0.4,0.4,,0.4,0.589,0.438,jacksph01
Tony Jackson,25,NJA,ABA,1967-68,74,,2638,449,1171,358,869,91,302,450,543,,,500,140,,,144,184,1439,0.383,0.412,0.301,0.422,0.829,0.51,jacksto01
Jim Jarvis,24,PTP,ABA,1967-68,63,,818,132,343,120,295,12,48,53,64,,,106,72,,,48,103,329,0.385,0.407,0.25,0.402,0.828,0.443,jarviji01
Gus Johnson,29,BAL,NBA,1967-68,60,,2271,482,1033,482,1033,,,180,270,,,782,159,,,,223,1144,0.467,0.467,,0.467,0.667,0.497,johnsgu01
Neil Johnson,24,NYK,NBA,1967-68,43,,286,44,106,44,106,,,23,48,,,75,33,,,,63,111,0.415,0.415,,0.415,0.479,0.437,johnsne02
Stew Johnson,23,TOT,ABA,1967-68,72,,1475,255,743,230,664,25,79,69,113,,,415,49,,,89,147,604,0.343,0.346,0.316,0.36,0.611,0.381,johnsst01
Jimmy Jones,23,NOB,ABA,1967-68,78,,3255,551,1181,549,1172,2,9,360,508,,,443,179,,,241,243,1464,0.467,0.468,0.222,0.467,0.709,0.521,jonesji01
Johnny Jones,24,BOS,NBA,1967-68,51,,475,86,253,86,253,,,42,68,,,114,26,,,,60,214,0.34,0.34,,0.34,0.618,0.378,jonesjo01
Larry Jones,25,DNR,ABA,1967-68,76,,3085,602,1409,594,1367,8,42,530,683,,,599,270,,,232,268,1742,0.427,0.435,0.19,0.43,0.776,0.509,jonesla01
Nick Jones,22,SDR,NBA,1967-68,42,,603,86,232,86,232,,,55,69,,,67,89,,,,84,227,0.371,0.371,,0.371,0.797,0.433,jonesni01
Sam Jones,34,BOS,NBA,1967-68,73,,2408,621,1348,621,1348,,,311,376,,,357,216,,,,181,1553,0.461,0.461,,0.461,0.827,0.513,jonessa01
Steve Jones,25,OAK,ABA,1967-68,76,,1950,278,665,255,611,23,54,186,233,,,343,111,,,135,239,765,0.418,0.417,0.426,0.435,0.798,0.498,jonesst01
Wali Jones,25,PHI,NBA,1967-68,77,,2058,413,1040,413,1040,,,159,202,,,219,245,,,,225,985,0.397,0.397,,0.397,0.787,0.436,joneswa02
Gary Keller,23,MNM,ABA,1967-68,69,,1211,184,483,184,481,0,2,139,214,,,383,39,,,87,168,507,0.381,0.383,0,0.381,0.65,0.439,kellega01
Arvesta Kelly,22,PTP,ABA,1967-68,16,,146,26,76,23,63,3,13,8,13,,,33,13,,,10,34,63,0.342,0.365,0.231,0.362,0.615,0.385,kellyar01
Tom Kerwin,23,PTP,ABA,1967-68,13,,68,7,22,7,22,0,0,0,2,,,20,1,,,2,5,14,0.318,0.318,,0.318,0,0.306,kerwito01
Toby Kimball,25,SDR,NBA,1967-68,81,,2519,354,894,354,894,,,181,306,,,947,147,,,,273,889,0.396,0.396,,0.396,0.592,0.432,kimbato01
Jim King,26,SFW,NBA,1967-68,54,,1743,340,800,340,800,,,217,268,,,243,226,,,,172,897,0.425,0.425,,0.425,0.81,0.489,kingji01
Don Kojis,29,SDR,NBA,1967-68,69,,2548,530,1189,530,1189,,,300,413,,,710,176,,,,259,1360,0.446,0.446,,0.446,0.726,0.496,kojisdo01
Howard Komives,26,NYK,NBA,1967-68,78,,1660,233,631,233,631,,,132,161,,,168,246,,,,170,598,0.369,0.369,,0.369,0.82,0.426,komivho01
Ronald Kozlicki,23,INA,ABA,1967-68,37,,354,41,121,35,92,6,29,21,34,,,69,14,,,19,31,109,0.339,0.38,0.207,0.364,0.618,0.401,kozliro01
Steven Kramer,23,ANA,ABA,1967-68,50,,1140,218,497,217,492,1,5,129,165,,,173,85,,,96,149,566,0.439,0.441,0.2,0.44,0.782,0.497,kramest01
Tommy Kron,24,SEA,NBA,1967-68,76,,1794,277,699,277,699,,,184,233,,,355,281,,,,231,738,0.396,0.396,,0.396,0.79,0.46,kronto01
Terry Kunze,24,MNM,ABA,1967-68,46,,662,83,245,78,234,5,11,59,102,,,75,47,,,58,77,230,0.339,0.333,0.455,0.349,0.578,0.397,kunzete01
Rudy LaRusso,30,SFW,NBA,1967-68,79,,2819,602,1389,602,1389,,,522,661,,,741,182,,,,337,1726,0.433,0.433,,0.433,0.79,0.514,larusru01
Dave Lattin,24,SFW,NBA,1967-68,44,,257,37,102,37,102,,,23,33,,,104,14,,,,94,97,0.363,0.363,,0.363,0.697,0.416,lattida01
Clyde Lee,23,SFW,NBA,1967-68,82,,2699,373,894,373,894,,,229,335,,,1141,135,,,,331,975,0.417,0.417,,0.417,0.684,0.468,leecl01
David Lee,25,OAK,ABA,1967-68,54,,753,125,276,123,270,2,6,120,140,,,184,20,,,42,83,372,0.453,0.456,0.333,0.457,0.857,0.551,leeda01
Dick Lee,,ANA,ABA,1967-68,2,,2,0,0,0,0,0,0,0,0,,,1,1,,,0,0,0,,,,,,,leedi01
George Lee,31,SFW,NBA,1967-68,10,,106,8,35,8,35,,,17,24,,,27,4,,,,16,33,0.229,0.229,,0.229,0.708,0.362,leege01
George Lehmann,25,STL,NBA,1967-68,55,,497,59,172,59,172,,,35,43,,,44,93,,,,54,153,0.343,0.343,,0.343,0.814,0.401,lehmage01
Leary Lentz,22,HSM,ABA,1967-68,78,,2504,343,845,343,842,0,3,147,221,,,648,89,,,97,175,833,0.406,0.407,0,0.406,0.665,0.442,lentzle01
Bobby Lewis,22,SFW,NBA,1967-68,41,,342,59,151,59,151,,,61,79,,,56,41,,,,40,179,0.391,0.391,,0.391,0.772,0.482,lewisbo01
Freddie Lewis,24,INA,ABA,1967-68,76,,2921,542,1287,526,1213,16,74,465,583,,,440,183,,,209,217,1565,0.421,0.434,0.216,0.427,0.798,0.507,lewisfr02
Barry Liebowitz,22,TOT,ABA,1967-68,82,,2168,320,873,314,834,6,39,248,308,,,170,301,,,224,208,894,0.367,0.376,0.154,0.37,0.805,0.443,lieboba01
Goose Ligon,23,KEN,ABA,1967-68,78,,2801,428,942,427,938,1,4,405,595,370,559,929,143,,,188,307,1262,0.454,0.455,0.25,0.455,0.681,0.524,ligongo01
Bobby Lloyd,22,NJA,ABA,1967-68,58,,995,147,349,144,341,3,8,170,199,,,108,93,,,74,114,467,0.421,0.422,0.375,0.426,0.854,0.535,lloydbo01
Riney Lochmann,23,DLC,ABA,1967-68,63,,808,108,285,107,281,1,4,49,79,,,166,44,,,40,113,266,0.379,0.381,0.25,0.381,0.62,0.416,lochmri01
Paul Long,23,DET,NBA,1967-68,16,,93,23,51,23,51,,,11,15,,,15,12,,,,13,57,0.451,0.451,,0.451,0.733,0.495,longpa01
Plummer Lott,22,SEA,NBA,1967-68,44,,478,46,148,46,148,,,19,31,,,93,36,,,,65,111,0.311,0.311,,0.311,0.613,0.343,lottpl01
Kevin Loughery,27,BAL,NBA,1967-68,77,,2297,458,1127,458,1127,,,305,392,,,247,256,,,,301,1221,0.406,0.406,,0.406,0.778,0.47,loughke01
Bob Love,25,CIN,NBA,1967-68,72,,1068,193,455,193,455,,,78,114,,,209,55,,,,141,464,0.424,0.424,,0.424,0.684,0.459,lovebo01
Jerry Lucas,27,CIN,NBA,1967-68,82,,3619,707,1361,707,1361,,,346,445,,,1560,251,,,,243,1760,0.519,0.519,,0.519,0.778,0.565,lucasje01
R.B. Lynam,,DNR,ABA,1967-68,7,,39,5,17,5,16,0,1,7,8,,,5,0,,,5,10,17,0.294,0.313,0,0.294,0.875,0.414,lynamrb01
Randolph Mahaffey,22,KEN,ABA,1967-68,75,,2325,373,875,373,873,0,2,281,411,259,425,684,129,,,224,278,1027,0.426,0.427,0,0.426,0.684,0.486,mahafra01
Ed Manning,24,BAL,NBA,1967-68,71,,951,112,259,112,259,,,60,99,,,375,32,,,,153,284,0.432,0.432,,0.432,0.606,0.469,mannied01
Guy Manning,23,HSM,ABA,1967-68,59,,1107,206,502,204,496,2,6,115,199,,,311,37,,,53,151,529,0.41,0.411,0.333,0.412,0.578,0.449,mannigu01
Jack Marin,23,BAL,NBA,1967-68,82,,2037,429,932,429,932,,,250,314,,,473,110,,,,246,1108,0.46,0.46,,0.46,0.796,0.518,marinja01
Johnny Mathis,24,NJA,ABA,1967-68,51,,656,69,186,69,184,0,2,35,55,,,194,28,,,42,102,173,0.371,0.375,0,0.371,0.636,0.412,mathijo01
Jon McGlocklin,24,SDR,NBA,1967-68,65,,1876,316,757,316,757,,,156,180,,,199,178,,,,117,788,0.417,0.417,,0.417,0.867,0.471,mcglojo01
Elton McGriff,25,DLC,ABA,1967-68,20,,369,49,89,49,89,0,0,33,62,,,114,2,,,21,65,131,0.551,0.551,,0.551,0.532,0.563,mcgriel01
Maurice McHartley,25,DLC,ABA,1967-68,58,,2175,330,825,327,808,3,17,225,324,,,273,230,,,241,216,888,0.4,0.405,0.176,0.402,0.694,0.459,mcharma01
Bob McIntyre,24,NJA,ABA,1967-68,21,,451,70,187,70,186,0,1,34,58,,,101,11,,,27,27,174,0.374,0.376,0,0.374,0.586,0.409,mcintbo01
Stan McKenzie,23,BAL,NBA,1967-68,50,,653,73,182,73,182,,,58,88,,,121,24,,,,98,204,0.401,0.401,,0.401,0.659,0.462,mckenst01
McCoy McLemore,25,CHI,NBA,1967-68,76,,2100,374,940,374,940,,,215,276,,,430,130,,,,219,963,0.398,0.398,,0.398,0.779,0.454,mclemmc01
Bill Melchionni,23,PHI,NBA,1967-68,71,,758,146,336,146,336,,,33,47,,,104,105,,,,75,325,0.435,0.435,,0.435,0.702,0.456,melchbi01
Dewitt Menyard,23,HSM,ABA,1967-68,71,,1756,256,692,256,692,0,0,131,197,,,551,84,,,99,218,643,0.37,0.37,,0.37,0.665,0.413,menyade01
Tom Meschery,29,SEA,NBA,1967-68,82,,2857,473,1008,473,1008,,,244,345,,,840,193,,,,323,1190,0.469,0.469,,0.469,0.707,0.513,meschto01
Bill Meyer,24,PTP,ABA,1967-68,7,,45,10,22,10,22,0,0,2,2,,,5,1,,,2,7,22,0.455,0.455,,0.455,1,0.481,meyerbi01
Eddie Miles,27,DET,NBA,1967-68,76,,2303,561,1180,561,1180,,,282,369,,,264,215,,,,200,1404,0.475,0.475,,0.475,0.764,0.523,milesed01
Jay Miller,24,STL,NBA,1967-68,8,,52,8,31,8,31,,,4,7,,,7,1,,,,11,20,0.258,0.258,,0.258,0.571,0.293,milleja01
Leland Mitchell,26,NOB,ABA,1967-68,78,,1091,122,350,101,274,21,76,56,85,,,182,73,,,108,159,321,0.349,0.369,0.276,0.379,0.659,0.414,mitchle01
Doug Moe,29,NOB,ABA,1967-68,78,,3113,665,1610,662,1588,3,22,551,693,249,546,795,202,,,199,282,1884,0.413,0.417,0.136,0.414,0.795,0.492,moedo01
Wayne Molis,24,TOT,ABA,1967-68,46,,535,96,225,94,222,2,3,41,61,,,170,39,,,26,49,235,0.427,0.423,0.667,0.431,0.672,0.467,moliswa01
Earl Monroe,23,BAL,NBA,1967-68,82,,3012,742,1637,742,1637,,,507,649,,,465,349,,,,282,1991,0.453,0.453,,0.453,0.781,0.518,monroea01
Larry Moore,,ANA,ABA,1967-68,12,,78,8,33,8,28,0,5,11,13,,,16,1,,,7,17,27,0.242,0.286,0,0.242,0.846,0.349,moorela01
Richard Moore,,DNR,ABA,1967-68,18,,211,24,71,24,69,0,2,21,28,,,19,8,,,24,16,69,0.338,0.348,0,0.338,0.75,0.414,mooreri01
Jackie Moreland,29,NOB,ABA,1967-68,76,,2332,459,1051,457,1047,2,4,192,263,,,619,138,,,124,289,1112,0.437,0.436,0.5,0.438,0.73,0.477,morelja01
John Morrison,22,DNR,ABA,1967-68,9,,76,10,34,9,28,1,6,6,9,,,9,7,,,9,15,27,0.294,0.321,0.167,0.309,0.667,0.356,morrijo01
Erwin Mueller,23,TOT,NBA,1967-68,74,,1788,223,489,223,489,,,107,185,,,389,154,,,,164,553,0.456,0.456,,0.456,0.578,0.485,mueller01
Jeff Mullins,25,SFW,NBA,1967-68,79,,2805,610,1391,610,1391,,,273,344,,,447,351,,,,271,1493,0.439,0.439,,0.439,0.794,0.484,mullije01
Willie Murrell,26,DNR,ABA,1967-68,71,,2495,498,1069,495,1058,3,11,166,236,,,637,64,,,116,200,1165,0.466,0.468,0.273,0.467,0.703,0.497,murrewi01
Dorie Murrey,24,SEA,NBA,1967-68,81,,1494,211,484,211,484,,,168,244,,,600,68,,,,273,590,0.436,0.436,,0.436,0.689,0.499,murredo01
Cotton Nash,25,KEN,ABA,1967-68,39,,786,106,305,106,304,0,1,121,162,,,190,46,,,49,63,333,0.348,0.349,0,0.348,0.747,0.442,nashco01
Don Nelson,27,BOS,NBA,1967-68,82,,1498,312,632,312,632,,,195,268,,,431,103,,,,178,819,0.494,0.494,,0.494,0.728,0.546,nelsodo01
Bob Netolicky,25,INA,ABA,1967-68,71,,2385,468,928,468,927,0,1,220,369,313,506,819,69,,,143,162,1156,0.504,0.505,0,0.504,0.596,0.53,netolbo01
Mel Nowell,28,NJA,ABA,1967-68,76,,1555,273,679,264,647,9,32,176,213,,,193,155,,,142,188,731,0.402,0.408,0.281,0.409,0.826,0.473,nowelme01
Don Ohl,31,TOT,NBA,1967-68,70,,1919,393,891,393,891,,,197,254,,,175,157,,,,184,983,0.441,0.441,,0.441,0.776,0.49,ohldo01
Bud Olsen,27,SEA,NBA,1967-68,73,,897,130,285,130,285,,,17,62,,,204,75,,,,136,277,0.456,0.456,,0.456,0.274,0.444,olsenbu01
Errol Palmer,,MNM,ABA,1967-68,63,,1191,165,453,165,453,0,0,170,253,,,471,91,,,78,169,500,0.364,0.364,,0.364,0.672,0.443,palmeer01
Richard Parks,24,PTP,ABA,1967-68,40,,374,59,133,58,130,1,3,12,21,,,116,14,,,19,68,131,0.444,0.446,0.333,0.447,0.571,0.46,parksri01
George Patterson,28,DET,NBA,1967-68,59,,559,44,133,44,133,,,32,38,,,159,51,,,,85,120,0.331,0.331,,0.331,0.842,0.401,pattege01
Rich Peek,24,DLC,ABA,1967-68,51,,759,101,209,101,209,0,0,35,65,,,197,22,,,49,94,237,0.483,0.483,,0.483,0.538,0.499,peekri01
George Peeples,24,INA,ABA,1967-68,65,,1203,138,339,138,336,0,3,115,188,,,378,29,,,71,136,391,0.407,0.411,0,0.407,0.612,0.464,peeplge01
Ron Perry,24,MNM,ABA,1967-68,67,,2125,339,878,277,700,62,178,118,179,,,223,139,,,169,151,858,0.386,0.396,0.348,0.421,0.659,0.448,perryro01
Mel Peterson,29,OAK,ABA,1967-68,77,,1589,323,756,314,722,9,34,76,93,,,451,104,,,114,161,731,0.427,0.435,0.265,0.433,0.817,0.459,peterme01
Jerry Pettway,23,HSM,ABA,1967-68,76,,1572,289,838,273,781,16,57,119,183,,,274,103,,,82,132,713,0.345,0.35,0.281,0.354,0.65,0.388,pettwje01
Willie Porter,25,TOT,ABA,1967-68,56,,1294,225,546,225,546,0,0,199,294,,,449,59,,,155,190,649,0.412,0.412,,0.412,0.677,0.48,portewi01
John Postley,27,PTP,ABA,1967-68,1,,6,1,3,1,3,0,0,0,0,,,6,1,,,1,1,2,0.333,0.333,,0.333,,0.333,postljo01
Cincinnatus Powell,25,DLC,ABA,1967-68,77,,2524,533,1089,532,1085,1,4,343,496,,,694,106,,,190,254,1410,0.489,0.49,0.25,0.49,0.692,0.539,powelci01
Marlbert Pradd,23,NOB,ABA,1967-68,29,,125,27,60,27,60,0,0,20,27,,,26,3,,,18,22,74,0.45,0.45,,0.45,0.741,0.515,praddma01
Bobby Rascoe,27,KEN,ABA,1967-68,77,,1606,245,563,245,558,0,5,190,249,,,284,102,,,86,158,680,0.435,0.439,0,0.435,0.763,0.506,rascobo01
Jimmy Rayl,26,INA,ABA,1967-68,74,,2193,317,819,260,644,57,175,195,243,,,238,210,,,193,197,886,0.387,0.404,0.326,0.422,0.802,0.478,raylji01
Willis Reed,25,NYK,NBA,1967-68,81,,2879,659,1346,659,1346,,,367,509,,,1073,159,,,,343,1685,0.49,0.49,,0.49,0.721,0.537,reedwi01
Jim Reid,22,PHI,NBA,1967-68,6,,52,10,20,10,20,,,1,5,,,11,3,,,,6,21,0.5,0.5,,0.5,0.2,0.473,reidji01
Kendall Rhine,24,KEN,ABA,1967-68,52,,552,50,158,50,157,0,1,27,56,,,235,31,,,36,120,127,0.316,0.318,0,0.316,0.482,0.348,rhineke01
Bob Riedy,22,HSM,ABA,1967-68,23,,331,45,129,45,129,0,0,41,67,,,68,5,,,21,27,131,0.349,0.349,,0.349,0.612,0.413,riedybo01
Pat Riley,22,SDR,NBA,1967-68,80,,1263,250,660,250,660,,,128,202,,,177,138,,,,205,628,0.379,0.379,,0.379,0.634,0.419,rileypa01
Red Robbins,23,NOB,ABA,1967-68,73,,2159,448,918,446,912,2,6,245,308,366,528,894,73,,,115,157,1143,0.488,0.489,0.333,0.489,0.795,0.542,robbire01
Joe Roberts,31,KEN,ABA,1967-68,37,,564,54,146,53,143,1,3,28,50,,,139,14,,,30,64,137,0.37,0.371,0.333,0.373,0.56,0.408,roberjo01
Oscar Robertson,29,CIN,NBA,1967-68,65,,2765,660,1321,660,1321,,,576,660,,,391,633,,,,199,1896,0.5,0.5,,0.5,0.873,0.588,roberos01
Flynn Robinson,26,TOT,NBA,1967-68,75,,2046,444,1010,444,1010,,,288,351,,,272,219,,,,184,1176,0.44,0.44,,0.44,0.821,0.505,robinfl01
Guy Rodgers,32,TOT,NBA,1967-68,79,,1546,148,426,148,426,,,107,133,,,150,380,,,,167,403,0.347,0.347,,0.347,0.805,0.416,rodgegu01
Bob Rule,23,SEA,NBA,1967-68,82,,2424,568,1162,568,1162,,,348,529,,,776,99,,,,316,1484,0.489,0.489,,0.489,0.658,0.532,rulebo01
Bill Russell,33,BOS,NBA,1967-68,78,,2953,365,858,365,858,,,247,460,,,1451,357,,,,242,977,0.425,0.425,,0.425,0.537,0.461,russebi01
Cazzie Russell,23,NYK,NBA,1967-68,82,,2296,551,1192,551,1192,,,282,349,,,374,195,,,,223,1384,0.462,0.462,,0.462,0.808,0.514,russeca01
Rubin Russell,23,TOT,ABA,1967-68,26,,269,56,158,52,136,4,22,25,41,,,52,7,,,32,40,141,0.354,0.382,0.182,0.367,0.61,0.4,russeru01
Al Salvadori,22,OAK,ABA,1967-68,17,,186,21,58,20,57,1,1,11,16,,,46,4,,,12,28,54,0.362,0.351,1,0.371,0.688,0.415,salvaal01
Tom Sanders,29,BOS,NBA,1967-68,78,,1981,296,691,296,691,,,200,255,,,454,100,,,,300,792,0.428,0.428,,0.428,0.784,0.493,sandeto01
Dave Schellhase,23,CHI,NBA,1967-68,42,,301,47,138,47,138,,,20,38,,,47,37,,,,43,114,0.341,0.341,,0.341,0.526,0.368,schelda01
Roger Schurig,25,HSM,ABA,1967-68,21,,252,35,94,32,86,3,8,27,36,,,29,18,,,23,38,100,0.372,0.372,0.375,0.388,0.75,0.455,schurro01
Ray Scott,29,BAL,NBA,1967-68,81,,2924,490,1189,490,1189,,,348,447,,,1111,167,,,,252,1328,0.412,0.412,,0.412,0.779,0.479,scottra01
Paul Scranton,23,ANA,ABA,1967-68,5,,41,4,9,4,9,0,0,1,4,,,16,1,,,1,5,9,0.444,0.444,,0.444,0.25,0.418,scranpa01
Lester Selvage,24,ANA,ABA,1967-68,78,,2432,371,1044,224,583,147,461,206,278,,,217,247,,,195,239,1095,0.355,0.384,0.319,0.426,0.741,0.469,selvale01
Larry Siegfried,28,BOS,NBA,1967-68,62,,1937,261,629,261,629,,,236,272,,,215,289,,,,194,758,0.415,0.415,,0.415,0.868,0.506,siegfla01
Paul Silas,24,STL,NBA,1967-68,82,,2652,399,871,399,871,,,299,424,,,958,162,,,,243,1097,0.458,0.458,,0.458,0.705,0.519,silaspa01
Grant Simmons,24,DNR,ABA,1967-68,78,,2264,292,688,291,666,1,22,208,295,,,240,182,,,153,236,793,0.424,0.437,0.045,0.425,0.705,0.485,simmogr01
Walter Simon,28,NJA,ABA,1967-68,78,,2518,433,955,432,940,1,15,169,266,,,524,212,,,173,272,1036,0.453,0.46,0.067,0.454,0.635,0.483,simonwa01
Bob Sims,29,ANA,ABA,1967-68,2,,19,2,7,2,7,0,0,4,6,,,1,2,,,0,6,8,0.286,0.286,,0.286,0.667,0.415,simsbo01
Jerry Sloan,25,CHI,NBA,1967-68,77,,2454,369,959,369,959,,,289,386,,,591,229,,,,291,1027,0.385,0.385,,0.385,0.749,0.455,sloanje01
Adrian Smith,31,CIN,NBA,1967-68,82,,2783,480,1035,480,1035,,,320,386,,,185,272,,,,259,1280,0.464,0.464,,0.464,0.829,0.531,smithad01
Sam Smith,24,MNM,ABA,1967-68,77,,2175,284,750,282,744,2,6,185,280,,,586,81,,,94,171,755,0.379,0.379,0.333,0.38,0.661,0.432,smithsa01
Dick Snyder,23,STL,NBA,1967-68,75,,1622,257,613,257,613,,,129,167,,,194,164,,,,215,643,0.419,0.419,,0.419,0.772,0.468,snydedi01
Willie Somerset,25,HSM,ABA,1967-68,61,,2334,467,1042,434,935,33,107,359,460,,,305,225,,,164,211,1326,0.448,0.464,0.308,0.464,0.78,0.533,somerwi01
Craig Spitzer,22,CHI,NBA,1967-68,10,,44,8,21,8,21,,,2,3,,,24,0,,,,4,18,0.381,0.381,,0.381,0.667,0.403,spitzcr01
Bruce Spraggins,,NJA,ABA,1967-68,70,,1590,306,686,304,681,2,5,238,336,,,329,66,,,81,173,852,0.446,0.446,0.4,0.448,0.708,0.511,spragbr01
Randy Stoll,,ANA,ABA,1967-68,25,,403,66,138,66,138,0,0,10,25,,,91,12,,,28,42,142,0.478,0.478,,0.478,0.4,0.477,stollra01
Joe Strawder,27,DET,NBA,1967-68,73,,2029,206,456,206,456,,,139,215,,,685,85,,,,312,551,0.452,0.452,,0.452,0.647,0.5,strawjo01
Red Stroud,26,NOB,ABA,1967-68,7,,33,5,11,4,10,1,1,9,10,,,2,1,,,9,7,20,0.455,0.4,1,0.5,0.9,0.649,stroure01
George Sutor,24,KEN,ABA,1967-68,1,,5,0,0,0,0,0,0,0,0,,,1,0,,,0,2,0,,,,,,,sutorge01
Levern Tart,25,TOT,ABA,1967-68,73,,2853,633,1500,632,1485,1,15,451,566,,,394,249,,,277,212,1718,0.422,0.426,0.067,0.422,0.797,0.491,tartle01
Tom Thacker,28,BOS,NBA,1967-68,65,,782,114,272,114,272,,,43,84,,,161,69,,,,165,271,0.419,0.419,,0.419,0.512,0.439,thackto01
Willis Thomas,,TOT,ABA,1967-68,62,,1067,243,550,243,547,0,3,69,93,,,114,55,,,94,107,555,0.442,0.444,0,0.442,0.742,0.47,thomawi01
Skip Thoren,24,MNM,ABA,1967-68,63,,1203,206,475,206,474,0,1,102,164,,,436,59,,,77,124,514,0.434,0.435,0,0.434,0.622,0.47,thoresk01
Rod Thorn,26,SEA,NBA,1967-68,66,,1668,377,835,377,835,,,252,342,,,265,230,,,,117,1006,0.451,0.451,,0.451,0.737,0.51,thornro01
Nate Thurmond,26,SFW,NBA,1967-68,51,,2222,382,929,382,929,,,282,438,,,1121,215,,,,137,1046,0.411,0.411,,0.411,0.644,0.466,thurmna01
Gene Tormohlen,30,STL,NBA,1967-68,77,,714,98,262,98,262,,,33,56,,,226,68,,,,94,229,0.374,0.374,,0.374,0.589,0.399,tormobu01
John Tresvant,28,TOT,NBA,1967-68,85,,2473,396,867,396,867,,,250,384,,,709,160,,,,344,1042,0.457,0.457,,0.457,0.651,0.503,tresvjo01
Al Tucker,24,SEA,NBA,1967-68,81,,2368,437,989,437,989,,,186,263,,,605,111,,,,262,1060,0.442,0.442,,0.442,0.707,0.48,tuckeal01
Bill Turner,23,SFW,NBA,1967-68,42,,482,68,157,68,157,,,36,60,,,155,16,,,,74,172,0.433,0.433,,0.433,0.6,0.469,turnebi01
Gary Turner,,HSM,ABA,1967-68,2,,21,2,2,2,2,0,0,2,3,,,3,0,,,2,2,6,1,1,,1,0.667,0.904,turnega01
Herschell Turner,29,TOT,ABA,1967-68,41,,500,51,159,45,133,6,26,23,47,,,74,45,,,45,72,131,0.321,0.338,0.231,0.34,0.489,0.365,turnehe01
Stephen Vacendak,23,PTP,ABA,1967-68,9,,73,13,35,13,35,0,0,10,15,,,15,8,,,9,14,36,0.371,0.371,,0.371,0.667,0.433,vacenst01
Dick Van Arsdale,24,NYK,NBA,1967-68,78,,2348,316,725,316,725,,,227,339,,,424,230,,,,225,859,0.436,0.436,,0.436,0.67,0.491,vanardi01
Tom Van Arsdale,24,TOT,NBA,1967-68,77,,1514,211,545,211,545,,,188,252,,,225,155,,,,202,610,0.387,0.387,,0.387,0.746,0.465,vanarto01
Chico Vaughn,27,PTP,ABA,1967-68,74,,2858,512,1350,375,940,137,410,308,416,,,298,142,,,171,203,1469,0.379,0.399,0.334,0.43,0.74,0.479,vaughch01
Bob Verga,22,DLC,ABA,1967-68,31,,1285,280,633,267,583,13,50,162,218,,,138,74,,,95,93,735,0.442,0.458,0.26,0.453,0.743,0.504,vergabo01
Chet Walker,27,PHI,NBA,1967-68,82,,2623,539,1172,539,1172,,,387,533,,,607,157,,,,252,1465,0.46,0.46,,0.46,0.726,0.521,walkech01
Jimmy Walker,23,DET,NBA,1967-68,81,,1585,289,733,289,733,,,134,175,,,135,226,,,,204,712,0.394,0.394,,0.394,0.766,0.44,walkeji01
Jim Ware,23,SDR,NBA,1967-68,30,,228,25,97,25,97,,,23,34,,,77,7,,,,28,73,0.258,0.258,,0.258,0.676,0.326,wareji01
Ben Warley,31,ANA,ABA,1967-68,71,,2297,435,985,383,819,52,166,313,389,,,608,96,,,161,276,1235,0.442,0.468,0.313,0.468,0.805,0.534,warlebe01
Bob Warlick,26,SFW,NBA,1967-68,69,,1320,257,610,257,610,,,97,171,,,264,159,,,,164,611,0.421,0.421,,0.421,0.567,0.446,warlibo01
Jim Washington,24,CHI,NBA,1967-68,82,,2525,418,915,418,915,,,187,274,,,825,113,,,,233,1023,0.457,0.457,,0.457,0.682,0.494,washiji01
Trooper Washington,23,PTP,ABA,1967-68,63,,1844,312,596,310,594,2,2,106,186,303,369,672,102,,,110,189,732,0.523,0.522,1,0.525,0.57,0.54,washitr01
Bob Weiss,25,SEA,NBA,1967-68,82,,1614,295,686,295,686,,,213,254,,,150,342,,,,137,803,0.43,0.43,,0.43,0.839,0.503,weissbo01
Rick Weitzman,21,BOS,NBA,1967-68,25,,75,12,46,12,46,,,9,13,,,10,8,,,,8,33,0.261,0.261,,0.261,0.692,0.319,weitzri01
Walt Wesley,23,CIN,NBA,1967-68,66,,918,188,404,188,404,,,76,152,,,281,34,,,,168,452,0.465,0.465,,0.465,0.5,0.48,weslewa01
Jerry West,29,LAL,NBA,1967-68,51,,1919,476,926,476,926,,,391,482,,,294,310,,,,152,1343,0.514,0.514,,0.514,0.811,0.59,westje01
Roland West,23,BAL,NBA,1967-68,4,,14,2,5,2,5,,,0,0,,,5,0,,,,3,4,0.4,0.4,,0.4,,0.4,westro01
Dexter Westbrook,,TOT,ABA,1967-68,12,,127,19,39,19,39,0,0,10,14,,,23,5,,,13,30,48,0.487,0.487,,0.487,0.714,0.531,westbde01
John Wetzel,23,LAL,NBA,1967-68,38,,434,52,119,52,119,,,35,46,,,84,51,,,,55,139,0.437,0.437,,0.437,0.761,0.499,wetzejo01
Hank Whitney,28,NJA,ABA,1967-68,37,,1159,217,552,217,552,0,0,157,220,,,477,56,,,54,158,591,0.393,0.393,,0.393,0.714,0.455,whitnha01
Ron Widby,22,NOB,ABA,1967-68,20,,137,27,70,27,67,0,3,4,7,,,45,4,,,7,18,58,0.386,0.403,0,0.386,0.571,0.397,widbyro01
Ken Wilburn,23,CHI,NBA,1967-68,3,,26,5,9,5,9,,,1,4,,,10,2,,,,4,11,0.556,0.556,,0.556,0.25,0.511,wilbuke01
Gene Wiley,30,TOT,ABA,1967-68,9,,85,7,20,7,20,0,0,4,8,,,20,2,,,2,10,18,0.35,0.35,,0.35,0.5,0.383,wileyge01
Lenny Wilkens,30,STL,NBA,1967-68,82,,3169,546,1246,546,1246,,,546,711,,,438,679,,,,255,1638,0.438,0.438,,0.438,0.768,0.525,wilkele01
Art Williams,28,SDR,NBA,1967-68,79,,1739,265,718,265,718,,,113,165,,,286,391,,,,204,643,0.369,0.369,,0.369,0.685,0.407,williar01
Charles Williams,24,PTP,ABA,1967-68,78,,3042,642,1573,591,1395,51,178,290,429,,,377,173,,,270,295,1625,0.408,0.424,0.287,0.424,0.676,0.461,willich01
Bobby Wilson,,DLC,ABA,1967-68,69,,1562,226,581,225,579,1,2,163,265,,,450,55,,,127,209,616,0.389,0.389,0.5,0.39,0.615,0.442,wilsobo02
George Wilson,25,SEA,NBA,1967-68,77,,1236,179,498,179,498,,,109,155,,,470,56,,,,218,467,0.359,0.359,,0.359,0.703,0.412,wilsoge01
Tommy Woods,24,KEN,ABA,1967-68,18,,184,14,43,14,42,0,1,14,16,,,55,4,,,9,25,42,0.326,0.333,0,0.326,0.875,0.42,woodsto01
Tom Workman,23,TOT,NBA,1967-68,20,,95,19,40,19,40,,,18,23,,,25,3,,,,17,56,0.475,0.475,,0.475,0.783,0.559,workmto01
Leroy Wright,29,PTP,ABA,1967-68,17,,331,24,60,24,60,0,0,9,22,,,108,14,,,20,49,57,0.4,0.4,,0.4,0.409,0.409,wrighle01
Lonnie Wright,23,DNR,ABA,1967-68,38,,896,146,346,144,337,2,9,79,121,,,96,68,,,43,96,373,0.422,0.427,0.222,0.425,0.653,0.467,wrighlo01
Zaid Abdul-Aziz,22,TOT,NBA,1968-69,49,,945,144,390,144,390,,,70,113,,,409,37,,,,115,358,0.369,0.369,,0.369,0.619,0.407,abdulza01
Rick Adelman,22,SDR,NBA,1968-69,77,,1448,177,449,177,449,,,131,204,,,216,238,,,,158,485,0.394,0.394,,0.394,0.642,0.45,adelmri01
Henry Akin,24,KEN,ABA,1968-69,2,,25,1,4,1,2,0,2,2,3,0,4,4,1,,,4,0,4,0.25,0.5,0,0.25,0.667,0.376,akinhe01
Bob Allen,22,SFW,NBA,1968-69,27,,232,14,43,14,43,,,20,36,,,56,10,,,,27,48,0.326,0.326,,0.326,0.556,0.408,allenbo01
Andrew Anderson,23,TOT,ABA,1968-69,36,,742,123,272,123,266,0,6,98,123,51,54,105,45,,,53,76,344,0.452,0.462,0,0.452,0.797,0.527,anderan01
Cliff Anderson,24,LAL,NBA,1968-69,35,,289,44,108,44,108,,,47,82,,,44,31,,,,58,135,0.407,0.407,,0.407,0.573,0.468,andercl01
Dan Anderson,25,TOT,ABA,1968-69,62,,1399,220,483,220,483,0,0,118,149,185,275,460,66,,,81,174,558,0.455,0.455,,0.455,0.792,0.509,anderda01
Al Attles,32,SFW,NBA,1968-69,51,,1516,162,359,162,359,,,95,149,,,181,306,,,,183,419,0.451,0.451,,0.451,0.638,0.493,attleal01
Harry Barnes,23,SDR,NBA,1968-69,22,,126,18,64,18,64,,,7,13,,,26,5,,,,25,43,0.281,0.281,,0.281,0.538,0.308,barneha01
Jim Barnes,27,TOT,NBA,1968-69,59,,706,115,261,115,261,,,75,111,,,224,28,,,,122,305,0.441,0.441,,0.441,0.676,0.492,barneji01
Dick Barnett,32,NYK,NBA,1968-69,82,,2953,565,1220,565,1220,,,312,403,,,251,291,,,,239,1442,0.463,0.463,,0.463,0.774,0.516,barnedi01
Jim Barnett,24,SDR,NBA,1968-69,80,,2346,465,1093,465,1093,,,233,310,,,362,339,,,,240,1163,0.425,0.425,,0.425,0.752,0.473,barneji02
John Barnhill,30,BAL,NBA,1968-69,30,,504,76,175,76,175,,,39,65,,,53,71,,,,63,191,0.434,0.434,,0.434,0.6,0.469,barnhjo01
Rick Barry,24,OAK,ABA,1968-69,35,,1361,392,767,389,757,3,10,403,454,82,247,329,136,,,141,124,1190,0.511,0.514,0.3,0.513,0.888,0.615,barryri01
Elgin Baylor,34,LAL,NBA,1968-69,76,,3064,730,1632,730,1632,,,421,567,,,805,408,,,,204,1881,0.447,0.447,,0.447,0.743,0.5,bayloel01
Charles Beasley,23,DLC,ABA,1968-69,75,,1719,220,506,219,491,1,15,161,192,22,136,158,208,,,129,158,602,0.435,0.446,0.067,0.436,0.839,0.51,beaslch01
John Beasley,24,DLC,ABA,1968-69,78,,3050,585,1200,582,1190,3,10,332,402,248,582,830,110,,,136,259,1505,0.488,0.489,0.3,0.489,0.826,0.547,beasljo01
Zelmo Beaty,29,ATL,NBA,1968-69,72,,2578,588,1251,588,1251,,,370,506,,,798,131,,,,272,1546,0.47,0.47,,0.47,0.731,0.525,beatyze01
Byron Beck,24,DNR,ABA,1968-69,71,,2289,423,843,421,840,2,3,182,238,272,507,779,77,,,92,248,1030,0.502,0.501,0.667,0.503,0.765,0.543,beckby01
Arthur Becker,27,HSM,ABA,1968-69,78,,2429,423,888,423,885,0,3,200,240,175,422,597,103,,,156,304,1046,0.476,0.478,0,0.476,0.833,0.526,beckear01
Bob Bedell,24,DLC,ABA,1968-69,42,,479,92,221,92,219,0,2,48,84,42,74,116,30,,,35,76,232,0.416,0.42,0,0.416,0.571,0.45,bedelbo01
Walt Bellamy,29,TOT,NBA,1968-69,88,,3159,563,1103,563,1103,,,401,618,,,1101,176,,,,320,1527,0.51,0.51,,0.51,0.649,0.555,bellawa01
Spider Bennett,25,TOT,ABA,1968-69,59,,993,147,385,141,360,6,25,140,216,62,85,147,84,,,145,165,440,0.382,0.392,0.24,0.39,0.648,0.458,bennesp01
Ed Biedenbach,23,PHO,NBA,1968-69,7,,18,0,6,0,6,,,4,6,,,2,3,,,,1,4,0,0,,0,0.667,0.231,biedeed01
Dave Bing,25,DET,NBA,1968-69,77,,3039,678,1594,678,1594,,,444,623,,,382,546,,,,256,1800,0.425,0.425,,0.425,0.713,0.482,bingda01
John Block,24,SDR,NBA,1968-69,78,,2489,448,1061,448,1061,,,299,400,,,703,141,,,,249,1195,0.422,0.422,,0.422,0.748,0.483,blockjo01
Tom Boerwinkle,23,CHI,NBA,1968-69,80,,2365,318,831,318,831,,,145,222,,,889,178,,,,317,781,0.383,0.383,,0.383,0.653,0.42,boerwto01
Ron Boone,22,DLC,ABA,1968-69,78,,2682,520,1197,518,1182,2,15,436,537,155,239,394,279,,,355,303,1478,0.434,0.438,0.133,0.435,0.812,0.516,boonero01
Bob Boozer,31,CHI,NBA,1968-69,79,,2872,661,1375,661,1375,,,394,489,,,614,156,,,,218,1716,0.481,0.481,,0.481,0.806,0.54,boozebo01
Tommie Bowens,28,NYA,ABA,1968-69,76,,1550,186,453,186,450,0,3,83,128,159,296,455,52,,,111,236,455,0.411,0.413,0,0.411,0.648,0.447,bowento01
Nate Bowman,25,NYK,NBA,1968-69,67,,607,82,226,82,226,,,29,61,,,220,53,,,,142,193,0.363,0.363,,0.363,0.475,0.382,bowmana01
Gary Bradds,26,OAK,ABA,1968-69,75,,2249,517,1041,516,1034,1,7,364,444,198,379,577,88,,,175,244,1399,0.497,0.499,0.143,0.497,0.82,0.566,braddga01
Bill Bradley,25,NYK,NBA,1968-69,82,,2413,407,948,407,948,,,206,253,,,350,302,,,,295,1020,0.429,0.429,,0.429,0.814,0.481,bradlbi01
Bill Bridges,29,ATL,NBA,1968-69,80,,2930,351,775,351,775,,,239,353,,,1132,298,,,,290,941,0.453,0.453,,0.453,0.677,0.506,bridgbi01
Larry Brown,28,OAK,ABA,1968-69,77,,2381,308,706,300,671,8,35,301,379,62,173,235,544,,,331,230,925,0.436,0.447,0.229,0.442,0.794,0.53,brownla01
Roger Brown,26,INA,ABA,1968-69,75,,2658,563,1169,558,1153,5,16,442,563,223,287,510,345,,,215,281,1573,0.482,0.484,0.313,0.484,0.785,0.555,brownro01
Brian Brunkhorst,23,LAS,ABA,1968-69,3,,56,6,11,6,11,0,0,13,17,6,7,13,3,,,5,8,25,0.545,0.545,,0.545,0.765,0.676,brunkbr01
Em Bryant,30,BOS,NBA,1968-69,80,,1388,197,488,197,488,,,65,100,,,192,176,,,,264,459,0.404,0.404,,0.404,0.65,0.431,bryanem01
Larry Bunce,23,TOT,ABA,1968-69,58,,804,86,203,86,203,0,0,114,165,74,158,232,19,,,60,128,286,0.424,0.424,,0.424,0.691,0.519,buncela01
Mike Butler,22,NOB,ABA,1968-69,77,,1315,207,528,157,366,50,162,112,133,26,89,115,171,,,113,130,576,0.392,0.429,0.309,0.439,0.842,0.491,butlemi01
Jim Caldwell,26,KEN,ABA,1968-69,65,,1235,167,381,166,372,1,9,87,129,133,290,423,130,,,97,211,422,0.438,0.446,0.111,0.44,0.674,0.482,caldwji01
Joe Caldwell,27,ATL,NBA,1968-69,81,,2720,561,1106,561,1106,,,159,296,,,303,320,,,,231,1281,0.507,0.507,,0.507,0.537,0.518,caldwjo01
Frank Card,24,MNP,ABA,1968-69,76,,1596,222,537,221,532,1,5,146,244,185,234,419,81,,,110,155,591,0.413,0.415,0.2,0.414,0.598,0.459,cardfr01
Don Carlos,24,HSM,ABA,1968-69,56,,1527,207,505,207,502,0,3,214,283,122,157,279,159,,,140,231,628,0.41,0.412,0,0.41,0.756,0.499,carlodo01
Darel Carrier,28,KEN,ABA,1968-69,73,,2858,559,1376,434,1046,125,330,447,545,75,208,283,214,,,213,227,1690,0.406,0.415,0.379,0.452,0.82,0.523,carrida01
Jay Carty,27,LAL,NBA,1968-69,28,,192,34,89,34,89,,,8,11,,,58,11,,,,31,76,0.382,0.382,,0.382,0.727,0.405,cartyja01
Wilt Chamberlain,32,LAL,NBA,1968-69,81,,3669,641,1099,641,1099,,,382,857,,,1712,366,,,,142,1664,0.583,0.583,,0.583,0.446,0.564,chambwi01
Don Chaney,22,BOS,NBA,1968-69,20,,209,36,113,36,113,,,8,20,,,46,19,,,,32,80,0.319,0.319,,0.319,0.4,0.328,chanedo01
Wayne Chapman,23,KEN,ABA,1968-69,48,,458,68,202,64,189,4,13,54,72,29,45,74,38,,,39,95,194,0.337,0.339,0.308,0.347,0.75,0.415,chapmwa01
Len Chappell,28,MIL,NBA,1968-69,80,,2207,459,1011,459,1011,,,250,339,,,637,95,,,,247,1168,0.454,0.454,,0.454,0.737,0.503,chapple01
Stephen Chubin,24,TOT,ABA,1968-69,77,,2097,344,875,341,848,3,27,386,472,140,151,291,354,,,286,287,1077,0.393,0.402,0.111,0.395,0.818,0.497,chubist01
Archie Clark,27,PHI,NBA,1968-69,82,,2144,444,928,444,928,,,219,314,,,265,296,,,,188,1107,0.478,0.478,,0.478,0.697,0.519,clarkar01
Richard Clark,25,HSM,ABA,1968-69,32,,723,64,222,63,214,1,8,89,124,30,58,88,68,,,73,99,218,0.288,0.294,0.125,0.291,0.718,0.394,clarkri01
John Clawson,24,OAK,ABA,1968-69,70,,1067,147,309,147,309,0,0,37,54,71,124,195,51,,,73,187,331,0.476,0.476,,0.476,0.685,0.497,clawsjo01
Barry Clemens,25,CHI,NBA,1968-69,75,,1444,235,628,235,628,,,82,125,,,318,125,,,,163,552,0.374,0.374,,0.374,0.656,0.404,clemeba01
Glen Combs,22,DLC,ABA,1968-69,72,,2241,364,868,280,635,84,233,300,394,63,132,195,165,,,158,218,1112,0.419,0.441,0.361,0.468,0.761,0.534,combsgl01
Jeffrey Congdon,25,DNR,ABA,1968-69,59,,979,107,277,102,246,5,31,69,85,14,79,93,135,,,97,104,288,0.386,0.415,0.161,0.395,0.812,0.458,congdje01
Mel Counts,27,LAL,NBA,1968-69,77,,1866,390,867,390,867,,,178,221,,,600,109,,,,223,958,0.45,0.45,,0.45,0.805,0.497,countme01
Freddie Crawford,27,LAL,NBA,1968-69,81,,1690,211,454,211,454,,,83,154,,,215,154,,,,224,505,0.465,0.465,,0.465,0.539,0.484,crawffr01
Russell Critchfield,22,OAK,ABA,1968-69,47,,439,53,147,53,144,0,3,55,84,11,18,29,54,,,33,41,161,0.361,0.368,0,0.361,0.655,0.438,critcru01
Billy Cunningham,25,PHI,NBA,1968-69,82,,3345,739,1736,739,1736,,,556,754,,,1050,287,,,,329,2034,0.426,0.426,,0.426,0.737,0.492,cunnibi01
Dick Cunningham,22,MIL,NBA,1968-69,77,,1236,141,332,141,332,,,69,106,,,438,58,,,,166,351,0.425,0.425,,0.425,0.651,0.464,cunnidi01
Louie Dampier,24,KEN,ABA,1968-69,78,,3326,713,1696,514,1144,199,552,308,380,76,223,299,456,,,251,156,1933,0.42,0.449,0.361,0.479,0.811,0.519,dampilo01
Mel Daniels,24,INA,ABA,1968-69,76,,2934,712,1496,712,1492,0,4,400,662,383,873,1256,116,,,272,276,1824,0.476,0.477,0,0.476,0.604,0.51,danieme01
Ollie Darden,24,TOT,ABA,1968-69,77,,1947,318,714,317,709,1,5,178,240,223,371,594,104,,,138,274,815,0.445,0.447,0.2,0.446,0.742,0.497,dardeol01
Jim Davis,27,ATL,NBA,1968-69,78,,1367,265,568,265,568,,,154,231,,,529,97,,,,239,684,0.467,0.467,,0.467,0.667,0.511,davisji01
Lee Davis,23,NOB,ABA,1968-69,65,,570,88,227,87,223,1,4,45,90,74,128,202,18,,,31,87,222,0.388,0.39,0.25,0.39,0.5,0.416,davisle01
Warren Davis,25,LAS,ABA,1968-69,78,,2406,356,711,356,709,0,2,282,433,254,523,777,129,,,183,269,994,0.501,0.502,0,0.501,0.651,0.551,daviswa02
Dave DeBusschere,28,TOT,NBA,1968-69,76,,2943,506,1140,506,1140,,,229,328,,,888,191,,,,290,1241,0.444,0.444,,0.444,0.698,0.483,debusda01
Don Dee,25,INA,ABA,1968-69,58,,989,138,387,138,386,0,1,56,75,104,188,292,33,,,72,179,332,0.357,0.358,0,0.357,0.747,0.395,deedo01
Connie Dierking,32,CIN,NBA,1968-69,82,,2540,546,1232,546,1232,,,243,319,,,739,222,,,,305,1335,0.443,0.443,,0.443,0.762,0.486,dierkco01
Bill Dinwiddie,25,CIN,NBA,1968-69,69,,1028,124,352,124,352,,,45,87,,,242,55,,,,146,293,0.352,0.352,,0.352,0.517,0.375,dinwibi01
Terry Dischinger,28,DET,NBA,1968-69,75,,1456,264,513,264,513,,,130,178,,,323,93,,,,230,658,0.515,0.515,,0.515,0.73,0.556,dischte01
Sonny Dove,23,DET,NBA,1968-69,29,,236,47,100,47,100,,,24,36,,,62,12,,,,49,118,0.47,0.47,,0.47,0.667,0.509,doveso01
Rich Dumas,,HSM,ABA,1968-69,1,,5,1,5,1,5,0,0,0,0,0,1,1,0,,,1,1,2,0.2,0.2,,0.2,,0.2,dumasri01
Jim Eakins,22,OAK,ABA,1968-69,78,,1671,351,646,351,645,0,1,309,430,224,339,563,53,,,141,234,1011,0.543,0.544,0,0.543,0.719,0.605,eakinji01
Penny Early,25,KEN,ABA,1968-69,1,,0,0,0,0,0,0,0,0,0,0,0,0,0,,,,0,0,,,,,,,earlype01
Johnny Egan,30,LAL,NBA,1968-69,82,,1805,246,597,246,597,,,204,240,,,147,215,,,,206,696,0.412,0.412,,0.412,0.85,0.495,eganjo01
Joe Ellis,24,SFW,NBA,1968-69,74,,1731,371,939,371,939,,,147,201,,,481,130,,,,258,889,0.395,0.395,,0.395,0.731,0.433,ellisjo01
Leroy Ellis,28,BAL,NBA,1968-69,80,,1603,229,527,229,527,,,117,155,,,510,73,,,,168,575,0.435,0.435,,0.435,0.755,0.483,ellisle01
Wayne Embry,31,MIL,NBA,1968-69,78,,2355,382,894,382,894,,,259,390,,,672,149,,,,302,1023,0.427,0.427,,0.427,0.664,0.48,embrywa01
Keith Erickson,24,LAL,NBA,1968-69,77,,1974,264,629,264,629,,,120,175,,,308,194,,,,222,648,0.42,0.42,,0.42,0.686,0.459,erickke01
John Fairchild,25,TOT,ABA,1968-69,63,,717,113,294,103,265,10,29,89,127,49,80,129,37,,,74,98,325,0.384,0.389,0.345,0.401,0.701,0.464,faircjo01
Bob Ferry,31,BAL,NBA,1968-69,7,,36,5,14,5,14,,,3,6,,,9,4,,,,3,13,0.357,0.357,,0.357,0.5,0.391,ferrybo01
Hank Finkel,26,SDR,NBA,1968-69,35,,332,49,111,49,111,,,31,41,,,107,21,,,,53,129,0.441,0.441,,0.441,0.756,0.5,finkeha01
Fred Foster,22,CIN,NBA,1968-69,56,,497,74,193,74,193,,,43,66,,,61,36,,,,49,191,0.383,0.383,,0.383,0.652,0.43,fostefr01
Jim Fox,25,TOT,NBA,1968-69,76,,2354,318,677,318,677,,,191,267,,,818,166,,,,266,827,0.47,0.47,,0.47,0.715,0.52,foxji01
Ronald Franz,23,NOB,ABA,1968-69,73,,2195,381,850,370,819,11,31,286,388,163,355,518,189,,,174,233,1059,0.448,0.452,0.355,0.455,0.737,0.519,franzro01
Walt Frazier,23,NYK,NBA,1968-69,80,,2949,531,1052,531,1052,,,341,457,,,499,635,,,,245,1403,0.505,0.505,,0.505,0.746,0.56,fraziwa01
Will Frazier,26,NYA,ABA,1968-69,75,,1370,217,512,217,512,0,0,120,194,148,268,416,66,,,75,200,554,0.424,0.424,,0.424,0.619,0.464,fraziwi01
Donnie Freeman,24,MMF,ABA,1968-69,78,,2874,651,1346,649,1323,2,23,420,534,121,164,285,501,,,230,229,1724,0.484,0.491,0.087,0.484,0.787,0.545,freemdo01
Pat Frink,23,CIN,NBA,1968-69,48,,363,50,147,50,147,,,23,29,,,41,55,,,,54,123,0.34,0.34,,0.34,0.793,0.385,frinkpa01
Bill Gaines,22,HSM,ABA,1968-69,1,,5,1,2,1,2,0,0,0,0,1,0,1,0,,,1,0,2,0.5,0.5,,0.5,,0.5,gainebi01
Dave Gambee,31,TOT,NBA,1968-69,59,,926,210,465,210,465,,,159,195,,,257,47,,,,159,579,0.452,0.452,,0.452,0.815,0.526,gambeda01
Gail Goodrich,25,PHO,NBA,1968-69,81,,3236,718,1746,718,1746,,,495,663,,,437,518,,,,253,1931,0.411,0.411,,0.411,0.747,0.474,goodrga01
Gerald Govan,27,NOB,ABA,1968-69,77,,1902,211,537,210,533,1,4,134,208,210,491,701,150,,,162,238,557,0.393,0.394,0.25,0.394,0.644,0.443,govange01
Mal Graham,23,BOS,NBA,1968-69,22,,103,13,55,13,55,,,11,14,,,24,14,,,,27,37,0.236,0.236,,0.236,0.786,0.302,grahama01
Johnny Green,35,PHI,NBA,1968-69,74,,795,146,282,146,282,,,57,125,,,330,47,,,,110,349,0.518,0.518,,0.518,0.456,0.518,greenjo01
Hal Greer,32,PHI,NBA,1968-69,82,,3311,732,1595,732,1595,,,432,543,,,435,414,,,,294,1896,0.459,0.459,,0.459,0.796,0.517,greerha01
Gary Gregor,23,PHO,NBA,1968-69,80,,2182,400,963,400,963,,,85,131,,,711,96,,,,249,885,0.415,0.415,,0.415,0.649,0.434,gregoga01
Dennis Grey,21,LAS,ABA,1968-69,58,,1317,184,439,184,438,0,1,157,292,111,209,320,52,,,129,196,525,0.419,0.42,0,0.419,0.538,0.463,greyde01
Richie Guerin,36,ATL,NBA,1968-69,27,,472,47,111,47,111,,,57,74,,,59,99,,,,66,151,0.423,0.423,,0.423,0.77,0.526,gueriri01
Matt Guokas,24,PHI,NBA,1968-69,72,,838,92,216,92,216,,,54,81,,,94,104,,,,121,238,0.426,0.426,,0.426,0.667,0.473,guokama02
Cliff Hagan,37,DLC,ABA,1968-69,35,,579,132,259,132,258,0,1,123,144,46,56,102,122,,,74,73,387,0.51,0.512,0,0.51,0.854,0.6,hagancl01
Al Hairston,23,SEA,NBA,1968-69,39,,274,38,114,38,114,,,8,14,,,36,38,,,,35,84,0.333,0.333,,0.333,0.571,0.35,hairsal01
Happy Hairston,26,DET,NBA,1968-69,81,,2889,530,1131,530,1131,,,404,553,,,959,109,,,,255,1464,0.469,0.469,,0.469,0.731,0.533,hairsha01
Shaler Halimon,23,PHI,NBA,1968-69,50,,350,88,196,88,196,,,10,32,,,86,18,,,,34,186,0.449,0.449,,0.449,0.313,0.443,halimsh01
Dennis Hamilton,24,ATL,NBA,1968-69,25,,141,37,67,37,67,,,2,5,,,29,8,,,,19,76,0.552,0.552,,0.552,0.4,0.549,hamilde01
Julian Hammond,25,DNR,ABA,1968-69,78,,2335,329,601,329,601,0,0,165,253,266,334,600,124,,,152,213,823,0.547,0.547,,0.547,0.652,0.578,hammoju01
Ira Harge,27,OAK,ABA,1968-69,78,,2095,269,578,269,578,0,0,123,200,269,547,816,96,,,222,245,661,0.465,0.465,,0.465,0.615,0.496,hargeir01
Jerry Harkness,28,INA,ABA,1968-69,10,,272,31,67,31,67,0,0,30,47,10,24,34,21,,,20,27,92,0.463,0.463,,0.463,0.638,0.525,harknje01
Skip Harlicka,22,ATL,NBA,1968-69,26,,218,41,90,41,90,,,24,31,,,16,37,,,,29,106,0.456,0.456,,0.456,0.774,0.511,harlisk01
Art Harris,22,SEA,NBA,1968-69,80,,2556,416,1054,416,1054,,,161,251,,,301,258,,,,326,993,0.395,0.395,,0.395,0.641,0.426,harriar01
Clem Haskins,25,CHI,NBA,1968-69,79,,2874,537,1275,537,1275,,,282,361,,,359,306,,,,230,1356,0.421,0.421,,0.421,0.781,0.473,haskicl01
John Havlicek,28,BOS,NBA,1968-69,82,,3174,692,1709,692,1709,,,387,496,,,570,441,,,,247,1771,0.405,0.405,,0.405,0.78,0.459,havlijo01
Connie Hawkins,26,MNP,ABA,1968-69,47,,1852,496,971,493,949,3,22,425,554,167,367,534,184,,,155,166,1420,0.511,0.519,0.136,0.512,0.767,0.584,hawkico01
Tom Hawkins,32,LAL,NBA,1968-69,74,,1507,230,461,230,461,,,62,151,,,266,81,,,,168,522,0.499,0.499,,0.499,0.411,0.495,hawkito01
Elvin Hayes,23,SDR,NBA,1968-69,82,,3695,930,2082,930,2082,,,467,746,,,1406,113,,,,266,2327,0.447,0.447,,0.447,0.626,0.483,hayesel01
Walt Hazzard,26,ATL,NBA,1968-69,80,,2420,345,869,345,869,,,208,294,,,266,474,,,,264,898,0.397,0.397,,0.397,0.707,0.45,abdulma01
Fred Hetzel,26,TOT,NBA,1968-69,84,,2276,456,1047,456,1047,,,299,357,,,613,112,,,,287,1211,0.436,0.436,,0.436,0.838,0.503,hetzefr01
Bill Hewitt,24,LAL,NBA,1968-69,75,,1455,239,528,239,528,,,61,106,,,332,76,,,,139,539,0.453,0.453,,0.453,0.575,0.469,hewitbi01
Art Heyman,27,MNP,ABA,1968-69,71,,2362,350,832,313,714,37,118,285,409,223,271,494,217,,,163,195,1022,0.421,0.438,0.314,0.443,0.697,0.505,heymaar01
Wayne Hightower,29,DNR,ABA,1968-69,67,,2318,311,762,311,760,0,2,311,426,155,486,641,203,,,176,241,933,0.408,0.409,0,0.408,0.73,0.491,hightwa01
Bobby Hooper,22,INA,ABA,1968-69,54,,955,112,271,108,239,4,32,43,59,35,74,109,142,,,52,91,271,0.413,0.452,0.125,0.421,0.729,0.456,hoopebo01
Tom Hoover,28,TOT,ABA,1968-69,53,,1419,191,408,191,406,0,2,125,189,145,327,472,117,,,172,223,507,0.468,0.47,0,0.468,0.661,0.516,hooveto01
Bill Hosket,22,NYK,NBA,1968-69,50,,351,53,123,53,123,,,24,42,,,94,19,,,,77,130,0.431,0.431,,0.431,0.571,0.459,hoskebi01
Bailey Howell,32,BOS,NBA,1968-69,78,,2527,612,1257,612,1257,,,313,426,,,685,137,,,,285,1537,0.487,0.487,,0.487,0.735,0.532,howelba01
Lou Hudson,24,ATL,NBA,1968-69,81,,2869,716,1455,716,1455,,,338,435,,,533,216,,,,248,1770,0.492,0.492,,0.492,0.777,0.538,hudsolo01
Les Hunter,26,MMF,ABA,1968-69,77,,2537,476,1073,476,1068,0,5,335,448,267,476,743,127,,,220,311,1287,0.444,0.446,0,0.444,0.748,0.507,huntele01
Darrall Imhoff,30,PHI,NBA,1968-69,82,,2360,279,593,279,593,,,194,325,,,792,218,,,,310,752,0.47,0.47,,0.47,0.597,0.511,imhofda01
Ervin Inniger,24,MMF,ABA,1968-69,34,,484,73,182,70,169,3,13,21,25,19,41,60,41,,,30,59,170,0.401,0.414,0.231,0.409,0.84,0.44,inniger01
Willie Iverson,23,MMF,ABA,1968-69,28,,531,50,146,50,144,0,2,36,60,12,34,46,80,,,55,47,136,0.342,0.347,0,0.342,0.6,0.394,iverswi01
Elvin Ivory,20,LAS,ABA,1968-69,20,,188,38,87,37,83,1,4,11,17,34,32,66,9,,,14,38,88,0.437,0.446,0.25,0.443,0.647,0.466,ivoryel01
Warren Jabali,22,OAK,ABA,1968-69,71,,2545,573,1276,562,1232,11,44,373,545,255,433,688,252,,,307,263,1530,0.449,0.456,0.25,0.453,0.684,0.505,jabalwa01
Luke Jackson,27,PHI,NBA,1968-69,25,,840,145,332,145,332,,,69,97,,,286,54,,,,102,359,0.437,0.437,,0.437,0.711,0.479,jackslu01
Mervin Jackson,22,LAS,ABA,1968-69,71,,2314,423,1000,404,938,19,62,249,302,142,157,299,237,,,191,262,1114,0.423,0.431,0.306,0.433,0.825,0.492,jacksme01
Phil Jackson,23,NYK,NBA,1968-69,47,,924,126,294,126,294,,,80,119,,,246,43,,,,168,332,0.429,0.429,,0.429,0.672,0.479,jacksph01
Tony Jackson,26,TOT,ABA,1968-69,64,,1453,210,588,178,443,32,145,299,337,100,141,241,139,,,151,147,751,0.357,0.402,0.221,0.384,0.887,0.51,jacksto01
Jim Jarvis,25,TOT,ABA,1968-69,62,,911,147,402,128,355,19,47,86,109,60,69,129,80,,,71,137,399,0.366,0.361,0.404,0.389,0.789,0.443,jarviji01
Ed Johnson,24,LAS,ABA,1968-69,58,,1662,263,548,263,547,0,1,156,303,198,341,539,58,,,127,281,682,0.48,0.481,0,0.48,0.515,0.5,johnsed01
Gus Johnson,30,BAL,NBA,1968-69,49,,1671,359,782,359,782,,,160,223,,,568,97,,,,176,878,0.459,0.459,,0.459,0.717,0.499,johnsgu01
Neil Johnson,25,PHO,NBA,1968-69,80,,1319,177,368,177,368,,,110,177,,,396,134,,,,214,464,0.481,0.481,,0.481,0.621,0.52,johnsne02
Rich Johnson,22,BOS,NBA,1968-69,31,,163,29,76,29,76,,,11,23,,,52,7,,,,40,69,0.382,0.382,,0.382,0.478,0.401,johnsri01
Stew Johnson,24,TOT,ABA,1968-69,78,,2484,616,1444,552,1261,64,183,199,253,198,406,604,142,,,172,178,1495,0.427,0.438,0.35,0.449,0.787,0.481,johnsst01
Jimmy Jones,24,NOB,ABA,1968-69,77,,3188,764,1429,763,1422,1,7,521,647,141,300,441,437,,,198,225,2050,0.535,0.537,0.143,0.535,0.805,0.598,jonesji01
Johnny Jones,25,KEN,ABA,1968-69,29,,449,81,213,81,210,0,3,41,71,54,63,117,34,,,39,53,203,0.38,0.386,0,0.38,0.577,0.416,jonesjo01
Larry Jones,26,DNR,ABA,1968-69,75,,3042,759,1631,735,1531,24,100,591,760,165,328,493,258,,,218,273,2133,0.465,0.48,0.24,0.473,0.778,0.543,jonesla01
Nick Jones,23,TOT,ABA,1968-69,7,,81,9,28,9,26,0,2,2,6,5,3,8,6,,,6,14,20,0.321,0.346,0,0.321,0.333,0.326,jonesni01
Sam Jones,35,BOS,NBA,1968-69,70,,1820,496,1103,496,1103,,,148,189,,,265,182,,,,121,1140,0.45,0.45,,0.45,0.783,0.481,jonessa01
Steve Jones,26,NOB,ABA,1968-69,78,,3024,576,1372,524,1221,52,151,348,437,149,244,393,226,,,192,280,1552,0.42,0.429,0.344,0.439,0.796,0.496,jonesst01
Wali Jones,26,PHI,NBA,1968-69,81,,2340,432,1005,432,1005,,,207,256,,,251,292,,,,280,1071,0.43,0.43,,0.43,0.809,0.479,joneswa02
Butch Joyner,23,INA,ABA,1968-69,2,,5,0,0,0,0,0,0,0,0,0,1,1,0,,,0,1,0,,,,,,,joynebu01
Bob Kauffman,22,SEA,NBA,1968-69,82,,1660,219,496,219,496,,,203,289,,,484,83,,,,252,641,0.442,0.442,,0.442,0.702,0.514,kauffbo01
Gary Keller,24,MMF,ABA,1968-69,53,,503,78,192,78,189,0,3,72,120,74,93,167,8,,,41,102,228,0.406,0.413,0,0.406,0.6,0.466,kellega01
Arvesta Kelly,23,MNP,ABA,1968-69,68,,1066,155,425,130,320,25,105,63,103,54,103,157,61,,,89,141,398,0.365,0.406,0.238,0.394,0.612,0.423,kellyar01
Joe Kennedy,22,SEA,NBA,1968-69,72,,1241,174,441,174,441,,,98,124,,,241,60,,,,158,446,0.395,0.395,,0.395,0.79,0.45,kennejo01
Toby Kimball,26,SDR,NBA,1968-69,76,,1680,239,537,239,537,,,117,250,,,669,90,,,,216,595,0.445,0.445,,0.445,0.468,0.46,kimbato01
Jim King,27,SFW,NBA,1968-69,46,,1010,137,394,137,394,,,78,108,,,120,123,,,,99,352,0.348,0.348,,0.348,0.722,0.399,kingji01
Jim Kissane,22,MNP,ABA,1968-69,2,,15,2,6,2,6,0,0,2,2,0,3,3,0,,,1,3,6,0.333,0.333,,0.333,1,0.436,kissaji01
Rod Knowles,22,TOT,TOT,1968-69,9,,43,4,14,4,14,0,0,1,3,0,0,9,0,,,0,11,9,0.286,0.286,,0.286,0.333,0.294,knowlro01
Don Kojis,30,SDR,NBA,1968-69,81,,3130,687,1582,687,1582,,,446,596,,,776,214,,,,303,1820,0.434,0.434,,0.434,0.748,0.493,kojisdo01
Howard Komives,27,TOT,NBA,1968-69,85,,2562,379,974,379,974,,,211,264,,,299,403,,,,274,969,0.389,0.389,,0.389,0.799,0.444,komivho01
Tom Kondla,22,TOT,ABA,1968-69,42,,353,58,145,58,144,0,1,22,46,45,80,125,13,,,23,56,138,0.4,0.403,0,0.4,0.478,0.418,kondlto01
Tony Koski,22,NYA,ABA,1968-69,5,,30,2,7,2,7,0,0,2,2,4,3,7,4,,,2,9,6,0.286,0.286,,0.286,1,0.381,koskito01
Steven Kramer,24,HSM,ABA,1968-69,23,,701,113,281,113,280,0,1,95,117,47,38,85,112,,,69,96,321,0.402,0.404,0,0.402,0.812,0.483,kramest01
Tommy Kron,25,SEA,NBA,1968-69,76,,1124,146,372,146,372,,,96,137,,,212,191,,,,179,388,0.392,0.392,,0.392,0.701,0.449,kronto01
Reggie Lacefield,23,KEN,ABA,1968-69,8,,48,11,22,11,21,0,1,2,4,4,7,11,0,,,3,9,24,0.5,0.524,0,0.5,0.5,0.505,lacefre01
Edgar Lacey,24,LAS,ABA,1968-69,46,,609,98,219,98,217,0,2,38,67,70,110,180,30,,,63,92,234,0.447,0.452,0,0.447,0.567,0.471,laceyed01
Stu Lantz,22,SDR,NBA,1968-69,73,,1378,220,482,220,482,,,129,167,,,236,99,,,,178,569,0.456,0.456,,0.456,0.772,0.512,lantzst01
Rudy LaRusso,31,SFW,NBA,1968-69,75,,2782,553,1349,553,1349,,,444,559,,,624,159,,,,268,1550,0.41,0.41,,0.41,0.794,0.486,larusru01
Dave Lattin,25,PHO,NBA,1968-69,68,,987,150,366,150,366,,,109,172,,,323,48,,,,163,409,0.41,0.41,,0.41,0.634,0.463,lattida01
Manny Leaks,23,TOT,ABA,1968-69,78,,2089,299,756,299,755,0,1,160,229,322,441,763,92,,,97,253,758,0.396,0.396,0,0.396,0.699,0.442,leaksma01
Clyde Lee,24,SFW,NBA,1968-69,65,,2237,268,674,268,674,,,160,256,,,897,82,,,,225,696,0.398,0.398,,0.398,0.625,0.442,leecl01
David Lee,26,NOB,ABA,1968-69,4,,16,1,9,1,9,0,0,0,0,3,0,3,0,,,2,0,2,0.111,0.111,,0.111,,0.111,leeda01
George Lehmann,26,TOT,TOT,1968-69,43,,1075,238,578,190,441,48,137,140,176,25,48,82,186,,,122,114,664,0.412,0.431,0.35,0.453,0.795,0.507,lehmage01
Leary Lentz,23,TOT,ABA,1968-69,70,,1129,135,334,135,333,0,1,76,117,108,163,271,31,,,54,103,346,0.404,0.405,0,0.404,0.65,0.449,lentzle01
Bobby Lewis,23,SFW,NBA,1968-69,62,,756,113,290,113,290,,,83,113,,,114,76,,,,117,309,0.39,0.39,,0.39,0.735,0.455,lewisbo01
Freddie Lewis,25,INA,ABA,1968-69,78,,3055,572,1300,550,1217,22,83,419,510,119,255,374,346,,,224,289,1585,0.44,0.452,0.265,0.448,0.822,0.52,lewisfr02
Mike Lewis,22,TOT,ABA,1968-69,76,,1617,247,566,247,562,0,4,153,235,271,361,632,107,,,138,246,647,0.436,0.44,0,0.436,0.651,0.483,lewismi01
Goose Ligon,24,KEN,ABA,1968-69,75,,2815,391,879,390,874,1,5,337,510,328,491,819,172,,,193,312,1120,0.445,0.446,0.2,0.445,0.661,0.508,ligongo01
Bobby Lloyd,23,NYA,ABA,1968-69,67,,1358,215,541,203,510,12,31,218,246,25,87,112,136,,,95,176,660,0.397,0.398,0.387,0.409,0.886,0.508,lloydbo01
Riney Lochmann,24,DLC,ABA,1968-69,60,,950,115,279,114,275,1,4,60,97,75,129,204,59,,,50,138,291,0.412,0.415,0.25,0.414,0.619,0.452,lochmri01
Henry Logan,22,OAK,ABA,1968-69,76,,1751,339,694,338,690,1,4,268,382,105,182,287,185,,,188,226,947,0.488,0.49,0.25,0.489,0.702,0.549,loganhe01
Paul Long,24,KEN,ABA,1968-69,9,,82,9,40,9,40,0,0,17,21,5,4,9,12,,,15,21,35,0.225,0.225,,0.225,0.81,0.355,longpa01
Plummer Lott,23,SEA,NBA,1968-69,23,,160,17,66,17,66,,,2,5,,,30,7,,,,9,36,0.258,0.258,,0.258,0.4,0.264,lottpl01
Kevin Loughery,28,BAL,NBA,1968-69,80,,3135,717,1636,717,1636,,,372,463,,,266,384,,,,299,1806,0.438,0.438,,0.438,0.803,0.491,loughke01
Bob Love,26,TOT,NBA,1968-69,49,,542,108,272,108,272,,,71,96,,,150,17,,,,59,287,0.397,0.397,,0.397,0.74,0.457,lovebo01
Jerry Lucas,28,CIN,NBA,1968-69,74,,3075,555,1007,555,1007,,,247,327,,,1360,306,,,,206,1357,0.551,0.551,,0.551,0.755,0.59,lucasje01
Randolph Mahaffey,23,TOT,ABA,1968-69,79,,2353,351,828,351,826,0,2,232,329,194,377,571,99,,,243,261,934,0.424,0.425,0,0.424,0.705,0.48,mahafra01
Ed Manning,25,BAL,NBA,1968-69,63,,727,129,288,129,288,,,35,54,,,246,21,,,,120,293,0.448,0.448,,0.448,0.648,0.47,mannied01
Guy Manning,24,HSM,ABA,1968-69,14,,167,27,95,27,93,0,2,21,37,21,21,42,2,,,12,20,75,0.284,0.29,0,0.284,0.568,0.337,mannigu01
Jack Marin,24,BAL,NBA,1968-69,82,,2710,505,1109,505,1109,,,292,352,,,608,231,,,,275,1302,0.455,0.455,,0.455,0.83,0.515,marinja01
Don May,23,NYK,NBA,1968-69,48,,560,81,223,81,223,,,42,58,,,114,35,,,,64,204,0.363,0.363,,0.363,0.724,0.41,maydo01
Bill McGill,29,DNR,ABA,1968-69,78,,1760,411,745,411,745,0,0,180,264,145,315,460,102,,,149,289,1002,0.552,0.552,,0.552,0.682,0.582,mcgilbi01
Jon McGlocklin,25,MIL,NBA,1968-69,80,,2888,662,1358,662,1358,,,246,292,,,343,312,,,,186,1570,0.487,0.487,,0.487,0.842,0.528,mcglojo01
Elton McGriff,26,TOT,ABA,1968-69,36,,495,75,171,75,170,0,1,57,90,61,83,144,8,,,32,85,207,0.439,0.441,0,0.439,0.633,0.491,mcgriel01
Maurice McHartley,26,TOT,ABA,1968-69,76,,2148,390,962,384,935,6,27,263,331,65,146,211,269,,,269,251,1049,0.405,0.411,0.222,0.409,0.795,0.474,mcharma01
Stan McKenzie,24,PHO,NBA,1968-69,80,,1569,264,618,264,618,,,219,287,,,251,123,,,,191,747,0.427,0.427,,0.427,0.763,0.502,mckenst01
McCoy McLemore,26,TOT,NBA,1968-69,81,,1620,282,722,282,722,,,169,214,,,404,94,,,,186,733,0.391,0.391,,0.391,0.79,0.449,mclemmc01
Tom Meschery,30,SEA,NBA,1968-69,82,,2673,462,1019,462,1019,,,220,299,,,822,194,,,,304,1144,0.453,0.453,,0.453,0.736,0.497,meschto01
Eddie Miles,28,DET,NBA,1968-69,80,,2252,441,983,441,983,,,182,273,,,283,180,,,,201,1064,0.449,0.449,,0.449,0.667,0.482,milesed01
Jay Miller,25,TOT,TOT,1968-69,55,,769,149,366,149,366,0,0,132,183,60,53,115,29,,,71,107,430,0.407,0.407,,0.407,0.721,0.482,milleja01
Larry Miller,22,LAS,ABA,1968-69,78,,2871,473,1162,431,1023,42,139,340,475,196,403,599,177,,,182,193,1328,0.407,0.421,0.302,0.425,0.716,0.484,millela01
Doug Moe,30,OAK,ABA,1968-69,75,,2528,529,1227,524,1213,5,14,360,444,249,365,614,151,,,181,266,1423,0.431,0.432,0.357,0.433,0.811,0.5,moedo01
Earl Monroe,24,BAL,NBA,1968-69,80,,3075,809,1837,809,1837,,,447,582,,,280,392,,,,261,2065,0.44,0.44,,0.44,0.768,0.493,monroea01
Gene Moore,23,KEN,ABA,1968-69,76,,2026,417,920,417,918,0,2,204,290,318,499,817,90,,,160,311,1038,0.453,0.454,0,0.453,0.703,0.495,moorege01
Otto Moore,22,DET,NBA,1968-69,74,,1605,241,544,241,544,,,88,168,,,524,68,,,,182,570,0.443,0.443,,0.443,0.524,0.461,mooreot01
Jackie Moreland,30,NOB,ABA,1968-69,78,,2714,468,1109,466,1101,2,8,221,313,264,369,633,207,,,171,310,1159,0.422,0.423,0.25,0.423,0.706,0.465,morelja01
Erwin Mueller,24,TOT,NBA,1968-69,78,,1355,144,384,144,384,,,89,162,,,297,186,,,,143,377,0.375,0.375,,0.375,0.549,0.414,mueller01
Jeff Mullins,26,SFW,NBA,1968-69,78,,2916,697,1517,697,1517,,,381,452,,,460,339,,,,251,1775,0.459,0.459,,0.459,0.843,0.517,mullije01
Willie Murrell,27,MMF,ABA,1968-69,75,,2493,476,1019,472,1001,4,18,191,269,186,380,566,103,,,159,239,1147,0.467,0.472,0.222,0.469,0.71,0.504,murrewi01
Dorie Murrey,25,SEA,NBA,1968-69,38,,465,75,194,75,194,,,62,97,,,149,21,,,,81,212,0.387,0.387,,0.387,0.639,0.448,murredo01
Don Nelson,28,BOS,NBA,1968-69,82,,1773,374,771,374,771,,,201,259,,,458,92,,,,198,949,0.485,0.485,,0.485,0.776,0.536,nelsodo01
Bob Netolicky,26,INA,ABA,1968-69,78,,2721,583,1145,583,1140,0,5,306,491,313,485,798,87,,,178,231,1472,0.509,0.511,0,0.509,0.623,0.541,netolbo01
Dave Newmark,22,CHI,NBA,1968-69,81,,1159,185,475,185,475,,,86,139,,,347,58,,,,205,456,0.389,0.389,,0.389,0.619,0.425,newmada01
Rich Niemann,22,TOT,NBA,1968-69,34,,272,44,106,44,106,,,19,25,,,100,16,,,,61,107,0.415,0.415,,0.415,0.76,0.457,niemari01
Don Ohl,32,ATL,NBA,1968-69,76,,1995,385,901,385,901,,,147,208,,,170,221,,,,232,917,0.427,0.427,,0.427,0.707,0.462,ohldo01
Bud Olsen,28,TOT,NBA,1968-69,17,,113,15,42,15,42,,,4,18,,,25,11,,,,14,34,0.357,0.357,,0.357,0.222,0.341,olsenbu01
Barry Orms,22,BAL,NBA,1968-69,64,,916,76,246,76,246,,,29,60,,,158,49,,,,155,181,0.309,0.309,,0.309,0.483,0.332,ormsba01
Charles Parks,,DNR,ABA,1968-69,2,,5,0,1,0,1,0,0,0,0,0,0,0,0,,,0,1,0,0,0,,0,,0,parksch01
Charlie Paulk,22,MIL,NBA,1968-69,17,,217,19,84,19,84,,,13,23,,,78,3,,,,26,51,0.226,0.226,,0.226,0.565,0.271,paulkch01
George Peeples,25,INA,ABA,1968-69,64,,1111,122,278,122,278,0,0,101,142,126,232,358,33,,,73,137,345,0.439,0.439,,0.439,0.711,0.507,peeplge01
Ron Perry,25,TOT,ABA,1968-69,74,,2385,402,1060,335,868,67,192,212,292,83,158,241,244,,,201,255,1083,0.379,0.386,0.349,0.411,0.726,0.456,perryro01
Loy Petersen,23,CHI,NBA,1968-69,38,,299,44,109,44,109,,,19,27,,,41,25,,,,39,107,0.404,0.404,,0.404,0.704,0.443,peterlo01
Mel Peterson,30,OAK,ABA,1968-69,51,,709,132,263,132,261,0,2,12,15,62,108,170,55,,,43,61,276,0.502,0.506,0,0.502,0.8,0.512,peterme01
Jerry Pettway,24,HSM,ABA,1968-69,11,,264,37,123,37,118,0,5,5,7,13,16,29,17,,,16,19,79,0.301,0.314,0,0.301,0.714,0.313,pettwje01
Walter Piatkowski,23,DNR,ABA,1968-69,77,,1819,399,956,372,874,27,82,117,151,147,216,363,46,,,100,226,942,0.417,0.426,0.329,0.431,0.775,0.461,piatkwa01
Willie Porter,26,TOT,ABA,1968-69,13,,148,28,52,28,52,0,0,17,31,27,28,55,6,,,11,23,73,0.538,0.538,,0.538,0.548,0.556,portewi01
Cincinnatus Powell,26,DLC,ABA,1968-69,75,,2573,555,1179,553,1172,2,7,342,470,203,468,671,173,,,212,275,1454,0.471,0.472,0.286,0.472,0.728,0.525,powelci01
Marlbert Pradd,24,NOB,ABA,1968-69,50,,323,81,186,78,173,3,13,93,119,34,16,50,23,,,34,60,258,0.435,0.451,0.231,0.444,0.782,0.541,praddma01
Bob Quick,22,BAL,NBA,1968-69,28,,154,30,73,30,73,,,27,44,,,25,12,,,,14,87,0.411,0.411,,0.411,0.614,0.471,quickbo01
Bobby Rascoe,28,KEN,ABA,1968-69,78,,1247,201,477,198,462,3,15,129,167,56,94,150,105,,,93,131,534,0.421,0.429,0.2,0.425,0.772,0.485,rascobo01
Jimmy Rayl,27,INA,ABA,1968-69,27,,567,72,202,38,110,34,92,61,68,25,42,67,63,,,50,80,239,0.356,0.345,0.37,0.441,0.897,0.515,raylji01
Craig Raymond,23,PHI,NBA,1968-69,27,,177,22,64,22,64,,,11,17,,,68,8,,,,46,55,0.344,0.344,,0.344,0.647,0.385,raymocr01
Willis Reed,26,NYK,NBA,1968-69,82,,3108,704,1351,704,1351,,,325,435,,,1191,190,,,,314,1733,0.521,0.521,,0.521,0.747,0.562,reedwi01
Kendall Rhine,25,HSM,ABA,1968-69,73,,2116,255,629,255,628,0,1,149,265,307,497,804,150,,,119,321,659,0.405,0.406,0,0.405,0.562,0.442,rhineke01
Pat Riley,23,SDR,NBA,1968-69,56,,1027,202,498,202,498,,,90,134,,,112,136,,,,146,494,0.406,0.406,,0.406,0.672,0.443,rileypa01
Mike Riordan,23,NYK,NBA,1968-69,54,,397,49,144,49,144,,,28,42,,,57,46,,,,93,126,0.34,0.34,,0.34,0.667,0.388,riordmi01
Red Robbins,24,NOB,ABA,1968-69,76,,2736,456,1035,449,1006,7,29,291,361,368,656,1024,142,,,121,200,1210,0.441,0.446,0.241,0.444,0.806,0.507,robbire01
Oscar Robertson,30,CIN,NBA,1968-69,79,,3461,656,1351,656,1351,,,643,767,,,502,772,,,,231,1955,0.486,0.486,,0.486,0.838,0.579,roberos01
Flynn Robinson,27,TOT,NBA,1968-69,83,,2616,625,1442,625,1442,,,412,491,,,306,377,,,,261,1662,0.433,0.433,,0.433,0.839,0.501,robinfl01
Guy Rodgers,33,MIL,NBA,1968-69,81,,2157,325,862,325,862,,,184,232,,,226,561,,,,207,834,0.377,0.377,,0.377,0.793,0.433,rodgegu01
Willie Rogers,23,DNR,ABA,1968-69,40,,294,27,80,27,77,0,3,31,52,17,30,47,16,,,30,51,85,0.338,0.351,0,0.338,0.596,0.413,rogerwi01
Bob Rule,24,SEA,NBA,1968-69,82,,3104,776,1655,776,1655,,,413,606,,,941,141,,,,322,1965,0.469,0.469,,0.469,0.682,0.511,rulebo01
Bill Russell,34,BOS,NBA,1968-69,77,,3291,279,645,279,645,,,204,388,,,1484,374,,,,231,762,0.433,0.433,,0.433,0.526,0.467,russebi01
Cazzie Russell,24,NYK,NBA,1968-69,50,,1645,362,804,362,804,,,191,240,,,209,115,,,,140,915,0.45,0.45,,0.45,0.796,0.503,russeca01
Tom Sanders,30,BOS,NBA,1968-69,82,,2184,364,847,364,847,,,187,255,,,574,110,,,,293,915,0.43,0.43,,0.43,0.733,0.477,sandeto01
Glynn Saulters,23,NOB,ABA,1968-69,22,,120,22,70,22,69,0,1,15,22,7,12,19,11,,,11,25,59,0.314,0.319,0,0.314,0.682,0.37,saultgl01
Dale Schlueter,23,SFW,NBA,1968-69,31,,559,68,157,68,157,,,45,82,,,216,30,,,,81,181,0.433,0.433,,0.433,0.549,0.469,schluda01
Ray Scott,30,BAL,NBA,1968-69,82,,2168,386,929,386,929,,,195,257,,,722,133,,,,212,967,0.416,0.416,,0.416,0.759,0.464,scottra01
Donald Sidle,22,MMF,ABA,1968-69,77,,1984,305,656,305,652,0,4,321,450,223,328,551,73,,,142,212,931,0.465,0.468,0,0.465,0.713,0.545,sidledo01
Larry Siegfried,29,BOS,NBA,1968-69,79,,2560,392,1031,392,1031,,,336,389,,,282,370,,,,222,1120,0.38,0.38,,0.38,0.864,0.466,siegfla01
Paul Silas,25,ATL,NBA,1968-69,79,,1853,241,575,241,575,,,204,333,,,745,140,,,,166,686,0.419,0.419,,0.419,0.613,0.475,silaspa01
Grant Simmons,25,DNR,ABA,1968-69,17,,252,22,59,21,57,1,2,20,29,6,20,26,15,,,17,42,65,0.373,0.368,0.5,0.381,0.69,0.453,simmogr01
Walter Simon,29,NYA,ABA,1968-69,68,,2750,570,1296,564,1269,6,27,290,417,181,373,554,234,,,183,289,1436,0.44,0.444,0.222,0.442,0.695,0.485,simonwa01
Doug Sims,25,CIN,NBA,1968-69,4,,12,2,5,2,5,,,0,0,,,4,0,,,,4,4,0.4,0.4,,0.4,,0.4,simsdo01
Jerry Sloan,26,CHI,NBA,1968-69,78,,2939,488,1170,488,1170,,,333,447,,,619,276,,,,313,1309,0.417,0.417,,0.417,0.745,0.479,sloanje01
Adrian Smith,32,CIN,NBA,1968-69,73,,1336,243,562,243,562,,,217,269,,,105,127,,,,166,703,0.432,0.432,,0.432,0.807,0.517,smithad01
Greg Smith,22,MIL,NBA,1968-69,79,,2207,276,613,276,613,,,91,155,,,804,137,,,,264,643,0.45,0.45,,0.45,0.587,0.472,smithgr01
John Smith,24,DLC,ABA,1968-69,77,,2172,246,623,246,623,0,0,116,214,271,538,809,58,,,117,328,608,0.395,0.395,,0.395,0.542,0.424,smithjo01
Sam Smith,25,KEN,ABA,1968-69,62,,1421,173,437,172,427,1,10,114,172,169,221,390,64,,,70,143,461,0.396,0.403,0.1,0.397,0.663,0.45,smithsa01
Dick Snyder,24,PHO,NBA,1968-69,81,,2108,399,846,399,846,,,185,255,,,328,211,,,,213,983,0.472,0.472,,0.472,0.725,0.513,snydedi01
Willie Somerset,26,TOT,ABA,1968-69,74,,3118,619,1510,583,1371,36,139,484,583,141,191,332,280,,,215,261,1758,0.41,0.425,0.259,0.422,0.83,0.498,somerwi01
Daniel Sparks,23,MMF,ABA,1968-69,64,,1138,153,396,153,396,0,0,113,165,138,149,287,43,,,70,171,419,0.386,0.386,,0.386,0.685,0.447,sparkda01
George Stone,22,LAS,ABA,1968-69,74,,2199,437,964,409,890,28,74,261,337,155,349,504,57,,,124,254,1163,0.453,0.46,0.378,0.468,0.774,0.523,stonege01
George Sutor,25,MNP,ABA,1968-69,64,,886,139,397,139,397,0,0,71,114,175,173,348,27,,,60,170,349,0.35,0.35,,0.35,0.623,0.39,sutorge01
Keith Swagerty,23,HSM,ABA,1968-69,77,,2447,362,883,362,878,0,5,256,421,326,496,822,92,,,112,238,980,0.41,0.412,0,0.41,0.608,0.459,swageke01
Levern Tart,26,TOT,ABA,1968-69,61,,1403,274,649,274,646,0,3,193,255,100,95,195,143,,,149,141,741,0.422,0.424,0,0.422,0.757,0.487,tartle01
Tom Thacker,29,INA,ABA,1968-69,18,,346,40,117,40,115,0,2,18,31,31,36,67,52,,,26,51,98,0.342,0.348,0,0.342,0.581,0.375,thackto01
Jack Thompson,22,INA,ABA,1968-69,2,,4,1,3,1,2,0,1,0,0,1,0,1,2,,,2,0,2,0.333,0.5,0,0.333,,0.333,thompja01
Skip Thoren,25,MMF,ABA,1968-69,78,,2645,532,1100,532,1098,0,2,241,392,391,655,1046,195,,,180,324,1305,0.484,0.485,0,0.484,0.615,0.513,thoresk01
Rod Thorn,27,SEA,NBA,1968-69,29,,567,131,283,131,283,,,71,97,,,83,80,,,,58,333,0.463,0.463,,0.463,0.732,0.511,thornro01
Dallas Thornton,22,MMF,ABA,1968-69,45,,756,108,249,106,240,2,9,79,125,38,81,119,63,,,80,92,297,0.434,0.442,0.222,0.438,0.632,0.488,thornda01
Nate Thurmond,27,SFW,NBA,1968-69,71,,3208,571,1394,571,1394,,,382,621,,,1402,253,,,,171,1524,0.41,0.41,,0.41,0.615,0.457,thurmna01
John Trapp,23,SDR,NBA,1968-69,25,,142,29,80,29,80,,,19,29,,,49,5,,,,38,77,0.363,0.363,,0.363,0.655,0.415,trappjo01
John Tresvant,29,TOT,NBA,1968-69,77,,2482,380,820,380,820,,,202,330,,,686,166,,,,300,962,0.463,0.463,,0.463,0.612,0.498,tresvjo01
Al Tucker,25,TOT,NBA,1968-69,84,,1885,361,809,361,809,,,158,244,,,439,74,,,,186,880,0.446,0.446,,0.446,0.648,0.48,tuckeal01
Bill Turner,24,SFW,NBA,1968-69,79,,1486,222,535,222,535,,,175,230,,,380,67,,,,231,619,0.415,0.415,,0.415,0.761,0.486,turnebi01
Wes Unseld,22,BAL,NBA,1968-69,82,,2970,427,897,427,897,,,277,458,,,1491,213,,,,276,1131,0.476,0.476,,0.476,0.605,0.515,unselwe01
Stephen Vacendak,24,MNP,ABA,1968-69,60,,1589,288,716,286,708,2,8,167,215,90,120,210,166,,,139,158,745,0.402,0.404,0.25,0.404,0.777,0.46,vacenst01
Dick Van Arsdale,25,PHO,NBA,1968-69,80,,3388,612,1386,612,1386,,,454,644,,,548,385,,,,245,1678,0.442,0.442,,0.442,0.705,0.503,vanardi01
Tom Van Arsdale,25,CIN,NBA,1968-69,77,,3059,547,1233,547,1233,,,398,533,,,356,208,,,,300,1492,0.444,0.444,,0.444,0.747,0.508,vanarto01
Chico Vaughn,28,MNP,ABA,1968-69,69,,2301,415,1170,270,647,145,523,253,329,44,121,165,107,,,150,178,1228,0.355,0.417,0.277,0.417,0.769,0.467,vaughch01
Bob Verga,23,TOT,ABA,1968-69,63,,1804,416,1006,397,938,19,68,336,454,126,107,233,188,,,195,200,1187,0.414,0.423,0.279,0.423,0.74,0.492,vergabo01
Phillip Wagner,23,INA,ABA,1968-69,12,,180,11,41,10,37,1,4,13,17,8,15,23,14,,,18,28,36,0.268,0.27,0.25,0.28,0.765,0.371,wagneph01
Chet Walker,28,PHI,NBA,1968-69,82,,2753,554,1145,554,1145,,,369,459,,,640,144,,,,244,1477,0.484,0.484,,0.484,0.804,0.548,walkech01
Jimmy Walker,24,DET,NBA,1968-69,69,,1639,312,670,312,670,,,182,229,,,157,221,,,,172,806,0.466,0.466,,0.466,0.795,0.523,walkeji01
Dwight Waller,23,ATL,NBA,1968-69,11,,29,2,9,2,9,,,3,7,,,10,1,,,,8,7,0.222,0.222,,0.222,0.429,0.29,walledw01
Jim Ware,24,DLC,ABA,1968-69,1,,15,3,4,3,4,0,0,1,2,2,5,7,1,,,1,4,7,0.75,0.75,,0.75,0.5,0.717,wareji01
Ben Warley,32,LAS,ABA,1968-69,35,,876,172,423,141,302,31,121,116,155,51,143,194,26,,,53,127,491,0.407,0.467,0.256,0.443,0.748,0.5,warlebe01
Bob Warlick,27,TOT,NBA,1968-69,66,,997,213,509,213,509,,,87,142,,,152,132,,,,122,513,0.418,0.418,,0.418,0.613,0.449,warlibo01
Bob Warren,22,LAS,ABA,1968-69,76,,2045,285,645,254,556,31,89,297,385,147,202,349,155,,,175,252,898,0.442,0.457,0.348,0.466,0.771,0.551,warrebo01
Jim Washington,25,CHI,NBA,1968-69,80,,2705,440,1023,440,1023,,,241,356,,,847,104,,,,226,1121,0.43,0.43,,0.43,0.677,0.475,washiji01
Trooper Washington,24,MNP,ABA,1968-69,69,,2625,421,839,421,833,0,6,190,316,367,501,868,178,,,190,239,1032,0.502,0.505,0,0.502,0.601,0.528,washitr01
Bob Weiss,26,TOT,NBA,1968-69,77,,1478,189,499,189,499,,,128,160,,,162,199,,,,174,506,0.379,0.379,,0.379,0.8,0.444,weissbo01
Walt Wesley,24,CIN,NBA,1968-69,82,,1334,245,534,245,534,,,134,207,,,403,47,,,,191,624,0.459,0.459,,0.459,0.647,0.499,weslewa01
Jerry West,30,LAL,NBA,1968-69,61,,2394,545,1156,545,1156,,,490,597,,,262,423,,,,156,1580,0.471,0.471,,0.471,0.821,0.557,westje01
Hank Whitney,29,TOT,ABA,1968-69,49,,892,131,329,131,328,0,1,89,130,84,170,254,56,,,72,144,351,0.398,0.399,0,0.398,0.685,0.454,whitnha01
Ken Wilburn,24,TOT,TOT,1968-69,51,,479,79,206,79,206,0,0,39,75,87,112,202,27,,,47,69,197,0.383,0.383,,0.383,0.52,0.412,wilbuke01
Lenny Wilkens,31,SEA,NBA,1968-69,82,,3463,644,1462,644,1462,,,547,710,,,511,674,,,,294,1835,0.44,0.44,,0.44,0.77,0.517,wilkele01
Art Williams,29,SDR,NBA,1968-69,79,,1987,227,592,227,592,,,105,149,,,364,524,,,,238,559,0.383,0.383,,0.383,0.705,0.425,williar01
Charles Williams,25,MNP,ABA,1968-69,66,,2282,484,1298,418,1086,66,212,203,286,110,136,246,163,,,204,222,1237,0.373,0.385,0.311,0.398,0.71,0.434,willich01
Cliff Williams,23,DET,NBA,1968-69,3,,18,2,9,2,9,,,0,0,,,3,2,,,,7,4,0.222,0.222,,0.222,,0.222,willicl01
Ron Williams,24,SFW,NBA,1968-69,75,,1472,238,567,238,567,,,109,142,,,178,247,,,,176,585,0.42,0.42,,0.42,0.768,0.465,williro01
Sam Williams,24,MIL,NBA,1968-69,55,,628,78,228,78,228,,,72,134,,,109,61,,,,106,228,0.342,0.342,,0.342,0.537,0.397,willisa01
George Wilson,26,TOT,NBA,1968-69,79,,1846,272,663,272,663,,,153,235,,,721,108,,,,232,697,0.41,0.41,,0.41,0.651,0.455,wilsoge01
Jasper Wilson,21,NOB,ABA,1968-69,66,,756,128,339,123,327,5,12,82,127,61,112,173,43,,,63,127,343,0.378,0.376,0.417,0.385,0.646,0.434,wilsoja01
Tom Workman,24,BAL,NBA,1968-69,21,,86,22,54,22,54,,,9,15,,,27,2,,,,16,53,0.407,0.407,,0.407,0.6,0.437,workmto01
Willie Worsley,23,NYA,ABA,1968-69,24,,460,36,123,26,93,10,30,63,84,6,29,35,39,,,32,48,145,0.293,0.28,0.333,0.333,0.75,0.453,worslwi01
Leroy Wright,30,MNP,ABA,1968-69,10,,95,4,13,4,13,0,0,0,5,12,18,30,1,,,2,15,8,0.308,0.308,,0.308,0,0.263,wrighle01
Lonnie Wright,24,DNR,ABA,1968-69,69,,2538,453,1089,434,1003,19,86,205,276,50,240,290,175,,,160,250,1130,0.416,0.433,0.221,0.425,0.743,0.467,wrighlo01
Zaid Abdul-Aziz,23,MIL,NBA,1969-70,80,,1637,237,546,237,546,,,119,185,,,603,62,,,,167,593,0.434,0.434,,0.434,0.643,0.473,abdulza01
Kareem Abdul-Jabbar,22,MIL,NBA,1969-70,82,,3534,938,1810,938,1810,,,485,743,,,1190,337,,,,283,2361,0.518,0.518,,0.518,0.653,0.552,abdulka01
Rick Adelman,23,SDR,NBA,1969-70,35,,717,96,247,96,247,,,68,91,,,81,113,,,,90,260,0.389,0.389,,0.389,0.747,0.453,adelmri01
Lucius Allen,22,SEA,NBA,1969-70,81,,1817,306,692,306,692,,,182,249,,,211,342,,,,201,794,0.442,0.442,,0.442,0.731,0.495,allenlu01
Andrew Anderson,24,TOT,ABA,1969-70,81,,2150,401,930,400,917,1,13,204,268,140,115,255,164,,,143,196,1007,0.431,0.436,0.077,0.432,0.761,0.48,anderan01
Cliff Anderson,25,DNR,ABA,1969-70,3,,22,2,4,2,4,0,0,2,6,1,3,4,4,,,3,3,6,0.5,0.5,,0.5,0.333,0.452,andercl01
Wally Anderzunas,24,CIN,NBA,1969-70,44,,370,65,166,65,166,,,29,46,,,82,9,,,,47,159,0.392,0.392,,0.392,0.63,0.427,anderwa01
Bob Arnzen,22,NYA,ABA,1969-70,13,,98,19,48,19,47,0,1,2,6,12,10,22,5,,,8,11,40,0.396,0.404,0,0.396,0.333,0.395,arnzebo01
John Arthurs,22,MIL,NBA,1969-70,11,,86,12,35,12,35,,,11,15,,,14,17,,,,15,35,0.343,0.343,,0.343,0.733,0.421,arthujo01
Al Attles,33,SFW,NBA,1969-70,45,,676,78,202,78,202,,,75,113,,,74,142,,,,103,231,0.386,0.386,,0.386,0.664,0.459,attleal01
Jim Barnes,28,BOS,NBA,1969-70,77,,1049,178,434,178,434,,,95,128,,,350,52,,,,229,451,0.41,0.41,,0.41,0.742,0.46,barneji01
Dick Barnett,33,NYK,NBA,1969-70,82,,2772,494,1039,494,1039,,,232,325,,,221,298,,,,220,1220,0.475,0.475,,0.475,0.714,0.516,barnedi01
Jim Barnett,25,SDR,NBA,1969-70,80,,2105,450,998,450,998,,,289,366,,,305,287,,,,222,1189,0.451,0.451,,0.451,0.79,0.513,barneji02
John Barnhill,31,INA,ABA,1969-70,77,,2374,325,824,254,552,71,272,158,238,60,113,173,312,,,157,196,879,0.394,0.46,0.261,0.438,0.664,0.473,barnhjo01
Mike Barrett,26,WSA,ABA,1969-70,84,,2262,479,1126,417,946,62,180,232,305,139,157,296,259,,,223,243,1252,0.425,0.441,0.344,0.453,0.761,0.497,barremi01
Rick Barry,25,WSA,ABA,1969-70,52,,1849,517,1036,509,997,8,39,400,463,130,233,363,178,,,184,174,1442,0.499,0.511,0.205,0.503,0.864,0.582,barryri01
Johnny Baum,23,CHI,NBA,1969-70,3,,13,3,11,3,11,,,0,0,,,4,0,,,,1,6,0.273,0.273,,0.273,,0.273,baumjo01
Elgin Baylor,35,LAL,NBA,1969-70,54,,2213,511,1051,511,1051,,,276,357,,,559,292,,,,132,1298,0.486,0.486,,0.486,0.773,0.537,bayloel01
Butch Beard,22,ATL,NBA,1969-70,72,,941,183,392,183,392,,,135,163,,,140,121,,,,124,501,0.467,0.467,,0.467,0.828,0.54,beardbu01
Charles Beasley,24,DLC,ABA,1969-70,80,,2150,292,667,273,595,19,72,231,262,32,173,205,280,,,179,222,834,0.438,0.459,0.264,0.452,0.882,0.533,beaslch01
John Beasley,25,DLC,ABA,1969-70,84,,3066,626,1254,623,1246,3,8,284,347,303,703,1006,132,,,175,278,1539,0.499,0.5,0.375,0.5,0.818,0.547,beasljo01
Byron Beck,25,DNR,ABA,1969-70,79,,2454,440,841,440,839,0,2,137,174,250,514,764,112,,,137,293,1017,0.523,0.524,0,0.523,0.787,0.554,beckby01
Arthur Becker,28,INA,ABA,1969-70,82,,1504,309,593,309,592,0,1,111,137,110,269,379,45,,,61,249,729,0.521,0.522,0,0.521,0.81,0.558,beckear01
Bob Bedell,25,DLC,ABA,1969-70,80,,1536,285,677,283,667,2,10,207,246,153,301,454,126,,,145,192,779,0.421,0.424,0.2,0.422,0.841,0.496,bedelbo01
Walt Bellamy,30,TOT,NBA,1969-70,79,,2028,351,671,351,671,,,215,373,,,707,143,,,,260,917,0.523,0.523,,0.523,0.576,0.549,bellawa01
Larry Bergh,24,PTP,ABA,1969-70,20,,255,49,120,49,119,0,1,23,33,36,49,85,18,,,14,52,121,0.408,0.412,0,0.408,0.697,0.45,berghla01
Dave Bing,26,DET,NBA,1969-70,70,,2334,575,1295,575,1295,,,454,580,,,299,418,,,,196,1604,0.444,0.444,,0.444,0.783,0.517,bingda01
John Block,25,SDR,NBA,1969-70,82,,2152,453,1025,453,1025,,,287,367,,,609,137,,,,275,1193,0.442,0.442,,0.442,0.782,0.503,blockjo01
Tom Boerwinkle,24,CHI,NBA,1969-70,81,,2335,348,775,348,775,,,150,226,,,1016,229,,,,255,846,0.449,0.449,,0.449,0.664,0.484,boerwto01
Butch Booker,24,MMF,ABA,1969-70,12,,221,30,61,30,60,0,1,10,18,44,47,91,6,,,13,23,70,0.492,0.5,0,0.492,0.556,0.508,bookebu01
Ron Boone,23,DLC,ABA,1969-70,84,,2340,423,980,406,925,17,55,300,382,124,242,366,272,,,282,265,1163,0.432,0.439,0.309,0.44,0.785,0.506,boonero01
Bob Boozer,32,SEA,NBA,1969-70,82,,2549,493,1005,493,1005,,,263,320,,,717,110,,,,237,1249,0.491,0.491,,0.491,0.822,0.545,boozebo01
Tommie Bowens,29,NOB,ABA,1969-70,68,,753,110,251,110,251,0,0,47,62,73,105,178,41,,,51,147,267,0.438,0.438,,0.438,0.758,0.48,bowento01
Nate Bowman,26,NYK,NBA,1969-70,81,,744,98,235,98,235,,,41,79,,,257,46,,,,189,237,0.417,0.417,,0.417,0.519,0.439,bowmana01
Gary Bradds,27,WSA,ABA,1969-70,60,,1239,292,608,292,603,0,5,217,262,93,243,336,54,,,122,181,801,0.48,0.484,0,0.48,0.828,0.554,braddga01
Bill Bradley,26,NYK,NBA,1969-70,67,,2098,413,897,413,897,,,145,176,,,239,268,,,,219,971,0.46,0.46,,0.46,0.824,0.498,bradlbi01
Bill Bridges,30,ATL,NBA,1969-70,82,,3269,443,932,443,932,,,331,451,,,1181,345,,,,292,1217,0.475,0.475,,0.475,0.734,0.538,bridgbi01
John Brisker,22,PTP,ABA,1969-70,77,,2173,627,1361,593,1245,34,116,329,398,198,243,441,133,,,203,236,1617,0.461,0.476,0.293,0.473,0.827,0.526,briskjo01
Larry Brown,29,WSA,ABA,1969-70,82,,2766,376,854,366,815,10,39,362,439,52,194,246,580,,,356,257,1124,0.44,0.449,0.256,0.446,0.825,0.537,brownla01
Roger Brown,27,INA,ABA,1969-70,84,,3495,719,1444,679,1324,40,120,457,562,178,442,620,392,,,229,308,1935,0.498,0.513,0.333,0.512,0.813,0.572,brownro01
Em Bryant,31,BOS,NBA,1969-70,71,,1617,210,520,210,520,,,135,181,,,269,231,,,,201,555,0.404,0.404,,0.404,0.746,0.463,bryanem01
Bill Bunting,22,CAR,ABA,1969-70,57,,701,96,248,96,248,0,0,79,106,73,96,169,34,,,48,106,271,0.387,0.387,,0.387,0.745,0.46,buntibi02
Mike Butler,23,NOB,ABA,1969-70,83,,1728,298,800,211,500,87,300,135,161,10,109,119,134,,,103,193,818,0.373,0.422,0.29,0.427,0.839,0.47,butlemi01
Walter Byrd,,MMF,ABA,1969-70,22,,109,14,43,14,42,0,1,5,17,8,17,25,6,,,8,22,33,0.326,0.333,0,0.326,0.294,0.327,byrdwa01
Joe Caldwell,28,ATL,NBA,1969-70,82,,2857,674,1329,674,1329,,,379,551,,,407,287,,,,255,1727,0.507,0.507,,0.507,0.688,0.549,caldwjo01
Mack Calvin,22,LAS,ABA,1969-70,84,,2955,441,1047,438,1022,3,25,529,642,95,199,294,478,,,261,289,1414,0.421,0.429,0.12,0.423,0.824,0.532,calvima01
Larry Cannon,22,MMF,ABA,1969-70,57,,1503,253,660,245,630,8,30,158,232,74,67,141,153,,,124,133,672,0.383,0.389,0.267,0.389,0.681,0.441,cannola01
Frank Card,25,WSA,ABA,1969-70,74,,1820,351,666,350,661,1,5,178,286,158,322,480,92,,,149,216,881,0.527,0.53,0.2,0.528,0.622,0.556,cardfr01
Darel Carrier,29,KEN,ABA,1969-70,77,,2805,608,1458,503,1178,105,280,454,509,44,205,249,212,,,213,268,1775,0.417,0.427,0.375,0.453,0.892,0.528,carrida01
Fred Carter,24,BAL,NBA,1969-70,76,,1219,157,439,157,439,,,80,116,,,192,121,,,,137,394,0.358,0.358,,0.358,0.69,0.402,cartefr01
George Carter,26,WSA,ABA,1969-70,67,,1848,397,871,390,858,7,13,167,216,157,268,425,94,,,143,203,968,0.456,0.455,0.538,0.46,0.773,0.501,cartege01
Wilt Chamberlain,33,LAL,NBA,1969-70,12,,505,129,227,129,227,,,70,157,,,221,49,,,,31,328,0.568,0.568,,0.568,0.446,0.554,chambwi01
Jerry Chambers,26,PHO,NBA,1969-70,79,,1139,283,658,283,658,,,91,125,,,219,54,,,,162,657,0.43,0.43,,0.43,0.728,0.461,chambje01
Don Chaney,23,BOS,NBA,1969-70,63,,839,115,320,115,320,,,82,109,,,152,72,,,,118,312,0.359,0.359,,0.359,0.752,0.424,chanedo01
Wayne Chapman,24,KEN,ABA,1969-70,82,,1519,261,654,253,617,8,37,134,204,101,151,252,139,,,134,250,664,0.399,0.41,0.216,0.405,0.657,0.446,chapmwa01
Len Chappell,29,MIL,NBA,1969-70,75,,1134,243,523,243,523,,,135,211,,,276,56,,,,127,621,0.465,0.465,,0.465,0.64,0.504,chapple01
Bob Christian,23,TOT,ABA,1969-70,2,,11,1,3,1,3,0,0,0,0,1,2,3,0,,,3,3,2,0.333,0.333,,0.333,,0.333,chrisbo01
Stephen Chubin,25,TOT,ABA,1969-70,72,,1058,127,352,122,338,5,14,170,199,74,63,137,167,,,151,174,429,0.361,0.361,0.357,0.368,0.854,0.488,chubist01
Archie Clark,28,PHI,NBA,1969-70,76,,2772,594,1198,594,1198,,,311,396,,,301,380,,,,201,1499,0.496,0.496,,0.496,0.785,0.546,clarkar01
Barry Clemens,26,SEA,NBA,1969-70,78,,1487,270,595,270,595,,,111,140,,,316,116,,,,188,651,0.454,0.454,,0.454,0.793,0.496,clemeba01
Glen Combs,23,DLC,ABA,1969-70,84,,3260,640,1474,510,1104,130,370,458,548,61,228,289,342,,,294,265,1868,0.434,0.462,0.351,0.478,0.836,0.545,combsgl01
Jeffrey Congdon,26,DNR,ABA,1969-70,83,,2461,299,775,236,597,63,178,151,192,52,181,233,446,,,205,205,812,0.386,0.395,0.354,0.426,0.786,0.472,congdje01
Mel Counts,28,LAL,NBA,1969-70,81,,2193,434,1017,434,1017,,,156,201,,,683,160,,,,304,1024,0.427,0.427,,0.427,0.776,0.463,countme01
Bob Cousy,41,CIN,NBA,1969-70,7,,34,1,3,1,3,,,3,3,,,5,10,,,,11,5,0.333,0.333,,0.333,1,0.579,cousybo01
Freddie Crawford,28,MIL,NBA,1969-70,77,,1331,243,506,243,506,,,101,148,,,184,225,,,,181,587,0.48,0.48,,0.48,0.682,0.514,crawffr01
Al Cueto,23,MMF,ABA,1969-70,78,,1265,182,449,177,433,5,16,102,144,171,281,452,58,,,95,257,471,0.405,0.409,0.313,0.411,0.708,0.46,cuetoal01
Billy Cunningham,26,PHI,NBA,1969-70,81,,3194,802,1710,802,1710,,,510,700,,,1101,352,,,,331,2114,0.469,0.469,,0.469,0.729,0.524,cunnibi01
Dick Cunningham,23,MIL,NBA,1969-70,60,,416,52,141,52,141,,,22,33,,,160,28,,,,70,126,0.369,0.369,,0.369,0.667,0.405,cunnidi01
Louie Dampier,25,KEN,ABA,1969-70,82,,3353,743,1864,545,1316,198,548,447,538,83,227,310,447,,,274,235,2131,0.399,0.414,0.361,0.452,0.831,0.507,dampilo01
Bob Dandridge,22,MIL,NBA,1969-70,81,,2461,434,895,434,895,,,199,264,,,625,292,,,,279,1067,0.485,0.485,,0.485,0.754,0.528,dandrbo01
Mel Daniels,25,INA,ABA,1969-70,83,,3039,613,1295,613,1293,0,2,330,489,423,1039,1462,131,,,307,309,1556,0.473,0.474,0,0.473,0.675,0.515,danieme01
Ollie Darden,25,TOT,ABA,1969-70,69,,819,126,327,125,322,1,5,57,87,93,167,260,46,,,82,142,310,0.385,0.388,0.2,0.387,0.655,0.424,dardeol01
Jim Davis,28,ATL,NBA,1969-70,82,,2623,438,943,438,943,,,240,318,,,796,238,,,,335,1116,0.464,0.464,,0.464,0.755,0.515,davisji01
Lee Davis,24,NOB,ABA,1969-70,16,,128,16,36,16,36,0,0,8,15,9,31,40,2,,,4,31,40,0.444,0.444,,0.444,0.533,0.469,davisle01
Mike Davis,23,BAL,NBA,1969-70,56,,1330,260,586,260,586,,,149,192,,,128,111,,,,174,669,0.444,0.444,,0.444,0.776,0.499,davismi01
Warren Davis,26,TOT,ABA,1969-70,80,,2647,428,861,427,858,1,3,304,418,278,629,907,244,,,274,300,1161,0.497,0.498,0.333,0.498,0.727,0.556,daviswa02
Dave DeBusschere,29,NYK,NBA,1969-70,79,,2627,488,1082,488,1082,,,176,256,,,790,194,,,,244,1152,0.451,0.451,,0.451,0.688,0.482,debusda01
Connie Dierking,33,CIN,NBA,1969-70,76,,2448,521,1243,521,1243,,,230,306,,,624,169,,,,275,1272,0.419,0.419,,0.419,0.752,0.462,dierkco01
Terry Dischinger,29,DET,NBA,1969-70,75,,1754,342,650,342,650,,,174,241,,,369,106,,,,213,858,0.526,0.526,,0.526,0.722,0.567,dischte01
Sonny Dove,24,NYA,ABA,1969-70,80,,2284,456,987,454,974,2,13,240,379,236,307,543,107,,,201,295,1154,0.462,0.466,0.154,0.463,0.633,0.5,doveso01
Jim Eakins,23,WSA,ABA,1969-70,82,,1214,181,364,181,364,0,0,166,224,130,282,412,71,,,106,184,528,0.497,0.497,,0.497,0.741,0.571,eakinji01
Bobby Edmonds,28,INA,ABA,1969-70,3,,12,1,5,1,5,0,0,1,3,2,2,4,0,,,0,1,3,0.2,0.2,,0.2,0.333,0.237,edmonbo01
Johnny Egan,31,LAL,NBA,1969-70,72,,1627,215,491,215,491,,,99,121,,,104,216,,,,171,529,0.438,0.438,,0.438,0.818,0.486,eganjo01
Joe Ellis,25,SFW,NBA,1969-70,76,,2380,501,1223,501,1223,,,200,270,,,594,139,,,,281,1202,0.41,0.41,,0.41,0.741,0.448,ellisjo01
Leroy Ellis,29,BAL,NBA,1969-70,72,,1163,194,414,194,414,,,86,116,,,376,47,,,,129,474,0.469,0.469,,0.469,0.741,0.51,ellisle01
Keith Erickson,25,LAL,NBA,1969-70,68,,1755,258,563,258,563,,,91,122,,,304,209,,,,175,607,0.458,0.458,,0.458,0.746,0.492,erickke01
Billy Evans,22,NYA,ABA,1969-70,53,,602,32,87,32,85,0,2,38,70,17,22,39,100,,,47,89,102,0.368,0.376,0,0.368,0.543,0.433,evansbi01
John Fairchild,26,TOT,ABA,1969-70,10,,78,7,23,4,18,3,5,5,10,6,11,17,4,,,8,18,22,0.304,0.222,0.6,0.37,0.5,0.401,faircjo01
Hank Finkel,27,BOS,NBA,1969-70,80,,1866,310,683,310,683,,,156,233,,,613,103,,,,292,776,0.454,0.454,,0.454,0.67,0.494,finkeha01
Fred Foster,23,CIN,NBA,1969-70,74,,2077,461,1026,461,1026,,,176,243,,,310,107,,,,209,1098,0.449,0.449,,0.449,0.724,0.485,fostefr01
Calvin Fowler,29,CAR,ABA,1969-70,78,,1234,131,288,124,271,7,17,74,119,54,116,170,126,,,77,156,343,0.455,0.458,0.412,0.467,0.622,0.504,fowleca01
Jim Fox,26,PHO,NBA,1969-70,81,,2041,413,788,413,788,,,218,283,,,570,93,,,,261,1044,0.524,0.524,,0.524,0.77,0.572,foxji01
Ronald Franz,24,NOB,ABA,1969-70,55,,1305,231,547,224,522,7,25,163,259,106,181,287,91,,,117,139,632,0.422,0.429,0.28,0.429,0.629,0.478,franzro01
Walt Frazier,24,NYK,NBA,1969-70,77,,3040,600,1158,600,1158,,,409,547,,,465,629,,,,203,1609,0.518,0.518,,0.518,0.748,0.575,fraziwa01
Donnie Freeman,25,MMF,ABA,1969-70,79,,3164,766,1684,761,1665,5,19,626,762,132,268,400,291,,,190,253,2163,0.455,0.457,0.263,0.456,0.822,0.536,freemdo01
Dave Gambee,32,SFW,NBA,1969-70,73,,951,185,464,185,464,,,156,186,,,244,55,,,,172,526,0.399,0.399,,0.399,0.839,0.482,gambeda01
Dick Garrett,23,LAL,NBA,1969-70,73,,2318,354,816,354,816,,,138,162,,,235,180,,,,236,846,0.434,0.434,,0.434,0.852,0.477,garredi01
Jack Gillespie,22,NYA,ABA,1969-70,2,,27,0,5,0,5,0,0,2,2,2,5,7,0,,,0,3,2,0,0,,0,1,0.17,gilleja01
Herm Gilliam,23,CIN,NBA,1969-70,57,,1161,179,441,179,441,,,68,91,,,215,178,,,,163,426,0.406,0.406,,0.406,0.747,0.443,gillihe01
Gail Goodrich,26,PHO,NBA,1969-70,81,,3234,568,1251,568,1251,,,488,604,,,340,605,,,,251,1624,0.454,0.454,,0.454,0.808,0.535,goodrga01
Gerald Govan,28,NOB,ABA,1969-70,84,,3701,422,1044,421,1033,1,11,208,285,285,932,1217,385,,,272,273,1053,0.404,0.408,0.091,0.405,0.73,0.45,govange01
Bob Greacen,22,MIL,NBA,1969-70,41,,292,44,109,44,109,,,18,28,,,59,27,,,,49,106,0.404,0.404,,0.404,0.643,0.437,greacbo01
Johnny Green,36,CIN,NBA,1969-70,78,,2278,481,860,481,860,,,254,429,,,841,112,,,,268,1216,0.559,0.559,,0.559,0.592,0.58,greenjo01
Lamar Green,22,PHO,NBA,1969-70,58,,700,101,234,101,234,,,41,70,,,276,17,,,,115,243,0.432,0.432,,0.432,0.586,0.459,greenla01
Luther Green,23,NYA,ABA,1969-70,59,,739,114,303,114,300,0,3,55,97,96,167,263,27,,,54,117,283,0.376,0.38,0,0.376,0.567,0.409,greenlu01
Hal Greer,33,PHI,NBA,1969-70,80,,3024,705,1551,705,1551,,,352,432,,,376,405,,,,300,1762,0.455,0.455,,0.455,0.815,0.506,greerha01
Gary Gregor,24,ATL,NBA,1969-70,81,,1603,286,661,286,661,,,88,113,,,397,63,,,,159,660,0.433,0.433,,0.433,0.779,0.464,gregoga01
Dennis Grey,22,NYA,ABA,1969-70,4,,74,6,24,6,24,0,0,6,12,11,14,25,0,,,3,15,18,0.25,0.25,,0.25,0.5,0.307,greyde01
Dick Grubar,22,INA,ABA,1969-70,2,,8,2,3,2,3,0,0,0,0,0,0,0,1,,,0,1,4,0.667,0.667,,0.667,,0.667,grubadi01
Richie Guerin,37,ATL,NBA,1969-70,8,,64,3,11,3,11,,,1,1,,,2,12,,,,9,7,0.273,0.273,,0.273,1,0.306,gueriri01
Matt Guokas,25,PHI,NBA,1969-70,80,,1558,189,416,189,416,,,106,149,,,216,222,,,,201,484,0.454,0.454,,0.454,0.711,0.503,guokama02
Cliff Hagan,38,DLC,ABA,1969-70,3,,27,8,13,8,12,0,1,1,2,1,2,3,6,,,4,2,17,0.615,0.667,0,0.615,0.5,0.612,hagancl01
Tom Hagan,23,DLC,ABA,1969-70,24,,226,37,81,30,64,7,17,22,29,8,22,30,29,,,16,42,103,0.457,0.469,0.412,0.5,0.759,0.549,haganto01
Al Hairston,24,SEA,NBA,1969-70,3,,20,3,8,3,8,,,1,1,,,5,6,,,,3,7,0.375,0.375,,0.375,1,0.415,hairsal01
Happy Hairston,27,TOT,NBA,1969-70,70,,2427,483,973,483,973,,,326,413,,,775,121,,,,230,1292,0.496,0.496,,0.496,0.789,0.559,hairsha01
Shaler Halimon,24,CHI,NBA,1969-70,38,,517,96,244,96,244,,,49,73,,,68,69,,,,58,241,0.393,0.393,,0.393,0.671,0.436,halimsh01
Dennis Hamilton,25,PTP,ABA,1969-70,72,,1331,190,375,190,374,0,1,76,100,104,236,340,73,,,96,144,456,0.507,0.508,0,0.507,0.76,0.544,hamilde01
Julian Hammond,26,DNR,ABA,1969-70,69,,1847,329,660,329,659,0,1,169,243,204,267,471,109,,,158,183,827,0.498,0.499,0,0.498,0.695,0.539,hammoju01
Ira Harge,28,WSA,ABA,1969-70,84,,2991,415,886,415,886,0,0,196,289,334,843,1177,200,,,273,328,1026,0.468,0.468,,0.468,0.678,0.506,hargeir01
Art Harris,23,TOT,NBA,1969-70,81,,1553,285,723,285,723,,,86,134,,,161,231,,,,220,656,0.394,0.394,,0.394,0.642,0.419,harriar01
Clem Haskins,26,CHI,NBA,1969-70,82,,3214,668,1486,668,1486,,,332,424,,,378,624,,,,237,1668,0.45,0.45,,0.45,0.783,0.499,haskicl01
John Havlicek,29,BOS,NBA,1969-70,81,,3369,736,1585,736,1585,,,488,578,,,635,550,,,,211,1960,0.464,0.464,,0.464,0.844,0.533,havlijo01
Connie Hawkins,27,PHO,NBA,1969-70,81,,3312,709,1447,709,1447,,,577,741,,,846,391,,,,287,1995,0.49,0.49,,0.49,0.779,0.563,hawkico01
Elvin Hayes,24,SDR,NBA,1969-70,82,,3665,914,2020,914,2020,,,428,622,,,1386,162,,,,270,2256,0.452,0.452,,0.452,0.688,0.492,hayesel01
Spencer Haywood,20,DNR,ABA,1969-70,84,,3808,986,1998,986,1987,0,11,547,705,533,1104,1637,190,,,253,221,2519,0.493,0.496,0,0.493,0.776,0.546,haywosp01
Walt Hazzard,27,ATL,NBA,1969-70,82,,2757,493,1056,493,1056,,,267,330,,,329,561,,,,264,1253,0.467,0.467,,0.467,0.809,0.522,abdulma01
Brian Heaney,23,BAL,NBA,1969-70,14,,70,13,24,13,24,,,2,4,,,4,6,,,,17,28,0.542,0.542,,0.542,0.5,0.543,heanebr01
Fred Hetzel,27,PHI,NBA,1969-70,63,,757,156,323,156,323,,,71,85,,,207,44,,,,110,383,0.483,0.483,,0.483,0.835,0.531,hetzefr01
Bill Hewitt,25,TOT,NBA,1969-70,65,,1279,110,298,110,298,,,54,94,,,354,64,,,,130,274,0.369,0.369,,0.369,0.574,0.404,hewitbi01
Art Heyman,28,TOT,ABA,1969-70,19,,310,47,106,47,102,0,4,46,65,33,24,57,25,,,39,32,140,0.443,0.461,0,0.443,0.708,0.52,heymaar01
Wayne Hightower,30,LAS,ABA,1969-70,27,,961,180,403,180,401,0,2,129,170,78,177,255,71,,,74,101,489,0.447,0.449,0,0.447,0.759,0.512,hightwa01
Simmie Hill,23,TOT,ABA,1969-70,53,,1499,297,709,292,679,5,30,126,167,170,231,401,47,,,147,201,725,0.419,0.43,0.167,0.422,0.754,0.463,hillsi01
Bill Hosket,23,NYK,NBA,1969-70,36,,235,46,91,46,91,,,26,33,,,63,17,,,,36,118,0.505,0.505,,0.505,0.788,0.559,hoskebi01
Bailey Howell,33,BOS,NBA,1969-70,82,,2078,399,931,399,931,,,235,308,,,550,120,,,,261,1033,0.429,0.429,,0.429,0.763,0.484,howelba01
Lou Hudson,25,ATL,NBA,1969-70,80,,3091,830,1564,830,1564,,,371,450,,,373,276,,,,225,2031,0.531,0.531,,0.531,0.824,0.576,hudsolo01
Les Hunter,27,NYA,ABA,1969-70,79,,2859,486,1122,480,1081,6,41,317,432,234,439,673,215,,,297,335,1295,0.433,0.444,0.146,0.436,0.734,0.493,huntele01
Darrall Imhoff,31,PHI,NBA,1969-70,79,,2474,430,796,430,796,,,215,331,,,754,211,,,,294,1075,0.54,0.54,,0.54,0.65,0.571,imhofda01
Warren Jabali,23,WSA,ABA,1969-70,40,,1510,342,768,323,706,19,62,210,293,114,302,416,173,,,205,143,913,0.445,0.458,0.306,0.458,0.717,0.509,jabalwa01
Luke Jackson,28,PHI,NBA,1969-70,37,,583,71,181,71,181,,,60,81,,,198,50,,,,80,202,0.392,0.392,,0.392,0.741,0.466,jackslu01
Mervin Jackson,23,LAS,ABA,1969-70,52,,1118,169,475,153,431,16,44,92,114,39,99,138,114,,,84,145,446,0.356,0.355,0.364,0.373,0.807,0.425,jacksme01
Hal Jeter,24,WSA,ABA,1969-70,5,,19,1,4,1,4,0,0,0,0,1,0,1,0,,,3,8,2,0.25,0.25,,0.25,,0.25,jeterha01
Ed Johnson,25,NYA,ABA,1969-70,74,,2486,405,848,404,846,1,2,226,404,328,551,879,88,,,218,305,1037,0.478,0.478,0.5,0.478,0.559,0.505,johnsed01
Gus Johnson,31,BAL,NBA,1969-70,78,,2919,578,1282,578,1282,,,197,272,,,1086,264,,,,269,1353,0.451,0.451,,0.451,0.724,0.483,johnsgu01
Neil Johnson,26,PHO,NBA,1969-70,28,,136,20,60,20,60,,,8,12,,,47,12,,,,38,48,0.333,0.333,,0.333,0.667,0.368,johnsne02
Rich Johnson,23,BOS,NBA,1969-70,65,,898,167,361,167,361,,,46,70,,,208,32,,,,155,380,0.463,0.463,,0.463,0.657,0.485,johnsri01
Stew Johnson,25,PTP,ABA,1969-70,81,,2347,544,1337,529,1282,15,55,137,176,184,363,547,120,,,150,210,1240,0.407,0.413,0.273,0.412,0.778,0.438,johnsst01
Jimmy Jones,25,NOB,ABA,1969-70,70,,2513,533,1072,531,1063,2,9,380,469,85,230,315,340,,,275,238,1448,0.497,0.5,0.222,0.498,0.81,0.566,jonesji01
Larry Jones,27,DNR,ABA,1969-70,75,,3027,625,1441,584,1276,41,165,579,732,143,248,391,426,,,237,228,1870,0.434,0.458,0.248,0.448,0.791,0.53,jonesla01
Rich Jones,23,DLC,ABA,1969-70,2,,50,9,20,9,20,0,0,10,11,7,16,23,1,,,6,11,28,0.45,0.45,,0.45,0.909,0.564,jonesri01
Steve Jones,27,NOB,ABA,1969-70,84,,3116,689,1558,674,1492,15,66,412,495,142,246,388,195,,,251,290,1805,0.442,0.452,0.227,0.447,0.832,0.508,jonesst01
Wali Jones,27,PHI,NBA,1969-70,78,,1740,366,851,366,851,,,190,226,,,173,276,,,,210,922,0.43,0.43,,0.43,0.841,0.485,joneswa02
Wil Jones,22,MMF,ABA,1969-70,74,,1697,243,616,241,605,2,11,118,162,223,342,565,48,,,102,207,606,0.394,0.398,0.182,0.396,0.728,0.441,joneswi02
Bob Kauffman,23,CHI,NBA,1969-70,64,,775,94,221,94,221,,,88,123,,,211,76,,,,117,276,0.425,0.425,,0.425,0.715,0.502,kauffbo01
Bill Keller,22,INA,ABA,1969-70,82,,1482,252,634,210,480,42,154,164,193,75,99,174,235,,,115,153,710,0.397,0.438,0.273,0.431,0.85,0.494,kellebi01
Arvesta Kelly,24,PTP,ABA,1969-70,70,,2391,384,778,363,704,21,74,168,257,122,145,267,226,,,209,195,957,0.494,0.516,0.284,0.507,0.654,0.537,kellyar01
Joe Kennedy,23,SEA,NBA,1969-70,14,,82,3,34,3,34,,,2,2,,,20,7,,,,7,8,0.088,0.088,,0.088,1,0.115,kennejo01
Julius Keye,23,DNR,ABA,1969-70,77,,1641,245,618,245,611,0,7,116,193,188,342,530,47,,,99,209,606,0.396,0.401,0,0.396,0.601,0.431,keyeju01
Toby Kimball,27,SDR,NBA,1969-70,77,,1622,218,508,218,508,,,107,185,,,621,95,,,,187,543,0.429,0.429,,0.429,0.578,0.461,kimbato01
Jim King,28,TOT,NBA,1969-70,34,,391,53,129,53,129,,,33,41,,,62,52,,,,47,139,0.411,0.411,,0.411,0.805,0.473,kingji01
Wilber Kirkland,,PTP,ABA,1969-70,2,,27,3,7,3,7,0,0,0,0,1,10,11,1,,,2,5,6,0.429,0.429,,0.429,,0.429,kirklwi01
Don Kojis,31,SDR,NBA,1969-70,56,,1578,338,756,338,756,,,181,241,,,388,78,,,,135,857,0.447,0.447,,0.447,0.751,0.497,kojisdo01
Howard Komives,28,DET,NBA,1969-70,82,,2418,363,878,363,878,,,190,234,,,193,312,,,,247,916,0.413,0.413,,0.413,0.812,0.467,komivho01
Barry Kramer,27,NYA,ABA,1969-70,7,,56,10,31,10,30,0,1,7,8,7,6,13,3,,,11,10,27,0.323,0.333,0,0.323,0.875,0.391,krameba01
Steven Kramer,25,CAR,ABA,1969-70,51,,447,49,107,49,105,0,2,63,86,18,34,52,39,,,42,70,161,0.458,0.467,0,0.458,0.733,0.556,kramest01
Tommy Kron,26,KEN,ABA,1969-70,40,,493,55,147,48,128,7,19,41,46,24,45,69,87,,,59,80,158,0.374,0.375,0.368,0.398,0.891,0.472,kronto01
Steve Kuberski,22,BOS,NBA,1969-70,51,,797,130,335,130,335,,,64,92,,,257,29,,,,87,324,0.388,0.388,,0.388,0.696,0.431,kuberst01
Stu Lantz,23,SDR,NBA,1969-70,82,,2471,455,1027,455,1027,,,278,361,,,255,287,,,,238,1188,0.443,0.443,,0.443,0.77,0.501,lantzst01
Manny Leaks,24,DLC,ABA,1969-70,84,,3086,636,1287,636,1285,0,2,305,428,427,620,1047,100,,,181,283,1577,0.494,0.495,0,0.494,0.713,0.534,leaksma01
Clyde Lee,25,SFW,NBA,1969-70,82,,2641,362,822,362,822,,,178,300,,,929,80,,,,263,902,0.44,0.44,,0.44,0.593,0.473,leecl01
George Lehmann,27,TOT,ABA,1969-70,81,,1994,318,847,226,561,92,286,180,211,35,86,121,256,,,201,189,908,0.375,0.403,0.322,0.43,0.853,0.483,lehmage01
Bobby Lewis,24,SFW,NBA,1969-70,73,,1353,213,557,213,557,,,100,152,,,157,194,,,,170,526,0.382,0.382,,0.382,0.658,0.422,lewisbo01
Freddie Lewis,26,INA,ABA,1969-70,81,,2877,448,1065,401,888,47,177,383,485,118,159,277,289,,,190,294,1326,0.421,0.452,0.266,0.443,0.79,0.519,lewisfr02
Mike Lewis,23,PTP,ABA,1969-70,78,,2698,499,1006,499,1006,0,0,269,356,370,684,1054,268,,,242,306,1267,0.496,0.496,,0.496,0.756,0.545,lewismi01
Goose Ligon,25,KEN,ABA,1969-70,84,,3130,507,1000,507,998,0,2,287,445,399,695,1094,190,,,206,360,1301,0.507,0.508,0,0.507,0.645,0.544,ligongo01
Samuel Little,23,KEN,ABA,1969-70,3,,11,2,4,2,3,0,1,1,1,0,1,1,2,,,1,4,5,0.5,0.667,0,0.5,1,0.563,littlsa01
Gene Littles,26,CAR,ABA,1969-70,82,,2832,414,817,414,814,0,3,197,254,154,261,415,282,,,157,255,1025,0.507,0.509,0,0.507,0.776,0.552,littlge01
Riney Lochmann,25,DLC,ABA,1969-70,47,,447,73,166,70,158,3,8,25,45,42,54,96,40,,,31,61,174,0.44,0.443,0.375,0.449,0.556,0.468,lochmri01
Henry Logan,23,WSA,ABA,1969-70,32,,659,110,269,110,266,0,3,91,127,40,49,89,59,,,63,93,311,0.409,0.414,0,0.409,0.717,0.479,loganhe01
Paul Long,25,DET,NBA,1969-70,25,,130,28,62,28,62,,,27,38,,,11,17,,,,22,83,0.452,0.452,,0.452,0.711,0.527,longpa01
Kevin Loughery,29,BAL,NBA,1969-70,55,,2037,477,1082,477,1082,,,253,298,,,168,292,,,,183,1207,0.441,0.441,,0.441,0.849,0.497,loughke01
Bob Love,27,CHI,NBA,1969-70,82,,3123,640,1373,640,1373,,,442,525,,,712,148,,,,260,1722,0.466,0.466,,0.466,0.842,0.537,lovebo01
Jerry Lucas,29,TOT,NBA,1969-70,67,,2420,405,799,405,799,,,200,255,,,951,175,,,,164,1010,0.507,0.507,,0.507,0.784,0.554,lucasje01
Lonnie Lynn,26,TOT,ABA,1969-70,52,,779,112,275,112,272,0,3,36,74,83,175,258,43,,,68,120,260,0.407,0.412,0,0.407,0.486,0.423,lynnlo01
Mike Lynn,24,LAL,NBA,1969-70,44,,403,44,133,44,133,,,31,48,,,64,30,,,,87,119,0.331,0.331,,0.331,0.646,0.386,lynnmi01
Randolph Mahaffey,24,CAR,ABA,1969-70,84,,2558,367,821,367,817,0,4,194,283,212,469,681,164,,,240,275,928,0.447,0.449,0,0.447,0.686,0.491,mahafra01
Ed Manning,26,TOT,NBA,1969-70,67,,777,119,321,119,321,,,42,56,,,232,36,,,,122,280,0.371,0.371,,0.371,0.75,0.405,mannied01
Jack Marin,25,BAL,NBA,1969-70,82,,2947,666,1363,666,1363,,,286,339,,,537,217,,,,248,1618,0.489,0.489,,0.489,0.844,0.535,marinja01
Don May,24,NYK,NBA,1969-70,37,,238,39,101,39,101,,,18,19,,,52,17,,,,42,96,0.386,0.386,,0.386,0.947,0.439,maydo01
Willie McCarter,23,LAL,NBA,1969-70,40,,861,132,349,132,349,,,43,60,,,83,93,,,,71,307,0.378,0.378,,0.378,0.717,0.409,mccarwi01
Bill McGill,30,TOT,ABA,1969-70,59,,830,201,369,201,369,0,0,77,108,55,160,215,60,,,84,140,479,0.545,0.545,,0.545,0.713,0.575,mcgilbi01
Jon McGlocklin,26,MIL,NBA,1969-70,82,,2966,639,1206,639,1206,,,169,198,,,252,303,,,,164,1447,0.53,0.53,,0.53,0.854,0.559,mcglojo01
Maurice McHartley,27,TOT,ABA,1969-70,55,,992,155,388,149,352,6,36,98,130,42,73,115,142,,,149,158,414,0.399,0.423,0.167,0.407,0.754,0.465,mcharma01
Bob McIntyre,26,NYA,ABA,1969-70,7,,94,12,32,11,29,1,3,0,1,9,11,20,5,,,6,8,25,0.375,0.379,0.333,0.391,0,0.385,mcintbo01
Jerry McKee,23,INA,ABA,1969-70,1,,3,0,1,0,1,0,0,0,0,0,0,0,0,,,1,0,0,0,0,,0,,0,mckeeje01
Stan McKenzie,25,PHO,NBA,1969-70,58,,525,81,206,81,206,,,58,73,,,93,52,,,,67,220,0.393,0.393,,0.393,0.795,0.462,mckenst01
McCoy McLemore,27,DET,NBA,1969-70,73,,1421,233,500,233,500,,,119,145,,,336,83,,,,159,585,0.466,0.466,,0.466,0.821,0.519,mclemmc01
Bill Melchionni,25,NYA,ABA,1969-70,80,,3157,479,1030,474,1002,5,28,255,311,66,164,230,457,,,186,282,1218,0.465,0.473,0.179,0.467,0.82,0.522,melchbi01
Tom Meschery,31,SEA,NBA,1969-70,80,,2294,394,818,394,818,,,196,248,,,666,157,,,,317,984,0.482,0.482,,0.482,0.79,0.531,meschto01
Eddie Miles,29,TOT,NBA,1969-70,47,,1295,238,541,238,541,,,133,175,,,177,86,,,,107,609,0.44,0.44,,0.44,0.76,0.493,milesed01
Jay Miller,26,INA,ABA,1969-70,52,,415,75,167,75,166,0,1,41,57,43,37,80,16,,,28,72,191,0.449,0.452,0,0.449,0.719,0.497,milleja01
Larry Miller,23,TOT,ABA,1969-70,80,,2037,317,758,302,684,15,74,223,331,132,282,414,147,,,147,173,872,0.418,0.442,0.203,0.428,0.674,0.482,millela01
Steve Mix,22,DET,NBA,1969-70,18,,276,48,100,48,100,,,23,39,,,64,15,,,,31,119,0.48,0.48,,0.48,0.59,0.508,mixst01
Doug Moe,31,CAR,ABA,1969-70,80,,2671,535,1254,527,1220,8,34,304,399,142,295,437,425,,,265,282,1382,0.427,0.432,0.235,0.43,0.762,0.483,moedo01
Earl Monroe,25,BAL,NBA,1969-70,82,,3051,695,1557,695,1557,,,532,641,,,257,402,,,,258,1922,0.446,0.446,,0.446,0.83,0.523,monroea01
Gene Moore,24,KEN,ABA,1969-70,83,,2613,630,1390,628,1386,2,4,209,311,345,657,1002,188,,,304,382,1471,0.453,0.453,0.5,0.454,0.672,0.482,moorege01
Otto Moore,23,DET,NBA,1969-70,81,,2523,383,805,383,805,,,194,305,,,900,104,,,,232,960,0.476,0.476,,0.476,0.636,0.511,mooreot01
Jackie Moreland,31,NOB,ABA,1969-70,80,,2321,317,765,315,757,2,8,139,176,150,236,386,160,,,152,250,775,0.414,0.416,0.25,0.416,0.79,0.46,morelja01
Erwin Mueller,25,TOT,NBA,1969-70,78,,2353,300,646,300,646,,,189,263,,,483,205,,,,192,789,0.464,0.464,,0.464,0.719,0.518,mueller01
Jeff Mullins,27,SFW,NBA,1969-70,74,,2861,656,1426,656,1426,,,320,378,,,382,360,,,,240,1632,0.46,0.46,,0.46,0.847,0.512,mullije01
Willie Murrell,28,TOT,ABA,1969-70,82,,1759,276,596,269,579,7,17,117,154,121,331,452,66,,,112,201,676,0.463,0.465,0.412,0.469,0.76,0.509,murrewi01
Dorie Murrey,26,SEA,NBA,1969-70,81,,1079,153,343,153,343,,,136,186,,,357,76,,,,191,442,0.446,0.446,,0.446,0.731,0.52,murredo01
Don Nelson,29,BOS,NBA,1969-70,82,,2224,461,920,461,920,,,337,435,,,601,148,,,,238,1259,0.501,0.501,,0.501,0.775,0.566,nelsodo01
Bob Netolicky,27,INA,ABA,1969-70,82,,3222,673,1393,671,1386,2,7,343,502,337,539,876,123,,,185,206,1691,0.483,0.484,0.286,0.484,0.683,0.524,netolbo01
Dave Newmark,23,ATL,NBA,1969-70,64,,612,127,296,127,296,,,59,77,,,174,42,,,,128,313,0.429,0.429,,0.429,0.766,0.474,newmada01
Rich Niemann,23,TOT,TOT,1969-70,69,,1484,287,606,287,606,0,0,143,194,171,392,569,89,,,141,229,717,0.474,0.474,,0.474,0.737,0.519,niemari01
Grady O'Malley,21,ATL,NBA,1969-70,24,,113,21,60,21,60,,,8,19,,,26,10,,,,12,50,0.35,0.35,,0.35,0.421,0.366,omallgr01
Bud Ogden,23,PHI,NBA,1969-70,47,,357,82,172,82,172,,,27,39,,,86,31,,,,62,191,0.477,0.477,,0.477,0.692,0.505,ogdenbu01
Don Ohl,33,ATL,NBA,1969-70,66,,984,176,372,176,372,,,58,72,,,71,98,,,,113,410,0.473,0.473,,0.473,0.806,0.508,ohldo01
Bud Olsen,29,KEN,ABA,1969-70,84,,1375,158,330,157,326,1,4,26,73,140,234,374,249,,,113,234,343,0.479,0.482,0.25,0.48,0.356,0.474,olsenbu01
Barry Orms,23,TOT,ABA,1969-70,77,,2091,272,695,267,669,5,26,152,276,140,207,347,132,,,148,215,701,0.391,0.399,0.192,0.395,0.551,0.429,ormsba01
George Peeples,26,CAR,ABA,1969-70,83,,2220,279,682,279,675,0,7,209,315,229,456,685,123,,,145,232,767,0.409,0.413,0,0.409,0.663,0.467,peeplge01
Ron Perry,26,TOT,ABA,1969-70,46,,522,104,272,94,237,10,35,69,97,24,29,53,37,,,51,78,287,0.382,0.397,0.286,0.401,0.711,0.456,perryro01
Loy Petersen,24,CHI,NBA,1969-70,31,,231,33,90,33,90,,,26,39,,,26,23,,,,22,92,0.367,0.367,,0.367,0.667,0.429,peterlo01
Mel Peterson,31,LAS,ABA,1969-70,4,,53,10,35,10,31,0,4,3,3,5,8,13,1,,,4,4,23,0.286,0.323,0,0.286,1,0.317,peterme01
Walter Piatkowski,24,DNR,ABA,1969-70,74,,1302,215,535,204,485,11,50,76,99,106,146,252,41,,,75,180,517,0.402,0.421,0.22,0.412,0.768,0.447,piatkwa01
Bob Portman,22,SFW,NBA,1969-70,60,,813,177,398,177,398,,,66,85,,,224,28,,,,77,420,0.445,0.445,,0.445,0.776,0.482,portmbo01
Cincinnatus Powell,27,DLC,ABA,1969-70,76,,2624,562,1200,560,1188,2,12,402,519,193,489,682,192,,,251,250,1528,0.468,0.471,0.167,0.469,0.775,0.535,powelci01
Bob Quick,23,TOT,NBA,1969-70,34,,364,63,139,63,139,,,49,71,,,75,14,,,,50,175,0.453,0.453,,0.453,0.69,0.514,quickbo01
Luther Rackley,23,CIN,NBA,1969-70,66,,1256,190,423,190,423,,,124,195,,,378,56,,,,204,504,0.449,0.449,,0.449,0.636,0.495,rackllu01
Bobby Rascoe,29,KEN,ABA,1969-70,4,,34,4,21,4,20,0,1,6,7,1,3,4,1,,,2,3,14,0.19,0.2,0,0.19,0.857,0.291,rascobo01
Craig Raymond,24,TOT,ABA,1969-70,80,,2356,386,812,386,811,0,1,190,304,146,650,796,154,,,247,274,962,0.475,0.476,0,0.475,0.625,0.509,raymocr01
Willis Reed,27,NYK,NBA,1969-70,81,,3089,702,1385,702,1385,,,351,464,,,1126,161,,,,287,1755,0.507,0.507,,0.507,0.756,0.552,reedwi01
George Reynolds,22,DET,NBA,1969-70,10,,44,8,19,8,19,,,5,7,,,14,12,,,,10,21,0.421,0.421,,0.421,0.714,0.476,reynoge01
Pat Riley,24,SDR,NBA,1969-70,36,,474,75,180,75,180,,,40,55,,,57,85,,,,68,190,0.417,0.417,,0.417,0.727,0.465,rileypa01
Mike Riordan,24,NYK,NBA,1969-70,81,,1677,255,549,255,549,,,114,165,,,194,201,,,,192,624,0.464,0.464,,0.464,0.691,0.502,riordmi01
Red Robbins,25,NOB,ABA,1969-70,82,,3266,525,1091,518,1068,7,23,285,366,427,905,1332,182,,,148,251,1342,0.481,0.485,0.304,0.484,0.779,0.536,robbire01
Rick Roberson,22,LAL,NBA,1969-70,74,,2005,262,586,262,586,,,120,212,,,672,92,,,,256,644,0.447,0.447,,0.447,0.566,0.474,roberri01
Oscar Robertson,31,CIN,NBA,1969-70,69,,2865,647,1267,647,1267,,,454,561,,,422,558,,,,175,1748,0.511,0.511,,0.511,0.809,0.577,roberos01
Flynn Robinson,28,MIL,NBA,1969-70,81,,2762,663,1391,663,1391,,,439,489,,,263,449,,,,254,1765,0.477,0.477,,0.477,0.898,0.549,robinfl01
Guy Rodgers,34,MIL,NBA,1969-70,64,,749,68,191,68,191,,,67,90,,,74,213,,,,73,203,0.356,0.356,,0.356,0.744,0.44,rodgegu01
Jerry Rook,26,NOB,ABA,1969-70,28,,155,37,82,37,80,0,2,11,13,12,19,31,10,,,16,21,85,0.451,0.463,0,0.451,0.846,0.484,rookje01
Bob Rule,25,SEA,NBA,1969-70,80,,2959,789,1705,789,1705,,,387,542,,,825,144,,,,278,1965,0.463,0.463,,0.463,0.714,0.506,rulebo01
Cazzie Russell,25,NYK,NBA,1969-70,78,,1563,385,773,385,773,,,124,160,,,236,135,,,,137,894,0.498,0.498,,0.498,0.775,0.53,russeca01
Tom Sanders,31,BOS,NBA,1969-70,57,,1616,246,555,246,555,,,161,183,,,314,92,,,,199,653,0.443,0.443,,0.443,0.88,0.514,sandeto01
Dale Schlueter,24,SFW,NBA,1969-70,63,,685,82,167,82,167,,,60,97,,,231,25,,,,108,224,0.491,0.491,,0.491,0.619,0.534,schluda01
Dave Scholz,21,PHI,NBA,1969-70,1,,1,1,1,1,1,,,0,0,,,0,0,,,,0,2,1,1,,1,,1,scholda01
Ray Scott,31,BAL,NBA,1969-70,73,,1393,257,605,257,605,,,139,173,,,457,114,,,,147,653,0.425,0.425,,0.425,0.803,0.479,scottra01
Willie Scott,22,DLC,ABA,1969-70,8,,51,6,15,6,15,0,0,1,6,2,2,4,2,,,8,16,13,0.4,0.4,,0.4,0.167,0.368,scottwi01
Lester Selvage,26,LAS,ABA,1969-70,4,,17,4,14,4,10,0,4,0,0,0,2,2,5,,,1,2,8,0.286,0.4,0,0.286,,0.286,selvale01
Lynn Shackelford,22,MMF,ABA,1969-70,22,,183,22,72,18,59,4,13,10,13,11,16,27,11,,,9,34,58,0.306,0.305,0.308,0.333,0.769,0.373,shackly01
Donald Sidle,23,MMF,ABA,1969-70,84,,3493,639,1320,638,1314,1,6,469,634,432,650,1082,129,,,250,272,1748,0.484,0.486,0.167,0.484,0.74,0.547,sidledo01
Larry Siegfried,30,BOS,NBA,1969-70,78,,2081,382,902,382,902,,,220,257,,,212,299,,,,187,984,0.424,0.424,,0.424,0.856,0.485,siegfla01
Paul Silas,26,PHO,NBA,1969-70,78,,2836,373,804,373,804,,,250,412,,,916,214,,,,266,996,0.464,0.464,,0.464,0.607,0.505,silaspa01
Walter Simon,30,NYA,ABA,1969-70,81,,2696,454,1030,453,1010,1,20,253,338,152,322,474,294,,,197,296,1162,0.441,0.449,0.05,0.441,0.749,0.493,simonwa01
Jerry Sloan,27,CHI,NBA,1969-70,53,,1822,310,737,310,737,,,207,318,,,372,165,,,,179,827,0.421,0.421,,0.421,0.651,0.472,sloanje01
Adrian Smith,33,TOT,NBA,1969-70,77,,1087,153,416,153,416,,,152,170,,,82,132,,,,122,458,0.368,0.368,,0.368,0.894,0.467,smithad01
Bingo Smith,23,SDR,NBA,1969-70,75,,1198,242,567,242,567,,,66,96,,,328,75,,,,119,550,0.427,0.427,,0.427,0.688,0.451,smithbi02
Greg Smith,23,MIL,NBA,1969-70,82,,2368,339,664,339,664,,,125,174,,,712,156,,,,304,803,0.511,0.511,,0.511,0.718,0.542,smithgr01
John Smith,25,TOT,ABA,1969-70,70,,1190,105,284,105,282,0,2,56,94,130,274,404,58,,,85,185,266,0.37,0.372,0,0.37,0.596,0.409,smithjo01
Sam Smith,26,KEN,ABA,1969-70,81,,2405,307,724,306,720,1,4,163,249,301,418,719,109,,,123,202,778,0.424,0.425,0.25,0.425,0.655,0.467,smithsa01
Dick Snyder,25,TOT,NBA,1969-70,82,,2437,456,863,456,863,,,169,208,,,323,342,,,,277,1081,0.528,0.528,,0.528,0.813,0.566,snydedi01
Daniel Sparks,24,MMF,ABA,1969-70,3,,52,7,18,7,18,0,0,5,6,9,7,16,2,,,4,7,19,0.389,0.389,,0.389,0.833,0.46,sparkda01
Erv Staggs,21,MMF,ABA,1969-70,53,,1058,189,474,187,467,2,7,73,114,35,87,122,76,,,113,155,453,0.399,0.4,0.286,0.401,0.64,0.432,stagger01
Dave Stallworth,28,NYK,NBA,1969-70,82,,1375,239,557,239,557,,,161,225,,,323,139,,,,194,639,0.429,0.429,,0.429,0.716,0.487,stallda01
George Stone,23,LAS,ABA,1969-70,83,,2639,512,1194,447,988,65,206,239,306,165,386,551,145,,,155,280,1328,0.429,0.452,0.316,0.456,0.781,0.5,stonege01
George Sutor,26,TOT,ABA,1969-70,14,,147,12,46,12,45,0,1,7,17,23,32,55,3,,,11,31,31,0.261,0.267,0,0.261,0.412,0.29,sutorge01
Keith Swagerty,24,KEN,ABA,1969-70,3,,30,2,9,2,8,0,1,3,3,1,5,6,3,,,2,4,7,0.222,0.25,0,0.222,1,0.339,swageke01
Skeeter Swift,23,NOB,ABA,1969-70,66,,1089,215,546,177,421,38,125,139,168,21,79,100,77,,,101,208,607,0.394,0.42,0.304,0.429,0.827,0.49,swiftsk01
Levern Tart,27,NYA,ABA,1969-70,80,,3210,756,1528,745,1493,11,35,412,526,252,294,546,264,,,248,268,1935,0.495,0.499,0.314,0.498,0.783,0.55,tartle01
Fatty Taylor,23,WSA,ABA,1969-70,83,,1994,243,520,242,514,1,6,178,264,176,201,377,201,,,157,285,665,0.467,0.471,0.167,0.468,0.674,0.523,taylofa01
Ronald Taylor,22,TOT,ABA,1969-70,75,,910,156,327,156,327,0,0,57,102,120,173,293,64,,,124,218,369,0.477,0.477,,0.477,0.559,0.496,tayloro01
Tom Thacker,30,INA,ABA,1969-70,70,,1016,70,212,60,173,10,39,38,69,91,120,211,185,,,115,177,188,0.33,0.347,0.256,0.354,0.551,0.388,thackto01
Floyd Theard,25,DNR,ABA,1969-70,25,,406,39,113,39,112,0,1,18,28,8,43,51,44,,,45,49,96,0.345,0.348,0,0.345,0.643,0.383,thearfl01
Justus Thigpen,22,PTP,ABA,1969-70,3,,58,5,19,5,19,0,0,1,3,4,4,8,4,,,1,14,11,0.263,0.263,,0.263,0.333,0.271,thigpju01
George Thompson,22,PTP,ABA,1969-70,54,,1017,259,587,252,555,7,32,176,260,47,47,94,73,,,84,109,701,0.441,0.454,0.219,0.447,0.677,0.5,thompge01
Skip Thoren,26,MMF,ABA,1969-70,29,,1020,164,364,164,362,0,2,92,155,109,284,393,75,,,91,112,420,0.451,0.453,0,0.451,0.594,0.486,thoresk01
Rod Thorn,28,SEA,NBA,1969-70,19,,105,20,45,20,45,,,15,24,,,16,17,,,,8,55,0.444,0.444,,0.444,0.625,0.495,thornro01
Dallas Thornton,23,MMF,ABA,1969-70,5,,114,15,35,15,33,0,2,14,17,5,17,22,11,,,18,14,44,0.429,0.455,0,0.429,0.824,0.518,thornda01
Nate Thurmond,28,SFW,NBA,1969-70,43,,1919,341,824,341,824,,,261,346,,,762,150,,,,110,943,0.414,0.414,,0.414,0.754,0.483,thurmna01
George Tinsley,23,TOT,ABA,1969-70,82,,1446,175,407,174,399,1,8,162,218,147,178,325,76,,,98,192,513,0.43,0.436,0.125,0.431,0.743,0.51,tinslge01
Gene Tormohlen,32,ATL,NBA,1969-70,2,,11,2,4,2,4,,,0,0,,,4,1,,,,3,4,0.5,0.5,,0.5,,0.5,tormobu01
John Trapp,24,SDR,NBA,1969-70,70,,1025,185,434,185,434,,,72,104,,,309,49,,,,200,442,0.426,0.426,,0.426,0.692,0.461,trappjo01
John Tresvant,30,TOT,NBA,1969-70,69,,1499,264,595,264,595,,,206,284,,,425,112,,,,204,734,0.444,0.444,,0.444,0.725,0.51,tresvjo01
Al Tucker,26,TOT,NBA,1969-70,61,,819,146,285,146,285,,,70,87,,,166,38,,,,86,362,0.512,0.512,,0.512,0.805,0.56,tuckeal01
Bill Turner,25,TOT,NBA,1969-70,72,,1170,197,468,197,468,,,123,167,,,304,43,,,,193,517,0.421,0.421,,0.421,0.737,0.477,turnebi01
Wes Unseld,23,BAL,NBA,1969-70,82,,3234,526,1015,526,1015,,,273,428,,,1370,291,,,,250,1325,0.518,0.518,,0.518,0.638,0.551,unselwe01
Stephen Vacendak,25,TOT,ABA,1969-70,14,,173,15,59,15,57,0,2,13,22,5,8,13,20,,,10,22,43,0.254,0.263,0,0.254,0.591,0.313,vacenst01
Dick Van Arsdale,26,PHO,NBA,1969-70,77,,2966,592,1166,592,1166,,,459,575,,,264,338,,,,282,1643,0.508,0.508,,0.508,0.798,0.579,vanardi01
Tom Van Arsdale,26,CIN,NBA,1969-70,71,,2544,620,1376,620,1376,,,381,492,,,463,155,,,,247,1621,0.451,0.451,,0.451,0.774,0.509,vanarto01
Norm Van Lier,22,CIN,NBA,1969-70,81,,2895,302,749,302,749,,,166,224,,,409,500,,,,329,770,0.403,0.403,,0.403,0.741,0.454,vanlino01
Chico Vaughn,29,PTP,ABA,1969-70,21,,401,66,180,42,98,24,82,48,70,17,11,28,22,,,23,53,204,0.367,0.429,0.293,0.433,0.686,0.484,vaughch01
Bob Verga,24,CAR,ABA,1969-70,82,,3411,867,1984,801,1769,66,215,458,565,176,254,430,290,,,313,268,2258,0.437,0.453,0.307,0.454,0.811,0.506,vergabo01
Neal Walk,21,PHO,NBA,1969-70,82,,1394,257,547,257,547,,,155,242,,,455,80,,,,225,669,0.47,0.47,,0.47,0.64,0.512,walkne01
Chet Walker,29,CHI,NBA,1969-70,78,,2726,596,1249,596,1249,,,483,568,,,604,192,,,,203,1675,0.477,0.477,,0.477,0.85,0.559,walkech01
Jimmy Walker,25,DET,NBA,1969-70,81,,2869,666,1394,666,1394,,,355,440,,,242,248,,,,203,1687,0.478,0.478,,0.478,0.807,0.531,walkeji01
Dwight Waller,24,DNR,ABA,1969-70,7,,87,10,24,10,23,0,1,9,19,16,22,38,4,,,16,12,29,0.417,0.435,0,0.417,0.474,0.448,walledw01
Ben Warley,33,DNR,ABA,1969-70,42,,475,60,170,45,112,15,58,58,76,26,84,110,30,,,36,98,193,0.353,0.402,0.259,0.397,0.763,0.474,warlebe01
Bob Warlick,28,LAS,ABA,1969-70,29,,711,112,309,112,308,0,1,65,96,51,63,114,76,,,57,70,289,0.362,0.364,0,0.362,0.677,0.411,warlibo01
Bob Warren,23,LAS,ABA,1969-70,72,,1672,266,647,241,540,25,107,176,238,119,158,277,141,,,148,190,733,0.411,0.446,0.234,0.43,0.739,0.488,warrebo01
John Warren,22,NYK,NBA,1969-70,44,,272,44,108,44,108,,,24,35,,,40,30,,,,53,112,0.407,0.407,,0.407,0.686,0.454,warrejo01
Bobby Washington,22,KEN,ABA,1969-70,2,,5,0,1,0,1,0,0,0,0,0,0,0,0,,,1,0,0,0,0,,0,,0,washibo01
Jim Washington,26,PHI,NBA,1969-70,79,,2459,401,842,401,842,,,204,273,,,734,104,,,,262,1006,0.476,0.476,,0.476,0.747,0.523,washiji01
Trooper Washington,25,TOT,ABA,1969-70,81,,2353,320,582,316,574,4,8,155,240,312,510,822,196,,,177,285,799,0.55,0.551,0.5,0.553,0.646,0.581,washitr01
Bob Weiss,27,CHI,NBA,1969-70,82,,2544,365,855,365,855,,,213,253,,,227,474,,,,206,943,0.427,0.427,,0.427,0.842,0.488,weissbo01
Walt Wesley,25,CHI,NBA,1969-70,72,,1407,270,648,270,648,,,145,219,,,455,68,,,,184,685,0.417,0.417,,0.417,0.662,0.46,weslewa01
Jerry West,31,LAL,NBA,1969-70,74,,3106,831,1673,831,1673,,,647,785,,,338,554,,,,160,2309,0.497,0.497,,0.497,0.824,0.572,westje01
Hubie White,30,MMF,ABA,1969-70,54,,824,146,363,139,320,7,43,62,84,70,85,155,56,,,59,147,361,0.402,0.434,0.163,0.412,0.738,0.451,whitehu01
Jo Jo White,23,BOS,NBA,1969-70,60,,1328,309,684,309,684,,,111,135,,,169,145,,,,132,729,0.452,0.452,,0.452,0.822,0.49,whitejo01
Hank Whitney,30,CAR,ABA,1969-70,59,,981,170,403,170,403,0,0,57,88,127,244,371,56,,,80,200,397,0.422,0.422,,0.422,0.648,0.449,whitnha01
Lenny Wilkens,32,SEA,NBA,1969-70,75,,2802,448,1066,448,1066,,,438,556,,,378,683,,,,212,1334,0.42,0.42,,0.42,0.788,0.509,wilkele01
Art Williams,30,SDR,NBA,1969-70,80,,1545,189,464,189,464,,,88,118,,,292,503,,,,168,466,0.407,0.407,,0.407,0.746,0.452,williar01
Bernie Williams,24,SDR,NBA,1969-70,72,,1228,251,641,251,641,,,96,122,,,155,165,,,,124,598,0.392,0.392,,0.392,0.787,0.43,willibe01
Charles Williams,26,PTP,ABA,1969-70,26,,925,193,537,177,462,16,75,104,135,25,53,78,94,,,80,80,506,0.359,0.383,0.213,0.374,0.77,0.424,willich01
Gene Williams,22,KEN,ABA,1969-70,1,,8,0,1,0,1,0,0,0,0,0,0,0,0,,,2,2,0,0,0,,0,,0,willige01
Ron Williams,25,SFW,NBA,1969-70,80,,2435,452,1046,452,1046,,,277,337,,,190,424,,,,287,1181,0.432,0.432,,0.432,0.822,0.494,williro01
Sam Williams,25,MIL,NBA,1969-70,11,,44,11,24,11,24,,,5,11,,,7,3,,,,5,27,0.458,0.458,,0.458,0.455,0.468,willisa01
George Wilson,27,PHI,NBA,1969-70,67,,836,118,304,118,304,,,122,172,,,317,52,,,,145,358,0.388,0.388,,0.388,0.709,0.471,wilsoge01
Jasper Wilson,22,NOB,ABA,1969-70,4,,59,8,21,7,19,1,2,6,8,2,12,14,2,,,4,6,23,0.381,0.368,0.5,0.405,0.75,0.469,wilsoja01
Lee Winfield,22,SEA,NBA,1969-70,64,,771,138,288,138,288,,,87,116,,,98,102,,,,95,363,0.479,0.479,,0.479,0.75,0.535,winfile01
Willie Wise,22,LAS,ABA,1969-70,82,,2709,483,1014,479,997,4,17,278,427,283,669,952,204,,,186,301,1248,0.476,0.48,0.235,0.478,0.651,0.519,wisewi01
Greg Wittman,22,DNR,ABA,1969-70,50,,453,80,204,76,187,4,17,32,59,30,68,98,15,,,36,87,196,0.392,0.406,0.235,0.402,0.542,0.426,wittmgr01
Bob Woollard,29,MMF,ABA,1969-70,19,,234,32,82,32,81,0,1,20,25,25,44,69,6,,,16,42,84,0.39,0.395,0,0.39,0.8,0.452,woollbo01
Tom Workman,25,TOT,TOT,1969-70,28,,451,116,252,115,248,1,4,77,98,44,50,94,22,,,33,70,310,0.46,0.464,0.25,0.462,0.786,0.525,workmto01
Lonnie Wright,25,DNR,ABA,1969-70,79,,2237,393,952,339,759,54,193,121,175,49,167,216,149,,,97,278,961,0.413,0.447,0.28,0.441,0.691,0.467,wrighlo01
Zaid Abdul-Aziz,24,SEA,NBA,1970-71,61,,1276,263,597,263,597,,,139,188,,,468,42,,,,118,665,0.441,0.441,,0.441,0.739,0.489,abdulza01
Kareem Abdul-Jabbar,23,MIL,NBA,1970-71,82,,3288,1063,1843,1063,1843,,,470,681,,,1311,272,,,,264,2596,0.577,0.577,,0.577,0.69,0.606,abdulka01
Don Adams,23,SDR,NBA,1970-71,82,,2374,391,957,391,957,,,155,212,,,581,173,,,,344,937,0.409,0.409,,0.409,0.731,0.446,adamsdo01
Rick Adelman,24,POR,NBA,1970-71,81,,2303,378,895,378,895,,,267,369,,,282,380,,,,214,1023,0.422,0.422,,0.422,0.724,0.484,adelmri01
Lucius Allen,23,MIL,NBA,1970-71,61,,1162,178,398,178,398,,,77,110,,,152,161,,,,108,433,0.447,0.447,,0.447,0.7,0.485,allenlu01
Cliff Anderson,26,TOT,NBA,1970-71,28,,198,20,65,20,65,,,46,67,,,48,20,,,,29,86,0.308,0.308,,0.308,0.687,0.455,andercl01
Tiny Archibald,22,CIN,NBA,1970-71,82,,2867,486,1095,486,1095,,,336,444,,,242,450,,,,218,1308,0.444,0.444,,0.444,0.757,0.507,architi01
Jim Ard,22,NYA,ABA,1970-71,73,,1027,174,382,174,379,0,3,79,132,112,225,337,40,,,108,119,427,0.455,0.459,0,0.455,0.598,0.485,ardji01
Bob Arnzen,23,CIN,NBA,1970-71,55,,594,128,277,128,277,,,45,52,,,152,24,,,,54,301,0.462,0.462,,0.462,0.865,0.502,arnzebo01
Al Attles,34,SFW,NBA,1970-71,34,,321,22,54,22,54,,,24,41,,,40,58,,,,59,68,0.407,0.407,,0.407,0.585,0.472,attleal01
Dennis Awtrey,22,PHI,NBA,1970-71,70,,1292,200,421,200,421,,,104,157,,,430,89,,,,211,504,0.475,0.475,,0.475,0.662,0.514,awtrede01
Walker Banks,23,PTC,ABA,1970-71,16,,154,17,34,17,34,0,0,7,17,19,30,49,8,,,16,34,41,0.5,0.5,,0.5,0.412,0.494,bankswa01
Jim Barnes,29,BAL,NBA,1970-71,11,,100,15,28,15,28,,,7,11,,,16,8,,,,23,37,0.536,0.536,,0.536,0.636,0.563,barneji01
Dick Barnett,34,NYK,NBA,1970-71,82,,2843,540,1184,540,1184,,,193,278,,,238,225,,,,232,1273,0.456,0.456,,0.456,0.694,0.487,barnedi01
Jim Barnett,26,POR,NBA,1970-71,78,,2371,559,1283,559,1283,,,326,402,,,376,323,,,,190,1444,0.436,0.436,,0.436,0.811,0.495,barneji02
John Barnhill,32,TOT,ABA,1970-71,67,,1303,181,496,149,349,32,147,96,134,47,69,116,160,,,79,106,490,0.365,0.427,0.218,0.397,0.716,0.441,barnhjo01
Moe Barr,26,CIN,NBA,1970-71,31,,145,25,62,25,62,,,11,13,,,20,28,,,,27,61,0.403,0.403,,0.403,0.846,0.45,barrmo01
Mike Barrett,27,VIR,ABA,1970-71,84,,2754,458,988,430,885,28,103,208,274,130,142,272,425,,,255,202,1152,0.464,0.486,0.272,0.478,0.759,0.52,barremi01
Rick Barry,26,NYA,ABA,1970-71,59,,2502,632,1348,613,1262,19,86,451,507,105,296,401,294,,,202,205,1734,0.469,0.486,0.221,0.476,0.89,0.552,barryri01
Johnny Baum,24,CHI,NBA,1970-71,62,,543,123,293,123,293,,,40,58,,,125,31,,,,55,286,0.42,0.42,,0.42,0.69,0.449,baumjo01
Elgin Baylor,36,LAL,NBA,1970-71,2,,57,8,19,8,19,,,4,6,,,11,2,,,,6,20,0.421,0.421,,0.421,0.667,0.462,bayloel01
Charles Beasley,25,TOT,ABA,1970-71,48,,509,57,136,50,110,7,26,40,49,13,33,46,82,,,45,69,161,0.419,0.455,0.269,0.445,0.816,0.511,beaslch01
John Beasley,26,TEX,ABA,1970-71,83,,2691,532,1070,516,1012,16,58,236,285,303,462,765,147,,,109,206,1316,0.497,0.51,0.276,0.505,0.828,0.55,beasljo01
Zelmo Beaty,31,UTS,ABA,1970-71,76,,2915,661,1192,659,1188,2,4,420,531,407,783,1190,148,,,196,299,1744,0.555,0.555,0.5,0.555,0.791,0.612,beatyze01
Byron Beck,26,DNR,ABA,1970-71,84,,2849,490,1033,486,1019,4,14,158,182,280,604,884,177,,,160,273,1142,0.474,0.477,0.286,0.476,0.868,0.513,beckby01
Arthur Becker,29,TOT,ABA,1970-71,80,,1643,370,741,365,733,5,8,135,156,151,275,426,53,,,77,260,880,0.499,0.498,0.625,0.503,0.865,0.543,beckear01
Bob Bedell,26,TEX,ABA,1970-71,71,,970,176,441,167,399,9,42,93,113,138,172,310,85,,,79,124,454,0.399,0.419,0.214,0.409,0.823,0.463,bedelbo01
Walt Bellamy,31,ATL,NBA,1970-71,82,,2908,433,879,433,879,,,336,556,,,1060,230,,,,271,1202,0.493,0.493,,0.493,0.604,0.535,bellawa01
Dave Bing,27,DET,NBA,1970-71,82,,3065,799,1710,799,1710,,,615,772,,,364,408,,,,228,2213,0.467,0.467,,0.467,0.797,0.54,bingda01
Tom Black,29,TOT,NBA,1970-71,71,,873,121,301,121,301,,,57,88,,,259,44,,,,136,299,0.402,0.402,,0.402,0.648,0.44,blackto01
John Block,26,SDR,NBA,1970-71,73,,1464,245,584,245,584,,,212,270,,,442,98,,,,193,702,0.42,0.42,,0.42,0.785,0.499,blockjo01
Tom Boerwinkle,25,CHI,NBA,1970-71,82,,2370,357,736,357,736,,,168,232,,,1133,397,,,,275,882,0.485,0.485,,0.485,0.724,0.526,boerwto01
Ron Boone,24,TOT,ABA,1970-71,86,,2476,610,1395,561,1257,49,138,278,357,222,342,564,256,,,272,298,1547,0.437,0.446,0.355,0.455,0.779,0.498,boonero01
Bob Boozer,33,MIL,NBA,1970-71,80,,1775,290,645,290,645,,,148,181,,,435,128,,,,216,728,0.45,0.45,,0.45,0.818,0.502,boozebo01
Nate Bowman,27,BUF,NBA,1970-71,44,,483,58,148,58,148,,,20,38,,,173,41,,,,91,136,0.392,0.392,,0.392,0.526,0.413,bowmana01
Gary Bradds,28,TOT,ABA,1970-71,26,,321,52,127,52,125,0,2,39,58,39,65,104,14,,,25,41,143,0.409,0.416,0,0.409,0.672,0.469,braddga01
Bill Bradley,27,NYK,NBA,1970-71,78,,2300,413,912,413,912,,,144,175,,,260,280,,,,245,970,0.453,0.453,,0.453,0.823,0.49,bradlbi01
Bill Bridges,31,ATL,NBA,1970-71,82,,3140,382,834,382,834,,,211,330,,,1233,240,,,,317,975,0.458,0.458,,0.458,0.639,0.498,bridgbi01
John Brisker,23,PTC,ABA,1970-71,79,,3089,898,1972,809,1708,89,264,430,519,299,467,766,226,,,320,273,2315,0.455,0.474,0.337,0.478,0.829,0.526,briskjo01
Clarence Brookins,,FLO,ABA,1970-71,8,,59,8,26,8,25,0,1,5,12,8,4,12,1,,,0,5,21,0.308,0.32,0,0.308,0.417,0.336,brookcl01
Larry Brown,30,TOT,ABA,1970-71,63,,1343,127,340,121,319,6,21,186,225,24,85,109,330,,,188,145,446,0.374,0.379,0.286,0.382,0.827,0.508,brownla01
Roger Brown,28,INA,ABA,1970-71,82,,3364,610,1266,547,1043,63,223,407,512,176,393,569,395,,,232,289,1690,0.482,0.524,0.283,0.507,0.795,0.567,brownro01
Em Bryant,32,BUF,NBA,1970-71,73,,2137,288,684,288,684,,,151,203,,,262,352,,,,266,727,0.421,0.421,,0.421,0.744,0.47,bryanem01
Bill Bunting,23,TOT,ABA,1970-71,72,,1123,114,245,114,245,0,0,104,124,104,129,233,58,,,74,157,332,0.465,0.465,,0.465,0.839,0.554,buntibi02
Mike Butler,24,UTS,ABA,1970-71,71,,1414,271,646,239,521,32,125,153,168,24,107,131,186,,,107,142,727,0.42,0.459,0.256,0.444,0.911,0.505,butlemi01
Joe Caldwell,29,CAR,ABA,1970-71,72,,3008,685,1528,679,1498,6,30,302,541,216,273,489,301,,,249,237,1678,0.448,0.453,0.2,0.45,0.558,0.475,caldwjo01
Mack Calvin,23,FLO,ABA,1970-71,81,,3394,744,1728,727,1669,17,59,696,805,107,176,283,619,,,356,263,2201,0.431,0.436,0.288,0.435,0.865,0.529,calvima01
Larry Cannon,23,DNR,ABA,1970-71,80,,3097,751,1722,733,1653,18,69,606,763,207,126,333,414,,,346,237,2126,0.436,0.443,0.261,0.441,0.794,0.517,cannola01
Frank Card,26,TOT,ABA,1970-71,70,,1865,302,662,301,657,1,5,196,303,97,360,457,113,,,166,212,801,0.456,0.458,0.2,0.457,0.647,0.504,cardfr01
Darel Carrier,30,KEN,ABA,1970-71,84,,2664,495,1140,432,979,63,161,327,377,50,182,232,244,,,199,229,1380,0.434,0.441,0.391,0.462,0.867,0.528,carrida01
Fred Carter,25,BAL,NBA,1970-71,77,,1707,340,815,340,815,,,119,183,,,251,165,,,,165,799,0.417,0.417,,0.417,0.65,0.446,cartefr01
George Carter,27,VIR,ABA,1970-71,81,,2721,594,1255,594,1254,0,1,346,437,215,435,650,157,,,183,290,1534,0.473,0.474,0,0.473,0.792,0.53,cartege01
Wilt Chamberlain,34,LAL,NBA,1970-71,82,,3630,668,1226,668,1226,,,360,669,,,1493,352,,,,174,1696,0.545,0.545,,0.545,0.538,0.558,chambwi01
Jerry Chambers,27,ATL,NBA,1970-71,65,,1168,237,526,237,526,,,106,134,,,245,61,,,,119,580,0.451,0.451,,0.451,0.791,0.496,chambje01
Don Chaney,24,BOS,NBA,1970-71,81,,2289,348,766,348,766,,,234,313,,,463,235,,,,288,930,0.454,0.454,,0.454,0.748,0.515,chanedo01
Wayne Chapman,25,TOT,ABA,1970-71,69,,1241,214,562,199,505,15,57,113,158,55,119,174,128,,,115,158,556,0.381,0.394,0.263,0.394,0.715,0.44,chapmwa01
Len Chappell,30,TOT,NBA,1970-71,48,,537,86,199,86,199,,,71,88,,,151,17,,,,72,243,0.432,0.432,,0.432,0.807,0.511,chapple01
Bob Christian,24,ATL,NBA,1970-71,54,,524,55,127,55,127,,,40,64,,,177,30,,,,118,150,0.433,0.433,,0.433,0.625,0.483,chrisbo01
Archie Clark,29,PHI,NBA,1970-71,82,,3245,662,1334,662,1334,,,422,536,,,391,440,,,,217,1746,0.496,0.496,,0.496,0.787,0.556,clarkar01
Barry Clemens,27,SEA,NBA,1970-71,78,,1286,247,526,247,526,,,83,114,,,243,92,,,,169,577,0.47,0.47,,0.47,0.728,0.501,clemeba01
Jimmy Collins,24,CHI,NBA,1970-71,55,,478,92,214,92,214,,,35,45,,,54,60,,,,43,219,0.43,0.43,,0.43,0.778,0.468,colliji01
Glen Combs,24,TOT,ABA,1970-71,86,,3204,610,1372,533,1162,77,210,448,546,77,215,292,361,,,256,286,1745,0.445,0.459,0.367,0.473,0.821,0.541,combsgl01
Jeffrey Congdon,27,TOT,ABA,1970-71,80,,1562,178,487,160,399,18,88,79,96,37,106,143,252,,,145,126,453,0.366,0.401,0.205,0.384,0.823,0.428,congdje01
Joe Cooke,22,CLE,NBA,1970-71,73,,725,134,341,134,341,,,48,59,,,114,93,,,,135,316,0.393,0.393,,0.393,0.814,0.431,cookejo01
Mel Counts,29,PHO,NBA,1970-71,80,,1669,365,799,365,799,,,149,198,,,503,136,,,,279,879,0.457,0.457,,0.457,0.753,0.496,countme01
Dave Cowens,22,BOS,NBA,1970-71,81,,3076,550,1302,550,1302,,,273,373,,,1216,228,,,,350,1373,0.422,0.422,,0.422,0.732,0.468,cowenda01
Freddie Crawford,29,TOT,NBA,1970-71,51,,652,110,281,110,281,,,48,98,,,104,78,,,,77,268,0.391,0.391,,0.391,0.49,0.413,crawffr01
Bobby Croft,24,TOT,ABA,1970-71,62,,739,126,348,126,346,0,2,73,112,83,123,206,41,,,44,137,325,0.362,0.364,0,0.362,0.652,0.409,croftbo01
Pete Cross,22,SEA,NBA,1970-71,79,,2194,245,554,245,554,,,140,203,,,949,113,,,,212,630,0.442,0.442,,0.442,0.69,0.49,crosspe01
Al Cueto,24,MMP,ABA,1970-71,71,,974,134,333,134,328,0,5,55,77,100,179,279,86,,,57,166,323,0.402,0.409,0,0.402,0.714,0.44,cuetoal01
Billy Cunningham,27,PHI,NBA,1970-71,81,,3090,702,1519,702,1519,,,455,620,,,946,395,,,,328,1859,0.462,0.462,,0.462,0.734,0.519,cunnibi01
Dick Cunningham,24,MIL,NBA,1970-71,76,,675,81,195,81,195,,,39,59,,,257,43,,,,90,201,0.415,0.415,,0.415,0.661,0.455,cunnidi01
Louie Dampier,26,KEN,ABA,1970-71,84,,3221,566,1353,463,1073,103,280,320,376,73,224,297,460,,,244,213,1555,0.418,0.432,0.368,0.456,0.851,0.512,dampilo01
Bob Dandridge,23,MIL,NBA,1970-71,79,,2862,594,1167,594,1167,,,264,376,,,632,277,,,,287,1452,0.509,0.509,,0.509,0.702,0.545,dandrbo01
Mel Daniels,26,INA,ABA,1970-71,82,,3170,698,1357,697,1344,1,13,326,480,394,1081,1475,178,,,230,292,1723,0.514,0.519,0.077,0.515,0.679,0.549,danieme01
Mack Daughtry,,CAR,ABA,1970-71,4,,43,4,10,4,10,0,0,5,5,2,3,5,3,,,0,4,13,0.4,0.4,,0.4,1,0.533,daughma01
Jim Davis,29,ATL,NBA,1970-71,82,,1864,241,503,241,503,,,195,288,,,546,108,,,,253,677,0.479,0.479,,0.479,0.677,0.538,davisji01
Lee Davis,25,MMP,ABA,1970-71,75,,925,197,431,197,429,0,2,63,117,122,129,251,62,,,67,169,457,0.457,0.459,0,0.457,0.538,0.474,davisle01
Mike Davis,24,BUF,NBA,1970-71,73,,1617,317,774,317,774,,,199,262,,,187,153,,,,220,833,0.41,0.41,,0.41,0.76,0.468,davismi01
Warren Davis,27,FLO,ABA,1970-71,76,,1995,308,686,308,684,0,2,209,300,224,415,639,170,,,175,254,825,0.449,0.45,0,0.449,0.697,0.504,daviswa02
Willie Davis,25,TEX,ABA,1970-71,8,,29,7,15,7,15,0,0,4,8,7,6,13,2,,,3,10,18,0.467,0.467,,0.467,0.5,0.486,daviswi01
Billy DeAngelis,24,NYA,ABA,1970-71,8,,47,3,6,3,6,0,0,4,6,2,4,6,8,,,5,16,10,0.5,0.5,,0.5,0.667,0.579,deangbi01
Dave DeBusschere,30,NYK,NBA,1970-71,81,,2891,523,1243,523,1243,,,217,312,,,901,220,,,,237,1263,0.421,0.421,,0.421,0.696,0.458,debusda01
Joe DePre,23,NYA,ABA,1970-71,72,,1707,250,488,250,484,0,4,132,172,55,120,175,138,,,137,262,632,0.512,0.517,0,0.512,0.767,0.561,deprejo01
Connie Dierking,34,TOT,NBA,1970-71,54,,737,125,322,125,322,,,61,89,,,234,60,,,,114,311,0.388,0.388,,0.388,0.685,0.431,dierkco01
Coby Dietrick,22,MMP,ABA,1970-71,37,,357,61,160,61,159,0,1,21,34,39,75,114,33,,,37,56,143,0.381,0.384,0,0.381,0.618,0.409,dietrco01
Bill Dinwiddie,27,BOS,NBA,1970-71,61,,717,123,328,123,328,,,54,74,,,209,34,,,,90,300,0.375,0.375,,0.375,0.73,0.416,dinwibi01
Terry Dischinger,30,DET,NBA,1970-71,65,,1855,304,568,304,568,,,161,211,,,339,113,,,,189,769,0.535,0.535,,0.535,0.763,0.582,dischte01
Sonny Dove,25,NYA,ABA,1970-71,83,,2280,467,1006,463,992,4,14,186,273,264,412,676,88,,,224,304,1124,0.464,0.467,0.286,0.466,0.681,0.499,doveso01
Terry Driscoll,23,DET,NBA,1970-71,69,,1255,132,318,132,318,,,108,154,,,402,54,,,,212,372,0.415,0.415,,0.415,0.701,0.482,driscte01
Jim Eakins,24,VIR,ABA,1970-71,84,,2235,332,645,332,645,0,0,242,319,222,556,778,160,,,145,282,906,0.515,0.515,,0.515,0.759,0.577,eakinji01
Johnny Egan,32,TOT,NBA,1970-71,62,,824,67,178,67,178,,,42,51,,,63,112,,,,71,176,0.376,0.376,,0.376,0.824,0.439,eganjo01
Joe Ellis,26,SFW,NBA,1970-71,80,,2275,356,898,356,898,,,151,203,,,511,161,,,,287,863,0.396,0.396,,0.396,0.744,0.437,ellisjo01
Leroy Ellis,30,POR,NBA,1970-71,74,,2581,485,1095,485,1095,,,209,261,,,907,235,,,,258,1179,0.443,0.443,,0.443,0.801,0.487,ellisle01
Claude English,24,POR,NBA,1970-71,18,,70,11,42,11,42,,,5,7,,,20,6,,,,15,27,0.262,0.262,,0.262,0.714,0.299,englicl01
Keith Erickson,26,LAL,NBA,1970-71,73,,2272,369,783,369,783,,,85,112,,,404,223,,,,241,823,0.471,0.471,,0.471,0.759,0.494,erickke01
Greg Fillmore,23,NYK,NBA,1970-71,39,,271,45,102,45,102,,,13,27,,,93,17,,,,80,103,0.441,0.441,,0.441,0.481,0.452,fillmgr01
Hank Finkel,28,BOS,NBA,1970-71,80,,1234,214,489,214,489,,,93,127,,,343,79,,,,196,521,0.438,0.438,,0.438,0.732,0.478,finkeha01
Levi Fontaine,22,SFW,NBA,1970-71,35,,210,53,145,53,145,,,28,37,,,15,22,,,,27,134,0.366,0.366,,0.366,0.757,0.415,fontale01
Jake Ford,24,SEA,NBA,1970-71,5,,68,9,25,9,25,,,16,22,,,9,9,,,,11,34,0.36,0.36,,0.36,0.727,0.49,fordja01
Fred Foster,24,TOT,NBA,1970-71,67,,909,148,368,148,368,,,73,106,,,151,61,,,,115,369,0.402,0.402,,0.402,0.689,0.445,fostefr01
Jim Fox,27,CHI,NBA,1970-71,82,,1628,280,611,280,611,,,239,321,,,598,196,,,,213,799,0.458,0.458,,0.458,0.745,0.531,foxji01
Ronald Franz,25,FLO,ABA,1970-71,67,,1596,309,637,302,615,7,22,188,259,124,196,320,97,,,123,178,813,0.485,0.491,0.318,0.491,0.726,0.541,franzro01
Walt Frazier,25,NYK,NBA,1970-71,80,,3455,651,1317,651,1317,,,434,557,,,544,536,,,,240,1736,0.494,0.494,,0.494,0.779,0.556,fraziwa01
Donnie Freeman,26,TOT,ABA,1970-71,66,,2414,596,1235,596,1228,0,7,367,459,148,176,324,332,,,173,192,1559,0.483,0.485,0,0.483,0.8,0.542,freemdo01
Gary Freeman,22,TOT,NBA,1970-71,52,,382,69,134,69,134,,,29,40,,,106,35,,,,67,167,0.515,0.515,,0.515,0.725,0.551,freemga01
Carl Fuller,25,FLO,ABA,1970-71,70,,1151,170,372,170,371,0,1,72,120,102,228,330,54,,,75,209,412,0.457,0.458,0,0.457,0.6,0.485,fulleca01
Dick Garrett,24,BUF,NBA,1970-71,75,,2375,373,902,373,902,,,218,251,,,295,264,,,,290,964,0.414,0.414,,0.414,0.869,0.476,garredi01
Herm Gilliam,24,BUF,NBA,1970-71,80,,2082,378,896,378,896,,,142,189,,,334,291,,,,246,898,0.422,0.422,,0.422,0.751,0.459,gillihe01
Walt Gilmore,23,POR,NBA,1970-71,27,,261,23,54,23,54,,,12,26,,,73,12,,,,49,58,0.426,0.426,,0.426,0.462,0.443,gilmowa01
Gail Goodrich,27,LAL,NBA,1970-71,79,,2808,558,1174,558,1174,,,264,343,,,260,380,,,,258,1380,0.475,0.475,,0.475,0.77,0.521,goodrga01
Gerald Govan,29,MMP,ABA,1970-71,84,,3698,296,794,295,790,1,4,119,191,277,861,1138,407,,,276,284,712,0.373,0.373,0.25,0.373,0.623,0.405,govange01
Bob Greacen,23,MIL,NBA,1970-71,2,,43,1,12,1,12,,,3,7,,,6,13,,,,7,5,0.083,0.083,,0.083,0.429,0.166,greacbo01
Johnny Green,37,CIN,NBA,1970-71,75,,2147,502,855,502,855,,,248,402,,,656,89,,,,233,1252,0.587,0.587,,0.587,0.617,0.607,greenjo01
Lamar Green,23,PHO,NBA,1970-71,68,,1326,167,369,167,369,,,64,106,,,466,53,,,,202,398,0.453,0.453,,0.453,0.604,0.479,greenla01
Luther Green,24,NYA,ABA,1970-71,26,,164,40,88,40,84,0,4,18,44,22,33,55,3,,,21,19,98,0.455,0.476,0,0.455,0.409,0.456,greenlu01
Hal Greer,34,PHI,NBA,1970-71,81,,3060,591,1371,591,1371,,,326,405,,,364,369,,,,289,1508,0.431,0.431,,0.431,0.805,0.487,greerha01
Gary Gregor,25,POR,NBA,1970-71,44,,1153,181,421,181,421,,,59,89,,,334,81,,,,120,421,0.43,0.43,,0.43,0.663,0.457,gregoga01
Matt Guokas,26,TOT,NBA,1970-71,79,,2213,206,418,206,418,,,101,138,,,158,342,,,,189,513,0.493,0.493,,0.493,0.732,0.536,guokama02
Tom Hagan,24,TOT,ABA,1970-71,49,,690,100,246,88,205,12,41,43,63,33,50,83,106,,,52,78,255,0.407,0.429,0.293,0.431,0.683,0.466,haganto01
Happy Hairston,28,LAL,NBA,1970-71,80,,2921,574,1233,574,1233,,,337,431,,,797,168,,,,256,1485,0.466,0.466,,0.466,0.782,0.522,hairsha01
Shaler Halimon,25,TOT,NBA,1970-71,81,,1652,301,783,301,783,,,107,162,,,417,215,,,,183,709,0.384,0.384,,0.384,0.66,0.415,halimsh01
Dennis Hamilton,26,KEN,ABA,1970-71,3,,11,1,2,1,2,0,0,1,1,0,1,1,1,,,3,1,3,0.5,0.5,,0.5,1,0.615,hamilde01
Joe Hamilton,22,TEX,ABA,1970-71,84,,2564,500,1184,415,899,85,285,233,279,96,189,285,365,,,138,279,1318,0.422,0.462,0.298,0.458,0.835,0.504,hamiljo01
Julian Hammond,27,DNR,ABA,1970-71,83,,2082,435,834,435,834,0,0,273,375,238,285,523,97,,,180,189,1143,0.522,0.522,,0.522,0.728,0.572,hammoju01
Ira Harge,29,TOT,ABA,1970-71,82,,2934,460,999,458,994,2,5,197,306,328,757,1085,202,,,232,291,1119,0.46,0.461,0.4,0.461,0.644,0.494,hargeir01
Art Harris,24,PHO,NBA,1970-71,56,,952,199,484,199,484,,,69,113,,,100,132,,,,137,467,0.411,0.411,,0.411,0.611,0.437,harriar01
Clem Haskins,27,PHO,NBA,1970-71,82,,2764,562,1277,562,1277,,,338,431,,,324,383,,,,207,1462,0.44,0.44,,0.44,0.784,0.498,haskicl01
John Havlicek,30,BOS,NBA,1970-71,81,,3678,892,1982,892,1982,,,554,677,,,730,607,,,,200,2338,0.45,0.45,,0.45,0.818,0.513,havlijo01
Connie Hawkins,28,PHO,NBA,1970-71,71,,2662,512,1181,512,1181,,,457,560,,,643,322,,,,197,1481,0.434,0.434,,0.434,0.816,0.519,hawkico01
Elvin Hayes,25,SDR,NBA,1970-71,82,,3633,948,2215,948,2215,,,454,676,,,1362,186,,,,225,2350,0.428,0.428,,0.428,0.672,0.468,hayesel01
Jim Hayes,22,NYA,ABA,1970-71,47,,494,46,109,46,109,0,0,52,67,20,25,45,47,,,45,73,144,0.422,0.422,,0.422,0.776,0.52,hayesji01
Spencer Haywood,21,SEA,NBA,1970-71,33,,1162,260,579,260,579,,,160,218,,,396,48,,,,84,680,0.449,0.449,,0.449,0.734,0.504,haywosp01
Walt Hazzard,28,ATL,NBA,1970-71,82,,2877,517,1126,517,1126,,,315,415,,,300,514,,,,276,1349,0.459,0.459,,0.459,0.759,0.515,abdulma01
Gar Heard,22,SEA,NBA,1970-71,65,,1027,152,399,152,399,,,82,125,,,328,45,,,,126,386,0.381,0.381,,0.381,0.656,0.425,heardga01
Al Henry,21,PHI,NBA,1970-71,6,,26,1,6,1,6,,,5,7,,,11,0,,,,1,7,0.167,0.167,,0.167,0.714,0.385,henryal01
Charles Hentz,23,PTC,ABA,1970-71,57,,1075,142,303,142,299,0,4,57,98,148,238,386,31,,,82,114,341,0.469,0.475,0,0.469,0.582,0.493,hentzch01
Dan Hester,22,TOT,ABA,1970-71,42,,555,97,245,92,233,5,12,49,60,83,151,234,35,,,44,82,248,0.396,0.395,0.417,0.406,0.817,0.457,hesteda01
Fred Hetzel,28,LAL,NBA,1970-71,59,,613,111,256,111,256,,,60,77,,,149,37,,,,99,282,0.434,0.434,,0.434,0.779,0.486,hetzefr01
Bill Hewitt,26,DET,NBA,1970-71,62,,1725,203,435,203,435,,,69,120,,,454,124,,,,189,475,0.467,0.467,,0.467,0.575,0.487,hewitbi01
Earle Higgins,24,INA,ABA,1970-71,53,,467,104,223,101,206,3,17,20,30,48,80,128,35,,,26,109,231,0.466,0.49,0.176,0.473,0.667,0.489,higgiea01
Wayne Hightower,31,TOT,ABA,1970-71,68,,2355,339,848,339,845,0,3,268,361,219,396,615,194,,,145,204,946,0.4,0.401,0,0.4,0.742,0.47,hightwa01
A.W. Holt,24,CHI,NBA,1970-71,6,,14,1,8,1,8,,,2,3,,,4,0,,,,1,4,0.125,0.125,,0.125,0.667,0.215,holtaw01
Bill Hosket,24,BUF,NBA,1970-71,13,,217,47,90,47,90,,,11,17,,,75,20,,,,27,105,0.522,0.522,,0.522,0.647,0.539,hoskebi01
Greg Howard,23,PHO,NBA,1970-71,44,,426,68,173,68,173,,,37,58,,,119,26,,,,67,173,0.393,0.393,,0.393,0.638,0.436,howargr01
Bailey Howell,34,PHI,NBA,1970-71,82,,1589,324,686,324,686,,,230,315,,,441,115,,,,234,878,0.472,0.472,,0.472,0.73,0.532,howelba01
Lou Hudson,26,ATL,NBA,1970-71,76,,3113,829,1713,829,1713,,,381,502,,,386,257,,,,186,2039,0.484,0.484,,0.484,0.759,0.527,hudsolo01
John Hummer,22,BUF,NBA,1970-71,81,,2637,339,764,339,764,,,235,405,,,717,163,,,,284,913,0.444,0.444,,0.444,0.58,0.485,hummejo01
Les Hunter,28,TOT,ABA,1970-71,80,,1525,288,645,278,596,10,49,159,223,159,334,493,95,,,152,253,745,0.447,0.466,0.204,0.454,0.713,0.501,huntele01
Greg Hyder,22,CIN,NBA,1970-71,77,,1359,183,409,183,409,,,51,71,,,332,48,,,,187,417,0.447,0.447,,0.447,0.718,0.474,hydergr01
Darrall Imhoff,32,CIN,NBA,1970-71,34,,826,119,258,119,258,,,37,73,,,233,79,,,,120,275,0.461,0.461,,0.461,0.507,0.474,imhofda01
George Irvine,22,VIR,ABA,1970-71,34,,338,83,149,81,141,2,8,26,35,21,44,65,25,,,25,67,194,0.557,0.574,0.25,0.564,0.743,0.59,irvinge01
Dan Issel,22,KEN,ABA,1970-71,83,,3274,938,1934,938,1919,0,15,604,748,421,672,1093,162,,,221,323,2480,0.485,0.489,0,0.485,0.807,0.548,isselda01
Warren Jabali,24,INA,ABA,1970-71,62,,1586,227,554,180,391,47,163,181,238,64,234,298,214,,,190,205,682,0.41,0.46,0.288,0.452,0.761,0.518,jabalwa01
Luke Jackson,29,PHI,NBA,1970-71,79,,1774,199,529,199,529,,,131,189,,,568,148,,,,211,529,0.376,0.376,,0.376,0.693,0.432,jackslu01
Mervin Jackson,24,UTS,ABA,1970-71,65,,1902,351,836,344,816,7,20,196,244,92,170,262,225,,,140,207,905,0.42,0.422,0.35,0.424,0.803,0.48,jacksme01
Phil Jackson,25,NYK,NBA,1970-71,71,,771,118,263,118,263,,,95,133,,,238,31,,,,169,331,0.449,0.449,,0.449,0.714,0.515,jacksph01
Ed Johnson,26,TOT,ABA,1970-71,34,,751,119,265,119,265,0,0,82,130,100,170,270,34,,,76,101,320,0.449,0.449,,0.449,0.631,0.497,johnsed01
George Johnson,23,BAL,NBA,1970-71,24,,337,41,100,41,100,,,11,30,,,114,10,,,,63,93,0.41,0.41,,0.41,0.367,0.411,johnsge01
Gus Johnson,32,BAL,NBA,1970-71,66,,2538,494,1090,494,1090,,,214,290,,,1128,192,,,,227,1202,0.453,0.453,,0.453,0.738,0.494,johnsgu01
John Johnson,23,CLE,NBA,1970-71,67,,2310,435,1032,435,1032,,,240,298,,,453,323,,,,251,1110,0.422,0.422,,0.422,0.805,0.477,johnsjo01
Neil Johnson,27,VIR,ABA,1970-71,78,,1838,398,758,398,756,0,2,194,259,268,400,668,179,,,163,295,990,0.525,0.526,0,0.525,0.749,0.568,johnsne02
Rich Johnson,24,TOT,TOT,1970-71,39,,555,96,196,96,196,0,0,36,54,46,106,157,19,,,27,86,228,0.49,0.49,,0.49,0.667,0.519,johnsri01
Stew Johnson,26,PTC,ABA,1970-71,84,,2595,593,1350,581,1310,12,40,144,171,194,452,646,123,,,160,221,1342,0.439,0.444,0.3,0.444,0.842,0.471,johnsst01
Jimmy Jones,26,MMP,ABA,1970-71,80,,3004,593,1220,589,1213,4,7,374,481,121,265,386,468,,,294,240,1564,0.486,0.486,0.571,0.488,0.778,0.546,jonesji01
Larry Jones,28,FLO,ABA,1970-71,84,,3611,764,1636,719,1512,45,124,471,587,177,276,453,390,,,247,269,2044,0.467,0.476,0.363,0.481,0.802,0.54,jonesla01
Nick Jones,25,SFW,NBA,1970-71,81,,1183,225,523,225,523,,,111,151,,,110,113,,,,192,561,0.43,0.43,,0.43,0.735,0.476,jonesni01
Rich Jones,24,TEX,ABA,1970-71,79,,2074,371,910,338,815,33,95,175,230,172,353,525,182,,,174,246,950,0.408,0.415,0.347,0.426,0.761,0.47,jonesri01
Steve Jones,28,MMP,ABA,1970-71,83,,2923,732,1556,692,1448,40,108,332,400,113,186,299,182,,,180,234,1836,0.47,0.478,0.37,0.483,0.83,0.53,jonesst01
Wali Jones,28,PHI,NBA,1970-71,41,,962,168,418,168,418,,,79,101,,,64,128,,,,110,415,0.402,0.402,,0.402,0.782,0.449,joneswa02
Wil Jones,23,MMP,ABA,1970-71,84,,2234,390,811,389,798,1,13,174,258,309,371,680,152,,,135,249,955,0.481,0.487,0.077,0.482,0.674,0.516,joneswi02
Bob Kauffman,24,BUF,NBA,1970-71,78,,2778,616,1309,616,1309,,,359,485,,,837,354,,,,263,1591,0.471,0.471,,0.471,0.74,0.523,kauffbo01
Bill Keller,23,INA,ABA,1970-71,83,,2490,417,980,333,750,84,230,267,308,81,159,240,437,,,196,170,1185,0.426,0.444,0.365,0.468,0.867,0.531,kellebi01
Arvesta Kelly,25,TOT,ABA,1970-71,22,,180,20,35,20,32,0,3,18,31,9,16,25,17,,,21,34,58,0.571,0.625,0,0.571,0.581,0.596,kellyar01
Joe Kennedy,24,PTC,ABA,1970-71,82,,1382,189,498,189,496,0,2,130,160,148,193,341,73,,,97,156,508,0.38,0.381,0,0.38,0.813,0.447,kennejo01
Julius Keye,24,DNR,ABA,1970-71,83,,3634,505,1182,505,1182,0,0,212,317,370,1084,1454,140,,,215,317,1222,0.427,0.427,,0.427,0.669,0.462,keyeju01
Earnie Killum,22,LAL,NBA,1970-71,4,,12,0,4,0,4,,,1,1,,,2,0,,,,1,1,0,0,,0,1,0.113,killuea01
Toby Kimball,28,SDR,NBA,1970-71,80,,1100,111,287,111,287,,,51,108,,,406,62,,,,128,273,0.387,0.387,,0.387,0.472,0.408,kimbato01
Jim King,29,CHI,NBA,1970-71,55,,645,100,228,100,228,,,64,79,,,68,78,,,,55,264,0.439,0.439,,0.439,0.81,0.502,kingji01
Lonnie Kluttz,25,CAR,ABA,1970-71,3,,8,0,4,0,4,0,0,0,0,2,3,5,0,,,0,3,0,0,0,,0,,0,kluttlo01
Ron Knight,23,POR,NBA,1970-71,52,,662,99,230,99,230,,,19,38,,,167,50,,,,99,217,0.43,0.43,,0.43,0.5,0.44,knighro01
Don Kojis,32,SEA,NBA,1970-71,79,,2143,454,1018,454,1018,,,249,320,,,435,130,,,,220,1157,0.446,0.446,,0.446,0.778,0.499,kojisdo01
Howard Komives,29,DET,NBA,1970-71,82,,1932,275,715,275,715,,,121,151,,,152,262,,,,184,671,0.385,0.385,,0.385,0.801,0.429,komivho01
Steve Kuberski,23,BOS,NBA,1970-71,82,,1867,313,745,313,745,,,133,183,,,538,78,,,,198,759,0.42,0.42,,0.42,0.727,0.46,kuberst01
Sam Lacey,22,CIN,NBA,1970-71,81,,2648,467,1117,467,1117,,,156,227,,,913,117,,,,270,1090,0.418,0.418,,0.418,0.687,0.448,laceysa01
Wendell Ladner,22,MMP,ABA,1970-71,77,,2504,572,1308,564,1279,8,29,154,219,337,538,875,160,,,170,334,1306,0.437,0.441,0.276,0.44,0.703,0.465,ladnewe01
Bob Lanier,22,DET,NBA,1970-71,82,,2017,504,1108,504,1108,,,273,376,,,665,146,,,,272,1281,0.455,0.455,,0.455,0.726,0.503,laniebo01
Stu Lantz,24,SDR,NBA,1970-71,82,,3102,585,1305,585,1305,,,519,644,,,406,344,,,,230,1689,0.448,0.448,,0.448,0.806,0.532,lantzst01
Dave Lattin,27,PTC,ABA,1970-71,71,,1135,177,377,177,376,0,1,108,177,147,320,467,64,,,111,215,462,0.469,0.471,0,0.469,0.61,0.508,lattida01
Harry Laurie,26,PTC,ABA,1970-71,9,,57,3,12,3,12,0,0,7,11,7,8,15,8,,,10,16,13,0.25,0.25,,0.25,0.636,0.386,lauriha01
Manny Leaks,25,TOT,ABA,1970-71,80,,2614,510,1080,510,1079,0,1,279,381,317,538,855,104,,,170,211,1299,0.472,0.473,0,0.472,0.732,0.521,leaksma01
Clyde Lee,26,SFW,NBA,1970-71,82,,1392,194,428,194,428,,,111,199,,,570,63,,,,137,499,0.453,0.453,,0.453,0.558,0.484,leecl01
George Lehmann,28,CAR,ABA,1970-71,83,,2918,535,1186,381,804,154,382,214,256,53,150,203,464,,,309,221,1438,0.451,0.474,0.403,0.516,0.836,0.554,lehmage01
Bobby Lewis,25,CLE,NBA,1970-71,79,,1852,179,484,179,484,,,109,152,,,206,244,,,,176,467,0.37,0.37,,0.37,0.717,0.424,lewisbo01
Freddie Lewis,27,INA,ABA,1970-71,81,,3034,547,1241,488,1047,59,194,372,461,169,167,336,433,,,202,249,1525,0.441,0.466,0.304,0.465,0.807,0.528,lewisfr02
Mike Lewis,24,PTC,ABA,1970-71,83,,2741,420,825,420,825,0,0,235,306,435,778,1213,268,,,238,332,1075,0.509,0.509,,0.509,0.768,0.56,lewismi01
Goose Ligon,26,KEN,ABA,1970-71,84,,2753,429,795,429,789,0,6,214,391,312,677,989,211,,,167,331,1072,0.54,0.544,0,0.54,0.547,0.554,ligongo01
Gene Littles,27,CAR,ABA,1970-71,70,,1495,223,501,219,487,4,14,117,168,81,124,205,173,,,80,175,567,0.445,0.45,0.286,0.449,0.696,0.493,littlge01
Chuck Lloyd,23,CAR,ABA,1970-71,14,,118,23,51,23,51,0,0,20,30,14,11,25,6,,,2,25,66,0.451,0.451,,0.451,0.667,0.514,lloydch01
Paul Long,26,BUF,NBA,1970-71,30,,213,57,120,57,120,,,20,24,,,31,25,,,,23,134,0.475,0.475,,0.475,0.833,0.513,longpa01
Kevin Loughery,30,BAL,NBA,1970-71,82,,2260,481,1193,481,1193,,,275,331,,,219,301,,,,246,1237,0.403,0.403,,0.403,0.831,0.462,loughke01
Bob Love,28,CHI,NBA,1970-71,81,,3482,765,1710,765,1710,,,513,619,,,690,185,,,,259,2043,0.447,0.447,,0.447,0.829,0.515,lovebo01
Jerry Lucas,30,SFW,NBA,1970-71,80,,3251,623,1250,623,1250,,,289,367,,,1265,293,,,,197,1535,0.498,0.498,,0.498,0.787,0.544,lucasje01
Mike Lynn,25,BUF,NBA,1970-71,5,,25,2,7,2,7,,,3,3,,,4,1,,,,9,7,0.286,0.286,,0.286,1,0.421,lynnmi01
Randolph Mahaffey,25,CAR,ABA,1970-71,83,,2353,385,791,385,783,0,8,156,239,215,403,618,115,,,170,304,926,0.487,0.492,0,0.487,0.653,0.517,mahafra01
Mike Maloy,21,VIR,ABA,1970-71,55,,725,149,334,149,333,0,1,98,139,88,148,236,43,,,62,125,396,0.446,0.447,0,0.446,0.705,0.501,maloymi01
Ed Manning,27,POR,NBA,1970-71,79,,1558,243,559,243,559,,,75,93,,,411,111,,,,198,561,0.435,0.435,,0.435,0.806,0.468,mannied01
Pete Maravich,23,ATL,NBA,1970-71,81,,2926,738,1613,738,1613,,,404,505,,,298,355,,,,238,1880,0.458,0.458,,0.458,0.8,0.512,maravpe01
Jack Marin,26,BAL,NBA,1970-71,82,,2920,626,1360,626,1360,,,290,342,,,513,217,,,,261,1542,0.46,0.46,,0.46,0.848,0.51,marinja01
Harvey Marlatt,22,DET,NBA,1970-71,23,,214,25,80,25,80,,,15,18,,,23,30,,,,27,65,0.313,0.313,,0.313,0.833,0.37,marlaha01
Eddie Mast,22,NYK,NBA,1970-71,30,,164,25,66,25,66,,,11,20,,,56,4,,,,25,61,0.379,0.379,,0.379,0.55,0.408,masted01
Don May,25,BUF,NBA,1970-71,76,,2666,629,1336,629,1336,,,277,350,,,567,150,,,,219,1535,0.471,0.471,,0.471,0.791,0.515,maydo01
Willie McCarter,24,LAL,NBA,1970-71,76,,1369,247,592,247,592,,,46,77,,,122,126,,,,152,540,0.417,0.417,,0.417,0.597,0.431,mccarwi01
Roderick McDonald,25,UTS,ABA,1970-71,29,,206,50,109,48,107,2,2,15,25,40,53,93,7,,,17,41,117,0.459,0.449,1,0.468,0.6,0.488,mcdonro01
Jon McGlocklin,27,MIL,NBA,1970-71,82,,2891,574,1073,574,1073,,,144,167,,,223,305,,,,189,1292,0.535,0.535,,0.535,0.862,0.563,mcglojo01
Stan McKenzie,26,POR,NBA,1970-71,82,,2290,398,902,398,902,,,331,396,,,309,235,,,,238,1127,0.441,0.441,,0.441,0.836,0.524,mckenst01
McCoy McLemore,28,TOT,NBA,1970-71,86,,2254,303,787,303,787,,,204,261,,,568,206,,,,235,810,0.385,0.385,,0.385,0.782,0.449,mclemmc01
Jim McMillian,22,LAL,NBA,1970-71,81,,1747,289,629,289,629,,,100,130,,,330,133,,,,122,678,0.459,0.459,,0.459,0.769,0.494,mcmilji01
Bill Melchionni,26,NYA,ABA,1970-71,81,,3284,561,1244,559,1222,2,22,301,370,49,188,237,672,,,300,273,1425,0.451,0.457,0.091,0.452,0.814,0.506,melchbi01
Tom Meschery,32,SEA,NBA,1970-71,79,,1822,285,615,285,615,,,162,216,,,485,108,,,,202,732,0.463,0.463,,0.463,0.75,0.515,meschto01
Larry Mikan,22,CLE,NBA,1970-71,53,,536,62,186,62,186,,,34,55,,,139,41,,,,56,158,0.333,0.333,,0.333,0.618,0.376,mikanla01
Eddie Miles,30,BAL,NBA,1970-71,63,,1541,252,591,252,591,,,118,147,,,167,110,,,,119,622,0.426,0.426,,0.426,0.803,0.474,milesed01
Jay Miller,27,INA,ABA,1970-71,2,,9,4,5,4,5,0,0,0,0,3,0,3,1,,,1,1,8,0.8,0.8,,0.8,,0.8,milleja01
Larry Miller,24,CAR,ABA,1970-71,77,,2140,364,795,351,734,13,61,197,272,171,286,457,167,,,130,181,938,0.458,0.478,0.213,0.466,0.724,0.513,millela01
Steve Mix,23,DET,NBA,1970-71,35,,731,111,249,111,249,,,68,89,,,164,34,,,,72,290,0.446,0.446,,0.446,0.764,0.503,mixst01
Doug Moe,32,VIR,ABA,1970-71,78,,2297,397,871,395,861,2,10,221,259,175,298,473,270,,,183,284,1017,0.456,0.459,0.2,0.457,0.853,0.516,moedo01
Earl Monroe,26,BAL,NBA,1970-71,81,,2843,663,1501,663,1501,,,406,506,,,213,354,,,,220,1732,0.442,0.442,,0.442,0.802,0.502,monroea01
Gene Moore,25,TEX,ABA,1970-71,84,,2243,467,972,465,966,2,6,189,280,285,565,850,101,,,231,303,1125,0.48,0.481,0.333,0.481,0.675,0.514,moorege01
Otto Moore,24,DET,NBA,1970-71,82,,1926,310,696,310,696,,,121,219,,,700,88,,,,182,741,0.445,0.445,,0.445,0.553,0.468,mooreot01
Rex Morgan,22,BOS,NBA,1970-71,34,,266,41,102,41,102,,,35,54,,,61,22,,,,58,117,0.402,0.402,,0.402,0.648,0.465,morgare01
Rick Mount,24,INA,ABA,1970-71,66,,832,149,402,126,323,23,79,116,145,28,43,71,107,,,78,127,437,0.371,0.39,0.291,0.399,0.8,0.469,mountri01
Erwin Mueller,26,DET,NBA,1970-71,52,,1224,126,309,126,309,,,60,108,,,223,113,,,,99,312,0.408,0.408,,0.408,0.556,0.438,mueller01
Jeff Mullins,28,SFW,NBA,1970-71,75,,2909,630,1308,630,1308,,,302,358,,,341,332,,,,246,1562,0.482,0.482,,0.482,0.844,0.533,mullije01
Calvin Murphy,22,SDR,NBA,1970-71,82,,2020,471,1029,471,1029,,,356,434,,,245,329,,,,263,1298,0.458,0.458,,0.458,0.82,0.532,murphca01
Dorie Murrey,27,TOT,NBA,1970-71,71,,716,78,178,78,178,,,75,112,,,221,32,,,,149,231,0.438,0.438,,0.438,0.67,0.508,murredo01
Don Nelson,30,BOS,NBA,1970-71,82,,2254,412,881,412,881,,,317,426,,,565,153,,,,232,1141,0.468,0.468,,0.468,0.744,0.534,nelsodo01
Ron Nelson,24,FLO,ABA,1970-71,59,,490,72,172,71,169,1,3,41,54,19,34,53,47,,,46,95,186,0.419,0.42,0.333,0.422,0.759,0.475,nelsoro01
Dick Nemelka,27,UTS,ABA,1970-71,39,,504,82,213,62,151,20,62,32,49,24,35,59,57,,,41,60,216,0.385,0.411,0.323,0.432,0.653,0.46,nemeldi01
Bob Netolicky,28,INA,ABA,1970-71,82,,3137,651,1305,649,1297,2,8,237,333,267,507,774,104,,,138,192,1541,0.499,0.5,0.25,0.5,0.712,0.531,netolbo01
Dave Newmark,24,CAR,ABA,1970-71,31,,457,100,209,100,209,0,0,34,60,46,111,157,28,,,41,84,234,0.478,0.478,,0.478,0.567,0.497,newmada01
Rich Niemann,24,FLO,ABA,1970-71,51,,642,121,241,121,241,0,0,43,60,74,181,255,29,,,57,137,285,0.502,0.502,,0.502,0.717,0.533,niemari01
Fran O'Hanlon,22,FLO,ABA,1970-71,14,,101,8,22,8,21,0,1,6,9,2,2,4,13,,,22,18,22,0.364,0.381,0,0.364,0.667,0.424,ohanlfr01
Bud Ogden,24,PHI,NBA,1970-71,27,,133,24,66,24,66,,,18,26,,,20,17,,,,21,66,0.364,0.364,,0.364,0.692,0.426,ogdenbu01
Ralph Ogden,23,SFW,NBA,1970-71,32,,162,17,71,17,71,,,8,12,,,32,9,,,,17,42,0.239,0.239,,0.239,0.667,0.275,ogdenra01
Charlie Paulk,24,CIN,NBA,1970-71,68,,1213,274,637,274,637,,,79,131,,,320,27,,,,186,627,0.43,0.43,,0.43,0.603,0.451,paulkch01
Billy Paultz,22,NYA,ABA,1970-71,83,,2758,510,973,510,971,0,2,201,269,239,701,940,160,,,206,274,1221,0.524,0.525,0,0.524,0.747,0.559,paultbi01
George Peeples,27,CAR,ABA,1970-71,82,,2220,377,773,377,772,0,1,202,335,265,506,771,110,,,193,279,956,0.488,0.488,0,0.488,0.603,0.519,peeplge01
Curtis Perry,22,SDR,NBA,1970-71,18,,100,21,48,21,48,,,11,20,,,30,5,,,,22,53,0.438,0.438,,0.438,0.55,0.467,perrycu01
Geoff Petrie,22,POR,NBA,1970-71,82,,3032,784,1770,784,1770,,,463,600,,,280,390,,,,196,2031,0.443,0.443,,0.443,0.772,0.499,petrige01
Bob Portman,23,SFW,NBA,1970-71,68,,1395,221,483,221,483,,,77,106,,,321,67,,,,130,519,0.458,0.458,,0.458,0.726,0.49,portmbo01
Cincinnatus Powell,28,KEN,ABA,1970-71,81,,2933,578,1173,574,1157,4,16,302,398,311,579,890,255,,,235,323,1462,0.493,0.496,0.25,0.494,0.759,0.542,powelci01
Mike Pratt,22,KEN,ABA,1970-71,78,,1213,173,416,170,405,3,11,91,121,91,134,225,188,,,124,135,440,0.416,0.42,0.273,0.419,0.752,0.469,prattmi01
Mike Price,22,NYK,NBA,1970-71,56,,251,30,81,30,81,,,24,34,,,29,12,,,,57,84,0.37,0.37,,0.37,0.706,0.438,pricemi01
Bob Quick,24,DET,NBA,1970-71,56,,1146,155,341,155,341,,,138,176,,,230,56,,,,142,448,0.455,0.455,,0.455,0.784,0.535,quickbo01
Luther Rackley,24,CLE,NBA,1970-71,74,,1434,219,470,219,470,,,121,190,,,394,66,,,,186,559,0.466,0.466,,0.466,0.637,0.505,rackllu01
Craig Raymond,25,MMP,ABA,1970-71,56,,1102,142,330,142,329,0,1,67,106,63,226,289,91,,,102,124,351,0.43,0.432,0,0.43,0.632,0.466,raymocr01
Willis Reed,28,NYK,NBA,1970-71,73,,2855,614,1330,614,1330,,,299,381,,,1003,148,,,,228,1527,0.462,0.462,,0.462,0.785,0.51,reedwi01
Bob Riley,22,ATL,NBA,1970-71,7,,39,4,9,4,9,,,5,9,,,12,1,,,,5,13,0.444,0.444,,0.444,0.556,0.502,rileybo01
Pat Riley,25,LAL,NBA,1970-71,54,,506,105,254,105,254,,,56,87,,,54,72,,,,84,266,0.413,0.413,,0.413,0.644,0.455,rileypa01
Mike Riordan,25,NYK,NBA,1970-71,82,,1320,162,388,162,388,,,67,108,,,169,121,,,,151,391,0.418,0.418,,0.418,0.62,0.449,riordmi01
Red Robbins,26,UTS,ABA,1970-71,82,,2995,396,908,385,864,11,44,227,272,303,673,976,178,,,127,203,1030,0.436,0.446,0.25,0.442,0.835,0.501,robbire01
Rick Roberson,23,LAL,NBA,1970-71,65,,909,125,301,125,301,,,88,143,,,304,47,,,,125,338,0.415,0.415,,0.415,0.615,0.464,roberri01
Oscar Robertson,32,MIL,NBA,1970-71,81,,3194,592,1193,592,1193,,,385,453,,,462,668,,,,203,1569,0.496,0.496,,0.496,0.85,0.563,roberos01
Flynn Robinson,29,CIN,NBA,1970-71,71,,1368,374,817,374,817,,,195,228,,,143,138,,,,161,943,0.458,0.458,,0.458,0.855,0.514,robinfl01
Samuel Robinson,23,FLO,ABA,1970-71,83,,2172,405,896,401,877,4,19,103,134,143,267,410,112,,,94,182,917,0.452,0.457,0.211,0.454,0.769,0.48,robinsa01
Paul Ruffner,22,CHI,NBA,1970-71,10,,60,15,35,15,35,,,4,8,,,16,2,,,,10,34,0.429,0.429,,0.429,0.5,0.441,ruffnpa01
Bob Rule,26,SEA,NBA,1970-71,4,,142,47,98,47,98,,,25,30,,,46,7,,,,14,119,0.48,0.48,,0.48,0.833,0.535,rulebo01
Cazzie Russell,26,NYK,NBA,1970-71,57,,1056,216,504,216,504,,,92,119,,,192,77,,,,74,524,0.429,0.429,,0.429,0.773,0.471,russeca01
Tom Sanders,32,BOS,NBA,1970-71,17,,121,16,44,16,44,,,7,8,,,17,11,,,,25,39,0.364,0.364,,0.364,0.875,0.41,sandeto01
Dale Schlueter,25,POR,NBA,1970-71,80,,1823,257,527,257,527,,,143,218,,,629,192,,,,265,657,0.488,0.488,,0.488,0.656,0.527,schluda01
Charlie Scott,22,VIR,ABA,1970-71,84,,3185,902,1947,886,1882,16,65,456,611,150,288,438,472,,,319,298,2276,0.463,0.471,0.246,0.467,0.746,0.514,scottch01
Ray Scott,32,VIR,ABA,1970-71,72,,1552,420,933,419,932,1,1,187,236,163,410,573,123,,,137,180,1028,0.45,0.45,1,0.451,0.792,0.496,scottra01
Donald Sidle,24,TOT,ABA,1970-71,84,,2151,425,851,423,842,2,9,241,331,286,349,635,97,,,156,233,1093,0.499,0.502,0.222,0.501,0.728,0.548,sidledo01
Larry Siegfried,31,SDR,NBA,1970-71,53,,1673,146,378,146,378,,,130,153,,,207,346,,,,146,422,0.386,0.386,,0.386,0.85,0.474,siegfla01
Paul Silas,27,PHO,NBA,1970-71,81,,2944,338,789,338,789,,,285,416,,,1015,247,,,,227,961,0.428,0.428,,0.428,0.685,0.494,silaspa01
Mike Silliman,26,BUF,NBA,1970-71,36,,366,36,79,36,79,,,19,39,,,62,23,,,,37,91,0.456,0.456,,0.456,0.487,0.473,sillimi01
Walter Simon,31,KEN,ABA,1970-71,84,,1411,274,578,273,567,1,11,100,156,102,213,315,156,,,128,253,649,0.474,0.481,0.091,0.475,0.641,0.502,simonwa01
Ralph Simpson,21,DNR,ABA,1970-71,81,,1820,460,1108,443,1048,17,60,215,285,125,106,231,168,,,186,152,1152,0.415,0.423,0.283,0.423,0.754,0.467,simpsra01
Jerry Sloan,28,CHI,NBA,1970-71,80,,3140,592,1342,592,1342,,,278,389,,,701,281,,,,289,1462,0.441,0.441,,0.441,0.715,0.483,sloanje01
Adrian Smith,34,SFW,NBA,1970-71,21,,247,38,89,38,89,,,35,41,,,24,30,,,,24,111,0.427,0.427,,0.427,0.854,0.518,smithad01
Bingo Smith,24,CLE,NBA,1970-71,77,,2332,495,1106,495,1106,,,178,234,,,429,258,,,,175,1168,0.448,0.448,,0.448,0.761,0.483,smithbi02
Garfield Smith,25,BOS,NBA,1970-71,37,,281,42,116,42,116,,,22,56,,,95,9,,,,53,106,0.362,0.362,,0.362,0.393,0.377,smithga01
Greg Smith,24,MIL,NBA,1970-71,82,,2428,409,799,409,799,,,141,213,,,589,227,,,,284,959,0.512,0.512,,0.512,0.662,0.537,smithgr01
Sam Smith,27,TOT,ABA,1970-71,35,,302,39,93,38,88,1,5,24,39,39,42,81,20,,,19,42,103,0.419,0.432,0.2,0.425,0.615,0.468,smithsa01
Dick Snyder,26,SEA,NBA,1970-71,82,,2824,645,1215,645,1215,,,302,361,,,257,352,,,,249,1592,0.531,0.531,,0.531,0.837,0.579,snydedi01
Dave Sorenson,22,CLE,NBA,1970-71,79,,1940,353,794,353,794,,,184,229,,,486,163,,,,181,890,0.445,0.445,,0.445,0.803,0.497,sorenda01
Ken Spain,24,PTC,ABA,1970-71,11,,112,8,22,8,22,0,0,8,17,11,29,40,2,,,9,17,24,0.364,0.364,,0.364,0.471,0.407,spainke01
Dave Stallworth,29,NYK,NBA,1970-71,81,,1565,295,685,295,685,,,169,230,,,352,106,,,,175,759,0.431,0.431,,0.431,0.735,0.483,stallda01
Dennis Stewart,23,TOT,TOT,1970-71,12,,72,16,48,15,45,1,3,7,9,4,10,17,2,,,9,12,40,0.333,0.333,0.333,0.344,0.778,0.385,stewade01
George Stone,24,UTS,ABA,1970-71,78,,1734,372,808,322,651,50,157,121,156,94,269,363,106,,,72,173,915,0.46,0.495,0.318,0.491,0.776,0.522,stonege01
Bill Stricker,23,POR,NBA,1970-71,1,,2,2,3,2,3,,,0,0,,,0,0,,,,1,4,0.667,0.667,,0.667,,0.667,stricbi01
Gary Suiter,26,CLE,NBA,1970-71,30,,140,19,54,19,54,,,4,9,,,41,2,,,,20,42,0.352,0.352,,0.352,0.444,0.362,suitega01
Skeeter Swift,24,TOT,ABA,1970-71,80,,2134,402,895,363,745,39,150,206,246,60,173,233,269,,,198,264,1049,0.449,0.487,0.26,0.471,0.837,0.523,swiftsk01
Levern Tart,28,TOT,ABA,1970-71,60,,1806,357,862,347,828,10,34,198,253,103,136,239,174,,,167,171,922,0.414,0.419,0.294,0.42,0.783,0.474,tartle01
Fatty Taylor,24,VIR,ABA,1970-71,84,,1629,180,393,176,371,4,22,175,256,102,161,263,225,,,142,228,539,0.458,0.474,0.182,0.463,0.684,0.533,taylofa01
Fred Taylor,22,PHO,NBA,1970-71,54,,552,110,284,110,284,,,78,125,,,86,51,,,,113,298,0.387,0.387,,0.387,0.624,0.44,taylofr01
Oliver Taylor,23,NYA,ABA,1970-71,80,,1617,251,496,246,484,5,12,187,277,111,196,307,146,,,162,231,694,0.506,0.508,0.417,0.511,0.675,0.562,taylool01
Ronald Taylor,23,VIR,ABA,1970-71,1,,25,1,9,1,9,0,0,0,1,0,0,0,4,,,0,6,2,0.111,0.111,,0.111,0,0.106,tayloro01
Tom Thacker,31,INA,ABA,1970-71,8,,92,6,17,6,14,0,3,1,1,7,15,22,7,,,8,18,13,0.353,0.429,0,0.353,1,0.373,thackto01
Joe Thomas,22,PHO,NBA,1970-71,39,,204,23,86,23,86,,,9,20,,,43,17,,,,19,55,0.267,0.267,,0.267,0.45,0.29,thomajo01
George Thompson,23,PTC,ABA,1970-71,82,,2470,575,1220,552,1130,23,90,347,485,129,162,291,207,,,198,217,1520,0.471,0.488,0.256,0.481,0.715,0.53,thompge01
Rod Thorn,29,SEA,NBA,1970-71,63,,767,141,299,141,299,,,69,102,,,103,182,,,,60,351,0.472,0.472,,0.472,0.676,0.51,thornro01
Nate Thurmond,29,SFW,NBA,1970-71,82,,3351,623,1401,623,1401,,,395,541,,,1128,257,,,,192,1641,0.445,0.445,,0.445,0.73,0.501,thurmna01
Rudy Tomjanovich,22,SDR,NBA,1970-71,77,,1062,168,439,168,439,,,73,112,,,381,73,,,,124,409,0.383,0.383,,0.383,0.652,0.419,tomjaru01
John Trapp,25,SDR,NBA,1970-71,82,,2080,322,766,322,766,,,142,188,,,510,138,,,,337,786,0.42,0.42,,0.42,0.755,0.463,trappjo01
John Tresvant,31,TOT,NBA,1970-71,75,,1517,202,436,202,436,,,146,205,,,382,86,,,,196,550,0.463,0.463,,0.463,0.712,0.523,tresvjo01
Al Tucker,27,TOT,TOT,1970-71,45,,607,118,264,115,257,3,7,59,73,19,46,138,19,,,25,73,298,0.447,0.447,0.429,0.453,0.808,0.503,tuckeal01
Bill Turner,26,SFW,NBA,1970-71,18,,200,26,82,26,82,,,13,20,,,42,8,,,,24,65,0.317,0.317,,0.317,0.65,0.358,turnebi01
Wes Unseld,24,BAL,NBA,1970-71,74,,2904,424,846,424,846,,,199,303,,,1253,293,,,,235,1047,0.501,0.501,,0.501,0.657,0.535,unselwe01
John Vallely,22,ATL,NBA,1970-71,51,,430,73,204,73,204,,,45,59,,,34,47,,,,50,191,0.358,0.358,,0.358,0.763,0.415,vallejo01
Dick Van Arsdale,27,PHO,NBA,1970-71,81,,3157,609,1346,609,1346,,,553,682,,,316,329,,,,246,1771,0.452,0.452,,0.452,0.811,0.538,vanardi01
Tom Van Arsdale,27,CIN,NBA,1970-71,82,,3146,749,1642,749,1642,,,377,523,,,499,181,,,,294,1875,0.456,0.456,,0.456,0.721,0.501,vanarto01
Norm Van Lier,23,CIN,NBA,1970-71,82,,3324,478,1138,478,1138,,,359,440,,,583,832,,,,343,1315,0.42,0.42,,0.42,0.816,0.494,vanlino01
Bob Verga,25,CAR,ABA,1970-71,75,,2009,550,1202,540,1158,10,44,302,419,167,113,280,182,,,164,223,1412,0.458,0.466,0.227,0.462,0.721,0.509,vergabo01
Neal Walk,22,PHO,NBA,1970-71,82,,2033,426,945,426,945,,,205,268,,,674,117,,,,282,1057,0.451,0.451,,0.451,0.765,0.497,walkne01
Chet Walker,30,CHI,NBA,1970-71,81,,2927,650,1398,650,1398,,,480,559,,,588,179,,,,187,1780,0.465,0.465,,0.465,0.859,0.541,walkech01
Jimmy Walker,26,DET,NBA,1970-71,79,,2765,524,1201,524,1201,,,344,414,,,207,268,,,,173,1392,0.436,0.436,,0.436,0.831,0.503,walkeji01
Cornell Warner,22,BUF,NBA,1970-71,65,,1293,156,376,156,376,,,79,143,,,452,53,,,,140,391,0.415,0.415,,0.415,0.552,0.445,warneco01
Bob Warren,24,MMP,ABA,1970-71,46,,763,146,367,125,286,21,81,107,133,69,75,144,85,,,73,87,420,0.398,0.437,0.259,0.426,0.805,0.494,warrebo01
John Warren,23,CLE,NBA,1970-71,82,,2610,380,899,380,899,,,180,217,,,344,347,,,,299,940,0.423,0.423,,0.423,0.829,0.473,warrejo01
Bobby Washington,23,CLE,NBA,1970-71,47,,823,123,310,123,310,,,104,140,,,105,190,,,,105,350,0.397,0.397,,0.397,0.743,0.471,washibo01
Jim Washington,27,PHI,NBA,1970-71,78,,2501,395,829,395,829,,,259,340,,,747,97,,,,258,1049,0.476,0.476,,0.476,0.762,0.536,washiji01
Trooper Washington,26,FLO,ABA,1970-71,57,,1876,216,426,216,424,0,2,102,167,194,412,606,187,,,208,184,534,0.507,0.509,0,0.507,0.611,0.535,washitr01
Samuel Watts,22,PTC,ABA,1970-71,54,,650,109,287,95,246,14,41,49,67,45,54,99,45,,,68,106,281,0.38,0.386,0.341,0.404,0.731,0.444,wattssa01
Jeff Webb,22,MIL,NBA,1970-71,29,,300,27,78,27,78,,,11,15,,,24,19,,,,33,65,0.346,0.346,,0.346,0.733,0.384,webbje01
Bob Weiss,28,CHI,NBA,1970-71,82,,2237,278,659,278,659,,,226,269,,,189,387,,,,216,782,0.422,0.422,,0.422,0.84,0.503,weissbo01
Walt Wesley,26,CLE,NBA,1970-71,82,,2425,565,1241,565,1241,,,325,473,,,713,83,,,,295,1455,0.455,0.455,,0.455,0.687,0.502,weslewa01
Jerry West,32,LAL,NBA,1970-71,69,,2845,667,1351,667,1351,,,525,631,,,320,655,,,,180,1859,0.494,0.494,,0.494,0.832,0.571,westje01
John Wetzel,26,PHO,NBA,1970-71,70,,1091,124,288,124,288,,,83,101,,,153,114,,,,156,331,0.431,0.431,,0.431,0.822,0.498,wetzejo01
Herb White,22,ATL,NBA,1970-71,38,,315,34,84,34,84,,,22,39,,,48,47,,,,62,90,0.405,0.405,,0.405,0.564,0.445,whitehe01
Hubie White,31,PTC,ABA,1970-71,14,,166,17,61,15,54,2,7,10,13,10,22,32,14,,,10,28,46,0.279,0.278,0.286,0.295,0.769,0.345,whitehu01
Jo Jo White,24,BOS,NBA,1970-71,75,,2787,693,1494,693,1494,,,215,269,,,376,361,,,,255,1601,0.464,0.464,,0.464,0.799,0.496,whitejo01
Lenny Wilkens,33,SEA,NBA,1970-71,71,,2641,471,1125,471,1125,,,461,574,,,319,654,,,,201,1403,0.419,0.419,,0.419,0.803,0.509,wilkele01
Al Williams,22,KEN,ABA,1970-71,11,,70,19,43,19,43,0,0,5,10,9,17,26,5,,,7,13,43,0.442,0.442,,0.442,0.5,0.454,willial01
Art Williams,31,BOS,NBA,1970-71,74,,1141,150,330,150,330,,,60,83,,,205,233,,,,182,360,0.455,0.455,,0.455,0.723,0.491,williar01
Bernie Williams,25,SDR,NBA,1970-71,56,,708,112,338,112,338,,,68,81,,,85,113,,,,76,292,0.331,0.331,,0.331,0.84,0.391,willibe01
Charles Williams,27,TOT,ABA,1970-71,88,,2242,501,1217,468,1081,33,136,204,291,72,138,210,250,,,227,243,1239,0.412,0.433,0.243,0.425,0.701,0.461,willich01
Chuck Williams,24,PTC,ABA,1970-71,83,,1795,268,613,267,609,1,4,249,317,90,95,185,170,,,151,161,786,0.437,0.438,0.25,0.438,0.785,0.522,willich02
Milt Williams,25,NYK,NBA,1970-71,5,,13,1,1,1,1,,,2,3,,,0,2,,,,3,4,1,1,,1,0.667,0.862,willimi01
Ron Williams,26,SFW,NBA,1970-71,82,,2809,426,977,426,977,,,331,392,,,244,480,,,,301,1183,0.436,0.436,,0.436,0.844,0.515,williro01
Willie Williams,24,TOT,NBA,1970-71,25,,105,10,42,10,42,,,3,5,,,23,8,,,,14,23,0.238,0.238,,0.238,0.6,0.26,williwi01
Vann Williford,23,CAR,ABA,1970-71,38,,295,62,141,59,132,3,9,21,37,28,40,68,15,,,21,34,148,0.44,0.447,0.333,0.45,0.568,0.47,williva01
George Wilson,28,BUF,NBA,1970-71,46,,713,92,269,92,269,,,56,69,,,230,48,,,,99,240,0.342,0.342,,0.342,0.812,0.401,wilsoge01
Jim Wilson,,PTC,ABA,1970-71,6,,44,1,8,1,8,0,0,4,6,1,5,6,8,,,5,3,6,0.125,0.125,,0.125,0.667,0.282,wilsoji01
Stephen Wilson,22,DNR,ABA,1970-71,39,,261,52,132,44,99,8,33,22,41,22,26,48,29,,,30,43,134,0.394,0.444,0.242,0.424,0.537,0.447,wilsost01
Lee Winfield,23,SEA,NBA,1970-71,79,,1605,334,716,334,716,,,162,244,,,193,225,,,,135,830,0.466,0.466,,0.466,0.664,0.504,winfile01
Marv Winkler,22,MIL,NBA,1970-71,3,,14,3,10,3,10,,,2,2,,,4,2,,,,3,8,0.3,0.3,,0.3,1,0.368,winklma01
Willie Wise,23,UTS,ABA,1970-71,82,,2676,491,1059,486,1042,5,17,312,467,307,500,807,204,,,179,297,1299,0.464,0.466,0.294,0.466,0.668,0.514,wisewi01
Greg Wittman,23,TOT,ABA,1970-71,10,,70,6,25,6,24,0,1,4,9,9,10,19,0,,,8,21,16,0.24,0.25,0,0.24,0.444,0.276,wittmgr01
Tom Workman,26,TOT,ABA,1970-71,56,,679,133,303,130,284,3,19,86,105,57,122,179,48,,,78,113,355,0.439,0.458,0.158,0.444,0.819,0.508,workmto01
Howie Wright,23,KEN,ABA,1970-71,52,,612,94,245,85,203,9,42,40,49,23,57,80,63,,,59,89,237,0.384,0.419,0.214,0.402,0.816,0.445,wrighho01
Lonnie Wright,26,TOT,ABA,1970-71,72,,1398,199,558,182,484,17,74,93,133,55,98,153,116,,,75,162,508,0.357,0.376,0.23,0.372,0.699,0.412,wrighlo01
Gary Zeller,23,BAL,NBA,1970-71,50,,226,34,115,34,115,,,15,28,,,27,7,,,,43,83,0.296,0.296,,0.296,0.536,0.326,zellega01
Bill Zopf,22,MIL,NBA,1970-71,53,,398,49,135,49,135,,,20,36,,,46,73,,,,34,118,0.363,0.363,,0.363,0.556,0.391,zopfbi01
Zaid Abdul-Aziz,25,SEA,NBA,1971-72,58,,1780,322,751,322,751,,,154,214,,,654,124,,,,178,798,0.429,0.429,,0.429,0.72,0.472,abdulza01
Kareem Abdul-Jabbar,24,MIL,NBA,1971-72,81,,3583,1159,2019,1159,2019,,,504,732,,,1346,370,,,,235,2822,0.574,0.574,,0.574,0.689,0.603,abdulka01
Don Adams,24,TOT,NBA,1971-72,73,,2071,313,798,313,798,,,205,275,,,502,140,,,,266,831,0.392,0.392,,0.392,0.745,0.452,adamsdo01
Rick Adelman,25,POR,NBA,1971-72,80,,2445,329,753,329,753,,,151,201,,,229,413,,,,209,809,0.437,0.437,,0.437,0.751,0.481,adelmri01
Lucius Allen,24,MIL,NBA,1971-72,80,,2316,441,874,441,874,,,198,259,,,254,333,,,,214,1080,0.505,0.505,,0.505,0.764,0.547,allenlu01
Willie Allen,22,FLO,ABA,1971-72,7,,30,4,13,4,13,0,0,5,6,4,10,14,4,,,6,11,13,0.308,0.308,,0.308,0.833,0.416,allenwi01
Odis Allison,22,GSW,NBA,1971-72,36,,166,17,78,17,78,,,33,61,,,45,10,,,,34,67,0.218,0.218,,0.218,0.541,0.32,allisod01
Tiny Archibald,23,CIN,NBA,1971-72,76,,3272,734,1511,734,1511,,,677,824,,,222,701,,,,198,2145,0.486,0.486,,0.486,0.822,0.572,architi01
Jim Ard,23,NYA,ABA,1971-72,71,,1145,159,353,157,345,2,8,77,127,124,244,368,34,,,98,150,397,0.45,0.455,0.25,0.453,0.606,0.485,ardji01
Dennis Awtrey,23,PHI,NBA,1971-72,58,,794,98,222,98,222,,,49,76,,,248,51,,,,141,245,0.441,0.441,,0.441,0.645,0.48,awtrede01
Dick Barnett,35,NYK,NBA,1971-72,79,,2256,401,918,401,918,,,162,215,,,153,198,,,,229,964,0.437,0.437,,0.437,0.753,0.476,barnedi01
Jim Barnett,27,GSW,NBA,1971-72,80,,2200,374,915,374,915,,,244,292,,,250,309,,,,189,992,0.409,0.409,,0.409,0.836,0.475,barneji02
John Barnhill,33,INA,ABA,1971-72,19,,194,28,87,24,52,4,35,8,15,8,11,19,16,,,12,16,68,0.322,0.462,0.114,0.345,0.533,0.363,barnhjo01
Rick Barry,27,NYA,ABA,1971-72,80,,3616,902,1969,829,1732,73,237,641,730,155,447,602,327,,,263,261,2518,0.458,0.479,0.308,0.477,0.878,0.55,barryri01
Vic Bartolome,23,GSW,NBA,1971-72,38,,165,15,59,15,59,,,4,5,,,60,3,,,,22,34,0.254,0.254,,0.254,0.8,0.278,bartovi01
Johnny Baum,25,NYA,ABA,1971-72,44,,551,103,170,103,170,0,0,41,52,54,81,135,17,,,24,75,247,0.606,0.606,,0.606,0.788,0.64,baumjo01
Elgin Baylor,37,LAL,NBA,1971-72,9,,239,42,97,42,97,,,22,27,,,57,18,,,,20,106,0.433,0.433,,0.433,0.815,0.487,bayloel01
Butch Beard,24,CLE,NBA,1971-72,68,,2434,394,849,394,849,,,260,342,,,276,456,,,,213,1048,0.464,0.464,,0.464,0.76,0.524,beardbu01
John Beasley,27,TOT,ABA,1971-72,70,,885,132,284,124,259,8,25,61,75,100,190,290,39,,,36,107,333,0.465,0.479,0.32,0.479,0.813,0.525,beasljo01
Zelmo Beaty,32,UTS,ABA,1971-72,84,,3133,729,1353,729,1346,0,7,522,630,355,755,1110,125,,,223,315,1980,0.539,0.542,0,0.539,0.829,0.607,beatyze01
Byron Beck,27,DNR,ABA,1971-72,66,,1816,337,669,337,666,0,3,140,166,171,357,528,136,,,96,213,814,0.504,0.506,0,0.504,0.843,0.548,beckby01
Arthur Becker,30,DNR,ABA,1971-72,84,,2193,435,954,435,951,0,3,165,195,167,304,471,113,,,132,271,1035,0.456,0.457,0,0.456,0.846,0.498,beckear01
Walt Bellamy,32,ATL,NBA,1971-72,82,,3187,593,1089,593,1089,,,340,581,,,1049,262,,,,255,1526,0.545,0.545,,0.545,0.585,0.567,bellawa01
Dave Bing,28,DET,NBA,1971-72,45,,1936,369,891,369,891,,,278,354,,,186,317,,,,138,1016,0.414,0.414,,0.414,0.785,0.485,bingda01
John Block,27,MIL,NBA,1971-72,79,,1524,233,530,233,530,,,206,275,,,410,95,,,,213,672,0.44,0.44,,0.44,0.749,0.516,blockjo01
Tom Boerwinkle,26,CHI,NBA,1971-72,80,,2022,219,500,219,500,,,118,180,,,897,281,,,,253,556,0.438,0.438,,0.438,0.656,0.48,boerwto01
Ron Boone,25,UTS,ABA,1971-72,84,,2040,404,962,391,897,13,65,271,341,163,230,393,233,,,215,274,1092,0.42,0.436,0.2,0.427,0.795,0.491,boonero01
Nate Bowman,28,PTC,ABA,1971-72,18,,217,19,53,19,52,0,1,5,9,32,55,87,13,,,17,48,43,0.358,0.365,0,0.358,0.556,0.377,bowmana01
Bill Bradley,28,NYK,NBA,1971-72,78,,2780,504,1085,504,1085,,,169,199,,,250,315,,,,254,1177,0.465,0.465,,0.465,0.849,0.502,bradlbi01
Bill Bridges,32,TOT,NBA,1971-72,78,,2756,379,779,379,779,,,222,316,,,1051,198,,,,269,980,0.487,0.487,,0.487,0.703,0.534,bridgbi01
John Brisker,24,PTC,ABA,1971-72,49,,2065,563,1228,520,1091,43,137,248,286,154,293,447,203,,,210,156,1417,0.458,0.477,0.314,0.476,0.867,0.523,briskjo01
Fred Brown,23,SEA,NBA,1971-72,33,,359,59,180,59,180,,,22,29,,,37,60,,,,44,140,0.328,0.328,,0.328,0.759,0.363,brownfr01
Larry Brown,31,DNR,ABA,1971-72,76,,2012,243,556,238,531,5,25,198,244,53,113,166,549,,,217,207,689,0.437,0.448,0.2,0.442,0.811,0.519,brownla01
Roger Brown,29,INA,ABA,1971-72,78,,2987,532,1112,475,927,57,185,323,401,163,339,502,306,,,214,227,1444,0.478,0.512,0.308,0.504,0.805,0.56,brownro01
Em Bryant,33,BUF,NBA,1971-72,54,,1223,101,220,101,220,,,75,125,,,127,206,,,,167,277,0.459,0.459,,0.459,0.6,0.504,bryanem01
Bill Bunting,24,VIR,ABA,1971-72,16,,115,4,15,4,14,0,1,12,17,3,12,15,3,,,5,11,20,0.267,0.286,0,0.267,0.706,0.445,buntibi02
Mike Butler,25,UTS,ABA,1971-72,14,,97,14,36,11,27,3,9,6,7,4,6,10,13,,,12,18,37,0.389,0.407,0.333,0.431,0.857,0.473,butlemi01
Joe Caldwell,30,CAR,ABA,1971-72,61,,2145,434,922,429,902,5,20,159,318,157,186,343,259,,,164,208,1032,0.471,0.476,0.25,0.473,0.5,0.486,caldwjo01
Mack Calvin,24,FLO,ABA,1971-72,82,,2977,552,1253,541,1205,11,48,611,701,116,158,274,481,,,261,270,1726,0.441,0.449,0.229,0.445,0.872,0.553,calvima01
Larry Cannon,24,TOT,ABA,1971-72,54,,1171,228,610,225,596,3,14,164,221,58,49,107,150,,,105,124,623,0.374,0.378,0.214,0.376,0.742,0.44,cannola01
Frank Card,27,TOT,ABA,1971-72,82,,1584,235,543,235,541,0,2,130,197,153,205,358,86,,,124,220,600,0.433,0.434,0,0.433,0.66,0.476,cardfr01
Austin Carr,23,CLE,NBA,1971-72,43,,1539,381,894,381,894,,,149,196,,,150,148,,,,99,911,0.426,0.426,,0.426,0.76,0.465,carrau01
Darel Carrier,31,KEN,ABA,1971-72,23,,629,117,288,101,251,16,37,76,88,11,46,57,44,,,38,64,326,0.406,0.402,0.432,0.434,0.864,0.499,carrida01
Fred Carter,26,TOT,NBA,1971-72,79,,2215,446,1018,446,1018,,,182,293,,,326,211,,,,242,1074,0.438,0.438,,0.438,0.621,0.468,cartefr01
George Carter,28,TOT,ABA,1971-72,75,,2623,538,1227,538,1217,0,10,388,474,172,334,506,128,,,190,220,1464,0.438,0.442,0,0.438,0.819,0.51,cartege01
Sid Catlett,23,CIN,NBA,1971-72,9,,40,2,9,2,9,,,2,9,,,4,1,,,,3,6,0.222,0.222,,0.222,0.222,0.231,catlesi01
Wilt Chamberlain,35,LAL,NBA,1971-72,82,,3469,496,764,496,764,,,221,524,,,1572,329,,,,196,1213,0.649,0.649,,0.649,0.422,0.61,chambwi01
Jerry Chambers,28,BUF,NBA,1971-72,26,,369,78,180,78,180,,,22,32,,,67,23,,,,39,178,0.433,0.433,,0.433,0.688,0.459,chambje01
Don Chaney,25,BOS,NBA,1971-72,79,,2275,373,786,373,786,,,197,255,,,395,202,,,,295,943,0.475,0.475,,0.475,0.773,0.525,chanedo01
Wayne Chapman,26,INA,ABA,1971-72,7,,76,7,18,6,16,1,2,3,6,2,3,5,11,,,6,10,18,0.389,0.375,0.5,0.417,0.5,0.436,chapmwa01
Len Chappell,31,DLC,ABA,1971-72,79,,1403,231,511,231,511,0,0,144,193,146,172,318,69,,,63,158,606,0.452,0.452,,0.452,0.746,0.508,chapple01
Phil Chenier,21,BAL,NBA,1971-72,81,,2481,407,981,407,981,,,182,247,,,268,205,,,,191,996,0.415,0.415,,0.415,0.737,0.457,cheniph01
Bob Christian,25,ATL,NBA,1971-72,56,,485,66,142,66,142,,,44,61,,,181,28,,,,77,176,0.465,0.465,,0.465,0.721,0.521,chrisbo01
Archie Clark,30,TOT,NBA,1971-72,77,,3285,712,1516,712,1516,,,514,667,,,268,613,,,,194,1938,0.47,0.47,,0.47,0.771,0.536,clarkar01
Jim Cleamons,22,LAL,NBA,1971-72,38,,201,35,100,35,100,,,28,36,,,39,35,,,,21,98,0.35,0.35,,0.35,0.778,0.423,cleamji01
Barry Clemens,28,SEA,NBA,1971-72,82,,1447,252,484,252,484,,,76,90,,,288,64,,,,198,580,0.521,0.521,,0.521,0.844,0.554,clemeba01
Jimmy Collins,25,CHI,NBA,1971-72,19,,134,26,71,26,71,,,10,11,,,12,10,,,,11,62,0.366,0.366,,0.366,0.909,0.409,colliji01
Glen Combs,25,UTS,ABA,1971-72,84,,2906,483,1109,380,855,103,254,319,380,52,163,215,306,,,191,255,1388,0.436,0.444,0.406,0.482,0.839,0.544,combsgl01
Jeffrey Congdon,28,DLC,ABA,1971-72,20,,261,30,86,27,79,3,7,17,20,8,18,26,36,,,13,19,80,0.349,0.342,0.429,0.366,0.85,0.422,congdje01
Mel Counts,30,PHO,NBA,1971-72,76,,906,147,344,147,344,,,101,140,,,257,96,,,,159,395,0.427,0.427,,0.427,0.721,0.487,countme01
Dave Cowens,23,BOS,NBA,1971-72,79,,3186,657,1357,657,1357,,,175,243,,,1203,245,,,,314,1489,0.484,0.484,,0.484,0.72,0.509,cowenda01
Pete Cross,23,SEA,NBA,1971-72,74,,1424,152,355,152,355,,,103,140,,,509,63,,,,135,407,0.428,0.428,,0.428,0.736,0.488,crosspe01
Billy Cunningham,28,PHI,NBA,1971-72,75,,2900,658,1428,658,1428,,,428,601,,,918,443,,,,295,1744,0.461,0.461,,0.461,0.712,0.515,cunnibi01
Dick Cunningham,25,HOU,NBA,1971-72,63,,720,67,174,67,174,,,37,53,,,243,57,,,,76,171,0.385,0.385,,0.385,0.698,0.433,cunnidi01
Louie Dampier,27,KEN,ABA,1971-72,83,,3214,477,1078,393,845,84,233,281,336,43,216,259,515,,,211,237,1319,0.442,0.465,0.361,0.481,0.836,0.538,dampilo01
Bob Dandridge,24,MIL,NBA,1971-72,80,,2957,630,1264,630,1264,,,215,291,,,613,249,,,,297,1475,0.498,0.498,,0.498,0.739,0.53,dandrbo01
Mel Daniels,27,INA,ABA,1971-72,79,,2971,598,1184,598,1178,0,6,317,451,383,914,1297,176,,,239,289,1513,0.505,0.508,0,0.505,0.703,0.547,danieme01
Charlie Davis,22,CLE,NBA,1971-72,61,,1144,229,569,229,569,,,142,169,,,92,123,,,,143,600,0.402,0.402,,0.402,0.84,0.466,davisch01
Jim Davis,30,TOT,NBA,1971-72,75,,983,147,338,147,338,,,100,154,,,276,51,,,,138,394,0.435,0.435,,0.435,0.649,0.486,davisji01
Lee Davis,26,MMP,ABA,1971-72,58,,550,101,231,100,223,1,8,25,43,70,108,178,21,,,25,90,228,0.437,0.448,0.125,0.439,0.581,0.456,davisle01
Mickey Davis,21,PTC,ABA,1971-72,23,,126,25,63,25,61,0,2,14,20,21,20,41,9,,,17,23,64,0.397,0.41,0,0.397,0.7,0.446,davismi02
Mike Davis,25,BUF,NBA,1971-72,62,,1068,213,501,213,501,,,138,180,,,120,82,,,,141,564,0.425,0.425,,0.425,0.767,0.486,davismi01
Warren Davis,28,TOT,ABA,1971-72,86,,2331,337,701,337,699,0,2,207,299,250,443,693,180,,,187,279,881,0.481,0.482,0,0.481,0.692,0.529,daviswa02
Dave DeBusschere,31,NYK,NBA,1971-72,80,,3072,520,1218,520,1218,,,193,265,,,901,291,,,,219,1233,0.427,0.427,,0.427,0.728,0.462,debusda01
Randy Denton,22,TOT,ABA,1971-72,81,,2039,430,935,430,933,0,2,135,168,278,462,740,66,,,111,180,995,0.46,0.461,0,0.46,0.804,0.493,dentora01
Joe DePre,24,NYA,ABA,1971-72,46,,562,79,201,77,195,2,6,34,54,16,33,49,45,,,66,80,194,0.393,0.395,0.333,0.398,0.63,0.432,deprejo01
Coby Dietrick,23,MMP,ABA,1971-72,1,,9,1,2,1,2,0,0,0,2,3,4,7,1,,,1,1,2,0.5,0.5,,0.5,0,0.347,dietrco01
Jackie Dinkins,22,CHI,NBA,1971-72,18,,89,17,41,17,41,,,11,20,,,20,7,,,,10,45,0.415,0.415,,0.415,0.55,0.452,dinkija01
Bill Dinwiddie,28,MIL,NBA,1971-72,23,,144,16,57,16,57,,,5,9,,,32,9,,,,23,37,0.281,0.281,,0.281,0.556,0.303,dinwibi01
Terry Dischinger,31,DET,NBA,1971-72,79,,2062,295,574,295,574,,,156,200,,,338,92,,,,289,746,0.514,0.514,,0.514,0.78,0.563,dischte01
Ron Dorsey,23,CAR,ABA,1971-72,1,,12,2,8,2,7,0,1,0,2,2,3,5,0,,,1,2,4,0.25,0.286,0,0.25,0,0.225,dorsero01
Sonny Dove,26,NYA,ABA,1971-72,2,,9,2,5,2,5,0,0,2,3,1,0,1,1,,,2,4,6,0.4,0.4,,0.4,0.667,0.475,doveso01
Jerry Dover,22,MMP,ABA,1971-72,4,,13,3,9,1,4,2,5,0,0,0,0,0,1,,,0,3,8,0.333,0.25,0.4,0.444,,0.444,doverje01
Terry Driscoll,24,BAL,NBA,1971-72,40,,313,40,104,40,104,,,27,39,,,109,23,,,,53,107,0.385,0.385,,0.385,0.692,0.442,driscte01
Jarrett Durham,22,NYA,ABA,1971-72,1,,1,0,0,0,0,0,0,0,0,0,0,0,0,,,1,0,0,,,,,,,durhaja01
Ken Durrett,23,CIN,NBA,1971-72,19,,233,31,79,31,79,,,21,28,,,39,14,,,,41,83,0.392,0.392,,0.392,0.75,0.454,durreke01
Jim Eakins,25,VIR,ABA,1971-72,84,,2718,371,764,371,764,0,0,288,377,290,517,807,181,,,189,298,1030,0.486,0.486,,0.486,0.764,0.554,eakinji01
Johnny Egan,33,HOU,NBA,1971-72,38,,437,42,104,42,104,,,26,32,,,26,51,,,,55,110,0.404,0.404,,0.404,0.813,0.466,eganjo01
Joe Ellis,27,GSW,NBA,1971-72,78,,1462,280,681,280,681,,,95,132,,,389,97,,,,224,655,0.411,0.411,,0.411,0.72,0.443,ellisjo01
Leroy Ellis,31,LAL,NBA,1971-72,74,,1081,138,300,138,300,,,66,95,,,310,46,,,,115,342,0.46,0.46,,0.46,0.695,0.5,ellisle01
Keith Erickson,27,LAL,NBA,1971-72,15,,262,40,83,40,83,,,6,7,,,39,35,,,,26,86,0.482,0.482,,0.482,0.857,0.5,erickke01
Julius Erving,21,VIR,ABA,1971-72,84,,3513,910,1826,907,1810,3,16,467,627,476,843,1319,335,,,342,264,2290,0.498,0.501,0.188,0.499,0.745,0.545,ervinju01
Bobby Fields,22,UTS,ABA,1971-72,22,,124,22,48,20,41,2,7,8,13,16,14,30,20,,,21,33,54,0.458,0.488,0.286,0.479,0.615,0.503,fieldbo01
Greg Fillmore,24,NYK,NBA,1971-72,10,,67,7,27,7,27,,,1,3,,,15,3,,,,17,15,0.259,0.259,,0.259,0.333,0.265,fillmgr01
Hank Finkel,29,BOS,NBA,1971-72,78,,736,103,254,103,254,,,43,74,,,251,61,,,,118,249,0.406,0.406,,0.406,0.581,0.434,finkeha01
Richard Fisher,23,TOT,ABA,1971-72,12,,66,18,34,18,34,0,0,1,1,14,18,32,5,,,4,9,37,0.529,0.529,,0.529,1,0.537,fisheri01
Jake Ford,25,SEA,NBA,1971-72,26,,181,33,66,33,66,,,26,33,,,11,26,,,,21,92,0.5,0.5,,0.5,0.788,0.571,fordja01
Fred Foster,25,PHI,NBA,1971-72,74,,1699,347,837,347,837,,,185,243,,,276,90,,,,184,879,0.415,0.415,,0.415,0.761,0.466,fostefr01
Jim Fox,28,TOT,NBA,1971-72,81,,2180,354,788,354,788,,,227,297,,,713,86,,,,257,935,0.449,0.449,,0.449,0.764,0.509,foxji01
Ronald Franz,26,FLO,ABA,1971-72,74,,1822,342,705,340,694,2,11,171,243,109,233,342,94,,,97,209,857,0.485,0.49,0.182,0.487,0.704,0.528,franzro01
Walt Frazier,26,NYK,NBA,1971-72,77,,3126,669,1307,669,1307,,,450,557,,,513,446,,,,185,1788,0.512,0.512,,0.512,0.808,0.576,fraziwa01
Donnie Freeman,27,DLC,ABA,1971-72,72,,2377,628,1336,626,1331,2,5,475,576,100,106,206,245,,,176,177,1733,0.47,0.47,0.4,0.471,0.825,0.545,freemdo01
Carl Fuller,26,FLO,ABA,1971-72,6,,63,6,14,6,14,0,0,9,15,7,21,28,6,,,7,11,21,0.429,0.429,,0.429,0.6,0.51,fulleca01
Mike Gale,21,KEN,ABA,1971-72,78,,1701,201,447,201,444,0,3,95,140,100,171,271,200,,,113,206,497,0.45,0.453,0,0.45,0.679,0.489,galemi01
Dick Garrett,25,BUF,NBA,1971-72,73,,1905,325,735,325,735,,,136,157,,,225,165,,,,225,786,0.442,0.442,,0.442,0.866,0.489,garredi01
Dick Gibbs,23,HOU,NBA,1971-72,64,,757,90,265,90,265,,,55,66,,,140,51,,,,127,235,0.34,0.34,,0.34,0.833,0.4,gibbsdi01
Herm Gilliam,25,ATL,NBA,1971-72,82,,2337,345,774,345,774,,,145,173,,,335,377,,,,232,835,0.446,0.446,,0.446,0.838,0.491,gillihe01
Artis Gilmore,22,KEN,ABA,1971-72,84,,3666,806,1348,806,1348,0,0,391,605,421,1070,1491,230,,422,335,280,2003,0.598,0.598,,0.598,0.646,0.62,gilmoar01
Clarence Glover,24,BOS,NBA,1971-72,25,,119,25,55,25,55,,,15,32,,,46,4,,,,26,65,0.455,0.455,,0.455,0.469,0.47,glovecl01
Gail Goodrich,28,LAL,NBA,1971-72,82,,3040,826,1695,826,1695,,,475,559,,,295,365,,,,210,2127,0.487,0.487,,0.487,0.85,0.548,goodrga01
Gerald Govan,30,MMP,ABA,1971-72,83,,3414,277,719,277,719,0,0,162,230,310,872,1182,348,,,241,260,716,0.385,0.385,,0.385,0.704,0.436,govange01
Bob Greacen,24,NYA,ABA,1971-72,4,,20,1,2,1,2,0,0,0,0,1,1,2,1,,,2,1,2,0.5,0.5,,0.5,,0.5,greacbo01
Johnny Green,38,CIN,NBA,1971-72,82,,1914,331,582,331,582,,,141,250,,,560,120,,,,238,803,0.569,0.569,,0.569,0.564,0.58,greenjo01
Lamar Green,24,PHO,NBA,1971-72,67,,991,133,298,133,298,,,66,90,,,348,45,,,,134,332,0.446,0.446,,0.446,0.733,0.492,greenla01
Hal Greer,35,PHI,NBA,1971-72,81,,2410,389,866,389,866,,,181,234,,,271,316,,,,268,959,0.449,0.449,,0.449,0.774,0.495,greerha01
Gary Gregor,26,POR,NBA,1971-72,82,,2371,399,884,399,884,,,114,151,,,591,187,,,,201,912,0.451,0.451,,0.451,0.755,0.48,gregoga01
Mike Grosso,24,PTC,ABA,1971-72,25,,335,45,102,45,102,0,0,13,23,49,74,123,11,,,20,64,103,0.441,0.441,,0.441,0.565,0.459,grossmi01
Matt Guokas,27,CIN,NBA,1971-72,61,,1975,191,385,191,385,,,64,83,,,142,321,,,,150,446,0.496,0.496,,0.496,0.771,0.529,guokama02
Happy Hairston,29,LAL,NBA,1971-72,80,,2748,368,798,368,798,,,311,399,,,1045,193,,,,251,1047,0.461,0.461,,0.461,0.779,0.538,hairsha01
Shaler Halimon,26,TOT,TOT,1971-72,56,,774,123,294,123,292,0,2,62,86,58,98,156,72,,,46,90,308,0.418,0.421,0,0.418,0.721,0.464,halimsh01
Jeff Halliburton,22,ATL,NBA,1971-72,37,,288,61,133,61,133,,,25,30,,,37,20,,,,50,147,0.459,0.459,,0.459,0.833,0.503,hallije01
Joe Hamilton,23,DLC,ABA,1971-72,82,,1959,317,791,271,659,46,132,201,256,41,153,194,240,,,110,202,881,0.401,0.411,0.348,0.43,0.785,0.487,hamiljo01
Julian Hammond,28,DNR,ABA,1971-72,25,,411,66,140,66,140,0,0,31,50,48,67,115,29,,,30,47,163,0.471,0.471,,0.471,0.62,0.503,hammoju01
Ira Harge,30,TOT,ABA,1971-72,84,,2264,314,679,314,678,0,1,104,150,238,542,780,130,,,163,267,732,0.462,0.463,0,0.462,0.693,0.491,hargeir01
Art Harris,25,PHO,NBA,1971-72,21,,145,23,70,23,70,,,9,21,,,13,18,,,,26,55,0.329,0.329,,0.329,0.429,0.347,harriar01
Clem Haskins,28,PHO,NBA,1971-72,79,,2453,509,1054,509,1054,,,220,258,,,270,290,,,,194,1238,0.483,0.483,,0.483,0.853,0.53,haskicl01
John Havlicek,31,BOS,NBA,1971-72,82,,3698,897,1957,897,1957,,,458,549,,,672,614,,,,183,2252,0.458,0.458,,0.458,0.834,0.512,havlijo01
Connie Hawkins,29,PHO,NBA,1971-72,76,,2798,571,1244,571,1244,,,456,565,,,633,296,,,,235,1598,0.459,0.459,,0.459,0.807,0.535,hawkico01
Elvin Hayes,26,HOU,NBA,1971-72,82,,3461,832,1918,832,1918,,,399,615,,,1197,270,,,,233,2063,0.434,0.434,,0.434,0.649,0.471,hayesel01
Spencer Haywood,22,SEA,NBA,1971-72,73,,3167,717,1557,717,1557,,,480,586,,,926,148,,,,208,1914,0.461,0.461,,0.461,0.819,0.527,haywosp01
Walt Hazzard,29,BUF,NBA,1971-72,72,,2389,450,998,450,998,,,237,303,,,213,406,,,,230,1137,0.451,0.451,,0.451,0.782,0.503,abdulma01
Gar Heard,23,SEA,NBA,1971-72,58,,1499,190,474,190,474,,,79,128,,,442,55,,,,126,459,0.401,0.401,,0.401,0.617,0.433,heardga01
Al Henry,22,PHI,NBA,1971-72,43,,421,68,156,68,156,,,51,73,,,137,8,,,,42,187,0.436,0.436,,0.436,0.699,0.497,henryal01
Bill Hewitt,27,DET,NBA,1971-72,68,,1203,131,277,131,277,,,41,82,,,370,71,,,,134,303,0.473,0.473,,0.473,0.5,0.484,hewitbi01
Wayne Hightower,32,CAR,ABA,1971-72,13,,141,20,64,20,62,0,2,30,36,17,26,43,11,,,12,19,70,0.313,0.323,0,0.313,0.833,0.438,hightwa01
Simmie Hill,25,DLC,ABA,1971-72,70,,1845,281,629,277,616,4,13,129,164,127,279,406,94,,,125,234,695,0.447,0.45,0.308,0.45,0.787,0.496,hillsi01
Darnell Hillman,22,INA,ABA,1971-72,73,,1386,200,410,199,405,1,5,114,177,152,326,478,49,,,84,210,515,0.488,0.491,0.2,0.489,0.644,0.528,hillmda01
Fred Hilton,24,BUF,NBA,1971-72,61,,1349,309,795,309,795,,,90,122,,,156,116,,,,145,708,0.389,0.389,,0.389,0.738,0.417,hiltofr01
Bill Hosket,25,BUF,NBA,1971-72,44,,592,89,181,89,181,,,42,52,,,123,38,,,,79,220,0.492,0.492,,0.492,0.808,0.54,hoskebi01
Greg Howard,24,CLE,NBA,1971-72,48,,426,50,131,50,131,,,39,51,,,108,27,,,,50,139,0.382,0.382,,0.382,0.765,0.453,howargr01
Lou Hudson,27,ATL,NBA,1971-72,77,,3042,775,1540,775,1540,,,349,430,,,385,309,,,,225,1899,0.503,0.503,,0.503,0.812,0.549,hudsolo01
John Hummer,23,BUF,NBA,1971-72,55,,1186,113,290,113,290,,,58,124,,,229,72,,,,178,284,0.39,0.39,,0.39,0.468,0.412,hummejo01
Les Hunter,29,KEN,ABA,1971-72,70,,967,183,383,178,367,5,16,101,144,65,160,225,93,,,93,154,472,0.478,0.485,0.313,0.484,0.701,0.529,huntele01
Darrall Imhoff,33,TOT,NBA,1971-72,49,,480,52,132,52,132,,,24,43,,,134,52,,,,98,128,0.394,0.394,,0.394,0.558,0.424,imhofda01
George Irvine,23,VIR,ABA,1971-72,75,,1362,200,397,197,387,3,10,54,75,82,135,217,70,,,74,202,457,0.504,0.509,0.3,0.508,0.72,0.531,irvinge01
Dan Issel,23,KEN,ABA,1971-72,83,,3570,972,2001,969,1990,3,11,591,753,353,578,931,195,,,244,242,2538,0.486,0.487,0.273,0.487,0.785,0.544,isselda01
Warren Jabali,25,FLO,ABA,1971-72,81,,3313,569,1304,467,1019,102,285,375,496,167,489,656,495,,,332,298,1615,0.436,0.458,0.358,0.475,0.756,0.53,jabalwa01
Luke Jackson,30,PHI,NBA,1971-72,63,,1083,137,346,137,346,,,92,133,,,309,88,,,,141,366,0.396,0.396,,0.396,0.692,0.452,jackslu01
Mervin Jackson,25,UTS,ABA,1971-72,52,,1136,185,412,180,397,5,15,92,109,48,75,123,155,,,88,150,467,0.449,0.453,0.333,0.455,0.844,0.508,jacksme01
Phil Jackson,26,NYK,NBA,1971-72,80,,1273,205,466,205,466,,,167,228,,,326,72,,,,224,577,0.44,0.44,,0.44,0.732,0.509,jacksph01
George Johnson,24,DLC,ABA,1971-72,67,,1477,128,282,128,282,0,0,61,103,126,338,464,59,,,84,209,317,0.454,0.454,,0.454,0.592,0.484,johnsge01
Gus Johnson,33,BAL,NBA,1971-72,39,,668,103,269,103,269,,,43,63,,,226,51,,,,91,249,0.383,0.383,,0.383,0.683,0.42,johnsgu01
John Johnson,24,CLE,NBA,1971-72,82,,3041,557,1286,557,1286,,,277,353,,,631,415,,,,268,1391,0.433,0.433,,0.433,0.785,0.483,johnsjo01
Neil Johnson,28,VIR,ABA,1971-72,31,,874,128,273,127,270,1,3,65,94,109,177,286,78,,,67,123,322,0.469,0.47,0.333,0.471,0.691,0.512,johnsne02
Stew Johnson,27,TOT,ABA,1971-72,67,,1534,368,874,352,827,16,47,73,99,116,266,382,88,,,91,159,825,0.421,0.426,0.34,0.43,0.737,0.45,johnsst01
Collis Jones,22,DLC,ABA,1971-72,78,,1428,163,372,162,368,1,4,98,154,154,180,334,78,,,83,200,425,0.438,0.44,0.25,0.44,0.636,0.483,jonesco01
Jake Jones,22,TOT,NBA,1971-72,17,,202,28,72,28,72,,,20,31,,,26,12,,,,22,76,0.389,0.389,,0.389,0.645,0.444,jonesja01
Jimmy Jones,27,UTS,ABA,1971-72,78,,2903,462,903,461,897,1,6,282,362,92,285,377,485,,,270,252,1207,0.512,0.514,0.167,0.512,0.779,0.568,jonesji01
Larry Jones,29,FLO,ABA,1971-72,66,,2255,423,797,405,737,18,60,300,373,133,176,309,210,,,135,203,1164,0.531,0.55,0.3,0.542,0.804,0.606,jonesla01
Nick Jones,26,GSW,NBA,1971-72,65,,478,82,196,82,196,,,51,61,,,39,45,,,,109,215,0.418,0.418,,0.418,0.836,0.482,jonesni01
Rich Jones,25,DLC,ABA,1971-72,82,,2932,475,1053,461,1006,14,47,212,279,199,497,696,222,,,152,298,1176,0.451,0.458,0.298,0.458,0.76,0.5,jonesri01
Steve Jones,29,DLC,ABA,1971-72,84,,3091,572,1343,546,1265,26,78,367,422,74,243,317,237,,,205,268,1537,0.426,0.432,0.333,0.436,0.87,0.503,jonesst01
Wali Jones,29,MIL,NBA,1971-72,48,,1030,144,354,144,354,,,74,90,,,75,141,,,,112,362,0.407,0.407,,0.407,0.822,0.46,joneswa02
Wil Jones,24,MMP,ABA,1971-72,84,,3098,506,1078,504,1062,2,16,240,320,371,505,876,154,,,160,322,1254,0.469,0.475,0.125,0.47,0.75,0.514,joneswi02
Bob Kauffman,25,BUF,NBA,1971-72,77,,3205,558,1123,558,1123,,,341,429,,,787,297,,,,273,1457,0.497,0.497,,0.497,0.795,0.555,kauffbo01
Bill Keller,24,INA,ABA,1971-72,76,,1729,264,619,208,450,56,169,153,174,62,102,164,264,,,131,118,737,0.426,0.462,0.331,0.472,0.879,0.53,kellebi01
Arvesta Kelly,26,TOT,ABA,1971-72,12,,112,13,29,12,26,1,3,3,4,5,10,15,14,,,8,20,30,0.448,0.462,0.333,0.466,0.75,0.488,kellyar01
Goo Kennedy,22,DLC,ABA,1971-72,65,,1453,234,406,234,406,0,0,88,133,167,318,485,65,,,75,262,556,0.576,0.576,,0.576,0.662,0.598,kennego01
Julius Keye,25,DNR,ABA,1971-72,84,,2557,192,476,192,474,0,2,108,174,315,667,982,153,,,139,346,492,0.403,0.405,0,0.403,0.621,0.445,keyeju01
Toby Kimball,29,MIL,NBA,1971-72,74,,971,107,229,107,229,,,44,81,,,312,60,,,,137,258,0.467,0.467,,0.467,0.543,0.487,kimbato01
Jim King,30,CHI,NBA,1971-72,73,,1014,162,356,162,356,,,89,113,,,81,101,,,,103,413,0.455,0.455,,0.455,0.788,0.509,kingji01
Loyd King,22,MMP,ABA,1971-72,74,,1153,185,494,164,407,21,87,96,119,36,77,113,103,,,76,168,487,0.374,0.403,0.241,0.396,0.807,0.446,kinglo01
Ron Knight,24,POR,NBA,1971-72,49,,483,112,257,112,257,,,31,62,,,116,33,,,,52,255,0.436,0.436,,0.436,0.5,0.449,knighro01
Don Kojis,33,SEA,NBA,1971-72,73,,1857,322,687,322,687,,,188,237,,,335,82,,,,168,832,0.469,0.469,,0.469,0.793,0.526,kojisdo01
Howard Komives,30,DET,NBA,1971-72,79,,2071,262,702,262,702,,,164,203,,,172,291,,,,196,688,0.373,0.373,,0.373,0.808,0.435,komivho01
Steve Kuberski,24,BOS,NBA,1971-72,71,,1128,185,444,185,444,,,80,102,,,320,46,,,,130,450,0.417,0.417,,0.417,0.784,0.46,kuberst01
Sam Lacey,23,CIN,NBA,1971-72,81,,2832,410,972,410,972,,,119,169,,,968,173,,,,284,939,0.422,0.422,,0.422,0.704,0.449,laceysa01
Wendell Ladner,23,TOT,ABA,1971-72,82,,2446,491,1287,430,1051,61,236,122,159,244,589,833,166,,,215,347,1165,0.382,0.409,0.258,0.405,0.767,0.429,ladnewe01
Bob Lanier,23,DET,NBA,1971-72,80,,3092,834,1690,834,1690,,,388,505,,,1132,248,,,,297,2056,0.493,0.493,,0.493,0.768,0.538,laniebo01
Stu Lantz,25,HOU,NBA,1971-72,81,,3097,557,1279,557,1279,,,387,462,,,345,337,,,,211,1501,0.435,0.435,,0.435,0.838,0.506,lantzst01
Dave Lattin,28,PTC,ABA,1971-72,64,,1482,329,605,329,604,0,1,148,242,136,239,375,51,,,108,178,806,0.544,0.545,0,0.544,0.612,0.566,lattida01
Mo Layton,23,PHO,NBA,1971-72,80,,1849,304,717,304,717,,,122,165,,,164,247,,,,219,730,0.424,0.424,,0.424,0.739,0.462,laytomo01
Manny Leaks,26,TOT,ABA,1971-72,69,,1443,240,580,240,579,0,1,74,121,145,267,412,55,,,73,136,554,0.414,0.415,0,0.414,0.612,0.437,leaksma01
Clyde Lee,27,GSW,NBA,1971-72,78,,2674,256,544,256,544,,,120,222,,,1132,85,,,,244,632,0.471,0.471,,0.471,0.541,0.492,leecl01
George Lehmann,29,TOT,ABA,1971-72,53,,1921,303,663,232,464,71,199,169,192,23,75,98,411,,,210,155,846,0.457,0.5,0.357,0.511,0.88,0.566,lehmage01
Freddie Lewis,28,INA,ABA,1971-72,77,,2714,405,947,374,847,31,100,341,396,134,193,327,362,,,194,230,1182,0.428,0.442,0.31,0.444,0.861,0.527,lewisfr02
Mike Lewis,25,PTC,ABA,1971-72,82,,2618,385,713,385,713,0,0,165,226,357,639,996,316,,,237,315,935,0.54,0.54,,0.54,0.73,0.575,lewismi01
Goose Ligon,27,TOT,ABA,1971-72,82,,2341,213,428,212,422,1,6,141,217,231,469,700,163,,,126,265,568,0.498,0.502,0.167,0.499,0.65,0.543,ligongo01
Gene Littles,28,CAR,ABA,1971-72,69,,2006,280,605,273,579,7,26,178,237,122,154,276,237,,,104,180,745,0.463,0.472,0.269,0.469,0.751,0.525,littlge01
Willie Long,21,FLO,ABA,1971-72,75,,1925,336,761,336,760,0,1,206,291,157,356,513,66,,,137,215,878,0.442,0.442,0,0.442,0.708,0.494,longwi01
Kevin Loughery,31,TOT,NBA,1971-72,76,,1771,341,809,341,809,,,263,320,,,183,196,,,,213,945,0.422,0.422,,0.422,0.822,0.497,loughke01
Bob Love,29,CHI,NBA,1971-72,79,,3108,819,1854,819,1854,,,399,509,,,518,125,,,,235,2037,0.442,0.442,,0.442,0.784,0.49,lovebo01
Stan Love,22,BAL,NBA,1971-72,74,,1327,242,536,242,536,,,103,140,,,338,52,,,,202,587,0.451,0.451,,0.451,0.736,0.491,lovest01
Charlie Lowery,22,MIL,NBA,1971-72,20,,134,17,38,17,38,,,11,18,,,19,14,,,,16,45,0.447,0.447,,0.447,0.611,0.49,lowerch01
Jerry Lucas,31,NYK,NBA,1971-72,77,,2926,543,1060,543,1060,,,197,249,,,1011,318,,,,218,1283,0.512,0.512,,0.512,0.791,0.548,lucasje01
Mike Maloy,22,VIR,ABA,1971-72,7,,73,12,35,12,35,0,0,2,2,6,11,17,2,,,9,14,26,0.343,0.343,,0.343,1,0.362,maloymi01
Ed Manning,28,CAR,ABA,1971-72,77,,1648,228,499,228,496,0,3,95,114,117,324,441,58,,,83,227,551,0.457,0.46,0,0.457,0.833,0.502,mannied01
Pete Maravich,24,ATL,NBA,1971-72,66,,2302,460,1077,460,1077,,,355,438,,,256,393,,,,207,1275,0.427,0.427,,0.427,0.811,0.502,maravpe01
Jack Marin,27,BAL,NBA,1971-72,78,,2927,690,1444,690,1444,,,356,398,,,528,169,,,,240,1736,0.478,0.478,,0.478,0.894,0.536,marinja01
Harvey Marlatt,23,DET,NBA,1971-72,31,,506,60,149,60,149,,,36,42,,,62,60,,,,64,156,0.403,0.403,,0.403,0.857,0.466,marlaha01
Jim Marsh,25,POR,NBA,1971-72,39,,375,39,117,39,117,,,41,59,,,84,30,,,,50,119,0.333,0.333,,0.333,0.695,0.416,marshji01
Eddie Mast,23,NYK,NBA,1971-72,40,,270,39,112,39,112,,,25,41,,,73,10,,,,39,103,0.348,0.348,,0.348,0.61,0.396,masted01
Don May,26,ATL,NBA,1971-72,75,,1285,234,476,234,476,,,126,164,,,217,55,,,,133,594,0.492,0.492,,0.492,0.768,0.542,maydo01
Willie McCarter,25,POR,NBA,1971-72,39,,612,103,257,103,257,,,37,55,,,43,85,,,,58,243,0.401,0.401,,0.401,0.673,0.432,mccarwi01
Ted McClain,25,CAR,ABA,1971-72,64,,900,148,415,135,362,13,53,110,142,44,76,120,120,,,116,144,419,0.357,0.373,0.245,0.372,0.775,0.439,mcclate01
Jim McDaniels,23,TOT,TOT,1971-72,70,,2407,710,1399,710,1399,0,0,245,342,249,565,896,106,,,167,277,1665,0.508,0.508,,0.508,0.716,0.537,mcdanji01
Roderick McDonald,26,UTS,ABA,1971-72,33,,231,34,76,34,74,0,2,27,37,32,42,74,18,,,23,40,95,0.447,0.459,0,0.447,0.73,0.515,mcdonro01
George McGinnis,21,INA,ABA,1971-72,73,,2179,465,999,459,961,6,38,298,462,290,421,711,137,,,256,260,1234,0.465,0.478,0.158,0.468,0.645,0.513,mcginge01
Jon McGlocklin,28,MIL,NBA,1971-72,80,,2213,374,733,374,733,,,109,126,,,181,231,,,,146,857,0.51,0.51,,0.51,0.865,0.543,mcglojo01
Gil McGregor,22,CIN,NBA,1971-72,42,,532,66,182,66,182,,,39,56,,,148,18,,,,120,171,0.363,0.363,,0.363,0.696,0.414,mcgregi01
Kenny McIntosh,23,CHI,NBA,1971-72,43,,405,57,168,57,168,,,21,44,,,89,18,,,,41,135,0.339,0.339,,0.339,0.477,0.36,mcintke01
Stan McKenzie,27,POR,NBA,1971-72,82,,2036,410,834,410,834,,,315,379,,,272,148,,,,240,1135,0.492,0.492,,0.492,0.831,0.567,mckenst01
McCoy McLemore,29,TOT,NBA,1971-72,27,,246,28,71,28,71,,,20,24,,,73,22,,,,33,76,0.394,0.394,,0.394,0.833,0.466,mclemmc01
Jim McMillian,23,LAL,NBA,1971-72,80,,3050,642,1331,642,1331,,,219,277,,,522,209,,,,209,1503,0.482,0.482,,0.482,0.791,0.517,mcmilji01
Cliff Meely,24,HOU,NBA,1971-72,77,,1815,315,776,315,776,,,133,197,,,507,119,,,,254,763,0.406,0.406,,0.406,0.675,0.442,meelycl01
Bill Melchionni,27,NYA,ABA,1971-72,80,,3326,672,1346,670,1327,2,19,336,416,51,197,248,669,,,314,275,1682,0.499,0.505,0.105,0.5,0.808,0.55,melchbi01
Dean Meminger,23,NYK,NBA,1971-72,78,,1173,139,293,139,293,,,79,140,,,185,103,,,,137,357,0.474,0.474,,0.474,0.564,0.503,meminde01
John Mengelt,22,CIN,NBA,1971-72,78,,1438,287,605,287,605,,,208,252,,,148,146,,,,163,782,0.474,0.474,,0.474,0.825,0.546,mengejo01
Eddie Miles,31,NYK,NBA,1971-72,42,,198,23,64,23,64,,,16,18,,,16,17,,,,46,62,0.359,0.359,,0.359,0.889,0.431,milesed01
Larry Miller,25,CAR,ABA,1971-72,83,,3199,562,1228,550,1181,12,47,393,497,177,222,399,235,,,191,232,1529,0.458,0.466,0.255,0.463,0.791,0.528,millela01
Steve Mix,24,TOT,TOT,1971-72,9,,108,16,48,16,48,0,0,7,12,1,0,24,4,,,0,8,39,0.333,0.333,,0.333,0.583,0.366,mixst01
Doug Moe,33,VIR,ABA,1971-72,67,,1472,175,415,174,406,1,9,104,129,80,161,241,149,,,112,172,455,0.422,0.429,0.111,0.423,0.806,0.482,moedo01
Earl Monroe,27,TOT,NBA,1971-72,63,,1337,287,662,287,662,,,175,224,,,100,142,,,,139,749,0.434,0.434,,0.434,0.781,0.492,monroea01
Gene Moore,26,TOT,ABA,1971-72,77,,1412,253,545,252,542,1,3,89,120,179,304,483,53,,,150,221,596,0.464,0.465,0.333,0.465,0.742,0.498,moorege01
Otto Moore,25,PHO,NBA,1971-72,81,,1624,260,597,260,597,,,94,156,,,540,88,,,,212,614,0.436,0.436,,0.436,0.603,0.461,mooreot01
Rex Morgan,23,BOS,NBA,1971-72,28,,150,16,50,16,50,,,23,31,,,30,17,,,,34,55,0.32,0.32,,0.32,0.742,0.432,morgare01
Rick Mount,25,INA,ABA,1971-72,78,,2126,420,949,363,769,57,180,216,261,48,107,155,230,,,142,233,1113,0.443,0.472,0.317,0.473,0.828,0.523,mountri01
Erwin Mueller,27,DET,NBA,1971-72,42,,605,68,197,68,197,,,43,74,,,147,57,,,,64,179,0.345,0.345,,0.345,0.581,0.39,mueller01
Jeff Mullins,29,GSW,NBA,1971-72,80,,3214,685,1466,685,1466,,,350,441,,,444,471,,,,260,1720,0.467,0.467,,0.467,0.794,0.518,mullije01
Calvin Murphy,23,HOU,NBA,1971-72,82,,2538,571,1255,571,1255,,,349,392,,,258,393,,,,298,1491,0.455,0.455,,0.455,0.89,0.522,murphca01
Dorie Murrey,28,BAL,NBA,1971-72,51,,421,43,113,43,113,,,24,39,,,126,17,,,,76,110,0.381,0.381,,0.381,0.615,0.423,murredo01
Barry Nelson,22,MIL,NBA,1971-72,28,,102,15,36,15,36,,,5,10,,,20,7,,,,21,35,0.417,0.417,,0.417,0.5,0.433,nelsoba01
Don Nelson,31,BOS,NBA,1971-72,82,,2086,389,811,389,811,,,356,452,,,453,192,,,,220,1134,0.48,0.48,,0.48,0.788,0.561,nelsodo01
Bob Netolicky,29,INA,ABA,1971-72,83,,2905,522,1090,518,1071,4,19,202,279,264,500,764,83,,,166,185,1250,0.479,0.484,0.211,0.481,0.724,0.515,netolbo01
Johnny Neumann,20,MMP,ABA,1971-72,77,,1969,545,1328,519,1200,26,128,293,385,196,126,322,147,,,239,285,1409,0.41,0.433,0.203,0.42,0.761,0.47,neumajo01
Mike Newlin,23,HOU,NBA,1971-72,82,,1495,256,618,256,618,,,108,144,,,228,135,,,,233,620,0.414,0.414,,0.414,0.75,0.455,newlimi01
Rich Niemann,25,DLC,ABA,1971-72,33,,524,48,98,48,98,0,0,25,34,46,109,155,24,,,27,87,121,0.49,0.49,,0.49,0.735,0.536,niemari01
Willie Norwood,24,DET,NBA,1971-72,78,,1272,222,440,222,440,,,140,215,,,316,43,,,,229,584,0.505,0.505,,0.505,0.651,0.546,norwowi01
Jimmy O'Brien,21,TOT,ABA,1971-72,84,,1778,173,436,166,404,7,32,65,80,59,147,206,373,,,152,189,418,0.397,0.411,0.219,0.405,0.813,0.444,obrieji01
Tom Owens,22,TOT,ABA,1971-72,69,,1118,197,402,196,397,1,5,109,175,163,227,390,51,,,83,170,504,0.49,0.494,0.2,0.491,0.623,0.526,owensto01
Dana Pagett,22,VIR,ABA,1971-72,5,,34,1,9,0,6,1,3,2,3,1,2,3,6,,,3,8,5,0.111,0,0.333,0.167,0.667,0.242,pagetda01
Steve Patterson,23,CLE,NBA,1971-72,65,,775,94,263,94,263,,,23,46,,,228,54,,,,80,211,0.357,0.357,,0.357,0.5,0.372,pattest01
Charlie Paulk,25,TOT,NBA,1971-72,35,,211,24,88,24,88,,,15,21,,,64,11,,,,31,63,0.273,0.273,,0.273,0.714,0.324,paulkch01
Billy Paultz,23,NYA,ABA,1971-72,83,,2824,498,1021,498,1018,0,3,207,299,263,772,1035,128,,,214,298,1203,0.488,0.489,0,0.488,0.692,0.522,paultbi01
Tom Payne,21,ATL,NBA,1971-72,29,,227,45,103,45,103,,,29,46,,,69,15,,,,40,119,0.437,0.437,,0.437,0.63,0.483,payneto01
George Peeples,28,DLC,ABA,1971-72,6,,125,11,25,11,25,0,0,7,11,15,20,35,5,,,9,10,29,0.44,0.44,,0.44,0.636,0.486,peeplge01
Curtis Perry,23,TOT,NBA,1971-72,75,,1826,181,486,181,486,,,76,119,,,593,100,,,,261,438,0.372,0.372,,0.372,0.639,0.407,perrycu01
Geoff Petrie,23,POR,NBA,1971-72,60,,2155,465,1115,465,1115,,,202,256,,,133,248,,,,108,1132,0.417,0.417,,0.417,0.789,0.461,petrige01
Gene Phillips,23,DLC,ABA,1971-72,28,,174,30,76,23,59,7,17,11,14,4,17,21,13,,,8,23,78,0.395,0.39,0.412,0.441,0.786,0.475,phillge01
Walter Piatkowski,26,FLO,ABA,1971-72,6,,28,3,16,3,16,0,0,0,0,1,1,2,2,,,3,2,6,0.188,0.188,,0.188,,0.188,piatkwa01
Howard Porter,23,CHI,NBA,1971-72,67,,730,171,403,171,403,,,59,77,,,183,24,,,,88,401,0.424,0.424,,0.424,0.766,0.459,porteho01
Bob Portman,24,GSW,NBA,1971-72,61,,553,89,221,89,221,,,53,60,,,133,26,,,,69,231,0.403,0.403,,0.403,0.883,0.467,portmbo01
Cincinnatus Powell,29,KEN,ABA,1971-72,65,,2288,430,907,426,894,4,13,185,256,158,342,500,237,,,178,219,1049,0.474,0.477,0.308,0.476,0.723,0.514,powelci01
Mike Pratt,23,KEN,ABA,1971-72,65,,889,133,301,117,261,16,40,84,98,67,91,158,98,,,81,151,366,0.442,0.448,0.4,0.468,0.857,0.532,prattmi01
Mike Price,23,TOT,TOT,1971-72,10,,65,8,23,8,23,0,0,9,11,1,4,11,7,,,4,14,25,0.348,0.348,,0.348,0.818,0.449,pricemi01
Bob Quick,25,TOT,TOT,1971-72,24,,261,47,97,47,97,0,0,44,55,6,8,65,12,,,4,38,138,0.485,0.485,,0.485,0.8,0.569,quickbo01
Luther Rackley,25,TOT,NBA,1971-72,71,,683,103,240,103,240,,,50,88,,,208,21,,,,107,256,0.429,0.429,,0.429,0.568,0.459,rackllu01
Clifford Ray,23,CHI,NBA,1971-72,82,,1872,222,445,222,445,,,134,218,,,869,254,,,,296,578,0.499,0.499,,0.499,0.615,0.534,raycl01
Craig Raymond,26,FLO,ABA,1971-72,64,,889,104,227,104,224,0,3,48,76,63,221,284,67,,,91,108,256,0.458,0.464,0,0.458,0.632,0.491,raymocr01
Willis Reed,29,NYK,NBA,1971-72,11,,363,60,137,60,137,,,27,39,,,96,22,,,,30,147,0.438,0.438,,0.438,0.692,0.477,reedwi01
Jackie Ridgle,23,CLE,NBA,1971-72,32,,107,19,44,19,44,,,19,26,,,15,7,,,,15,57,0.432,0.432,,0.432,0.731,0.514,ridglja01
Pat Riley,26,LAL,NBA,1971-72,67,,926,197,441,197,441,,,55,74,,,127,75,,,,110,449,0.447,0.447,,0.447,0.743,0.474,rileypa01
Rich Rinaldi,22,BAL,NBA,1971-72,39,,159,42,104,42,104,,,20,30,,,18,15,,,,25,104,0.404,0.404,,0.404,0.667,0.444,rinalri01
Mike Riordan,26,TOT,NBA,1971-72,58,,1377,233,499,233,499,,,84,124,,,128,126,,,,129,550,0.467,0.467,,0.467,0.677,0.497,riordmi01
Red Robbins,27,UTS,ABA,1971-72,78,,2567,379,752,350,681,29,71,167,201,216,495,711,124,,,86,171,954,0.504,0.514,0.408,0.523,0.831,0.568,robbire01
Rick Roberson,24,CLE,NBA,1971-72,63,,2207,304,688,304,688,,,215,366,,,801,109,,,,251,823,0.442,0.442,,0.442,0.587,0.485,roberri01
Marv Roberts,22,DNR,ABA,1971-72,68,,1047,217,533,216,529,1,4,86,120,121,173,294,61,,,77,150,521,0.407,0.408,0.25,0.408,0.717,0.445,roberma01
Oscar Robertson,33,MIL,NBA,1971-72,64,,2390,419,887,419,887,,,276,330,,,323,491,,,,116,1114,0.472,0.472,,0.472,0.836,0.54,roberos01
Flynn Robinson,30,LAL,NBA,1971-72,64,,1007,262,535,262,535,,,111,129,,,115,138,,,,139,635,0.49,0.49,,0.49,0.86,0.537,robinfl01
Samuel Robinson,24,FLO,ABA,1971-72,51,,686,126,300,126,298,0,2,54,68,58,78,136,48,,,24,70,306,0.42,0.423,0,0.42,0.794,0.464,robinsa01
Dave Robisch,22,DNR,ABA,1971-72,84,,2420,505,1138,505,1133,0,5,294,419,287,517,804,201,,,113,251,1304,0.444,0.446,0,0.444,0.702,0.493,robisda01
John Roche,22,NYA,ABA,1971-72,82,,2593,403,859,391,824,12,35,240,311,45,127,172,259,,,188,211,1058,0.469,0.475,0.343,0.476,0.772,0.531,rochejo01
Curtis Rowe,22,DET,NBA,1971-72,82,,2661,369,802,369,802,,,192,287,,,699,99,,,,171,930,0.46,0.46,,0.46,0.669,0.501,rowecu01
Paul Ruffner,23,PTC,ABA,1971-72,79,,1059,182,381,182,381,0,0,84,115,118,223,341,52,,,69,178,448,0.478,0.478,,0.478,0.73,0.519,ruffnpa01
Bob Rule,27,TOT,NBA,1971-72,76,,2230,461,1058,461,1058,,,226,335,,,534,116,,,,189,1148,0.436,0.436,,0.436,0.675,0.476,rulebo01
Cazzie Russell,27,GSW,NBA,1971-72,79,,2902,689,1514,689,1514,,,315,378,,,428,248,,,,176,1693,0.455,0.455,,0.455,0.833,0.504,russeca01
Pierre Russell,22,KEN,ABA,1971-72,51,,397,65,153,65,150,0,3,16,21,40,53,93,51,,,33,56,146,0.425,0.433,0,0.425,0.762,0.45,russepi01
Tom Sanders,33,BOS,NBA,1971-72,82,,1631,215,524,215,524,,,111,136,,,353,98,,,,257,541,0.41,0.41,,0.41,0.816,0.463,sandeto01
Ron Sanford,25,DLC,ABA,1971-72,1,,2,0,0,0,0,0,0,0,0,0,0,0,0,,,0,1,0,,,,,,,sanforo01
Dale Schlueter,26,POR,NBA,1971-72,81,,2693,353,672,353,672,,,241,326,,,860,285,,,,277,947,0.525,0.525,,0.525,0.739,0.581,schluda01
Charlie Scott,23,TOT,TOT,1971-72,79,,3238,1033,2305,1004,2195,29,110,542,675,174,200,397,373,,,340,280,2637,0.448,0.457,0.264,0.454,0.803,0.507,scottch01
Ray Scott,33,VIR,ABA,1971-72,55,,818,163,393,161,389,2,4,89,114,71,181,252,40,,,55,90,417,0.415,0.414,0.5,0.417,0.781,0.47,scottra01
Donald Sidle,25,TOT,ABA,1971-72,69,,960,175,384,174,374,1,10,124,195,115,119,234,26,,,56,96,475,0.456,0.465,0.1,0.457,0.636,0.506,sidledo01
Larry Siegfried,32,TOT,NBA,1971-72,31,,558,43,123,43,123,,,32,37,,,42,72,,,,53,118,0.35,0.35,,0.35,0.865,0.424,siegfla01
Paul Silas,28,PHO,NBA,1971-72,80,,3082,485,1031,485,1031,,,433,560,,,955,343,,,,201,1403,0.47,0.47,,0.47,0.773,0.549,silaspa01
Walter Simon,32,KEN,ABA,1971-72,67,,1111,243,464,242,454,1,10,109,156,72,161,233,137,,,72,157,596,0.524,0.533,0.1,0.525,0.699,0.559,simonwa01
Ralph Simpson,22,DNR,ABA,1971-72,84,,3006,920,2000,917,1978,3,22,457,568,171,227,398,258,,,266,244,2300,0.46,0.464,0.136,0.461,0.805,0.511,simpsra01
Jerry Sloan,29,CHI,NBA,1971-72,82,,3035,535,1206,535,1206,,,258,391,,,691,211,,,,309,1328,0.444,0.444,,0.444,0.66,0.482,sloanje01
Adrian Smith,35,VIR,ABA,1971-72,53,,686,87,195,85,184,2,11,92,103,14,32,46,42,,,34,89,268,0.446,0.462,0.182,0.451,0.893,0.558,smithad01
Al Smith,25,DNR,ABA,1971-72,83,,1764,292,675,260,568,32,107,153,211,85,141,226,249,,,163,244,769,0.433,0.458,0.299,0.456,0.725,0.501,smithal01
Bingo Smith,25,CLE,NBA,1971-72,82,,2734,527,1190,527,1190,,,178,224,,,502,247,,,,222,1232,0.443,0.443,,0.443,0.795,0.478,smithbi02
Elmore Smith,22,BUF,NBA,1971-72,78,,3186,579,1275,579,1275,,,194,363,,,1184,111,,,,306,1352,0.454,0.454,,0.454,0.534,0.471,smithel01
Garfield Smith,26,BOS,NBA,1971-72,26,,134,28,66,28,66,,,6,31,,,37,8,,,,22,62,0.424,0.424,,0.424,0.194,0.389,smithga01
Greg Smith,25,TOT,NBA,1971-72,82,,2256,309,671,309,671,,,111,168,,,483,222,,,,259,729,0.461,0.461,,0.461,0.661,0.489,smithgr01
Randy Smith,23,BUF,NBA,1971-72,76,,2094,432,896,432,896,,,158,254,,,368,189,,,,202,1022,0.482,0.482,,0.482,0.622,0.507,smithra01
William Smith,22,POR,NBA,1971-72,22,,448,72,173,72,173,,,38,64,,,135,19,,,,73,182,0.416,0.416,,0.416,0.594,0.452,smithwi01
Dick Snyder,27,SEA,NBA,1971-72,73,,2534,496,937,496,937,,,218,259,,,228,283,,,,200,1210,0.529,0.529,,0.529,0.842,0.576,snydedi01
Willie Sojourner,23,VIR,ABA,1971-72,84,,1313,222,448,222,448,0,0,124,193,185,329,514,56,,,86,222,568,0.496,0.496,,0.496,0.642,0.533,sojouwi01
Dave Sorenson,23,CLE,NBA,1971-72,76,,1162,213,475,213,475,,,106,136,,,301,81,,,,120,532,0.448,0.448,,0.448,0.779,0.497,sorenda01
Dave Stallworth,30,TOT,NBA,1971-72,78,,2040,336,778,336,778,,,152,188,,,433,158,,,,217,824,0.432,0.432,,0.432,0.809,0.479,stallda01
Larry Steele,22,POR,NBA,1971-72,72,,1311,148,308,148,308,,,70,97,,,282,161,,,,198,366,0.481,0.481,,0.481,0.722,0.522,steella01
George Stone,25,TOT,ABA,1971-72,24,,381,49,123,48,114,1,9,25,28,13,49,62,25,,,22,40,124,0.398,0.421,0.111,0.402,0.893,0.458,stonege01
Skeeter Swift,25,PTC,ABA,1971-72,79,,2340,401,856,368,756,33,100,224,265,48,152,200,309,,,252,277,1059,0.468,0.487,0.33,0.488,0.845,0.544,swiftsk01
Walt Szczerbiak,22,PTC,ABA,1971-72,53,,598,149,237,149,235,0,2,35,53,82,68,150,41,,,50,100,333,0.629,0.634,0,0.629,0.66,0.64,szczewa01
Fatty Taylor,25,VIR,ABA,1971-72,84,,2669,306,680,305,665,1,15,164,258,178,238,416,321,,,206,302,777,0.45,0.459,0.067,0.451,0.636,0.49,taylofa01
Fred Taylor,23,TOT,NBA,1971-72,34,,283,36,117,36,117,,,15,32,,,54,18,,,,40,87,0.308,0.308,,0.308,0.469,0.332,taylofr01
Oliver Taylor,24,NYA,ABA,1971-72,82,,1891,245,542,245,536,0,6,218,308,128,202,330,153,,,153,213,708,0.452,0.457,0,0.452,0.708,0.522,taylool01
Ronald Taylor,24,PTC,ABA,1971-72,1,,4,0,1,0,1,0,0,0,0,1,0,1,0,,,1,5,0,0,0,,0,,0,tayloro01
George Thompson,24,PTC,ABA,1971-72,70,,2904,696,1448,655,1316,41,132,455,584,155,198,353,257,,,217,201,1888,0.481,0.498,0.311,0.495,0.779,0.554,thompge01
Nate Thurmond,30,GSW,NBA,1971-72,78,,3362,628,1454,628,1454,,,417,561,,,1252,230,,,,214,1673,0.432,0.432,,0.432,0.743,0.492,thurmna01
George Tinsley,25,FLO,ABA,1971-72,51,,418,70,174,65,152,5,22,46,62,30,30,60,38,,,26,79,191,0.402,0.428,0.227,0.417,0.742,0.474,tinslge01
Rudy Tomjanovich,23,HOU,NBA,1971-72,78,,2689,500,1010,500,1010,,,172,238,,,923,117,,,,193,1172,0.495,0.495,,0.495,0.723,0.526,tomjaru01
George Trapp,23,ATL,NBA,1971-72,60,,890,144,388,144,388,,,105,139,,,183,51,,,,144,393,0.371,0.371,,0.371,0.755,0.437,trappge01
John Trapp,26,LAL,NBA,1971-72,58,,759,139,314,139,314,,,51,73,,,180,42,,,,130,329,0.443,0.443,,0.443,0.699,0.475,trappjo01
John Tresvant,32,BAL,NBA,1971-72,65,,1227,162,360,162,360,,,121,148,,,323,83,,,,175,445,0.45,0.45,,0.45,0.818,0.523,tresvjo01
Al Tucker,28,FLO,ABA,1971-72,81,,1799,377,810,347,728,30,82,157,199,91,301,392,100,,,129,205,941,0.465,0.477,0.366,0.484,0.789,0.524,tuckeal01
Bill Turner,27,GSW,NBA,1971-72,62,,597,71,181,71,181,,,40,53,,,131,22,,,,67,182,0.392,0.392,,0.392,0.755,0.445,turnebi01
Wes Unseld,25,BAL,NBA,1971-72,76,,3171,409,822,409,822,,,171,272,,,1336,278,,,,218,989,0.498,0.498,,0.498,0.629,0.525,unselwe01
John Vallely,23,TOT,NBA,1971-72,49,,366,69,171,69,171,,,30,45,,,32,37,,,,50,168,0.404,0.404,,0.404,0.667,0.44,vallejo01
Dick Van Arsdale,28,PHO,NBA,1971-72,82,,3096,545,1178,545,1178,,,529,626,,,334,297,,,,232,1619,0.463,0.463,,0.463,0.845,0.557,vanardi01
Tom Van Arsdale,28,CIN,NBA,1971-72,73,,2598,550,1205,550,1205,,,299,396,,,350,198,,,,241,1399,0.456,0.456,,0.456,0.755,0.507,vanarto01
Norm Van Lier,24,TOT,NBA,1971-72,79,,2415,334,761,334,761,,,237,300,,,357,542,,,,239,905,0.439,0.439,,0.439,0.79,0.507,vanlino01
Bob Verga,26,TOT,ABA,1971-72,70,,2029,459,1046,440,994,19,52,285,398,96,141,237,253,,,224,198,1222,0.439,0.443,0.365,0.448,0.716,0.5,vergabo01
Neal Walk,23,PHO,NBA,1971-72,81,,2142,506,1057,506,1057,,,256,344,,,665,151,,,,295,1268,0.479,0.479,,0.479,0.744,0.525,walkne01
Chet Walker,31,CHI,NBA,1971-72,78,,2588,619,1225,619,1225,,,481,568,,,473,178,,,,171,1719,0.505,0.505,,0.505,0.847,0.583,walkech01
Jimmy Walker,27,DET,NBA,1971-72,78,,3083,634,1386,634,1386,,,397,480,,,231,315,,,,198,1665,0.457,0.457,,0.457,0.827,0.521,walkeji01
Dwight Waller,26,DNR,ABA,1971-72,2,,10,2,4,2,4,0,0,0,0,1,4,5,1,,,1,3,4,0.5,0.5,,0.5,,0.5,walledw01
Cornell Warner,23,BUF,NBA,1971-72,62,,1239,162,366,162,366,,,58,78,,,379,54,,,,125,382,0.443,0.443,,0.443,0.744,0.477,warneco01
Bob Warren,25,TOT,ABA,1971-72,75,,1801,313,707,302,652,11,55,213,268,139,120,259,182,,,140,165,850,0.443,0.463,0.2,0.45,0.795,0.515,warrebo01
John Warren,24,CLE,NBA,1971-72,68,,969,144,345,144,345,,,49,58,,,133,91,,,,92,337,0.417,0.417,,0.417,0.845,0.455,warrejo01
Bobby Washington,24,CLE,NBA,1971-72,69,,967,123,309,123,309,,,104,128,,,129,223,,,,135,350,0.398,0.398,,0.398,0.813,0.479,washibo01
Jim Washington,28,TOT,NBA,1971-72,84,,2961,393,885,393,885,,,256,323,,,736,146,,,,276,1042,0.444,0.444,,0.444,0.793,0.507,washiji01
Trooper Washington,27,NYA,ABA,1971-72,80,,2510,387,678,387,678,0,0,107,166,281,469,750,161,,,188,291,881,0.571,0.571,,0.571,0.645,0.587,washitr01
Jeff Webb,23,TOT,NBA,1971-72,46,,238,40,100,40,100,,,16,23,,,35,23,,,,29,96,0.4,0.4,,0.4,0.696,0.436,webbje01
Elnardo Webster,23,TOT,ABA,1971-72,24,,237,50,109,49,105,1,4,21,29,15,29,44,16,,,35,39,122,0.459,0.467,0.25,0.463,0.724,0.501,webstel01
Bob Weiss,29,CHI,NBA,1971-72,82,,2450,358,832,358,832,,,212,254,,,170,377,,,,212,928,0.43,0.43,,0.43,0.835,0.492,weissbo01
Walt Wesley,27,CLE,NBA,1971-72,82,,2185,412,1006,412,1006,,,196,291,,,711,76,,,,245,1020,0.41,0.41,,0.41,0.674,0.45,weslewa01
Jerry West,33,LAL,NBA,1971-72,77,,2973,735,1540,735,1540,,,515,633,,,327,747,,,,209,1985,0.477,0.477,,0.477,0.814,0.546,westje01
John Wetzel,27,PHO,NBA,1971-72,51,,419,31,82,31,82,,,24,30,,,65,56,,,,71,86,0.378,0.378,,0.378,0.8,0.452,wetzejo01
Jo Jo White,25,BOS,NBA,1971-72,79,,3261,770,1788,770,1788,,,285,343,,,446,416,,,,227,1825,0.431,0.431,,0.431,0.831,0.471,whitejo01
Sidney Wicks,22,POR,NBA,1971-72,82,,3245,784,1837,784,1837,,,441,621,,,943,350,,,,186,2009,0.427,0.427,,0.427,0.71,0.476,wickssi01
Lenny Wilkens,34,SEA,NBA,1971-72,80,,2989,479,1027,479,1027,,,480,620,,,338,766,,,,209,1438,0.466,0.466,,0.466,0.774,0.553,wilkele01
Art Williams,32,BOS,NBA,1971-72,81,,1326,161,339,161,339,,,90,119,,,256,327,,,,204,412,0.475,0.475,,0.475,0.756,0.526,williar01
Bernie Williams,26,VIR,ABA,1971-72,78,,1667,349,816,331,751,18,65,113,142,51,103,154,134,,,123,178,829,0.428,0.441,0.277,0.439,0.796,0.472,willibe01
Charles Williams,28,MMP,ABA,1971-72,82,,2583,480,1258,439,1084,41,174,294,395,85,143,228,253,,,233,250,1295,0.382,0.405,0.236,0.398,0.744,0.452,willich01
Chuck Williams,25,DNR,ABA,1971-72,84,,1580,263,583,263,579,0,4,205,275,62,95,157,160,,,98,144,731,0.451,0.454,0,0.451,0.745,0.519,willich02
Milt Williams,26,ATL,NBA,1971-72,10,,127,23,53,23,53,,,21,29,,,4,20,,,,18,67,0.434,0.434,,0.434,0.724,0.509,willimi01
Nate Williams,21,CIN,NBA,1971-72,81,,2173,418,968,418,968,,,127,172,,,372,174,,,,300,963,0.432,0.432,,0.432,0.738,0.461,willina01
Ron Williams,27,GSW,NBA,1971-72,80,,1932,291,614,291,614,,,195,234,,,147,308,,,,232,777,0.474,0.474,,0.474,0.833,0.542,williro01
Isaiah Wilson,23,DET,NBA,1971-72,48,,322,63,177,63,177,,,41,56,,,47,41,,,,32,167,0.356,0.356,,0.356,0.732,0.414,wilsois01
Stephen Wilson,23,DNR,ABA,1971-72,9,,36,5,23,5,21,0,2,4,7,3,1,4,6,,,3,9,14,0.217,0.238,0,0.217,0.571,0.268,wilsost01
Lee Winfield,24,SEA,NBA,1971-72,81,,2040,343,692,343,692,,,175,262,,,218,290,,,,198,861,0.496,0.496,,0.496,0.668,0.533,winfile01
Marv Winkler,23,INA,ABA,1971-72,20,,155,15,54,13,50,2,4,8,14,7,9,16,12,,,12,16,40,0.278,0.26,0.5,0.296,0.571,0.332,winklma01
Willie Wise,24,UTS,ABA,1971-72,84,,3300,743,1471,737,1453,6,18,459,633,282,612,894,286,,,282,299,1951,0.505,0.507,0.333,0.507,0.725,0.558,wisewi01
Dave Wohl,22,PHI,NBA,1971-72,79,,1628,243,567,243,567,,,156,206,,,150,228,,,,229,642,0.429,0.429,,0.429,0.757,0.488,wohlda01
Howie Wright,24,KEN,ABA,1971-72,1,,4,0,0,0,0,0,0,0,1,0,0,0,0,,,1,0,0,,,,,0,0,wrighho01
Lonnie Wright,27,FLO,ABA,1971-72,77,,1638,252,599,233,526,19,73,95,117,45,113,158,133,,,89,197,618,0.421,0.443,0.26,0.437,0.812,0.475,wrighlo01
Barry Yates,26,PHI,NBA,1971-72,24,,144,31,83,31,83,,,7,11,,,40,7,,,,14,69,0.373,0.373,,0.373,0.636,0.393,yatesba01
Charlie Yelverton,23,POR,NBA,1971-72,69,,1227,206,530,206,530,,,133,188,,,201,81,,,,145,545,0.389,0.389,,0.389,0.707,0.445,yelvech01
Gary Zeller,24,TOT,TOT,1971-72,40,,553,90,259,90,258,0,1,26,41,5,5,75,32,,,9,78,206,0.347,0.349,0,0.347,0.634,0.372,zellega01
Zaid Abdul-Aziz,26,HOU,NBA,1972-73,48,,900,149,375,149,375,,,119,162,,,304,53,,,,108,417,0.397,0.397,,0.397,0.735,0.467,abdulza01
Kareem Abdul-Jabbar,25,MIL,NBA,1972-73,76,,3254,982,1772,982,1772,,,328,460,,,1224,379,,,,208,2292,0.554,0.554,,0.554,0.713,0.58,abdulka01
Don Adams,25,TOT,NBA,1972-73,74,,1874,265,678,265,678,,,145,184,,,441,117,,,,231,675,0.391,0.391,,0.391,0.788,0.445,adamsdo01
George Adams,23,SDA,ABA,1972-73,60,,865,153,312,151,305,2,7,65,83,75,130,205,64,,,67,97,373,0.49,0.495,0.286,0.494,0.783,0.535,adamsge01
Rick Adelman,26,POR,NBA,1972-73,76,,1822,214,525,214,525,,,73,102,,,157,294,,,,155,501,0.408,0.408,,0.408,0.716,0.44,adelmri01
Lucius Allen,25,MIL,NBA,1972-73,80,,2693,547,1130,547,1130,,,143,200,,,279,426,,,,188,1237,0.484,0.484,,0.484,0.715,0.508,allenlu01
Tiny Archibald,24,KCO,NBA,1972-73,80,,3681,1028,2106,1028,2106,,,663,783,,,223,910,,,,207,2719,0.488,0.488,,0.488,0.847,0.555,architi01
Jim Ard,24,NYA,ABA,1972-73,42,,426,53,140,53,136,0,4,34,50,48,100,148,14,,,29,50,140,0.379,0.39,0,0.379,0.68,0.432,ardji01
Bob Arnzen,25,INA,ABA,1972-73,23,,111,20,38,20,35,0,3,6,8,11,12,23,3,,,0,12,46,0.526,0.571,0,0.526,0.75,0.554,arnzebo01
Dennis Awtrey,24,TOT,NBA,1972-73,82,,1687,146,305,146,305,,,86,153,,,447,224,,,,234,378,0.479,0.479,,0.479,0.562,0.508,awtrede01
Henry Bacon,24,SDA,ABA,1972-73,47,,425,60,164,58,154,2,10,44,73,40,42,82,38,,,64,72,166,0.366,0.377,0.2,0.372,0.603,0.423,baconhe01
Dick Barnett,36,NYK,NBA,1972-73,51,,514,88,226,88,226,,,16,30,,,41,50,,,,52,192,0.389,0.389,,0.389,0.533,0.401,barnedi01
Jim Barnett,28,GSW,NBA,1972-73,82,,2215,394,844,394,844,,,183,217,,,255,301,,,,150,971,0.467,0.467,,0.467,0.843,0.517,barneji02
Mike Barr,22,VIR,ABA,1972-73,79,,2076,289,612,288,608,1,4,141,188,76,151,227,254,,,185,220,720,0.472,0.474,0.25,0.473,0.75,0.518,barrmi01
Mike Barrett,29,SDA,ABA,1972-73,19,,284,37,101,33,81,4,20,18,35,8,16,24,46,,,39,28,96,0.366,0.407,0.2,0.386,0.514,0.412,barremi01
Rick Barry,28,GSW,NBA,1972-73,82,,3075,737,1630,737,1630,,,358,397,,,728,399,,,,245,1832,0.452,0.452,,0.452,0.902,0.508,barryri01
Johnny Baum,26,NYA,ABA,1972-73,75,,1071,221,438,221,436,0,2,107,143,75,126,201,31,,,76,99,549,0.505,0.507,0,0.505,0.748,0.548,baumjo01
Butch Beard,25,SEA,NBA,1972-73,73,,1403,191,435,191,435,,,100,140,,,174,247,,,,139,482,0.439,0.439,,0.439,0.714,0.485,beardbu01
John Beasley,28,UTS,ABA,1972-73,71,,934,214,417,185,328,29,89,62,70,82,182,264,43,,,39,142,519,0.513,0.564,0.326,0.548,0.886,0.579,beasljo01
Zelmo Beaty,33,UTS,ABA,1972-73,82,,2804,521,1002,521,1001,0,1,306,381,261,540,801,125,,79,197,269,1348,0.52,0.52,0,0.52,0.803,0.576,beatyze01
Byron Beck,28,DNR,ABA,1972-73,77,,2303,466,879,464,872,2,7,158,198,203,334,537,107,,,126,267,1092,0.53,0.532,0.286,0.531,0.798,0.565,beckby01
Arthur Becker,31,TOT,ABA,1972-73,14,,96,16,28,16,27,0,1,11,11,5,13,18,1,,,5,6,43,0.571,0.593,0,0.571,1,0.655,beckear01
Walt Bellamy,33,ATL,NBA,1972-73,74,,2802,455,901,455,901,,,283,526,,,964,179,,,,244,1193,0.505,0.505,,0.505,0.538,0.527,bellawa01
Henry Bibby,23,NYK,NBA,1972-73,55,,475,78,205,78,205,,,73,86,,,82,64,,,,67,229,0.38,0.38,,0.38,0.849,0.472,bibbyhe01
Dave Bing,29,DET,NBA,1972-73,82,,3361,692,1545,692,1545,,,456,560,,,298,637,,,,229,1840,0.448,0.448,,0.448,0.814,0.514,bingda01
John Block,28,TOT,NBA,1972-73,73,,2041,391,886,391,886,,,300,378,,,562,113,,,,242,1082,0.441,0.441,,0.441,0.794,0.514,blockjo01
Tom Boerwinkle,27,CHI,NBA,1972-73,8,,176,9,24,9,24,,,12,20,,,54,40,,,,22,30,0.375,0.375,,0.375,0.6,0.457,boerwto01
Ron Boone,26,UTS,ABA,1972-73,84,,2585,566,1136,556,1096,10,40,415,479,173,252,425,353,,,276,308,1557,0.498,0.507,0.25,0.503,0.866,0.578,boonero01
Freddie Boyd,22,PHI,NBA,1972-73,82,,2351,362,923,362,923,,,136,200,,,210,301,,,,184,860,0.392,0.392,,0.392,0.68,0.425,boydfr01
Steve Bracey,22,ATL,NBA,1972-73,70,,1050,192,395,192,395,,,73,110,,,107,125,,,,125,457,0.486,0.486,,0.486,0.664,0.515,bracest01
Bill Bradley,29,NYK,NBA,1972-73,82,,2998,575,1252,575,1252,,,169,194,,,301,367,,,,273,1319,0.459,0.459,,0.459,0.871,0.493,bradlbi01
Bill Bridges,33,TOT,NBA,1972-73,82,,2867,333,722,333,722,,,179,255,,,904,219,,,,296,845,0.461,0.461,,0.461,0.702,0.506,bridgbi01
John Brisker,25,SEA,NBA,1972-73,70,,1633,352,809,352,809,,,194,236,,,319,150,,,,169,898,0.435,0.435,,0.435,0.822,0.492,briskjo01
Fred Brown,24,SEA,NBA,1972-73,79,,2320,471,1035,471,1035,,,121,148,,,318,438,,,,226,1063,0.455,0.455,,0.455,0.818,0.483,brownfr01
Roger Brown,30,INA,ABA,1972-73,72,,2177,332,700,290,582,42,118,203,247,111,237,348,204,,,120,181,909,0.474,0.498,0.356,0.504,0.822,0.562,brownro01
Roger Brown,22,TOT,TOT,1972-73,63,,584,59,129,59,129,0,0,29,54,62,116,178,25,,,46,121,147,0.457,0.457,,0.457,0.537,0.481,brownro02
George Bruns,26,NYA,ABA,1972-73,13,,236,31,66,29,62,2,4,22,27,1,7,8,36,,,20,26,86,0.47,0.468,0.5,0.485,0.815,0.552,brunsge01
Don Buse,22,INA,ABA,1972-73,77,,1484,163,360,158,336,5,24,82,109,96,114,210,223,,,66,143,413,0.453,0.47,0.208,0.46,0.752,0.506,busedo01
David Bustion,23,DNR,ABA,1972-73,47,,355,58,133,58,133,0,0,42,59,39,62,101,21,,,54,82,158,0.436,0.436,,0.436,0.712,0.497,bustida01
Joe Caldwell,31,CAR,ABA,1972-73,77,,2739,555,1118,554,1112,1,6,172,405,189,206,395,352,166,,246,252,1283,0.496,0.498,0.167,0.497,0.425,0.495,caldwjo01
Corky Calhoun,22,PHO,NBA,1972-73,82,,2025,211,450,211,450,,,71,96,,,338,76,,,,214,493,0.469,0.469,,0.469,0.74,0.501,calhoco01
Mack Calvin,25,CAR,ABA,1972-73,84,,2228,478,944,467,916,11,28,500,582,97,118,215,301,,,247,219,1467,0.506,0.51,0.393,0.512,0.859,0.611,calvima01
Frank Card,28,DNR,ABA,1972-73,4,,36,6,15,6,15,0,0,9,13,4,3,7,0,,,3,4,21,0.4,0.4,,0.4,0.692,0.507,cardfr01
Austin Carr,24,CLE,NBA,1972-73,82,,3097,702,1575,702,1575,,,281,342,,,369,279,,,,185,1685,0.446,0.446,,0.446,0.822,0.488,carrau01
Darel Carrier,32,MMT,ABA,1972-73,16,,190,23,60,18,48,5,12,24,26,2,12,14,10,,,15,21,75,0.383,0.375,0.417,0.425,0.923,0.525,carrida01
Fred Carter,27,PHI,NBA,1972-73,81,,2993,679,1614,679,1614,,,259,368,,,485,349,,,,252,1617,0.421,0.421,,0.421,0.704,0.455,cartefr01
George Carter,29,NYA,ABA,1972-73,83,,2976,569,1249,569,1240,0,9,440,529,205,310,515,173,,,255,308,1578,0.456,0.459,0,0.456,0.832,0.532,cartege01
Sam Cash,22,MMT,ABA,1972-73,7,,52,4,18,4,18,0,0,12,17,11,8,19,0,5,3,16,11,20,0.222,0.222,,0.222,0.706,0.392,cashsa01
Bill Chamberlain,23,TOT,ABA,1972-73,50,,665,112,282,110,274,2,8,36,59,61,57,118,76,,,58,98,262,0.397,0.401,0.25,0.401,0.61,0.425,chambbi01
Wilt Chamberlain,36,LAL,NBA,1972-73,82,,3542,426,586,426,586,,,232,455,,,1526,365,,,,191,1084,0.727,0.727,,0.727,0.51,0.689,chambwi01
Jerry Chambers,29,SDA,ABA,1972-73,43,,885,199,468,197,458,2,10,112,130,83,107,190,46,,,55,102,512,0.425,0.43,0.2,0.427,0.862,0.487,chambje01
Don Chaney,26,BOS,NBA,1972-73,79,,2488,414,859,414,859,,,210,267,,,449,221,,,,276,1038,0.482,0.482,,0.482,0.787,0.532,chanedo01
Phil Chenier,22,BAL,NBA,1972-73,71,,2776,602,1332,602,1332,,,194,244,,,288,301,,,,160,1398,0.452,0.452,,0.452,0.795,0.486,cheniph01
Jim Chones,23,NYA,ABA,1972-73,82,,2153,395,769,395,768,0,1,142,240,143,443,586,95,,,213,291,932,0.514,0.514,0,0.514,0.592,0.533,choneji01
Bob Christian,26,ATL,NBA,1972-73,55,,759,85,155,85,155,,,60,79,,,305,47,,,,111,230,0.548,0.548,,0.548,0.759,0.606,chrisbo01
Archie Clark,31,BAL,NBA,1972-73,39,,1477,302,596,302,596,,,111,137,,,129,275,,,,111,715,0.507,0.507,,0.507,0.81,0.545,clarkar01
Jim Cleamons,23,CLE,NBA,1972-73,80,,1392,192,423,192,423,,,75,101,,,167,205,,,,108,459,0.454,0.454,,0.454,0.743,0.491,cleamji01
Barry Clemens,29,CLE,NBA,1972-73,72,,1119,209,405,209,405,,,53,68,,,211,115,,,,136,471,0.516,0.516,,0.516,0.779,0.541,clemeba01
Glen Combs,26,UTS,ABA,1972-73,50,,1488,228,535,177,401,51,134,154,189,21,63,84,138,,,90,142,661,0.426,0.441,0.381,0.474,0.815,0.535,combsgl01
Mel Counts,31,TOT,NBA,1972-73,66,,658,132,294,132,294,,,39,58,,,253,65,,,,106,303,0.449,0.449,,0.449,0.672,0.474,countme01
Dave Cowens,24,BOS,NBA,1972-73,82,,3425,740,1637,740,1637,,,204,262,,,1329,333,,,,311,1684,0.452,0.452,,0.452,0.779,0.481,cowenda01
Pete Cross,24,TOT,NBA,1972-73,29,,157,6,25,6,25,,,8,18,,,61,11,,,,29,20,0.24,0.24,,0.24,0.444,0.304,crosspe01
Billy Cunningham,29,CAR,ABA,1972-73,84,,3248,771,1583,757,1534,14,49,472,598,240,772,1012,530,216,,381,309,2028,0.487,0.493,0.286,0.491,0.789,0.549,cunnibi01
Dick Cunningham,26,MIL,NBA,1972-73,72,,692,64,156,64,156,,,29,50,,,208,34,,,,94,157,0.41,0.41,,0.41,0.58,0.441,cunnidi01
Louie Dampier,28,KEN,ABA,1972-73,80,,3039,515,1143,461,988,54,155,262,334,55,158,213,521,,,188,216,1346,0.451,0.467,0.348,0.474,0.784,0.522,dampilo01
Bob Dandridge,25,MIL,NBA,1972-73,73,,2852,638,1353,638,1353,,,198,251,,,600,207,,,,279,1474,0.472,0.472,,0.472,0.789,0.504,dandrbo01
Mel Daniels,28,INA,ABA,1972-73,81,,3103,587,1217,586,1213,1,4,322,446,348,899,1247,177,,157,275,315,1497,0.482,0.483,0.25,0.483,0.722,0.53,danieme01
Bob Davis,22,POR,NBA,1972-73,9,,41,6,28,6,28,,,4,6,,,5,2,,,,5,16,0.214,0.214,,0.214,0.667,0.261,davisbo01
Charlie Davis,23,TOT,NBA,1972-73,75,,1419,263,631,263,631,,,130,168,,,116,185,,,,194,656,0.417,0.417,,0.417,0.774,0.465,davisch01
Dwight Davis,23,CLE,NBA,1972-73,81,,2151,293,748,293,748,,,176,222,,,563,118,,,,297,762,0.392,0.392,,0.392,0.793,0.451,davisdw01
Jim Davis,31,DET,NBA,1972-73,73,,771,131,257,131,257,,,72,114,,,261,56,,,,126,334,0.51,0.51,,0.51,0.632,0.544,davisji01
Lee Davis,27,MMT,ABA,1972-73,78,,2111,453,871,453,868,0,3,131,209,223,385,608,82,,,96,266,1037,0.52,0.522,0,0.52,0.627,0.538,davisle01
Mickey Davis,22,MIL,NBA,1972-73,74,,1046,152,347,152,347,,,76,92,,,226,72,,,,119,380,0.438,0.438,,0.438,0.826,0.49,davismi02
Mike Davis,26,TOT,TOT,1972-73,51,,836,143,340,137,317,6,23,85,112,21,20,76,66,,,36,132,377,0.421,0.432,0.261,0.429,0.759,0.484,davismi01
Warren Davis,29,MMT,ABA,1972-73,73,,1895,250,498,250,498,0,0,172,227,153,362,515,146,,,129,212,672,0.502,0.502,,0.502,0.758,0.562,daviswa02
Dave DeBusschere,32,NYK,NBA,1972-73,77,,2827,532,1224,532,1224,,,194,260,,,787,259,,,,215,1258,0.435,0.435,,0.435,0.746,0.47,debusda01
Randy Denton,23,MMT,ABA,1972-73,66,,2205,472,979,469,971,3,8,177,237,276,544,820,98,,,124,197,1124,0.482,0.483,0.375,0.484,0.747,0.519,dentora01
Joe DePre,25,NYA,ABA,1972-73,1,,12,2,5,2,5,0,0,0,0,2,0,2,2,,,0,1,4,0.4,0.4,,0.4,,0.4,deprejo01
Coby Dietrick,24,DLC,ABA,1972-73,77,,1347,205,489,205,489,0,0,96,139,133,244,377,136,,88,93,224,506,0.419,0.419,,0.419,0.691,0.46,dietrco01
Terry Dischinger,32,POR,NBA,1972-73,63,,970,161,338,161,338,,,64,96,,,190,103,,,,125,386,0.476,0.476,,0.476,0.667,0.508,dischte01
Terry Driscoll,25,TOT,NBA,1972-73,60,,964,140,327,140,327,,,43,62,,,300,55,,,,144,323,0.428,0.428,,0.428,0.694,0.456,driscte01
Charles Dudley,22,SEA,NBA,1972-73,12,,99,10,23,10,23,,,14,16,,,6,16,,,,15,34,0.435,0.435,,0.435,0.875,0.566,dudlech01
Ken Durrett,24,KCO,NBA,1972-73,8,,65,8,21,8,21,,,6,8,,,14,3,,,,16,22,0.381,0.381,,0.381,0.75,0.449,durreke01
Jim Eakins,26,VIR,ABA,1972-73,83,,2559,430,823,430,822,0,1,384,479,234,499,733,262,,131,233,287,1244,0.522,0.523,0,0.522,0.802,0.602,eakinji01
Joe Ellis,28,GSW,NBA,1972-73,74,,1054,199,487,199,487,,,69,93,,,282,88,,,,143,467,0.409,0.409,,0.409,0.742,0.442,ellisjo01
Leroy Ellis,32,TOT,NBA,1972-73,79,,2600,421,969,421,969,,,129,161,,,777,139,,,,199,971,0.434,0.434,,0.434,0.801,0.467,ellisle01
Scott English,22,PHO,NBA,1972-73,29,,196,36,93,36,93,,,21,29,,,44,15,,,,38,93,0.387,0.387,,0.387,0.724,0.44,englisc01
Keith Erickson,28,LAL,NBA,1972-73,76,,1920,299,696,299,696,,,89,110,,,337,242,,,,190,687,0.43,0.43,,0.43,0.809,0.461,erickke01
Julius Erving,22,VIR,ABA,1972-73,71,,2993,894,1804,889,1780,5,24,475,612,262,605,867,298,181,127,326,197,2268,0.496,0.499,0.208,0.497,0.776,0.547,ervinju01
Hank Finkel,30,BOS,NBA,1972-73,76,,496,78,173,78,173,,,28,52,,,151,26,,,,83,184,0.451,0.451,,0.451,0.538,0.47,finkeha01
Bob Ford,23,MMT,ABA,1972-73,9,,74,5,17,5,17,0,0,4,5,2,10,12,4,,,4,8,14,0.294,0.294,,0.294,0.8,0.365,fordbo01
Chris Ford,24,DET,NBA,1972-73,74,,1537,208,434,208,434,,,60,93,,,266,194,,,,133,476,0.479,0.479,,0.479,0.645,0.501,fordch01
Fred Foster,26,DET,NBA,1972-73,63,,1460,243,627,243,627,,,61,87,,,183,94,,,,150,547,0.388,0.388,,0.388,0.701,0.411,fostefr01
Harold Fox,23,BUF,NBA,1972-73,10,,84,12,32,12,32,,,7,8,,,8,10,,,,7,31,0.375,0.375,,0.375,0.875,0.436,foxha01
Jim Fox,29,SEA,NBA,1972-73,74,,2439,316,613,316,613,,,214,265,,,827,176,,,,239,846,0.515,0.515,,0.515,0.808,0.58,foxji01
William Franklin,23,VIR,ABA,1972-73,73,,990,218,524,216,517,2,7,107,179,123,166,289,50,,,123,157,545,0.416,0.418,0.286,0.418,0.598,0.452,frankwi01
Ronald Franz,27,TOT,ABA,1972-73,60,,914,148,303,147,299,1,4,145,201,67,125,192,68,,,78,112,442,0.488,0.492,0.25,0.49,0.721,0.565,franzro01
Walt Frazier,27,NYK,NBA,1972-73,78,,3181,681,1389,681,1389,,,286,350,,,570,461,,,,186,1648,0.49,0.49,,0.49,0.817,0.534,fraziwa01
Donnie Freeman,28,INA,ABA,1972-73,77,,2170,412,933,410,927,2,6,277,343,103,116,219,195,,,160,225,1103,0.442,0.442,0.333,0.443,0.808,0.509,freemdo01
Mike Gale,22,KEN,ABA,1972-73,81,,1854,218,463,217,457,1,6,100,143,78,163,241,248,131,,108,207,537,0.471,0.475,0.167,0.472,0.699,0.511,galemi01
Dick Garrett,26,BUF,NBA,1972-73,78,,1805,341,813,341,813,,,96,110,,,209,217,,,,217,778,0.419,0.419,,0.419,0.873,0.452,garredi01
Rowland Garrett,22,CHI,NBA,1972-73,35,,211,52,118,52,118,,,21,31,,,61,8,,,,29,125,0.441,0.441,,0.441,0.677,0.475,garrero01
George Gervin,20,VIR,ABA,1972-73,30,,689,161,341,155,315,6,26,96,118,34,94,128,34,,,54,72,424,0.472,0.492,0.231,0.481,0.814,0.54,gervige01
John Gianelli,22,NYK,NBA,1972-73,52,,516,79,175,79,175,,,23,33,,,150,25,,,,72,181,0.451,0.451,,0.451,0.697,0.478,gianejo01
Dick Gibbs,24,TOT,NBA,1972-73,67,,735,80,222,80,222,,,47,63,,,94,62,,,,114,207,0.36,0.36,,0.36,0.746,0.414,gibbsdi01
Herm Gilliam,26,ATL,NBA,1972-73,76,,2741,471,1007,471,1007,,,123,150,,,399,482,,,,257,1065,0.468,0.468,,0.468,0.82,0.496,gillihe01
Artis Gilmore,23,KEN,ABA,1972-73,84,,3502,687,1228,686,1226,1,2,368,572,449,1027,1476,295,,259,286,302,1743,0.559,0.56,0.5,0.56,0.643,0.589,gilmoar01
Gail Goodrich,29,LAL,NBA,1972-73,76,,2697,750,1615,750,1615,,,314,374,,,263,332,,,,193,1814,0.464,0.464,,0.464,0.84,0.51,goodrga01
Gerald Govan,31,UTS,ABA,1972-73,84,,2408,229,530,229,530,0,0,81,135,175,620,795,250,,,168,279,539,0.432,0.432,,0.432,0.6,0.457,govange01
Travis Grant,23,LAL,NBA,1972-73,33,,153,51,116,51,116,,,23,26,,,52,7,,,,19,125,0.44,0.44,,0.44,0.885,0.49,granttr01
Johnny Green,39,KCO,NBA,1972-73,66,,1245,190,317,190,317,,,89,131,,,361,59,,,,185,469,0.599,0.599,,0.599,0.679,0.626,greenjo01
Lamar Green,25,PHO,NBA,1972-73,80,,2048,224,520,224,520,,,89,118,,,746,89,,,,263,537,0.431,0.431,,0.431,0.754,0.469,greenla01
Luther Green,26,PHI,NBA,1972-73,5,,32,0,11,0,11,,,3,9,,,3,0,,,,3,3,0,0,,0,0.333,0.1,greenlu01
Hal Greer,36,PHI,NBA,1972-73,38,,848,91,232,91,232,,,32,39,,,106,111,,,,76,214,0.392,0.392,,0.392,0.821,0.429,greerha01
Gary Gregor,27,TOT,TOT,1972-73,49,,683,110,237,109,236,1,1,37,46,40,110,182,40,,,41,93,258,0.464,0.462,1,0.466,0.804,0.501,gregoga01
Matt Guokas,28,KCO,NBA,1972-73,79,,2846,322,565,322,565,,,74,90,,,245,403,,,,190,718,0.57,0.57,,0.57,0.822,0.594,guokama02
Happy Hairston,30,LAL,NBA,1972-73,28,,939,158,328,158,328,,,140,178,,,370,68,,,,77,456,0.482,0.482,,0.482,0.787,0.561,hairsha01
Shaler Halimon,27,DLC,ABA,1972-73,29,,355,59,149,58,142,1,7,23,37,16,38,54,49,,,43,53,142,0.396,0.408,0.143,0.399,0.622,0.43,halimsh01
Jeff Halliburton,23,TOT,NBA,1972-73,55,,787,172,396,172,396,,,71,88,,,108,96,,,,107,415,0.434,0.434,,0.434,0.807,0.477,hallije01
Joe Hamilton,24,DLC,ABA,1972-73,83,,2359,370,902,304,711,66,191,209,262,46,169,215,325,,,143,247,1015,0.41,0.428,0.346,0.447,0.798,0.499,hamiljo01
Ira Harge,31,TOT,ABA,1972-73,17,,177,14,40,14,40,0,0,6,10,15,44,59,9,,,17,43,34,0.35,0.35,,0.35,0.6,0.383,hargeir01
Clem Haskins,29,PHO,NBA,1972-73,77,,1581,339,731,339,731,,,130,156,,,173,203,,,,143,808,0.464,0.464,,0.464,0.833,0.505,haskicl01
John Havlicek,32,BOS,NBA,1972-73,80,,3367,766,1704,766,1704,,,370,431,,,567,529,,,,195,1902,0.45,0.45,,0.45,0.858,0.502,havlijo01
Connie Hawkins,30,PHO,NBA,1972-73,75,,2768,441,920,441,920,,,322,404,,,641,304,,,,229,1204,0.479,0.479,,0.479,0.797,0.548,hawkico01
Elvin Hayes,27,BAL,NBA,1972-73,81,,3347,713,1607,713,1607,,,291,434,,,1177,127,,,,232,1717,0.444,0.444,,0.444,0.671,0.477,hayesel01
Spencer Haywood,23,SEA,NBA,1972-73,77,,3259,889,1868,889,1868,,,473,564,,,995,196,,,,213,2251,0.476,0.476,,0.476,0.839,0.532,haywosp01
Walt Hazzard,30,TOT,NBA,1972-73,55,,763,107,256,107,256,,,47,57,,,88,129,,,,110,261,0.418,0.418,,0.418,0.825,0.464,abdulma01
Gar Heard,24,TOT,NBA,1972-73,81,,1552,350,824,350,824,,,116,178,,,453,60,,,,171,816,0.425,0.425,,0.425,0.652,0.452,heardga01
Bill Hewitt,28,BUF,NBA,1972-73,73,,1332,152,364,152,364,,,41,74,,,368,110,,,,154,345,0.418,0.418,,0.418,0.554,0.435,hewitbi01
Simmie Hill,26,SDA,ABA,1972-73,69,,1658,315,743,288,674,27,69,103,135,126,225,351,131,,,150,221,760,0.424,0.427,0.391,0.442,0.763,0.474,hillsi01
Darnell Hillman,23,INA,ABA,1972-73,84,,2541,328,735,328,726,0,9,148,252,218,517,735,128,,116,154,291,804,0.446,0.452,0,0.446,0.587,0.475,hillmda01
Fred Hilton,25,BUF,NBA,1972-73,59,,731,191,494,191,494,,,41,53,,,98,74,,,,100,423,0.387,0.387,,0.387,0.774,0.409,hiltofr01
Lou Hudson,28,ATL,NBA,1972-73,75,,3027,816,1710,816,1710,,,397,481,,,467,258,,,,197,2029,0.477,0.477,,0.477,0.825,0.528,hudsolo01
John Hummer,24,BUF,NBA,1972-73,66,,1546,206,464,206,464,,,115,205,,,323,138,,,,185,527,0.444,0.444,,0.444,0.561,0.475,hummejo01
Les Hunter,30,MMT,ABA,1972-73,63,,1333,236,474,227,441,9,33,95,135,94,208,302,95,,,95,183,576,0.498,0.515,0.273,0.507,0.704,0.54,huntele01
George Irvine,24,VIR,ABA,1972-73,79,,2075,424,805,417,772,7,33,169,203,108,188,296,149,,,138,267,1024,0.527,0.54,0.212,0.531,0.833,0.573,irvinge01
Dan Issel,24,KEN,ABA,1972-73,84,,3531,902,1757,899,1742,3,15,485,635,329,593,922,220,,,216,255,2292,0.513,0.516,0.2,0.514,0.764,0.563,isselda01
Warren Jabali,26,DNR,ABA,1972-73,82,,2738,441,974,405,834,36,140,480,596,129,295,424,539,175,,302,280,1398,0.453,0.486,0.257,0.471,0.805,0.565,jabalwa01
Mervin Jackson,26,MMT,ABA,1972-73,22,,420,34,103,30,92,4,11,28,35,9,29,38,82,,,35,61,100,0.33,0.326,0.364,0.35,0.8,0.422,jacksme01
Mike Jackson,23,UTS,ABA,1972-73,30,,191,36,83,36,83,0,0,28,46,24,38,62,2,,,27,46,100,0.434,0.434,,0.434,0.609,0.484,jacksmi01
Phil Jackson,27,NYK,NBA,1972-73,80,,1393,245,553,245,553,,,154,195,,,344,94,,,,218,644,0.443,0.443,,0.443,0.79,0.504,jacksph01
Charles Johnson,23,GSW,NBA,1972-73,70,,887,171,400,171,400,,,33,46,,,132,118,,,,105,375,0.428,0.428,,0.428,0.717,0.446,johnsch01
George Johnson,25,HOU,NBA,1972-73,19,,169,20,39,20,39,,,3,4,,,45,3,,,,33,43,0.513,0.513,,0.513,0.75,0.527,johnsge01
George Johnson,24,GSW,NBA,1972-73,56,,349,41,100,41,100,,,7,17,,,138,8,,,,40,89,0.41,0.41,,0.41,0.412,0.414,johnsge02
Gus Johnson,34,TOT,TOT,1972-73,71,,1170,201,480,197,459,4,21,56,78,85,160,381,93,,,70,168,462,0.419,0.429,0.19,0.423,0.718,0.449,johnsgu01
John Johnson,25,CLE,NBA,1972-73,82,,2815,492,1143,492,1143,,,199,271,,,552,309,,,,246,1183,0.43,0.43,,0.43,0.734,0.469,johnsjo01
Neil Johnson,29,VIR,ABA,1972-73,69,,1442,210,429,210,428,0,1,103,156,156,208,364,158,,,131,232,523,0.49,0.491,0,0.49,0.66,0.525,johnsne02
Ollie Johnson,23,POR,NBA,1972-73,78,,2138,308,620,308,620,,,156,206,,,417,200,,,,166,772,0.497,0.497,,0.497,0.757,0.543,johnsol01
Stew Johnson,28,SDA,ABA,1972-73,80,,2952,769,1748,732,1615,37,133,195,238,178,419,597,174,,,161,258,1770,0.44,0.453,0.278,0.451,0.819,0.478,johnsst01
Collis Jones,23,DLC,ABA,1972-73,81,,2204,357,768,357,762,0,6,227,318,262,260,522,143,,,145,230,941,0.465,0.469,0,0.465,0.714,0.518,jonesco01
Jimmy Jones,28,UTS,ABA,1972-73,80,,2848,496,948,496,947,0,1,345,432,72,263,335,448,,,267,271,1337,0.523,0.524,0,0.523,0.799,0.587,jonesji01
Larry Jones,30,TOT,ABA,1972-73,80,,1701,240,521,224,464,16,57,202,244,88,151,239,206,,,104,184,698,0.461,0.483,0.281,0.476,0.828,0.555,jonesla01
Nick Jones,27,DLC,ABA,1972-73,3,,16,3,8,3,8,0,0,2,3,1,0,1,1,,,2,4,8,0.375,0.375,,0.375,0.667,0.429,jonesni01
Rich Jones,26,DLC,ABA,1972-73,67,,2691,564,1364,521,1237,43,127,324,414,174,493,667,274,,,225,240,1495,0.413,0.421,0.339,0.429,0.783,0.483,jonesri01
Steve Jones,30,TOT,ABA,1972-73,80,,2129,430,883,417,852,13,31,200,247,56,168,224,119,,,150,220,1073,0.487,0.489,0.419,0.494,0.81,0.541,jonesst01
Wali Jones,30,MIL,NBA,1972-73,27,,419,59,145,59,145,,,16,18,,,29,56,,,,39,134,0.407,0.407,,0.407,0.889,0.438,joneswa02
Wil Jones,25,MMT,ABA,1972-73,76,,2316,344,722,343,715,1,7,146,198,245,359,604,117,,,130,281,835,0.476,0.48,0.143,0.477,0.737,0.516,joneswi02
Bob Kauffman,26,BUF,NBA,1972-73,77,,3049,535,1059,535,1059,,,280,359,,,855,396,,,,211,1350,0.505,0.505,,0.505,0.78,0.555,kauffbo01
Bill Keller,25,INA,ABA,1972-73,83,,2251,421,973,350,751,71,222,234,269,82,122,204,361,,,171,162,1147,0.433,0.466,0.32,0.469,0.87,0.525,kellebi01
Goo Kennedy,23,DLC,ABA,1972-73,70,,1809,365,664,365,664,0,0,148,232,167,323,490,75,,,113,275,878,0.55,0.55,,0.55,0.638,0.573,kennego01
Julius Keye,26,DNR,ABA,1972-73,83,,3016,163,375,160,367,3,8,130,233,275,617,892,180,,226,134,269,459,0.435,0.436,0.375,0.439,0.558,0.481,keyeju01
Toby Kimball,30,KCO,NBA,1972-73,67,,643,96,220,96,220,,,44,67,,,191,27,,,,86,236,0.436,0.436,,0.436,0.657,0.473,kimbato01
Jim King,31,CHI,NBA,1972-73,65,,785,116,263,116,263,,,44,52,,,76,81,,,,76,276,0.441,0.441,,0.441,0.846,0.483,kingji01
Loyd King,23,MMT,ABA,1972-73,10,,102,6,29,6,26,0,3,7,8,2,10,12,14,,,4,20,19,0.207,0.231,0,0.207,0.875,0.292,kinglo01
Don Kojis,34,KCO,NBA,1972-73,77,,1240,276,575,276,575,,,106,137,,,198,80,,,,128,658,0.48,0.48,,0.48,0.774,0.518,kojisdo01
Howard Komives,31,BUF,NBA,1972-73,67,,1468,163,429,163,429,,,85,98,,,118,239,,,,155,411,0.38,0.38,,0.38,0.867,0.435,komivho01
Steve Kuberski,25,BOS,NBA,1972-73,78,,762,140,347,140,347,,,65,84,,,197,26,,,,92,345,0.403,0.403,,0.403,0.774,0.449,kuberst01
Sam Lacey,24,KCO,NBA,1972-73,79,,2930,471,994,471,994,,,126,178,,,933,189,,,,283,1068,0.474,0.474,,0.474,0.708,0.498,laceysa01
Bob Lackey,23,NYA,ABA,1972-73,68,,1185,153,355,151,350,2,5,99,167,60,100,160,136,,,120,170,407,0.431,0.431,0.4,0.434,0.593,0.475,lackebo01
Wendell Ladner,24,TOT,ABA,1972-73,52,,932,146,446,134,393,12,53,55,73,94,183,277,107,,,78,186,359,0.327,0.341,0.226,0.341,0.753,0.375,ladnewe01
Bob Lanier,24,DET,NBA,1972-73,81,,3150,810,1654,810,1654,,,307,397,,,1205,260,,,,278,1927,0.49,0.49,,0.49,0.773,0.527,laniebo01
Stu Lantz,26,DET,NBA,1972-73,51,,1603,185,455,185,455,,,120,150,,,172,138,,,,117,490,0.407,0.407,,0.407,0.8,0.47,lantzst01
Dave Lattin,29,MMT,ABA,1972-73,16,,296,48,104,48,103,0,1,34,45,21,42,63,7,,,32,45,130,0.462,0.466,0,0.462,0.756,0.525,lattida01
Mo Layton,24,PHO,NBA,1972-73,65,,990,187,434,187,434,,,90,119,,,77,139,,,,127,464,0.431,0.431,,0.431,0.756,0.477,laytomo01
Manny Leaks,27,PHI,NBA,1972-73,82,,2530,377,933,377,933,,,144,200,,,677,95,,,,191,898,0.404,0.404,,0.404,0.72,0.44,leaksma01
Clyde Lee,28,GSW,NBA,1972-73,66,,1476,170,365,170,365,,,74,131,,,598,34,,,,183,414,0.466,0.466,,0.466,0.565,0.49,leecl01
Russ Lee,23,MIL,NBA,1972-73,46,,277,49,127,49,127,,,32,43,,,43,38,,,,36,130,0.386,0.386,,0.386,0.744,0.445,leeru01
George Lehmann,30,MMT,ABA,1972-73,28,,753,95,240,69,173,26,67,61,74,7,27,34,150,,,65,74,277,0.396,0.399,0.388,0.45,0.824,0.508,lehmage01
Freddie Lewis,29,INA,ABA,1972-73,72,,2217,375,860,337,750,38,110,287,349,97,131,228,288,,,173,204,1075,0.436,0.449,0.345,0.458,0.822,0.53,lewisfr02
Mike Lewis,26,CAR,ABA,1972-73,15,,430,59,119,59,119,0,0,33,41,44,78,122,41,,,27,48,151,0.496,0.496,,0.496,0.805,0.551,lewismi01
Goose Ligon,28,VIR,ABA,1972-73,12,,360,58,103,58,103,0,0,28,43,36,58,94,20,,,21,40,144,0.563,0.563,,0.563,0.651,0.591,ligongo01
Gene Littles,29,CAR,ABA,1972-73,84,,2060,310,622,302,592,8,30,179,246,104,158,262,245,120,,125,198,807,0.498,0.51,0.267,0.505,0.728,0.553,littlge01
Willie Long,22,DNR,ABA,1972-73,56,,1050,183,458,183,456,0,2,138,177,99,191,290,43,,,95,147,504,0.4,0.401,0,0.4,0.78,0.47,longwi01
Kevin Loughery,32,PHI,NBA,1972-73,32,,955,169,427,169,427,,,107,130,,,113,148,,,,104,445,0.396,0.396,,0.396,0.823,0.46,loughke01
Bob Love,30,CHI,NBA,1972-73,82,,3033,774,1794,774,1794,,,347,421,,,532,119,,,,240,1895,0.431,0.431,,0.431,0.824,0.479,lovebo01
Stan Love,23,BAL,NBA,1972-73,72,,995,190,436,190,436,,,79,100,,,300,46,,,,175,459,0.436,0.436,,0.436,0.79,0.478,lovest01
Jerry Lucas,32,NYK,NBA,1972-73,71,,2001,312,608,312,608,,,80,100,,,510,317,,,,157,704,0.513,0.513,,0.513,0.8,0.54,lucasje01
Brian Mahoney,24,NYA,ABA,1972-73,19,,181,17,57,17,55,0,2,24,40,4,10,14,12,,,17,35,58,0.298,0.309,0,0.298,0.6,0.389,mahonbr01
Mike Maloy,23,DLC,ABA,1972-73,9,,63,7,27,7,27,0,0,6,10,6,9,15,3,,,4,14,20,0.259,0.259,,0.259,0.6,0.318,maloymi01
Ed Manning,29,CAR,ABA,1972-73,83,,1631,263,554,263,553,0,1,64,84,110,283,393,64,,,84,247,590,0.475,0.476,0,0.475,0.762,0.499,mannied01
Pete Maravich,25,ATL,NBA,1972-73,79,,3089,789,1788,789,1788,,,485,606,,,346,546,,,,245,2063,0.441,0.441,,0.441,0.8,0.502,maravpe01
Jack Marin,28,HOU,NBA,1972-73,81,,3019,624,1334,624,1334,,,248,292,,,499,291,,,,247,1496,0.468,0.468,,0.468,0.849,0.511,marinja01
Harvey Marlatt,24,DET,NBA,1972-73,7,,26,2,4,2,4,,,0,0,,,1,4,,,,1,4,0.5,0.5,,0.5,,0.5,marlaha01
LaRue Martin,22,POR,NBA,1972-73,77,,996,145,366,145,366,,,50,77,,,358,42,,,,162,340,0.396,0.396,,0.396,0.649,0.425,martila01
Eddie Mast,24,ATL,NBA,1972-73,42,,447,50,118,50,118,,,19,30,,,136,37,,,,50,119,0.424,0.424,,0.424,0.633,0.454,masted01
Don May,27,TOT,NBA,1972-73,58,,919,189,424,189,424,,,75,93,,,210,64,,,,135,453,0.446,0.446,,0.446,0.806,0.487,maydo01
Bob McAdoo,21,BUF,NBA,1972-73,80,,2562,585,1293,585,1293,,,271,350,,,728,139,,,,256,1441,0.452,0.452,,0.452,0.774,0.498,mcadobo01
Ted McClain,26,CAR,ABA,1972-73,84,,1816,325,652,317,628,8,24,145,204,108,155,263,225,120,,185,256,803,0.498,0.505,0.333,0.505,0.711,0.541,mcclate01
Paul McCracken,22,HOU,NBA,1972-73,24,,305,44,89,44,89,,,23,39,,,51,17,,,,32,111,0.494,0.494,,0.494,0.59,0.523,mccrapa01
Jim McDaniels,24,SEA,NBA,1972-73,68,,1095,154,386,154,386,,,70,100,,,345,78,,,,140,378,0.399,0.399,,0.399,0.7,0.44,mcdanji01
Roderick McDonald,27,UTS,ABA,1972-73,25,,142,27,63,26,59,1,4,15,19,13,17,30,15,,,14,19,70,0.429,0.441,0.25,0.437,0.789,0.49,mcdonro01
George McGinnis,22,INA,ABA,1972-73,82,,3347,868,1755,860,1723,8,32,517,778,434,588,1022,205,160,,401,348,2261,0.495,0.499,0.25,0.497,0.665,0.539,mcginge01
Jon McGlocklin,29,MIL,NBA,1972-73,80,,1951,351,699,351,699,,,63,73,,,158,236,,,,119,765,0.502,0.502,,0.502,0.863,0.523,mcglojo01
Kenny McIntosh,24,TOT,NBA,1972-73,59,,1138,115,341,115,341,,,40,67,,,231,54,,,,102,270,0.337,0.337,,0.337,0.597,0.364,mcintke01
Stan McKenzie,28,TOT,NBA,1972-73,33,,294,48,119,48,119,,,30,37,,,55,23,,,,43,126,0.403,0.403,,0.403,0.811,0.466,mckenst01
Jim McMillian,24,LAL,NBA,1972-73,81,,2953,655,1431,655,1431,,,223,264,,,447,221,,,,176,1533,0.458,0.458,,0.458,0.845,0.495,mcmilji01
Eric McWilliams,22,HOU,NBA,1972-73,44,,245,34,98,34,98,,,18,37,,,60,5,,,,46,86,0.347,0.347,,0.347,0.486,0.376,mcwiler01
Cliff Meely,25,HOU,NBA,1972-73,82,,1694,268,657,268,657,,,92,137,,,496,91,,,,263,628,0.408,0.408,,0.408,0.672,0.438,meelycl01
Bill Melchionni,28,NYA,ABA,1972-73,61,,1849,291,646,285,631,6,15,163,194,19,108,127,453,,,184,155,751,0.45,0.452,0.4,0.455,0.84,0.513,melchbi01
Dean Meminger,24,NYK,NBA,1972-73,80,,1453,188,365,188,365,,,81,129,,,229,133,,,,109,457,0.515,0.515,,0.515,0.628,0.542,meminde01
John Mengelt,23,TOT,NBA,1972-73,79,,1647,320,651,320,651,,,127,160,,,181,153,,,,148,767,0.492,0.492,,0.492,0.794,0.532,mengejo01
Larry Miller,26,SDA,ABA,1972-73,83,,2700,450,1080,450,1073,0,7,306,422,171,184,355,281,,,168,174,1206,0.417,0.419,0,0.417,0.725,0.476,millela01
Mark Minor,22,BOS,NBA,1972-73,4,,20,1,4,1,4,,,3,4,,,4,2,,,,5,5,0.25,0.25,,0.25,0.75,0.434,minorma01
Earl Monroe,28,NYK,NBA,1972-73,75,,2370,496,1016,496,1016,,,171,208,,,245,288,,,,195,1163,0.488,0.488,,0.488,0.822,0.525,monroea01
Gene Moore,27,SDA,ABA,1972-73,83,,2481,400,804,396,793,4,11,180,260,324,550,874,152,,149,227,369,984,0.498,0.499,0.364,0.5,0.692,0.536,moorege01
Otto Moore,26,HOU,NBA,1972-73,82,,2712,418,859,418,859,,,127,211,,,868,167,,,,239,963,0.487,0.487,,0.487,0.602,0.506,mooreot01
Rick Mount,26,KEN,ABA,1972-73,61,,1780,369,804,360,774,9,30,159,198,50,88,138,194,,,119,172,906,0.459,0.465,0.3,0.465,0.803,0.508,mountri01
Erwin Mueller,28,TOT,TOT,1972-73,38,,285,26,84,26,84,0,0,8,17,17,30,61,33,,,22,37,60,0.31,0.31,,0.31,0.471,0.328,mueller01
Jeff Mullins,30,GSW,NBA,1972-73,81,,3005,651,1321,651,1321,,,143,172,,,363,337,,,,201,1445,0.493,0.493,,0.493,0.831,0.517,mullije01
Calvin Murphy,24,HOU,NBA,1972-73,77,,1697,381,820,381,820,,,239,269,,,149,262,,,,211,1001,0.465,0.465,,0.465,0.888,0.533,murphca01
Bob Nash,22,DET,NBA,1972-73,36,,169,16,72,16,72,,,11,17,,,34,16,,,,30,43,0.222,0.222,,0.222,0.647,0.271,nashbo01
Lloyd Neal,22,POR,NBA,1972-73,82,,2723,455,921,455,921,,,187,293,,,967,146,,,,305,1097,0.494,0.494,,0.494,0.638,0.522,nealll01
Don Nelson,32,BOS,NBA,1972-73,72,,1425,309,649,309,649,,,159,188,,,315,102,,,,155,777,0.476,0.476,,0.476,0.846,0.531,nelsodo01
Bob Netolicky,30,DLC,ABA,1972-73,84,,3409,650,1347,650,1343,0,4,269,404,338,513,851,239,,,214,166,1569,0.483,0.484,0,0.483,0.666,0.515,netolbo01
Johnny Neumann,21,MMT,ABA,1972-73,79,,2787,605,1283,596,1232,9,51,329,423,146,164,310,470,,,345,304,1548,0.472,0.484,0.176,0.475,0.778,0.527,neumajo01
Mike Newlin,24,HOU,NBA,1972-73,82,,2658,534,1206,534,1206,,,327,369,,,340,409,,,,301,1395,0.443,0.443,,0.443,0.886,0.51,newlimi01
Bill Newton,22,INA,ABA,1972-73,24,,117,24,56,23,54,1,2,9,18,21,26,47,9,,,10,40,58,0.429,0.426,0.5,0.438,0.5,0.454,newtobi01
Willie Norwood,25,DET,NBA,1972-73,79,,1282,249,504,249,504,,,154,225,,,324,56,,,,182,652,0.494,0.494,,0.494,0.684,0.541,norwowi01
Jimmy O'Brien,22,KEN,ABA,1972-73,68,,1014,126,317,126,308,0,9,68,89,27,65,92,174,,,77,103,320,0.397,0.409,0,0.397,0.764,0.449,obrieji01
Tom Owens,23,CAR,ABA,1972-73,83,,2209,393,727,393,725,0,2,193,284,229,417,646,94,,,173,318,979,0.541,0.542,0,0.541,0.68,0.575,owensto01
Steve Patterson,24,CLE,NBA,1972-73,62,,710,71,198,71,198,,,34,65,,,228,51,,,,79,176,0.359,0.359,,0.359,0.523,0.388,pattest01
Tom Patterson,24,BAL,NBA,1972-73,23,,92,21,49,21,49,,,13,16,,,22,3,,,,18,55,0.429,0.429,,0.429,0.813,0.491,patteto01
Billy Paultz,24,NYA,ABA,1972-73,81,,2800,532,1027,532,1025,0,2,287,405,279,736,1015,189,,214,213,259,1351,0.518,0.519,0,0.518,0.709,0.56,paultbi01
George Peeples,29,INA,ABA,1972-73,9,,56,4,14,4,14,0,0,6,11,3,12,15,4,,,6,14,14,0.286,0.286,,0.286,0.545,0.372,peeplge01
Curtis Perry,24,MIL,NBA,1972-73,67,,2094,265,575,265,575,,,83,126,,,644,123,,,,246,613,0.461,0.461,,0.461,0.659,0.486,perrycu01
Geoff Petrie,24,POR,NBA,1972-73,79,,3134,836,1801,836,1801,,,298,383,,,273,350,,,,163,1970,0.464,0.464,,0.464,0.778,0.5,petrige01
Gene Phillips,24,DLC,ABA,1972-73,3,,10,0,5,0,2,0,3,0,0,0,0,0,1,,,0,3,0,0,0,0,0,,0,phillge01
Howard Porter,24,CHI,NBA,1972-73,43,,407,98,217,98,217,,,22,29,,,118,16,,,,52,218,0.452,0.452,,0.452,0.759,0.474,porteho01
Kevin Porter,22,BAL,NBA,1972-73,71,,1217,205,451,205,451,,,62,101,,,72,237,,,,206,472,0.455,0.455,,0.455,0.614,0.476,porteke01
Bob Portman,25,GSW,NBA,1972-73,32,,176,32,70,32,70,,,20,26,,,51,7,,,,16,84,0.457,0.457,,0.457,0.769,0.516,portmbo01
Cincinnatus Powell,30,UTS,ABA,1972-73,83,,1985,423,853,420,840,3,13,167,240,135,285,420,137,,,137,249,1016,0.496,0.5,0.231,0.498,0.696,0.53,powelci01
Stephen Previs,22,CAR,ABA,1972-73,30,,147,23,60,22,52,1,8,8,15,6,8,14,24,,,13,26,55,0.383,0.423,0.125,0.392,0.533,0.413,previst01
Jim Price,23,LAL,NBA,1972-73,59,,828,158,359,158,359,,,60,73,,,115,97,,,,119,376,0.44,0.44,,0.44,0.822,0.481,priceji01
Mike Price,24,PHI,NBA,1972-73,57,,751,125,301,125,301,,,38,47,,,117,71,,,,106,288,0.415,0.415,,0.415,0.809,0.448,pricemi01
Luther Rackley,26,TOT,TOT,1972-73,58,,895,170,344,170,343,0,1,78,120,90,197,288,36,,,50,132,418,0.494,0.496,0,0.494,0.65,0.527,rackllu01
Mike Ratliff,21,KCO,NBA,1972-73,58,,681,98,235,98,235,,,45,84,,,194,38,,,,111,241,0.417,0.417,,0.417,0.536,0.443,ratlimi01
Clifford Ray,24,CHI,NBA,1972-73,73,,2009,254,516,254,516,,,117,189,,,797,271,,,,232,625,0.492,0.492,,0.492,0.619,0.522,raycl01
Craig Raymond,27,TOT,ABA,1972-73,14,,168,12,39,12,39,0,0,10,14,23,50,73,7,,,15,24,34,0.308,0.308,,0.308,0.714,0.376,raymocr01
Willis Reed,30,NYK,NBA,1972-73,69,,1876,334,705,334,705,,,92,124,,,590,126,,,,205,760,0.474,0.474,,0.474,0.742,0.5,reedwi01
Tom Riker,22,NYK,NBA,1972-73,14,,65,10,24,10,24,,,15,24,,,16,2,,,,15,35,0.417,0.417,,0.417,0.625,0.506,rikerto01
Pat Riley,27,LAL,NBA,1972-73,55,,801,167,390,167,390,,,65,82,,,65,81,,,,126,399,0.428,0.428,,0.428,0.793,0.468,rileypa01
Ron Riley,22,KCO,NBA,1972-73,74,,1634,273,634,273,634,,,79,116,,,507,76,,,,226,625,0.431,0.431,,0.431,0.681,0.456,rileyro01
Rich Rinaldi,23,BAL,NBA,1972-73,33,,646,116,284,116,284,,,48,64,,,68,48,,,,40,280,0.408,0.408,,0.408,0.75,0.448,rinalri01
Mike Riordan,27,BAL,NBA,1972-73,82,,3466,652,1278,652,1278,,,179,218,,,404,426,,,,216,1483,0.51,0.51,,0.51,0.821,0.54,riordmi01
Red Robbins,28,SDA,ABA,1972-73,58,,1618,218,525,209,495,9,30,131,155,159,258,417,99,,,85,134,576,0.415,0.422,0.3,0.424,0.845,0.486,robbire01
Rick Roberson,25,CLE,NBA,1972-73,62,,2127,307,709,307,709,,,167,290,,,693,134,,,,249,781,0.433,0.433,,0.433,0.576,0.467,roberri01
Marv Roberts,23,DNR,ABA,1972-73,77,,1959,374,807,373,804,1,3,201,255,180,218,398,95,,,110,194,950,0.463,0.464,0.333,0.464,0.788,0.517,roberma01
Oscar Robertson,34,MIL,NBA,1972-73,73,,2737,446,983,446,983,,,238,281,,,360,551,,,,167,1130,0.454,0.454,,0.454,0.847,0.511,roberos01
Flynn Robinson,31,TOT,NBA,1972-73,44,,630,133,288,133,288,,,32,39,,,62,85,,,,71,298,0.462,0.462,,0.462,0.821,0.488,robinfl01
Dave Robisch,23,DNR,ABA,1972-73,83,,2647,521,1010,521,1009,0,1,309,409,248,496,744,170,,,134,271,1351,0.516,0.516,0,0.516,0.756,0.568,robisda01
John Roche,23,NYA,ABA,1972-73,77,,2615,404,909,370,806,34,103,265,347,33,113,146,348,,,207,170,1107,0.444,0.459,0.33,0.463,0.764,0.521,rochejo01
Curtis Rowe,23,DET,NBA,1972-73,81,,3009,547,1053,547,1053,,,210,327,,,760,172,,,,191,1304,0.519,0.519,,0.519,0.642,0.545,rowecu01
Bob Rule,28,TOT,NBA,1972-73,52,,452,60,158,60,158,,,20,31,,,108,38,,,,68,140,0.38,0.38,,0.38,0.645,0.408,rulebo01
Cazzie Russell,28,GSW,NBA,1972-73,80,,2429,541,1182,541,1182,,,172,199,,,350,187,,,,171,1254,0.458,0.458,,0.458,0.864,0.494,russeca01
Frank Russell,23,CHI,NBA,1972-73,23,,131,29,77,29,77,,,16,18,,,17,15,,,,12,74,0.377,0.377,,0.377,0.889,0.436,russefr01
Pierre Russell,23,KEN,ABA,1972-73,59,,618,119,266,117,249,2,17,49,78,54,75,129,61,,,33,80,289,0.447,0.47,0.118,0.451,0.628,0.481,russepi01
Al Sanders,23,VIR,ABA,1972-73,4,,25,2,2,2,2,0,0,4,6,0,5,5,0,,,3,4,8,1,1,,1,0.667,0.862,sandeal01
Tom Sanders,34,BOS,NBA,1972-73,59,,423,47,149,47,149,,,23,35,,,88,27,,,,82,117,0.315,0.315,,0.315,0.657,0.356,sandeto01
Frank Schade,23,KCO,NBA,1972-73,9,,76,2,7,2,7,,,6,6,,,6,10,,,,12,10,0.286,0.286,,0.286,1,0.519,schadfr01
Dale Schlueter,27,PHI,NBA,1972-73,78,,1136,166,317,166,317,,,86,123,,,354,103,,,,166,418,0.524,0.524,,0.524,0.699,0.563,schluda01
Charlie Scott,24,PHO,NBA,1972-73,81,,3062,806,1809,806,1809,,,436,556,,,342,495,,,,306,2048,0.446,0.446,,0.446,0.784,0.499,scottch01
Billy Shepherd,23,VIR,ABA,1972-73,16,,68,7,35,3,19,4,16,9,10,2,3,5,8,,,8,12,27,0.2,0.158,0.25,0.257,0.9,0.343,shephbi01
Sam Sibert,23,KCO,NBA,1972-73,5,,26,4,13,4,13,,,4,5,,,4,0,,,,4,12,0.308,0.308,,0.308,0.8,0.395,sibersa01
James Silas,23,DLC,ABA,1972-73,78,,2417,341,679,341,679,0,0,389,467,109,227,336,244,,,192,262,1071,0.502,0.502,,0.502,0.833,0.605,silasja01
Paul Silas,29,BOS,NBA,1972-73,80,,2618,400,851,400,851,,,266,380,,,1039,251,,,,197,1066,0.47,0.47,,0.47,0.7,0.523,silaspa01
Walter Simon,33,KEN,ABA,1972-73,83,,2403,432,897,429,880,3,17,143,191,122,273,395,336,,,156,271,1010,0.482,0.488,0.176,0.483,0.749,0.515,simonwa01
Ralph Simpson,23,DNR,ABA,1972-73,81,,2589,732,1670,727,1646,5,24,421,556,140,231,371,222,127,,283,241,1890,0.438,0.442,0.208,0.44,0.757,0.494,simpsra01
Jerry Sloan,30,CHI,NBA,1972-73,69,,2412,301,733,301,733,,,94,133,,,475,151,,,,235,696,0.411,0.411,,0.411,0.707,0.44,sloanje01
Al Smith,26,DNR,ABA,1972-73,83,,2343,315,767,298,677,17,90,272,352,68,146,214,477,,,261,295,919,0.411,0.44,0.189,0.422,0.773,0.498,smithal01
Bingo Smith,26,CLE,NBA,1972-73,73,,1068,268,603,268,603,,,64,81,,,199,108,,,,80,600,0.444,0.444,,0.444,0.79,0.47,smithbi02
Elmore Smith,23,BUF,NBA,1972-73,76,,2829,600,1244,600,1244,,,188,337,,,946,192,,,,295,1388,0.482,0.482,,0.482,0.558,0.498,smithel01
Garfield Smith,27,SDA,ABA,1972-73,71,,1055,116,244,116,244,0,0,28,93,140,166,306,39,,,33,197,260,0.475,0.475,,0.475,0.301,0.456,smithga01
Greg Smith,26,TOT,NBA,1972-73,76,,1610,234,485,234,485,,,75,128,,,383,122,,,,218,543,0.482,0.482,,0.482,0.586,0.502,smithgr01
Pete Smith,,SDA,ABA,1972-73,5,,32,2,12,2,10,0,2,0,0,3,5,8,1,,,5,5,4,0.167,0.2,0,0.167,,0.167,smithpe01
Randy Smith,24,BUF,NBA,1972-73,82,,2603,511,1154,511,1154,,,192,264,,,391,422,,,,247,1214,0.443,0.443,,0.443,0.727,0.478,smithra01
William Smith,23,POR,NBA,1972-73,8,,43,9,15,9,15,,,5,8,,,8,1,,,,8,23,0.6,0.6,,0.6,0.625,0.621,smithwi01
Dick Snyder,28,SEA,NBA,1972-73,82,,3060,473,1022,473,1022,,,186,216,,,323,311,,,,216,1132,0.463,0.463,,0.463,0.861,0.507,snydedi01
Willie Sojourner,24,VIR,ABA,1972-73,64,,1065,199,410,199,410,0,0,84,128,121,243,364,75,,,80,187,482,0.485,0.485,,0.485,0.656,0.517,sojouwi01
Dave Sorenson,24,TOT,NBA,1972-73,58,,755,124,293,124,293,,,64,90,,,210,36,,,,107,312,0.423,0.423,,0.423,0.711,0.469,sorenda01
Bud Stallworth,23,SEA,NBA,1972-73,77,,1225,198,522,198,522,,,86,114,,,225,58,,,,138,482,0.379,0.379,,0.379,0.754,0.421,stallbu01
Dave Stallworth,31,BAL,NBA,1972-73,73,,1217,180,435,180,435,,,78,101,,,236,112,,,,139,438,0.414,0.414,,0.414,0.772,0.457,stallda01
Larry Steele,23,POR,NBA,1972-73,66,,1301,159,329,159,329,,,71,89,,,154,156,,,,181,389,0.483,0.483,,0.483,0.798,0.528,steella01
Paul Stovall,24,PHO,NBA,1972-73,25,,211,26,76,26,76,,,24,38,,,61,13,,,,37,76,0.342,0.342,,0.342,0.632,0.41,stovapa01
Skeeter Swift,26,DLC,ABA,1972-73,42,,1123,177,374,158,325,19,49,128,149,20,62,82,150,,,136,140,501,0.473,0.486,0.388,0.499,0.859,0.57,swiftsk01
Brian Taylor,21,NYA,ABA,1972-73,63,,2038,395,767,391,742,4,25,168,226,77,126,203,175,,,137,219,962,0.515,0.527,0.16,0.518,0.743,0.555,taylobr01
Fatty Taylor,26,VIR,ABA,1972-73,78,,2553,316,679,313,672,3,7,150,248,137,181,318,374,210,,237,266,785,0.465,0.466,0.429,0.468,0.605,0.498,taylofa01
Oliver Taylor,25,SDA,ABA,1972-73,69,,2121,325,757,314,702,11,55,286,425,156,209,365,275,,,207,191,947,0.429,0.447,0.2,0.437,0.673,0.502,taylool01
Chuck Terry,22,MIL,NBA,1972-73,67,,693,55,162,55,162,,,17,24,,,145,40,,,,116,127,0.34,0.34,,0.34,0.708,0.368,terrych01
Claude Terry,23,DNR,ABA,1972-73,68,,667,120,285,110,261,10,24,74,114,45,30,75,62,,,69,111,324,0.421,0.421,0.417,0.439,0.649,0.483,terrycl01
Justus Thigpen,25,DET,NBA,1972-73,18,,99,23,57,23,57,,,0,0,,,9,8,,,,18,46,0.404,0.404,,0.404,,0.404,thigpju01
Ronald Thomas,22,KEN,ABA,1972-73,31,,369,62,132,62,130,0,2,21,41,53,62,115,23,,,21,73,145,0.47,0.477,0,0.47,0.512,0.483,thomaro01
George Thompson,25,MMT,ABA,1972-73,80,,2925,579,1269,559,1196,20,73,549,700,95,170,265,403,,,245,246,1727,0.456,0.467,0.274,0.464,0.784,0.548,thompge01
Nate Thurmond,31,GSW,NBA,1972-73,79,,3419,517,1159,517,1159,,,315,439,,,1349,280,,,,240,1349,0.446,0.446,,0.446,0.718,0.499,thurmna01
Rudy Tomjanovich,24,HOU,NBA,1972-73,81,,2972,655,1371,655,1371,,,250,335,,,938,178,,,,225,1560,0.478,0.478,,0.478,0.746,0.514,tomjaru01
George Trapp,24,ATL,NBA,1972-73,77,,1853,359,824,359,824,,,150,194,,,455,127,,,,274,868,0.436,0.436,,0.436,0.773,0.477,trappge01
John Trapp,27,TOT,TOT,1972-73,68,,1231,225,548,225,546,0,2,109,154,27,45,272,69,,,25,226,559,0.411,0.412,0,0.411,0.708,0.454,trappjo01
John Tresvant,33,BAL,NBA,1972-73,55,,541,85,182,85,182,,,41,59,,,156,33,,,,101,211,0.467,0.467,,0.467,0.695,0.507,tresvjo01
Ansley Truitt,22,DLC,ABA,1972-73,16,,86,18,42,18,42,0,0,3,9,10,28,38,2,,,7,9,39,0.429,0.429,,0.429,0.333,0.424,truitan01
John Tschogl,22,ATL,NBA,1972-73,10,,94,14,40,14,40,,,2,4,,,21,6,,,,25,30,0.35,0.35,,0.35,0.5,0.359,tschojo01
Bill Turner,28,TOT,NBA,1972-73,21,,125,19,58,19,58,,,4,7,,,27,11,,,,16,42,0.328,0.328,,0.328,0.571,0.344,turnebi01
Dave Twardzik,22,VIR,ABA,1972-73,80,,1357,141,306,139,297,2,9,178,212,45,113,158,184,,,122,202,462,0.461,0.468,0.222,0.464,0.84,0.579,twardda01
Wes Unseld,26,BAL,NBA,1972-73,79,,3085,421,854,421,854,,,149,212,,,1260,347,,,,168,991,0.493,0.493,,0.493,0.703,0.523,unselwe01
Dick Van Arsdale,29,PHO,NBA,1972-73,81,,2979,532,1118,532,1118,,,426,496,,,326,268,,,,221,1490,0.476,0.476,,0.476,0.859,0.558,vanardi01
Tom Van Arsdale,29,TOT,NBA,1972-73,79,,2311,445,1043,445,1043,,,250,308,,,358,152,,,,224,1140,0.427,0.427,,0.427,0.812,0.484,vanarto01
Norm Van Lier,25,CHI,NBA,1972-73,80,,2882,474,1064,474,1064,,,166,211,,,438,567,,,,269,1114,0.445,0.445,,0.445,0.787,0.481,vanlino01
Claude Virden,25,KEN,ABA,1972-73,31,,825,130,327,130,325,0,2,46,59,49,105,154,74,,,49,84,306,0.398,0.4,0,0.398,0.78,0.433,virdecl01
Neal Walk,24,PHO,NBA,1972-73,81,,3114,678,1455,678,1455,,,279,355,,,1006,287,,,,323,1635,0.466,0.466,,0.466,0.786,0.507,walkne01
Chet Walker,32,CHI,NBA,1972-73,79,,2455,597,1248,597,1248,,,376,452,,,395,179,,,,166,1570,0.478,0.478,,0.478,0.832,0.543,walkech01
Jimmy Walker,28,HOU,NBA,1972-73,81,,3079,605,1301,605,1301,,,244,276,,,268,442,,,,207,1454,0.465,0.465,,0.465,0.884,0.511,walkeji01
Cornell Warner,24,TOT,NBA,1972-73,72,,1370,174,421,174,421,,,59,90,,,522,72,,,,178,407,0.413,0.413,,0.413,0.656,0.442,warneco01
Bob Warren,26,TOT,ABA,1972-73,77,,1571,244,504,239,485,5,19,236,274,92,150,242,147,,,143,212,729,0.484,0.493,0.263,0.489,0.861,0.584,warrebo01
John Warren,25,CLE,NBA,1972-73,40,,290,54,111,54,111,,,18,19,,,42,34,,,,45,126,0.486,0.486,,0.486,0.947,0.528,warrejo01
Jim Washington,29,ATL,NBA,1972-73,75,,2833,308,713,308,713,,,163,224,,,801,174,,,,252,779,0.432,0.432,,0.432,0.728,0.48,washiji01
Trooper Washington,28,NYA,ABA,1972-73,76,,2027,229,425,229,425,0,0,63,101,174,379,553,203,,,183,242,521,0.539,0.539,,0.539,0.624,0.555,washitr01
Bob Weiss,30,CHI,NBA,1972-73,82,,2086,279,655,279,655,,,159,189,,,148,295,,,,151,717,0.426,0.426,,0.426,0.841,0.486,weissbo01
Walt Wesley,28,TOT,NBA,1972-73,57,,474,77,202,77,202,,,26,46,,,151,31,,,,77,180,0.381,0.381,,0.381,0.565,0.405,weslewa01
Jerry West,34,LAL,NBA,1972-73,69,,2460,618,1291,618,1291,,,339,421,,,289,607,,,,138,1575,0.479,0.479,,0.479,0.805,0.533,westje01
Paul Westphal,22,BOS,NBA,1972-73,60,,482,89,212,89,212,,,67,86,,,67,69,,,,88,245,0.42,0.42,,0.42,0.779,0.49,westppa01
John Wetzel,28,ATL,NBA,1972-73,28,,504,42,94,42,94,,,14,17,,,58,39,,,,41,98,0.447,0.447,,0.447,0.824,0.483,wetzejo01
Jo Jo White,26,BOS,NBA,1972-73,82,,3250,717,1665,717,1665,,,178,228,,,414,498,,,,185,1612,0.431,0.431,,0.431,0.781,0.457,whitejo01
Sidney Wicks,23,POR,NBA,1972-73,80,,3152,761,1684,761,1684,,,384,531,,,870,440,,,,253,1906,0.452,0.452,,0.452,0.723,0.497,wickssi01
Lenny Wilkens,35,CLE,NBA,1972-73,75,,2973,572,1275,572,1275,,,394,476,,,346,628,,,,221,1538,0.449,0.449,,0.449,0.828,0.518,wilkele01
Art Williams,33,BOS,NBA,1972-73,81,,974,110,261,110,261,,,43,56,,,182,236,,,,136,263,0.421,0.421,,0.421,0.768,0.46,williar01
Bernie Williams,27,VIR,ABA,1972-73,71,,1513,356,831,346,773,10,58,166,193,60,65,125,137,,,136,150,888,0.428,0.448,0.172,0.434,0.86,0.485,willibe01
Charles Williams,29,TOT,ABA,1972-73,32,,370,37,115,34,95,3,20,41,57,4,14,18,59,,,34,54,118,0.322,0.358,0.15,0.335,0.719,0.421,willich01
Chuck Williams,26,SDA,ABA,1972-73,83,,3074,488,1020,487,1013,1,7,493,623,71,158,229,582,,,231,275,1470,0.478,0.481,0.143,0.479,0.791,0.568,willich02
Nate Williams,22,KCO,NBA,1972-73,80,,1979,417,874,417,874,,,106,133,,,339,128,,,,272,940,0.477,0.477,,0.477,0.797,0.504,willina01
Ron Williams,28,GSW,NBA,1972-73,73,,1016,180,409,180,409,,,75,83,,,81,114,,,,108,435,0.44,0.44,,0.44,0.904,0.488,williro01
Isaiah Wilson,24,MMT,ABA,1972-73,30,,386,68,159,65,151,3,8,51,64,18,21,39,72,,,41,46,190,0.428,0.43,0.375,0.437,0.797,0.508,wilsois01
Lee Winfield,25,SEA,NBA,1972-73,53,,1061,143,332,143,332,,,62,108,,,126,186,,,,92,348,0.431,0.431,,0.431,0.574,0.458,winfile01
Harthorne Wingo,25,NYK,NBA,1972-73,13,,59,9,22,9,22,,,2,6,,,16,1,,,,9,20,0.409,0.409,,0.409,0.333,0.406,wingoha01
Willie Wise,25,UTS,ABA,1972-73,83,,3131,672,1404,669,1386,3,18,476,607,217,465,682,277,,,236,278,1823,0.479,0.483,0.167,0.48,0.784,0.545,wisewi01
Dave Wohl,23,TOT,NBA,1972-73,78,,1933,254,568,254,568,,,103,133,,,109,326,,,,227,611,0.447,0.447,,0.447,0.774,0.488,wohlda01
Joby Wright,22,SEA,NBA,1972-73,77,,931,133,278,133,278,,,37,89,,,218,36,,,,164,303,0.478,0.478,,0.478,0.416,0.478,wrighjo01
Dennis Wuycik,22,CAR,ABA,1972-73,83,,973,151,329,151,325,0,4,75,108,69,110,179,79,,,116,165,377,0.459,0.465,0,0.459,0.694,0.501,wuycide01
Zaid Abdul-Aziz,27,HOU,NBA,1973-74,79,,2459,336,732,336,732,,,193,240,259,664,923,166,80,104,,227,865,0.459,0.459,,0.459,0.804,0.516,abdulza01
Kareem Abdul-Jabbar,26,MIL,NBA,1973-74,81,,3548,948,1759,948,1759,,,295,420,287,891,1178,386,112,283,,238,2191,0.539,0.539,,0.539,0.702,0.564,abdulka01
Don Adams,26,DET,NBA,1973-74,74,,2298,303,742,303,742,,,153,201,133,315,448,141,110,12,,242,759,0.408,0.408,,0.408,0.761,0.457,adamsdo01
George Adams,24,SDA,ABA,1973-74,80,,1433,253,506,252,499,1,7,78,103,124,217,341,127,44,23,119,111,585,0.5,0.505,0.143,0.501,0.757,0.531,adamsge01
Rick Adelman,27,CHI,NBA,1973-74,55,,618,64,170,64,170,,,54,76,16,53,69,56,36,1,,63,182,0.376,0.376,,0.376,0.711,0.447,adelmri01
Lucius Allen,26,MIL,NBA,1973-74,72,,2388,526,1062,526,1062,,,216,274,89,202,291,374,137,22,,215,1268,0.495,0.495,,0.495,0.788,0.536,allenlu01
Tiny Archibald,25,KCO,NBA,1973-74,35,,1272,222,492,222,492,,,173,211,21,64,85,266,56,7,,76,617,0.451,0.451,,0.451,0.82,0.527,architi01
Jim Ard,25,MMT,ABA,1973-74,27,,502,66,164,64,162,2,2,40,51,48,111,159,41,16,25,42,44,174,0.402,0.395,1,0.409,0.784,0.467,ardji01
Bob Arnzen,26,INA,ABA,1973-74,20,,149,24,48,23,47,1,1,7,9,10,10,20,3,3,2,8,11,56,0.5,0.489,1,0.51,0.778,0.539,arnzebo01
Bird Averitt,21,SAA,ABA,1973-74,74,,1639,343,912,334,862,9,50,156,224,44,77,121,132,63,6,137,166,851,0.376,0.387,0.18,0.381,0.696,0.421,averibi01
Dennis Awtrey,25,CHI,NBA,1973-74,68,,756,65,123,65,123,,,54,94,49,125,174,86,22,14,,128,184,0.528,0.528,,0.528,0.574,0.56,awtrede01
Mike Bantom,22,PHO,NBA,1973-74,76,,1982,314,787,314,787,,,141,213,172,347,519,163,50,47,,289,769,0.399,0.399,,0.399,0.662,0.437,bantomi01
Dick Barnett,37,NYK,NBA,1973-74,5,,58,10,26,10,26,,,2,3,1,3,4,6,1,0,,2,22,0.385,0.385,,0.385,0.667,0.403,barnedi01
Jim Barnett,29,GSW,NBA,1973-74,77,,1689,350,755,350,755,,,184,226,76,146,222,209,56,11,,146,884,0.464,0.464,,0.464,0.814,0.517,barneji02
Mike Barr,23,VIR,ABA,1973-74,45,,652,82,171,80,166,2,5,33,43,22,49,71,82,27,4,60,80,199,0.48,0.482,0.4,0.485,0.767,0.524,barrmi01
Rick Barry,29,GSW,NBA,1973-74,80,,2918,796,1746,796,1746,,,417,464,103,437,540,484,169,40,,265,2009,0.456,0.456,,0.456,0.899,0.515,barryri01
Tim Bassett,22,SDA,ABA,1973-74,82,,1854,233,499,233,495,0,4,99,167,252,343,595,109,57,35,87,185,565,0.467,0.471,0,0.467,0.593,0.493,basseti01
Johnny Baum,27,TOT,ABA,1973-74,60,,1219,180,400,180,400,0,0,50,61,81,120,201,62,36,16,47,101,410,0.45,0.45,,0.45,0.82,0.48,baumjo01
Butch Beard,26,GSW,NBA,1973-74,79,,2134,316,617,316,617,,,173,234,136,253,389,300,105,9,,241,805,0.512,0.512,,0.512,0.739,0.559,beardbu01
John Beasley,29,UTS,ABA,1973-74,43,,481,75,181,53,117,22,64,10,11,45,75,120,19,7,10,21,57,182,0.414,0.453,0.344,0.475,0.909,0.49,beasljo01
Zelmo Beaty,34,UTS,ABA,1973-74,77,,2476,417,796,417,795,0,1,194,244,170,445,615,128,62,64,110,229,1028,0.524,0.525,0,0.524,0.795,0.569,beatyze01
Byron Beck,29,DNR,ABA,1973-74,82,,1979,425,823,425,822,0,1,120,141,164,253,417,76,48,8,83,233,970,0.516,0.517,0,0.516,0.851,0.548,beckby01
Ron Behagen,23,KCO,NBA,1973-74,80,,2059,357,827,357,827,,,162,212,188,379,567,134,56,37,,291,876,0.432,0.432,,0.432,0.764,0.476,behagro01
Dennis Bell,22,NYK,NBA,1973-74,1,,4,0,1,0,1,,,0,0,0,0,0,0,0,0,,0,0,0,0,,0,,0,bellde01
Walt Bellamy,34,ATL,NBA,1973-74,77,,2440,389,801,389,801,,,233,383,264,476,740,189,52,48,,232,1011,0.486,0.486,,0.486,0.608,0.521,bellawa01
Henry Bibby,24,NYK,NBA,1973-74,66,,986,210,465,210,465,,,73,88,48,85,133,91,65,2,,123,493,0.452,0.452,,0.452,0.83,0.489,bibbyhe01
Dave Bing,30,DET,NBA,1973-74,81,,3124,582,1336,582,1336,,,356,438,108,173,281,555,109,17,,216,1520,0.436,0.436,,0.436,0.813,0.497,bingda01
John Block,29,KCO,NBA,1973-74,82,,1777,275,634,275,634,,,164,206,129,260,389,94,68,35,,229,714,0.434,0.434,,0.434,0.796,0.493,blockjo01
Tom Boerwinkle,28,CHI,NBA,1973-74,46,,602,58,119,58,119,,,42,60,53,160,213,94,16,18,,80,158,0.487,0.487,,0.487,0.7,0.543,boerwto01
Ron Boone,27,UTS,ABA,1973-74,84,,3098,587,1188,581,1162,6,26,300,343,157,278,435,417,123,22,316,289,1480,0.494,0.5,0.231,0.497,0.875,0.553,boonero01
Freddie Boyd,23,PHI,NBA,1973-74,75,,1818,286,712,286,712,,,141,195,16,77,93,249,60,9,,173,713,0.402,0.402,,0.402,0.723,0.447,boydfr01
Steve Bracey,23,ATL,NBA,1973-74,75,,1463,241,520,241,520,,,69,96,26,120,146,231,60,5,,157,551,0.463,0.463,,0.463,0.719,0.49,bracest01
Bill Bradley,30,NYK,NBA,1973-74,82,,2813,502,1112,502,1112,,,146,167,59,194,253,242,42,21,,278,1150,0.451,0.451,,0.451,0.874,0.485,bradlbi01
Jim Bradley,21,KEN,ABA,1973-74,35,,884,130,309,130,307,0,2,31,44,67,147,214,49,37,27,55,106,291,0.421,0.423,0,0.421,0.705,0.443,bradlji01
Jim Brewer,22,CLE,NBA,1973-74,82,,1862,210,548,210,548,,,80,123,207,317,524,149,46,35,,192,500,0.383,0.383,,0.383,0.65,0.415,breweji01
Bill Bridges,34,LAL,NBA,1973-74,65,,1812,216,513,216,513,,,116,164,193,306,499,148,58,31,,219,548,0.421,0.421,,0.421,0.707,0.468,bridgbi01
John Brisker,26,SEA,NBA,1973-74,35,,717,178,396,178,396,,,82,100,59,87,146,56,28,6,,70,438,0.449,0.449,,0.449,0.82,0.498,briskjo01
Allan Bristow,22,PHI,NBA,1973-74,55,,643,108,270,108,270,,,42,57,68,99,167,92,29,1,,68,258,0.4,0.4,,0.4,0.737,0.437,bristal01
Fred Brown,25,SEA,NBA,1973-74,82,,2501,578,1226,578,1226,,,195,226,114,287,401,414,136,18,,276,1351,0.471,0.471,,0.471,0.863,0.51,brownfr01
John Brown,22,ATL,NBA,1973-74,77,,1715,277,632,277,632,,,163,217,177,264,441,114,29,16,,239,717,0.438,0.438,,0.438,0.751,0.493,brownjo01
Roger Brown,31,INA,ABA,1973-74,82,,2527,379,829,323,674,56,155,155,200,112,278,390,232,56,60,125,248,969,0.457,0.479,0.361,0.491,0.775,0.528,brownro01
Roger Brown,23,TOT,ABA,1973-74,63,,990,98,260,98,260,0,0,34,56,145,207,352,46,23,62,80,129,230,0.377,0.377,,0.377,0.607,0.404,brownro02
Don Buse,23,INA,ABA,1973-74,77,,1877,170,427,134,320,36,107,48,70,85,169,254,258,146,20,75,109,424,0.398,0.419,0.336,0.44,0.686,0.463,busedo01
Joe Caldwell,32,CAR,ABA,1973-74,79,,2654,502,1027,499,1010,3,17,128,258,177,235,412,350,170,35,242,255,1135,0.489,0.494,0.176,0.49,0.496,0.498,caldwjo01
Corky Calhoun,23,PHO,NBA,1973-74,77,,2207,268,581,268,581,,,98,129,115,292,407,135,71,30,,253,634,0.461,0.461,,0.461,0.76,0.497,calhoco01
Mack Calvin,26,CAR,ABA,1973-74,83,,2592,498,1078,488,1035,10,43,490,560,78,165,243,347,135,7,234,244,1496,0.462,0.471,0.233,0.467,0.875,0.565,calvima01
Larry Cannon,26,TOT,TOT,1973-74,22,,361,52,134,52,134,0,0,20,31,17,22,39,55,7,4,3,50,124,0.388,0.388,,0.388,0.645,0.42,cannola01
Austin Carr,25,CLE,NBA,1973-74,81,,3100,748,1682,748,1682,,,279,326,139,150,289,305,92,14,,189,1775,0.445,0.445,,0.445,0.856,0.486,carrau01
Fred Carter,28,PHI,NBA,1973-74,78,,3044,706,1641,706,1641,,,254,358,82,289,371,443,113,23,,276,1666,0.43,0.43,,0.43,0.709,0.463,cartefr01
George Carter,30,VIR,ABA,1973-74,80,,2815,561,1329,529,1236,32,93,392,466,189,346,535,136,67,12,229,308,1546,0.422,0.428,0.344,0.434,0.841,0.504,cartege01
Bill Chamberlain,24,PHO,NBA,1973-74,28,,367,57,130,57,130,,,39,56,33,47,80,37,20,12,,74,153,0.438,0.438,,0.438,0.696,0.495,chambbi01
Jerry Chambers,30,SAA,ABA,1973-74,38,,579,94,206,94,206,0,0,36,48,37,66,103,42,11,3,28,74,224,0.456,0.456,,0.456,0.75,0.493,chambje01
Don Chaney,27,BOS,NBA,1973-74,81,,2258,348,750,348,750,,,149,180,210,168,378,176,83,62,,247,845,0.464,0.464,,0.464,0.828,0.51,chanedo01
Ken Charles,22,BUF,NBA,1973-74,59,,693,88,185,88,185,,,53,79,25,40,65,54,31,10,,91,229,0.476,0.476,,0.476,0.671,0.521,charlke01
Phil Chenier,23,CAP,NBA,1973-74,76,,2942,697,1607,697,1607,,,274,334,114,274,388,239,155,67,,135,1668,0.434,0.434,,0.434,0.82,0.475,cheniph01
Jim Chones,24,CAR,ABA,1973-74,83,,2387,535,1017,535,1015,0,2,155,252,191,454,645,118,59,131,206,347,1225,0.526,0.527,0,0.526,0.615,0.543,choneji01
Bob Christian,27,PHO,NBA,1973-74,81,,1244,140,288,140,288,,,106,151,85,254,339,98,19,32,,191,386,0.486,0.486,,0.486,0.702,0.545,chrisbo01
Archie Clark,32,CAP,NBA,1973-74,56,,1786,315,675,315,675,,,103,131,44,97,141,285,59,6,,122,733,0.467,0.467,,0.467,0.786,0.5,clarkar01
Jim Cleamons,24,CLE,NBA,1973-74,81,,1642,236,545,236,545,,,93,133,63,167,230,227,61,17,,152,565,0.433,0.433,,0.433,0.699,0.468,cleamji01
Barry Clemens,30,CLE,NBA,1973-74,71,,913,163,346,163,346,,,62,73,42,124,166,80,36,2,,136,388,0.471,0.471,,0.471,0.849,0.513,clemeba01
E.C. Coleman,23,HOU,NBA,1973-74,58,,1075,128,250,128,250,,,47,74,81,171,252,76,37,20,,162,303,0.512,0.512,,0.512,0.635,0.536,colemec01
Doug Collins,22,PHI,NBA,1973-74,25,,436,72,194,72,194,,,55,72,7,39,46,40,13,2,,65,199,0.371,0.371,,0.371,0.764,0.441,collido01
Glen Combs,27,TOT,ABA,1973-74,76,,1986,304,696,252,549,52,147,156,212,46,98,144,304,52,11,146,154,816,0.437,0.459,0.354,0.474,0.736,0.517,combsgl01
Mel Counts,32,LAL,NBA,1973-74,45,,499,61,167,61,167,,,24,33,56,90,146,54,20,23,,85,146,0.365,0.365,,0.365,0.727,0.402,countme01
Dave Cowens,25,BOS,NBA,1973-74,80,,3352,645,1475,645,1475,,,228,274,264,993,1257,354,95,101,,294,1518,0.437,0.437,,0.437,0.832,0.476,cowenda01
Billy Cunningham,30,CAR,ABA,1973-74,32,,1190,253,537,252,529,1,8,149,187,86,245,331,150,59,21,127,105,656,0.471,0.476,0.125,0.472,0.797,0.53,cunnibi01
Dick Cunningham,27,MIL,NBA,1973-74,8,,45,3,6,3,6,,,0,7,1,15,16,0,2,2,,5,6,0.5,0.5,,0.5,0,0.33,cunnidi01
Mike D'Antoni,22,KCO,NBA,1973-74,52,,989,107,266,107,266,,,33,47,24,69,93,123,75,15,,112,247,0.402,0.402,,0.402,0.702,0.431,dantomi01
Louie Dampier,29,KEN,ABA,1973-74,84,,2942,603,1296,555,1172,48,124,238,286,46,155,201,473,84,18,230,152,1492,0.465,0.474,0.387,0.484,0.832,0.525,dampilo01
Bob Dandridge,26,MIL,NBA,1973-74,71,,2521,583,1158,583,1158,,,175,214,117,362,479,201,111,41,,271,1341,0.503,0.503,,0.503,0.818,0.535,dandrbo01
Mel Daniels,29,INA,ABA,1973-74,78,,2539,492,1117,492,1117,0,0,217,287,251,655,906,122,56,92,215,283,1201,0.44,0.44,,0.44,0.756,0.483,danieme01
Charlie Davis,24,POR,NBA,1973-74,8,,90,14,40,14,40,,,3,4,2,9,11,11,2,0,,7,31,0.35,0.35,,0.35,0.75,0.371,davisch01
Dwight Davis,24,CLE,NBA,1973-74,76,,2477,376,862,376,862,,,197,274,174,470,644,186,63,74,,291,949,0.436,0.436,,0.436,0.719,0.483,davisdw01
Jim Davis,32,DET,NBA,1973-74,78,,947,117,283,117,283,,,90,139,102,191,293,86,39,30,,158,324,0.413,0.413,,0.413,0.647,0.471,davisji01
Lee Davis,28,MMT,ABA,1973-74,79,,1632,266,590,265,586,1,4,98,152,139,280,419,139,28,40,104,237,631,0.451,0.452,0.25,0.452,0.645,0.48,davisle01
Mel Davis,23,NYK,NBA,1973-74,30,,167,33,95,33,95,,,12,16,17,37,54,8,3,4,,36,78,0.347,0.347,,0.347,0.75,0.382,davisme01
Mickey Davis,23,MIL,NBA,1973-74,73,,1012,169,335,169,335,,,93,112,78,146,224,87,27,5,,94,431,0.504,0.504,,0.504,0.83,0.561,davismi02
Dave DeBusschere,33,NYK,NBA,1973-74,71,,2699,559,1212,559,1212,,,164,217,134,623,757,253,67,39,,222,1282,0.461,0.461,,0.461,0.756,0.49,debusda01
Randy Denton,24,MMT,ABA,1973-74,79,,2218,447,902,447,899,0,3,156,197,255,522,777,152,55,35,164,225,1050,0.496,0.497,0,0.496,0.792,0.531,dentora01
Derrek Dickey,22,GSW,NBA,1973-74,66,,930,115,233,115,233,,,51,66,123,216,339,54,17,15,,112,281,0.494,0.494,,0.494,0.773,0.536,dickede01
Coby Dietrick,25,SAA,ABA,1973-74,84,,2142,251,569,251,566,0,3,81,114,200,332,532,253,89,50,151,285,583,0.441,0.443,0,0.441,0.711,0.471,dietrco01
Ernie DiGregorio,23,BUF,NBA,1973-74,81,,2910,530,1260,530,1260,,,174,193,48,171,219,663,59,9,,242,1234,0.421,0.421,,0.421,0.902,0.459,digreer01
Steve Downing,23,BOS,NBA,1973-74,24,,137,21,64,21,64,,,22,38,14,25,39,11,5,0,,33,64,0.328,0.328,,0.328,0.579,0.396,downist01
Terry Driscoll,26,MIL,NBA,1973-74,64,,697,88,187,88,187,,,30,46,73,126,199,54,21,16,,121,206,0.471,0.471,,0.471,0.652,0.497,driscte01
Ken Durrett,25,KCO,NBA,1973-74,45,,462,86,176,86,176,,,42,69,28,50,78,19,13,5,,68,214,0.489,0.489,,0.489,0.609,0.519,durreke01
Jim Eakins,27,VIR,ABA,1973-74,84,,2649,445,856,445,855,0,1,339,432,296,510,806,236,65,98,228,265,1229,0.52,0.52,0,0.52,0.785,0.587,eakinji01
Roy Ebron,22,UTS,ABA,1973-74,40,,529,103,211,103,210,0,1,43,84,79,97,176,19,16,32,35,68,249,0.488,0.49,0,0.488,0.512,0.502,ebronro01
Charles Edge,23,MMT,ABA,1973-74,78,,1948,312,624,312,623,0,1,124,182,250,391,641,70,64,70,130,137,748,0.5,0.501,0,0.5,0.681,0.531,edgech01
Joe Ellis,29,GSW,NBA,1973-74,50,,515,61,190,61,190,,,18,31,37,85,122,37,33,9,,76,140,0.321,0.321,,0.321,0.581,0.344,ellisjo01
Leroy Ellis,33,PHI,NBA,1973-74,81,,2831,326,722,326,722,,,147,196,292,598,890,189,86,87,,224,799,0.452,0.452,,0.452,0.75,0.494,ellisle01
Scott English,23,VIR,ABA,1973-74,5,,48,3,15,3,15,0,0,4,4,3,13,16,4,3,0,9,9,10,0.2,0.2,,0.2,1,0.298,englisc01
Keith Erickson,29,PHO,NBA,1973-74,66,,2033,393,824,393,824,,,177,221,94,320,414,205,63,20,,193,963,0.477,0.477,,0.477,0.801,0.523,erickke01
Julius Erving,23,NYA,ABA,1973-74,84,,3398,914,1785,897,1742,17,43,454,593,263,636,899,434,190,204,341,270,2299,0.512,0.515,0.395,0.517,0.766,0.562,ervinju01
Larry Finch,22,MMT,ABA,1973-74,65,,1154,164,399,157,373,7,26,108,136,24,50,74,111,26,1,95,162,443,0.411,0.421,0.269,0.42,0.794,0.483,finchla01
Hank Finkel,31,BOS,NBA,1973-74,60,,427,60,130,60,130,,,28,43,41,94,135,27,3,7,,62,148,0.462,0.462,,0.462,0.651,0.497,finkeha01
Chris Ford,25,DET,NBA,1973-74,82,,2059,264,595,264,595,,,57,77,109,195,304,279,148,14,,159,585,0.444,0.444,,0.444,0.74,0.465,fordch01
Fred Foster,27,CLE,NBA,1973-74,58,,649,112,288,112,288,,,54,64,43,65,108,62,19,6,,79,278,0.389,0.389,,0.389,0.844,0.44,fostefr01
Jim Fox,30,SEA,NBA,1973-74,78,,2179,322,673,322,673,,,241,293,244,470,714,227,56,21,,247,885,0.478,0.478,,0.478,0.823,0.552,foxji01
Walt Frazier,28,NYK,NBA,1973-74,80,,3338,674,1429,674,1429,,,295,352,120,416,536,551,161,15,,212,1643,0.472,0.472,,0.472,0.838,0.519,fraziwa01
Donnie Freeman,29,INA,ABA,1973-74,66,,1735,383,839,383,837,0,2,177,222,91,77,168,165,48,22,132,174,943,0.456,0.458,0,0.456,0.797,0.503,freemdo01
Rod Freeman,23,PHI,NBA,1973-74,35,,265,39,103,39,103,,,28,41,22,32,54,14,12,1,,42,106,0.379,0.379,,0.379,0.683,0.438,freemro01
Bernie Fryer,24,POR,NBA,1973-74,80,,1674,226,491,226,491,,,107,135,60,99,159,279,92,10,,187,559,0.46,0.46,,0.46,0.793,0.508,fryerbe01
Mike Gale,23,TOT,ABA,1973-74,80,,2495,314,720,312,703,2,17,105,140,107,261,368,324,167,81,178,242,735,0.436,0.444,0.118,0.438,0.75,0.47,galemi01
Dick Garrett,27,TOT,NBA,1973-74,40,,326,43,126,43,126,,,15,19,15,25,40,23,10,1,,56,101,0.341,0.341,,0.341,0.789,0.376,garredi01
Rowland Garrett,23,CHI,NBA,1973-74,41,,373,68,184,68,184,,,21,32,31,39,70,11,5,9,,43,157,0.37,0.37,,0.37,0.656,0.396,garrero01
Jim Garvin,23,BUF,NBA,1973-74,6,,11,1,4,1,4,,,0,0,1,4,5,0,0,0,,1,2,0.25,0.25,,0.25,,0.25,garviji01
George Gervin,21,TOT,ABA,1973-74,74,,2511,672,1426,664,1370,8,56,378,464,170,454,624,142,101,120,252,264,1730,0.471,0.485,0.143,0.474,0.815,0.531,gervige01
John Gianelli,23,NYK,NBA,1973-74,70,,1423,208,434,208,434,,,92,121,110,233,343,77,23,42,,159,508,0.479,0.479,,0.479,0.76,0.521,gianejo01
Dick Gibbs,25,SEA,NBA,1973-74,71,,1528,302,700,302,700,,,162,201,91,132,223,79,39,18,,195,766,0.431,0.431,,0.431,0.806,0.486,gibbsdi01
Herm Gilliam,27,ATL,NBA,1973-74,62,,2003,384,846,384,846,,,106,134,61,206,267,355,134,18,,190,874,0.454,0.454,,0.454,0.791,0.483,gillihe01
Artis Gilmore,24,KEN,ABA,1973-74,84,,3502,621,1260,621,1257,0,3,326,489,478,1060,1538,329,57,287,319,302,1568,0.493,0.494,0,0.493,0.667,0.531,gilmoar01
Gail Goodrich,30,LAL,NBA,1973-74,82,,3061,784,1773,784,1773,,,508,588,95,155,250,427,126,12,,227,2076,0.442,0.442,,0.442,0.864,0.511,goodrga01
Gerald Govan,32,UTS,ABA,1973-74,83,,2766,255,541,255,539,0,2,73,106,142,586,728,245,60,50,156,260,583,0.471,0.473,0,0.471,0.689,0.496,govange01
Travis Grant,24,TOT,TOT,1973-74,59,,1330,358,685,357,681,1,4,142,179,106,193,299,63,46,12,88,119,859,0.523,0.524,0.25,0.523,0.793,0.562,granttr01
Lamar Green,26,PHO,NBA,1973-74,72,,1103,129,317,129,317,,,38,68,85,265,350,43,32,38,,150,296,0.407,0.407,,0.407,0.559,0.427,greenla01
Mike Green,22,DNR,ABA,1973-74,79,,1648,367,799,366,797,1,2,169,226,225,359,584,64,47,126,128,191,904,0.459,0.459,0.5,0.46,0.748,0.503,greenmi01
Gary Gregor,28,NYA,ABA,1973-74,25,,313,40,85,38,82,2,3,9,11,22,49,71,15,4,1,10,48,91,0.471,0.463,0.667,0.482,0.818,0.506,gregoga01
Matt Guokas,29,TOT,NBA,1973-74,75,,1871,195,396,195,396,,,39,60,31,90,121,238,54,21,,150,429,0.492,0.492,,0.492,0.65,0.508,guokama02
Happy Hairston,31,LAL,NBA,1973-74,77,,2634,385,759,385,759,,,343,445,335,705,1040,208,64,17,,264,1113,0.507,0.507,,0.507,0.771,0.583,hairsha01
Joe Hamilton,25,TOT,ABA,1973-74,73,,1961,331,834,294,690,37,144,117,143,40,125,165,242,76,5,112,154,816,0.397,0.426,0.257,0.419,0.818,0.455,hamiljo01
Phil Hankinson,22,BOS,NBA,1973-74,28,,163,50,103,50,103,,,10,13,22,28,50,4,3,1,,18,110,0.485,0.485,,0.485,0.769,0.506,hankiph01
Clem Haskins,30,PHO,NBA,1973-74,81,,1822,364,792,364,792,,,171,203,78,144,222,259,81,16,,166,899,0.46,0.46,,0.46,0.842,0.51,haskicl01
John Havlicek,33,BOS,NBA,1973-74,76,,3091,685,1502,685,1502,,,346,416,138,349,487,447,95,32,,196,1716,0.456,0.456,,0.456,0.832,0.509,havlijo01
Connie Hawkins,31,TOT,NBA,1973-74,79,,2761,404,807,404,807,,,191,251,176,389,565,407,113,81,,223,999,0.501,0.501,,0.501,0.761,0.544,hawkico01
Nate Hawthorne,24,LAL,NBA,1973-74,33,,229,38,93,38,93,,,30,48,16,16,32,23,9,6,,33,106,0.409,0.409,,0.409,0.625,0.464,hawthna01
Elvin Hayes,28,CAP,NBA,1973-74,81,,3602,689,1627,689,1627,,,357,495,354,1109,1463,163,86,240,,252,1735,0.423,0.423,,0.423,0.721,0.47,hayesel01
Spencer Haywood,24,SEA,NBA,1973-74,75,,3039,694,1520,694,1520,,,373,458,318,689,1007,240,65,106,,198,1761,0.457,0.457,,0.457,0.814,0.511,haywosp01
Walt Hazzard,31,SEA,NBA,1973-74,49,,571,76,180,76,180,,,34,45,18,39,57,122,26,6,,78,186,0.422,0.422,,0.422,0.756,0.465,abdulma01
Gar Heard,25,BUF,NBA,1973-74,81,,2889,524,1205,524,1205,,,191,294,270,677,947,180,136,230,,300,1239,0.435,0.435,,0.435,0.65,0.464,heardga01
Simmie Hill,27,SAA,ABA,1973-74,60,,837,112,244,112,233,0,11,45,62,59,113,172,62,13,16,63,145,269,0.459,0.481,0,0.459,0.726,0.496,hillsi01
Darnell Hillman,24,INA,ABA,1973-74,83,,2319,328,658,325,650,3,8,99,191,198,478,676,96,70,177,177,295,758,0.498,0.5,0.375,0.501,0.518,0.511,hillmda01
Lou Hudson,29,ATL,NBA,1973-74,65,,2588,678,1356,678,1356,,,295,353,126,224,350,213,160,29,,205,1651,0.5,0.5,,0.5,0.836,0.546,hudsolo01
John Hummer,25,TOT,NBA,1973-74,53,,1119,144,305,144,305,,,59,124,84,199,283,107,28,22,,119,347,0.472,0.472,,0.472,0.476,0.483,hummejo01
Tom Ingelsby,22,ATL,NBA,1973-74,48,,398,50,131,50,131,,,29,37,10,34,44,37,19,4,,43,129,0.382,0.382,,0.382,0.784,0.438,ingelto01
George Irvine,25,VIR,ABA,1973-74,75,,1140,254,516,242,470,12,46,120,138,56,121,177,76,28,16,67,134,640,0.492,0.515,0.261,0.504,0.87,0.555,irvinge01
Dan Issel,25,KEN,ABA,1973-74,83,,3347,829,1726,826,1709,3,17,457,581,346,501,847,137,69,32,171,199,2118,0.48,0.483,0.176,0.481,0.787,0.534,isselda01
Warren Jabali,27,DNR,ABA,1973-74,49,,1711,257,657,212,534,45,123,220,274,82,164,246,358,97,10,195,167,779,0.391,0.397,0.366,0.425,0.803,0.501,jabalwa01
Mike Jackson,24,TOT,ABA,1973-74,72,,1474,247,489,244,482,3,7,110,152,140,240,380,57,25,15,109,222,607,0.505,0.506,0.429,0.508,0.724,0.546,jacksmi01
Phil Jackson,28,NYK,NBA,1973-74,82,,2050,361,757,361,757,,,191,246,123,355,478,134,42,67,,277,913,0.477,0.477,,0.477,0.776,0.528,jacksph01
Billy James,23,KEN,ABA,1973-74,1,,10,1,3,1,3,0,0,0,0,0,0,0,1,0,0,1,3,2,0.333,0.333,,0.333,,0.333,jamesbi01
Charles Johnson,24,GSW,NBA,1973-74,59,,1051,194,468,194,468,,,38,55,49,126,175,102,62,7,,111,426,0.415,0.415,,0.415,0.691,0.433,johnsch01
George Johnson,25,GSW,NBA,1973-74,66,,1291,173,358,173,358,,,59,107,190,332,522,73,35,124,,176,405,0.483,0.483,,0.483,0.551,0.5,johnsge02
George Johnson,26,HOU,NBA,1973-74,26,,238,23,51,23,51,,,8,17,20,41,61,9,8,8,,46,54,0.451,0.451,,0.451,0.471,0.462,johnsge01
John Johnson,26,POR,NBA,1973-74,69,,2287,459,990,459,990,,,212,261,160,355,515,284,69,29,,221,1130,0.464,0.464,,0.464,0.812,0.511,johnsjo01
Ollie Johnson,24,POR,NBA,1973-74,79,,1718,209,434,209,434,,,77,94,116,208,324,167,60,30,,179,495,0.482,0.482,,0.482,0.819,0.521,johnsol01
Stew Johnson,29,SDA,ABA,1973-74,84,,2652,716,1668,657,1478,59,190,199,235,181,350,531,127,72,13,136,162,1690,0.429,0.445,0.311,0.447,0.847,0.477,johnsst01
Caldwell Jones,23,SDA,ABA,1973-74,79,,2929,507,1091,505,1083,2,8,171,230,322,773,1095,144,64,316,155,319,1187,0.465,0.466,0.25,0.466,0.743,0.498,jonesca01
Collis Jones,24,KEN,ABA,1973-74,58,,719,102,263,102,260,0,3,51,78,94,90,184,36,21,13,38,91,255,0.388,0.392,0,0.388,0.654,0.429,jonesco01
Dwight Jones,21,ATL,NBA,1973-74,74,,1448,238,502,238,502,,,116,156,145,309,454,86,29,64,,197,592,0.474,0.474,,0.474,0.744,0.519,jonesdw01
Jimmy Jones,29,UTS,ABA,1973-74,83,,3162,583,1060,583,1059,0,1,229,259,103,258,361,429,154,32,238,205,1395,0.55,0.551,0,0.55,0.884,0.594,jonesji01
Larry Jones,31,PHI,NBA,1973-74,72,,1876,263,622,263,622,,,197,235,71,113,184,230,85,18,,116,723,0.423,0.423,,0.423,0.838,0.498,jonesla01
Rich Jones,27,SAA,ABA,1973-74,78,,2843,510,1175,497,1129,13,46,186,241,170,411,581,268,70,13,145,273,1219,0.434,0.44,0.283,0.44,0.772,0.476,jonesri01
Steve Jones,31,TOT,ABA,1973-74,86,,2092,400,899,387,856,13,43,128,168,62,172,234,185,26,15,175,223,941,0.445,0.452,0.302,0.452,0.762,0.484,jonesst01
Wil Jones,26,MMT,ABA,1973-74,81,,2842,453,997,450,971,3,26,163,220,205,460,665,205,105,82,184,276,1072,0.454,0.463,0.115,0.456,0.741,0.49,joneswi02
Kevin Joyce,22,INA,ABA,1973-74,56,,987,171,432,166,405,5,27,64,78,33,59,92,128,32,8,80,86,411,0.396,0.41,0.185,0.402,0.821,0.441,joyceke01
George Karl,22,SAA,ABA,1973-74,74,,1339,236,502,228,480,8,22,94,113,41,85,126,160,65,10,92,161,574,0.47,0.475,0.364,0.478,0.832,0.52,karlge01
Bob Kauffman,27,BUF,NBA,1973-74,74,,1304,171,366,171,366,,,107,150,97,229,326,142,37,18,,155,449,0.467,0.467,,0.467,0.713,0.52,kauffbo01
Bill Keller,26,INA,ABA,1973-74,75,,1428,279,615,229,484,50,131,107,123,44,84,128,172,37,3,100,83,715,0.454,0.473,0.382,0.494,0.87,0.534,kellebi01
Ben Kelso,24,DET,NBA,1973-74,46,,298,35,96,35,96,,,15,22,15,16,31,18,12,1,,45,85,0.365,0.365,,0.365,0.682,0.402,kelsobe01
Goo Kennedy,24,SAA,ABA,1973-74,76,,1440,194,352,194,352,0,0,60,87,121,266,387,83,59,15,79,240,448,0.551,0.551,,0.551,0.69,0.574,kennego01
Larry Kenon,21,NYA,ABA,1973-74,84,,2908,589,1274,589,1273,0,1,156,222,375,587,962,112,79,19,250,251,1334,0.462,0.463,0,0.462,0.703,0.486,kenonla01
Julius Keye,27,DNR,ABA,1973-74,79,,2595,147,329,146,324,1,5,57,84,225,464,689,135,40,149,87,240,352,0.447,0.451,0.2,0.448,0.679,0.481,keyeju01
Toby Kimball,31,PHI,NBA,1973-74,75,,1592,216,456,216,456,,,127,185,185,367,552,73,49,23,,199,559,0.474,0.474,,0.474,0.686,0.52,kimbato01
Ron King,22,KEN,ABA,1973-74,9,,126,24,70,22,64,2,6,14,17,8,11,19,14,5,2,7,14,64,0.343,0.344,0.333,0.357,0.824,0.413,kingro01
Don Kojis,35,KCO,NBA,1973-74,77,,2091,400,836,400,836,,,210,272,126,257,383,110,77,15,,157,1010,0.478,0.478,,0.478,0.772,0.528,kojisdo01
Howard Komives,32,KCO,NBA,1973-74,44,,830,78,192,78,192,,,33,38,10,33,43,97,32,3,,83,189,0.406,0.406,,0.406,0.868,0.453,komivho01
Tom Kozelko,22,CAP,NBA,1973-74,49,,573,59,133,59,133,,,23,32,52,72,124,25,21,7,,82,141,0.444,0.444,,0.444,0.719,0.479,kozelto01
Steve Kuberski,26,BOS,NBA,1973-74,78,,985,157,368,157,368,,,86,111,96,141,237,38,7,7,,125,400,0.427,0.427,,0.427,0.775,0.48,kuberst01
Kevin Kunnert,22,TOT,NBA,1973-74,64,,701,105,215,105,215,,,21,33,83,134,217,43,10,54,,151,231,0.488,0.488,,0.488,0.636,0.503,kunneke01
Sam Lacey,25,KCO,NBA,1973-74,79,,3107,467,982,467,982,,,185,247,293,762,1055,299,126,184,,254,1119,0.476,0.476,,0.476,0.749,0.513,laceysa01
Bob Lackey,24,NYA,ABA,1973-74,3,,15,3,7,3,7,0,0,0,0,3,1,4,1,1,0,1,2,6,0.429,0.429,,0.429,,0.429,lackebo01
Wendell Ladner,25,TOT,ABA,1973-74,64,,1565,244,670,220,580,24,90,29,53,110,318,428,149,108,6,128,233,541,0.364,0.379,0.267,0.382,0.547,0.39,ladnewe01
Bo Lamar,22,SDA,ABA,1973-74,84,,2824,686,1726,617,1479,69,247,272,350,105,187,292,288,129,13,183,155,1713,0.397,0.417,0.279,0.417,0.777,0.456,lamarbo01
Bob Lanier,25,DET,NBA,1973-74,81,,3047,748,1483,748,1483,,,326,409,269,805,1074,343,110,247,,273,1822,0.504,0.504,,0.504,0.797,0.548,laniebo01
Stu Lantz,27,DET,NBA,1973-74,50,,980,154,361,154,361,,,139,164,34,79,113,97,38,3,,79,447,0.427,0.427,,0.427,0.848,0.516,lantzst01
Mo Layton,25,TOT,TOT,1973-74,25,,392,63,129,63,129,0,0,17,29,8,29,37,58,9,2,7,49,143,0.488,0.488,,0.488,0.586,0.504,laytomo01
Manny Leaks,28,CAP,NBA,1973-74,53,,845,79,232,79,232,,,58,83,94,150,244,25,10,39,,95,216,0.341,0.341,,0.341,0.699,0.402,leaksma01
Clyde Lee,29,GSW,NBA,1973-74,54,,1642,129,284,129,284,,,62,107,188,410,598,68,27,17,,179,320,0.454,0.454,,0.454,0.579,0.483,leecl01
Russ Lee,24,MIL,NBA,1973-74,36,,166,38,94,38,94,,,11,16,16,24,40,20,11,0,,29,87,0.404,0.404,,0.404,0.688,0.431,leeru01
George Lehmann,31,MMT,ABA,1973-74,33,,554,68,177,50,127,18,50,18,19,8,29,37,117,13,4,53,52,172,0.384,0.394,0.36,0.435,0.947,0.464,lehmage01
Freddie Lewis,30,INA,ABA,1973-74,78,,2164,290,728,277,656,13,72,182,219,84,117,201,322,99,11,169,189,775,0.398,0.422,0.181,0.407,0.831,0.47,lewisfr02
Mike Lewis,27,CAR,ABA,1973-74,3,,14,3,8,3,8,0,0,0,0,3,2,5,0,0,0,1,2,6,0.375,0.375,,0.375,,0.375,lewismi01
Goose Ligon,29,VIR,ABA,1973-74,19,,360,37,85,37,84,0,1,19,25,45,50,95,11,9,9,24,43,93,0.435,0.44,0,0.435,0.76,0.484,ligongo01
Gene Littles,30,CAR,ABA,1973-74,84,,2017,294,626,290,603,4,23,115,161,87,144,231,280,105,17,122,159,707,0.47,0.481,0.174,0.473,0.714,0.507,littlge01
Willie Long,23,DNR,ABA,1973-74,82,,2058,383,925,383,923,0,2,270,325,197,269,466,100,54,13,157,244,1036,0.414,0.415,0,0.414,0.831,0.485,longwi01
Bob Love,31,CHI,NBA,1973-74,82,,3292,731,1752,731,1752,,,323,395,183,309,492,130,84,28,,221,1785,0.417,0.417,,0.417,0.818,0.463,lovebo01
Stan Love,24,LAL,NBA,1973-74,51,,698,119,278,119,278,,,49,64,54,116,170,48,28,20,,132,287,0.428,0.428,,0.428,0.766,0.469,lovest01
Jerry Lucas,33,NYK,NBA,1973-74,73,,1627,194,420,194,420,,,67,96,62,312,374,230,28,24,,134,455,0.462,0.462,,0.462,0.698,0.492,lucasje01
Mike Macaluso,22,BUF,NBA,1973-74,30,,112,19,44,19,44,,,10,17,10,15,25,3,7,1,,31,48,0.432,0.432,,0.432,0.588,0.466,macalmi01
Ted Manakas,22,KCO,NBA,1973-74,5,,45,4,10,4,10,,,4,4,0,3,3,2,1,0,,4,12,0.4,0.4,,0.4,1,0.51,manakte01
Ed Manning,30,CAR,ABA,1973-74,82,,1816,297,609,296,607,1,2,86,101,105,265,370,100,93,16,95,210,681,0.488,0.488,0.5,0.489,0.851,0.521,mannied01
Pete Maravich,26,ATL,NBA,1973-74,76,,2903,819,1791,819,1791,,,469,568,98,276,374,396,111,13,,261,2107,0.457,0.457,,0.457,0.826,0.516,maravpe01
Jack Marin,29,TOT,NBA,1973-74,74,,1782,355,709,355,709,,,153,179,59,169,228,167,46,26,,213,863,0.501,0.501,,0.501,0.855,0.548,marinja01
Vester Marshall,25,SEA,NBA,1973-74,13,,174,7,29,7,29,,,3,7,14,23,37,4,4,3,,20,17,0.241,0.241,,0.241,0.429,0.265,marshve01
LaRue Martin,23,POR,NBA,1973-74,50,,538,101,232,101,232,,,42,66,74,107,181,20,7,26,,90,244,0.435,0.435,,0.435,0.636,0.467,martila01
Don May,28,PHI,NBA,1973-74,56,,812,152,367,152,367,,,89,102,25,111,136,63,25,8,,137,393,0.414,0.414,,0.414,0.873,0.477,maydo01
Bob McAdoo,22,BUF,NBA,1973-74,74,,3185,901,1647,901,1647,,,459,579,281,836,1117,170,88,246,,252,2261,0.547,0.547,,0.547,0.793,0.594,mcadobo01
Ted McClain,27,CAR,ABA,1973-74,84,,2582,423,872,421,845,2,27,251,325,121,237,358,348,250,25,239,326,1099,0.485,0.498,0.074,0.486,0.772,0.541,mcclate01
Paul McCracken,23,HOU,NBA,1973-74,4,,13,1,4,1,4,,,0,0,1,5,6,2,0,0,,3,2,0.25,0.25,,0.25,,0.25,mccrapa01
Jim McDaniels,25,SEA,NBA,1973-74,27,,439,63,173,63,173,,,23,43,51,77,128,24,7,15,,48,149,0.364,0.364,,0.364,0.535,0.388,mcdanji01
Patrick McFarland,22,DNR,ABA,1973-74,67,,757,159,359,151,335,8,24,35,52,60,74,134,64,23,6,41,69,361,0.443,0.451,0.333,0.454,0.673,0.473,mcfarpa01
George McGinnis,23,INA,ABA,1973-74,80,,3266,789,1686,784,1652,5,34,488,715,422,775,1197,267,159,40,393,325,2071,0.468,0.475,0.147,0.469,0.683,0.518,mcginge01
Jon McGlocklin,30,MIL,NBA,1973-74,79,,1910,329,693,329,693,,,72,80,33,106,139,241,43,7,,128,730,0.475,0.475,,0.475,0.9,0.501,mcglojo01
Allie McGuire,22,NYK,NBA,1973-74,2,,10,2,4,2,4,,,0,0,0,2,2,1,0,0,,2,4,0.5,0.5,,0.5,,0.5,mcguial02
Kenny McIntosh,25,SEA,NBA,1973-74,69,,2056,223,573,223,573,,,65,107,111,250,361,94,52,29,,178,511,0.389,0.389,,0.389,0.607,0.412,mcintke01
Stan McKenzie,29,HOU,NBA,1973-74,11,,112,7,24,7,24,,,6,8,3,13,16,6,3,0,,17,20,0.292,0.292,,0.292,0.75,0.363,mckenst01
Jim McMillian,25,BUF,NBA,1973-74,82,,3322,600,1214,600,1214,,,325,379,216,394,610,256,129,26,,186,1525,0.494,0.494,,0.494,0.858,0.552,mcmilji01
Larry McNeill,23,KCO,NBA,1973-74,54,,516,106,220,106,220,,,99,140,60,86,146,24,35,6,,76,311,0.482,0.482,,0.482,0.707,0.552,mcneila01
Cliff Meely,26,HOU,NBA,1973-74,77,,1754,330,773,330,773,,,90,140,103,336,439,124,53,77,,234,750,0.427,0.427,,0.427,0.643,0.449,meelycl01
Bill Melchionni,29,NYA,ABA,1973-74,56,,1146,116,276,111,253,5,23,59,71,13,64,77,207,51,5,86,94,296,0.42,0.439,0.217,0.429,0.831,0.482,melchbi01
Gary Melchionni,23,PHO,NBA,1973-74,69,,1251,202,439,202,439,,,92,107,46,96,142,142,41,9,,85,496,0.46,0.46,,0.46,0.86,0.51,melchga01
Dean Meminger,25,NYK,NBA,1973-74,78,,2079,274,539,274,539,,,103,160,125,156,281,162,62,8,,161,651,0.508,0.508,,0.508,0.644,0.534,meminde01
John Mengelt,24,DET,NBA,1973-74,77,,1555,249,558,249,558,,,182,229,40,166,206,148,68,7,,164,680,0.446,0.446,,0.446,0.795,0.516,mengejo01
Larry Miller,27,TOT,ABA,1973-74,80,,1968,281,638,281,635,0,3,151,228,87,122,209,144,56,6,120,138,713,0.44,0.443,0,0.44,0.662,0.483,millela01
Steve Mix,26,PHI,NBA,1973-74,82,,2969,495,1042,495,1042,,,228,288,305,559,864,152,212,37,,305,1218,0.475,0.475,,0.475,0.792,0.521,mixst01
Earl Monroe,29,NYK,NBA,1973-74,41,,1194,240,513,240,513,,,93,113,22,99,121,110,34,19,,97,573,0.468,0.468,,0.468,0.823,0.509,monroea01
Gene Moore,28,SDA,ABA,1973-74,49,,897,154,340,153,333,1,7,41,85,96,196,292,59,26,51,74,133,350,0.453,0.459,0.143,0.454,0.482,0.464,moorege01
Otto Moore,27,TOT,NBA,1973-74,78,,946,120,240,120,240,,,39,62,80,204,284,65,26,49,,99,279,0.5,0.5,,0.5,0.629,0.522,mooreot01
Rick Mount,27,TOT,ABA,1973-74,52,,753,179,410,167,364,12,46,59,71,27,33,60,66,27,1,48,77,429,0.437,0.459,0.261,0.451,0.831,0.486,mountri01
Erwin Mueller,29,MMT,ABA,1973-74,3,,20,0,4,0,4,0,0,2,5,0,3,3,2,0,0,3,5,2,0,0,,0,0.4,0.161,mueller01
Jeff Mullins,31,GSW,NBA,1973-74,77,,2498,541,1144,541,1144,,,168,192,86,190,276,305,69,22,,214,1250,0.473,0.473,,0.473,0.875,0.509,mullije01
Calvin Murphy,25,HOU,NBA,1973-74,81,,2922,671,1285,671,1285,,,310,357,51,137,188,603,157,4,,310,1652,0.522,0.522,,0.522,0.868,0.573,murphca01
Bob Nash,23,DET,NBA,1973-74,35,,281,41,115,41,115,,,24,39,31,43,74,14,3,10,,35,106,0.357,0.357,,0.357,0.615,0.401,nashbo01
Swen Nater,24,TOT,ABA,1973-74,79,,2375,467,846,467,845,0,1,180,254,286,712,998,129,32,63,200,214,1114,0.552,0.553,0,0.552,0.709,0.582,natersw01
Lloyd Neal,23,POR,NBA,1973-74,80,,1517,246,502,246,502,,,117,168,150,344,494,89,45,73,,190,609,0.49,0.49,,0.49,0.696,0.529,nealll01
Don Nelson,33,BOS,NBA,1973-74,82,,1748,364,717,364,717,,,215,273,90,255,345,162,19,13,,189,943,0.508,0.508,,0.508,0.788,0.563,nelsodo01
Louie Nelson,22,CAP,NBA,1973-74,49,,556,93,215,93,215,,,53,73,26,44,70,52,31,2,,62,239,0.433,0.433,,0.433,0.726,0.484,nelsolo01
Bob Netolicky,31,TOT,ABA,1973-74,75,,1645,314,644,312,638,2,6,106,165,173,220,393,94,28,33,98,113,736,0.488,0.489,0.333,0.489,0.642,0.514,netolbo01
Johnny Neumann,22,TOT,ABA,1973-74,87,,2056,482,1070,464,996,18,74,166,215,108,118,226,254,95,26,248,283,1148,0.45,0.466,0.243,0.459,0.772,0.493,neumajo01
Mike Newlin,25,HOU,NBA,1973-74,76,,2591,510,1139,510,1139,,,380,444,77,185,262,363,87,9,,259,1400,0.448,0.448,,0.448,0.856,0.525,newlimi01
Bill Newton,23,INA,ABA,1973-74,11,,73,7,15,7,15,0,0,1,2,1,17,18,5,2,0,7,12,15,0.467,0.467,,0.467,0.5,0.472,newtobi01
Willie Norwood,26,DET,NBA,1973-74,74,,1178,247,484,247,484,,,95,143,95,134,229,58,60,9,,156,589,0.51,0.51,,0.51,0.664,0.538,norwowi01
Jim O'Brien,22,NYA,ABA,1973-74,11,,54,15,37,15,33,0,4,9,15,13,4,17,6,3,3,8,5,39,0.405,0.455,0,0.405,0.6,0.447,obrieji02
Jimmy O'Brien,23,TOT,ABA,1973-74,72,,1320,211,513,204,486,7,27,79,95,49,85,134,254,63,1,113,79,508,0.411,0.42,0.259,0.418,0.832,0.458,obrieji01
Jim Owens,23,PHO,NBA,1973-74,17,,101,21,39,21,39,,,11,14,1,8,9,15,5,0,,6,53,0.538,0.538,,0.538,0.786,0.587,owensji01
Tom Owens,24,CAR,ABA,1973-74,81,,2284,444,843,442,837,2,6,226,294,301,416,717,127,54,41,171,308,1116,0.527,0.528,0.333,0.528,0.769,0.574,owensto01
Barry Parkhill,22,VIR,ABA,1973-74,60,,869,115,310,112,294,3,16,50,61,13,52,65,96,28,12,80,151,283,0.371,0.381,0.188,0.376,0.82,0.42,parkhba01
Steve Patterson,25,CLE,NBA,1973-74,76,,1910,262,599,262,599,,,69,112,223,396,619,165,48,58,,193,593,0.437,0.437,,0.437,0.616,0.457,pattest01
Tom Patterson,25,CAP,NBA,1973-74,2,,8,0,1,0,1,,,1,2,1,1,2,2,0,0,,0,1,0,0,,0,0.5,0.266,patteto01
Billy Paultz,25,NYA,ABA,1973-74,77,,2596,519,1051,519,1050,0,1,222,308,211,571,782,167,60,147,175,238,1260,0.494,0.494,0,0.494,0.721,0.531,paultbi01
Jerry Pender,23,SDA,ABA,1973-74,11,,68,8,30,7,27,1,3,10,13,3,2,5,4,6,0,9,11,27,0.267,0.259,0.333,0.283,0.769,0.378,pendeje01
Curtis Perry,25,MIL,NBA,1973-74,81,,2386,325,729,325,729,,,78,134,242,461,703,183,104,97,,301,728,0.446,0.446,,0.446,0.582,0.462,perrycu01
Geoff Petrie,25,POR,NBA,1973-74,73,,2800,740,1537,740,1537,,,291,341,64,144,208,315,84,15,,199,1771,0.481,0.481,,0.481,0.853,0.525,petrige01
Howard Porter,25,CHI,NBA,1973-74,73,,1229,296,658,296,658,,,92,115,86,199,285,32,23,39,,116,684,0.45,0.45,,0.45,0.8,0.483,porteho01
Kevin Porter,23,CAP,NBA,1973-74,81,,2339,477,997,477,997,,,180,249,79,100,179,469,95,9,,319,1134,0.478,0.478,,0.478,0.723,0.512,porteke01
Cincinnatus Powell,31,VIR,ABA,1973-74,82,,2485,528,1167,518,1136,10,31,209,296,171,348,519,136,46,32,186,270,1275,0.452,0.456,0.323,0.457,0.706,0.491,powelci01
Jim Price,24,LAL,NBA,1973-74,82,,2628,538,1197,538,1197,,,187,234,120,258,378,369,157,29,,229,1263,0.449,0.449,,0.449,0.799,0.486,priceji01
Luther Rackley,27,PHI,NBA,1973-74,9,,68,5,13,5,13,,,8,11,5,17,22,0,3,4,,11,18,0.385,0.385,,0.385,0.727,0.504,rackllu01
Ed Ratleff,23,HOU,NBA,1973-74,81,,1773,254,585,254,585,,,103,129,93,193,286,181,90,27,,182,611,0.434,0.434,,0.434,0.798,0.476,ratleed01
Mike Ratliff,22,KCO,NBA,1973-74,2,,4,0,0,0,0,,,0,0,0,0,0,0,0,0,,0,0,,,,,,,ratlimi01
Clifford Ray,25,CHI,NBA,1973-74,80,,2632,313,612,313,612,,,121,199,285,692,977,246,58,173,,281,747,0.511,0.511,,0.511,0.608,0.534,raycl01
Joe Reaves,23,TOT,TOT,1973-74,19,,210,36,81,36,81,0,0,8,17,19,35,54,7,2,9,17,29,80,0.444,0.444,,0.444,0.471,0.452,reavejo01
Willis Reed,31,NYK,NBA,1973-74,19,,500,84,184,84,184,,,42,53,47,94,141,30,12,21,,49,210,0.457,0.457,,0.457,0.792,0.506,reedwi01
Tom Riker,23,NYK,NBA,1973-74,17,,57,13,29,13,29,,,12,17,9,6,15,3,0,0,,6,38,0.448,0.448,,0.448,0.706,0.521,rikerto01
Pat Riley,28,LAL,NBA,1973-74,72,,1361,287,667,287,667,,,110,144,38,90,128,148,54,3,,173,684,0.43,0.43,,0.43,0.764,0.468,rileypa01
Ron Riley,23,TOT,NBA,1973-74,48,,591,81,202,81,202,,,24,38,48,129,177,37,18,24,,95,186,0.401,0.401,,0.401,0.632,0.425,rileyro01
Rich Rinaldi,24,TOT,TOT,1973-74,12,,76,7,36,7,35,0,1,7,8,7,5,12,11,5,1,1,10,21,0.194,0.2,0,0.194,0.875,0.266,rinalri01
Mike Riordan,28,CAP,NBA,1973-74,81,,3230,577,1223,577,1223,,,136,174,120,260,380,264,102,14,,237,1290,0.472,0.472,,0.472,0.782,0.496,riordmi01
Red Robbins,29,TOT,ABA,1973-74,80,,1627,276,577,275,564,1,13,116,136,144,242,386,89,40,34,89,112,669,0.478,0.488,0.077,0.479,0.853,0.525,robbire01
Rick Roberson,26,POR,NBA,1973-74,69,,2060,364,797,364,797,,,205,316,251,450,701,133,65,55,,252,933,0.457,0.457,,0.457,0.649,0.498,roberri01
Marv Roberts,24,TOT,ABA,1973-74,74,,1599,266,598,265,597,1,1,129,164,161,210,371,119,47,7,100,153,662,0.445,0.444,1,0.446,0.787,0.494,roberma01
Oscar Robertson,35,MIL,NBA,1973-74,70,,2477,338,772,338,772,,,212,254,71,208,279,446,77,4,,132,888,0.438,0.438,,0.438,0.835,0.502,roberos01
Flynn Robinson,32,SDA,ABA,1973-74,49,,779,185,405,177,375,8,30,52,68,28,50,78,112,23,2,50,72,430,0.457,0.472,0.267,0.467,0.765,0.494,robinfl01
Ronnie Robinson,22,TOT,ABA,1973-74,62,,1170,174,394,174,393,0,1,49,73,103,178,281,49,20,9,68,123,397,0.442,0.443,0,0.442,0.671,0.466,robinro01
Wilbert Robinson,24,MMT,ABA,1973-74,45,,956,166,402,166,396,0,6,57,67,28,51,79,132,51,9,92,124,389,0.413,0.419,0,0.413,0.851,0.451,robinwi01
Dave Robisch,24,DNR,ABA,1973-74,84,,2469,449,950,449,950,0,0,318,411,217,491,708,152,45,66,103,225,1216,0.473,0.473,,0.473,0.774,0.538,robisda01
John Roche,24,TOT,ABA,1973-74,84,,2180,397,829,361,724,36,105,148,177,34,88,122,363,57,15,184,157,978,0.479,0.499,0.343,0.501,0.836,0.539,rochejo01
Curtis Rowe,24,DET,NBA,1973-74,82,,2499,380,769,380,769,,,118,169,167,348,515,136,49,36,,177,878,0.494,0.494,,0.494,0.698,0.521,rowecu01
Paul Ruffner,25,BUF,NBA,1973-74,20,,51,11,27,11,27,,,8,13,4,7,11,0,1,1,,10,30,0.407,0.407,,0.407,0.615,0.458,ruffnpa01
Bob Rule,29,CLE,NBA,1973-74,26,,540,76,192,76,192,,,34,46,43,60,103,47,12,10,,71,186,0.396,0.396,,0.396,0.739,0.438,rulebo01
Cazzie Russell,29,GSW,NBA,1973-74,82,,2574,738,1531,738,1531,,,208,249,142,211,353,192,54,17,,194,1684,0.482,0.482,,0.482,0.835,0.513,russeca01
Billy Schaeffer,22,NYA,ABA,1973-74,59,,871,171,344,169,335,2,9,41,54,49,92,141,37,24,9,53,140,385,0.497,0.504,0.222,0.5,0.759,0.523,schaebi01
Dale Schlueter,28,ATL,NBA,1973-74,57,,547,63,135,63,135,,,38,50,54,101,155,45,25,22,,84,164,0.467,0.467,,0.467,0.76,0.522,schluda01
Charlie Scott,25,PHO,NBA,1973-74,52,,2003,538,1171,538,1171,,,246,315,64,158,222,271,99,22,,194,1322,0.459,0.459,,0.459,0.781,0.505,scottch01
Bruce Seals,20,UTS,ABA,1973-74,78,,1358,229,605,210,515,19,90,68,108,100,179,279,54,57,57,81,199,545,0.379,0.408,0.211,0.394,0.63,0.418,sealsbr01
Billy Shepherd,24,SDA,ABA,1973-74,84,,1738,200,530,135,328,65,202,42,66,22,85,107,371,97,10,120,102,507,0.377,0.412,0.322,0.439,0.636,0.453,shephbi01
Mark Sibley,23,POR,NBA,1973-74,28,,124,20,56,20,56,,,6,7,9,16,25,13,4,1,,23,46,0.357,0.357,,0.357,0.857,0.389,siblema01
James Silas,24,SAA,ABA,1973-74,84,,3096,486,1017,486,1016,0,1,349,420,83,260,343,319,90,8,220,256,1321,0.478,0.478,0,0.478,0.831,0.55,silasja01
Paul Silas,30,BOS,NBA,1973-74,82,,2599,340,772,340,772,,,264,337,334,581,915,186,63,20,,246,944,0.44,0.44,,0.44,0.783,0.513,silaspa01
Walter Simon,34,KEN,ABA,1973-74,80,,1164,233,492,231,479,2,13,57,68,62,147,209,117,38,10,77,133,525,0.474,0.482,0.154,0.476,0.838,0.503,simonwa01
Ralph Simpson,24,DNR,ABA,1973-74,75,,2244,597,1395,595,1371,2,24,208,276,113,213,326,191,103,12,196,190,1404,0.428,0.434,0.083,0.429,0.754,0.463,simpsra01
Jerry Sloan,31,CHI,NBA,1973-74,77,,2860,412,921,412,921,,,194,273,150,406,556,149,183,10,,273,1018,0.447,0.447,,0.447,0.711,0.489,sloanje01
Al Smith,27,DNR,ABA,1973-74,76,,2435,311,779,289,707,22,72,187,242,56,185,241,619,100,7,273,257,831,0.399,0.409,0.306,0.413,0.773,0.469,smithal01
Bingo Smith,27,CLE,NBA,1973-74,82,,2612,536,1179,536,1179,,,139,169,134,301,435,198,89,30,,242,1211,0.455,0.455,,0.455,0.822,0.483,smithbi02
Elmore Smith,24,LAL,NBA,1973-74,81,,2922,434,949,434,949,,,147,249,204,702,906,150,71,393,,309,1015,0.457,0.457,,0.457,0.59,0.479,smithel01
Greg Smith,27,POR,NBA,1973-74,67,,878,99,228,99,228,,,48,79,65,124,189,78,41,6,,126,246,0.434,0.434,,0.434,0.608,0.468,smithgr01
Randy Smith,25,BUF,NBA,1973-74,82,,2745,531,1079,531,1079,,,205,288,87,228,315,383,203,4,,261,1267,0.492,0.492,,0.492,0.712,0.525,smithra01
Dick Snyder,29,SEA,NBA,1973-74,74,,2670,572,1189,572,1189,,,194,224,90,216,306,265,90,26,,257,1338,0.481,0.481,,0.481,0.866,0.52,snydedi01
Willie Sojourner,25,NYA,ABA,1973-74,82,,1316,202,419,202,416,0,3,54,64,110,225,335,54,24,88,85,205,458,0.482,0.486,0,0.482,0.844,0.512,sojouwi01
Bud Stallworth,24,SEA,NBA,1973-74,67,,1019,188,479,188,479,,,48,77,51,123,174,33,21,12,,129,424,0.392,0.392,,0.392,0.623,0.413,stallbu01
Dave Stallworth,32,CAP,NBA,1973-74,45,,458,75,187,75,187,,,47,55,52,73,125,25,28,4,,61,197,0.401,0.401,,0.401,0.855,0.466,stallda01
Larry Steele,24,POR,NBA,1973-74,81,,2648,325,680,325,680,,,135,171,89,221,310,323,217,32,,295,785,0.478,0.478,,0.478,0.789,0.52,steella01
Paul Stovall,25,SDA,ABA,1973-74,13,,194,36,73,36,73,0,0,28,44,21,37,58,12,4,6,21,32,100,0.493,0.493,,0.493,0.636,0.541,stovapa01
Skeeter Swift,27,SAA,ABA,1973-74,16,,153,23,67,22,55,1,12,16,20,5,11,16,15,3,0,13,26,63,0.343,0.4,0.083,0.351,0.8,0.416,swiftsk01
Brian Taylor,22,NYA,ABA,1973-74,75,,2505,363,762,355,733,8,29,100,143,92,122,214,341,154,22,164,192,834,0.476,0.484,0.276,0.482,0.699,0.506,taylobr01
Fatty Taylor,27,VIR,ABA,1973-74,80,,2812,292,709,289,690,3,19,185,256,124,253,377,416,215,15,279,270,772,0.412,0.419,0.158,0.414,0.723,0.47,taylofa01
Oliver Taylor,26,TOT,ABA,1973-74,31,,519,65,150,63,146,2,4,58,86,34,54,88,54,20,6,58,63,190,0.433,0.432,0.5,0.44,0.674,0.506,taylool01
Chuck Terry,23,TOT,TOT,1973-74,68,,1125,136,306,135,304,1,2,36,41,68,101,169,76,20,5,33,143,309,0.444,0.444,0.5,0.446,0.878,0.477,terrych01
Claude Terry,24,DNR,ABA,1973-74,60,,587,113,255,99,220,14,35,60,69,26,45,71,73,12,3,57,64,300,0.443,0.45,0.4,0.471,0.87,0.526,terrycl01
Justus Thigpen,26,KCO,NBA,1973-74,1,,2,1,3,1,3,,,0,0,1,0,1,0,0,0,,0,2,0.333,0.333,,0.333,,0.333,thigpju01
Ronald Thomas,23,KEN,ABA,1973-74,71,,976,128,273,127,266,1,7,37,63,112,177,289,62,48,7,71,156,294,0.469,0.477,0.143,0.471,0.587,0.489,thomaro01
George Thompson,26,MMT,ABA,1973-74,78,,2732,539,1134,529,1080,10,54,410,519,93,180,273,396,117,24,210,234,1498,0.475,0.49,0.185,0.48,0.79,0.55,thompge01
Nate Thurmond,32,GSW,NBA,1973-74,62,,2463,308,694,308,694,,,191,287,249,629,878,165,41,179,,179,807,0.444,0.444,,0.444,0.666,0.492,thurmna01
Rudy Tomjanovich,25,HOU,NBA,1973-74,80,,3227,788,1470,788,1470,,,385,454,230,487,717,250,89,66,,230,1961,0.536,0.536,,0.536,0.848,0.587,tomjaru01
George Trapp,25,DET,NBA,1973-74,82,,1489,333,693,333,693,,,99,134,97,216,313,81,47,33,,226,765,0.481,0.481,,0.481,0.739,0.509,trappge01
John Tschogl,23,ATL,NBA,1973-74,64,,499,59,166,59,166,,,10,17,33,43,76,33,17,20,,69,128,0.355,0.355,,0.355,0.588,0.369,tschojo01
Dave Twardzik,23,VIR,ABA,1973-74,57,,1413,163,343,160,328,3,15,168,214,52,129,181,170,60,8,118,173,497,0.475,0.488,0.2,0.48,0.785,0.568,twardda01
Wes Unseld,27,CAP,NBA,1973-74,56,,1727,146,333,146,333,,,36,55,152,365,517,159,56,16,,121,328,0.438,0.438,,0.438,0.655,0.459,unselwe01
Dick Van Arsdale,30,PHO,NBA,1973-74,78,,2832,514,1028,514,1028,,,361,423,66,155,221,324,96,17,,241,1389,0.5,0.5,,0.5,0.853,0.572,vanardi01
Tom Van Arsdale,30,PHI,NBA,1973-74,78,,3041,614,1433,614,1433,,,298,350,88,305,393,202,62,3,,300,1526,0.428,0.428,,0.428,0.851,0.481,vanarto01
Norm Van Lier,26,CHI,NBA,1973-74,80,,2863,427,1051,427,1051,,,288,370,114,263,377,548,162,7,,282,1142,0.406,0.406,,0.406,0.778,0.47,vanlino01
Bob Verga,28,POR,NBA,1973-74,21,,216,42,93,42,93,,,20,32,11,7,18,17,12,0,,22,104,0.452,0.452,,0.452,0.625,0.486,vergabo01
Neal Walk,25,PHO,NBA,1973-74,82,,2549,573,1245,573,1245,,,235,297,235,602,837,331,73,57,,255,1381,0.46,0.46,,0.46,0.791,0.502,walkne01
Chet Walker,33,CHI,NBA,1973-74,82,,2661,572,1178,572,1178,,,439,502,131,275,406,200,68,4,,201,1583,0.486,0.486,,0.486,0.875,0.566,walkech01
Jimmy Walker,29,TOT,NBA,1973-74,75,,2958,582,1240,582,1240,,,273,333,39,165,204,307,81,9,,170,1437,0.469,0.469,,0.469,0.82,0.518,walkeji01
Cornell Warner,25,TOT,NBA,1973-74,72,,1405,174,349,174,349,,,85,114,106,291,397,71,27,42,,204,433,0.499,0.499,,0.499,0.746,0.542,warneco01
Bob Warren,27,TOT,ABA,1973-74,59,,799,110,255,110,249,0,6,63,73,53,51,104,74,21,13,62,73,283,0.431,0.442,0,0.431,0.863,0.493,warrebo01
John Warren,26,CLE,NBA,1973-74,69,,790,132,291,132,291,,,35,41,42,86,128,62,27,6,,117,299,0.454,0.454,,0.454,0.854,0.484,warrejo01
Jim Washington,30,ATL,NBA,1973-74,73,,2519,297,612,297,612,,,134,196,207,528,735,156,49,74,,249,728,0.485,0.485,,0.485,0.684,0.521,washiji01
Kermit Washington,22,LAL,NBA,1973-74,45,,400,73,151,73,151,,,26,49,62,85,147,19,21,18,,77,172,0.483,0.483,,0.483,0.531,0.498,washike01
Slick Watts,22,SEA,NBA,1973-74,62,,1424,198,510,198,510,,,100,155,72,110,182,351,115,13,,207,496,0.388,0.388,,0.388,0.645,0.429,wattssl01
Nick Weatherspoon,23,CAP,NBA,1973-74,65,,1216,199,483,199,483,,,96,139,133,264,397,38,48,16,,179,494,0.412,0.412,,0.412,0.691,0.454,weathni01
Bob Weiss,31,CHI,NBA,1973-74,79,,1708,263,564,263,564,,,142,170,32,71,103,303,104,12,,156,668,0.466,0.466,,0.466,0.835,0.523,weissbo01
Walt Wesley,29,CAP,NBA,1973-74,39,,400,71,151,71,151,,,26,43,63,73,136,14,9,20,,74,168,0.47,0.47,,0.47,0.605,0.494,weslewa01
Jerry West,35,LAL,NBA,1973-74,31,,967,232,519,232,519,,,165,198,30,86,116,206,81,23,,80,629,0.447,0.447,,0.447,0.833,0.519,westje01
Paul Westphal,23,BOS,NBA,1973-74,82,,1165,238,475,238,475,,,112,153,49,94,143,171,39,34,,173,588,0.501,0.501,,0.501,0.732,0.542,westppa01
John Wetzel,29,ATL,NBA,1973-74,70,,1232,107,252,107,252,,,41,57,39,131,170,138,73,19,,147,255,0.425,0.425,,0.425,0.719,0.46,wetzejo01
Jo Jo White,27,BOS,NBA,1973-74,82,,3238,649,1445,649,1445,,,190,227,100,251,351,448,105,25,,185,1488,0.449,0.449,,0.449,0.837,0.482,whitejo01
Sidney Wicks,24,POR,NBA,1973-74,75,,2853,685,1492,685,1492,,,314,412,196,488,684,326,90,63,,214,1684,0.459,0.459,,0.459,0.762,0.503,wickssi01
Lenny Wilkens,36,CLE,NBA,1973-74,74,,2483,462,994,462,994,,,289,361,80,197,277,522,97,17,,165,1213,0.465,0.465,,0.465,0.801,0.526,wilkele01
Art Williams,34,BOS,NBA,1973-74,67,,617,73,168,73,168,,,27,32,20,95,115,163,44,3,,100,173,0.435,0.435,,0.435,0.844,0.475,williar01
Bernie Williams,28,VIR,ABA,1973-74,6,,51,6,19,5,17,1,2,2,2,0,4,4,7,1,0,5,3,15,0.316,0.294,0.5,0.342,1,0.377,willibe01
Chuck Williams,27,TOT,ABA,1973-74,90,,2876,405,918,401,906,4,12,299,382,80,170,250,557,89,11,256,198,1113,0.441,0.443,0.333,0.443,0.783,0.512,willich02
Milt Williams,28,SEA,NBA,1973-74,53,,505,62,149,62,149,,,41,63,19,28,47,103,25,0,,82,165,0.416,0.416,,0.416,0.651,0.467,willimi01
Nate Williams,23,KCO,NBA,1973-74,82,,2513,538,1165,538,1165,,,193,236,118,226,344,182,149,34,,290,1269,0.462,0.462,,0.462,0.818,0.5,willina01
Ron Williams,29,MIL,NBA,1973-74,71,,1130,192,393,192,393,,,60,68,19,50,69,153,49,2,,114,444,0.489,0.489,,0.489,0.882,0.525,williro01
John Williamson,22,NYA,ABA,1973-74,77,,2264,482,982,480,971,2,11,150,190,68,145,213,243,86,27,208,254,1116,0.491,0.494,0.182,0.492,0.789,0.524,willijo01
Lee Winfield,26,BUF,NBA,1973-74,36,,433,37,105,37,105,,,33,52,19,24,43,47,15,5,,42,107,0.352,0.352,,0.352,0.635,0.418,winfile01
Harthorne Wingo,26,NYK,NBA,1973-74,60,,536,82,172,82,172,,,48,76,72,94,166,25,7,14,,85,212,0.477,0.477,,0.477,0.632,0.516,wingoha01
Willie Wise,26,UTS,ABA,1973-74,82,,3292,714,1458,712,1442,2,16,396,501,170,453,623,302,118,43,202,246,1826,0.49,0.494,0.125,0.49,0.79,0.544,wisewi01
Luke Witte,23,CLE,NBA,1973-74,57,,728,105,243,105,243,,,46,62,80,147,227,41,8,22,,91,256,0.432,0.432,,0.432,0.742,0.474,wittelu01
Dave Wohl,24,TOT,NBA,1973-74,67,,1055,121,277,121,277,,,75,102,11,35,46,236,76,2,,136,317,0.437,0.437,,0.437,0.735,0.492,wohlda01
Joby Wright,23,MMT,ABA,1973-74,3,,31,5,16,5,16,0,0,2,2,9,5,14,0,0,1,4,7,12,0.313,0.313,,0.313,1,0.355,wrighjo01
Dennis Wuycik,23,CAR,ABA,1973-74,49,,492,88,190,87,188,1,2,51,77,51,55,106,31,16,4,40,88,228,0.463,0.463,0.5,0.466,0.662,0.509,wuycide01
Zaid Abdul-Aziz,28,HOU,NBA,1974-75,65,,1450,235,538,235,538,,,159,203,154,334,488,84,37,74,,128,629,0.437,0.437,,0.437,0.783,0.501,abdulza01
Kareem Abdul-Jabbar,27,MIL,NBA,1974-75,65,,2747,812,1584,812,1584,,,325,426,194,718,912,264,65,212,,205,1949,0.513,0.513,,0.513,0.763,0.55,abdulka01
Don Adams,27,TOT,TOT,1974-75,67,,1718,169,413,169,412,0,1,62,100,84,228,312,129,82,22,27,217,400,0.409,0.41,0,0.409,0.62,0.438,adamsdo01
George Adams,25,SDA,ABA,1974-75,75,,1605,310,622,309,619,1,3,73,86,114,213,327,126,44,36,106,164,694,0.498,0.499,0.333,0.499,0.849,0.526,adamsge01
Rick Adelman,28,TOT,NBA,1974-75,58,,1074,123,291,123,291,,,73,103,25,70,95,112,70,8,,101,319,0.423,0.423,,0.423,0.709,0.474,adelmri01
Lucius Allen,27,TOT,NBA,1974-75,66,,2353,511,1170,511,1170,,,238,306,90,188,278,372,136,29,,217,1260,0.437,0.437,,0.437,0.778,0.483,allenlu01
Dan Anderson,24,POR,NBA,1974-75,43,,453,47,105,47,105,,,26,30,8,21,29,81,16,1,,44,120,0.448,0.448,,0.448,0.867,0.508,anderda02
Tiny Archibald,26,KCO,NBA,1974-75,82,,3244,759,1664,759,1664,,,652,748,48,174,222,557,119,7,,187,2170,0.456,0.456,,0.456,0.872,0.544,architi01
Jim Ard,26,BOS,NBA,1974-75,59,,719,89,266,89,266,,,48,65,59,140,199,40,13,32,,96,226,0.335,0.335,,0.335,0.738,0.384,ardji01
Bird Averitt,22,KEN,ABA,1974-75,84,,2031,422,1014,415,967,7,47,249,320,51,134,185,319,87,13,232,212,1100,0.416,0.429,0.149,0.42,0.778,0.476,averibi01
Dennis Awtrey,26,PHO,NBA,1974-75,82,,2837,339,722,339,722,,,132,195,242,462,704,342,60,52,,227,810,0.47,0.47,,0.47,0.677,0.501,awtrede01
Gus Bailey,23,HOU,NBA,1974-75,47,,446,51,126,51,126,,,20,41,23,59,82,59,17,16,,52,122,0.405,0.405,,0.405,0.488,0.423,bailegu01
Mike Bantom,23,PHO,NBA,1974-75,82,,2239,418,907,418,907,,,185,259,211,342,553,159,62,47,,273,1021,0.461,0.461,,0.461,0.714,0.5,bantomi01
Marvin Barnes,22,SSL,ABA,1974-75,77,,3076,777,1561,777,1558,0,3,295,440,419,783,1202,250,96,137,307,328,1849,0.498,0.499,0,0.498,0.67,0.527,barnema01
Jim Barnett,30,TOT,NBA,1974-75,73,,1776,285,652,285,652,,,199,238,60,119,179,176,47,16,,160,769,0.437,0.437,,0.437,0.836,0.508,barneji02
Mike Barr,24,SSL,ABA,1974-75,54,,1341,136,269,136,267,0,2,28,41,20,75,95,176,67,14,100,117,300,0.506,0.509,0,0.506,0.683,0.523,barrmi01
Rick Barry,30,GSW,NBA,1974-75,80,,3235,1028,2217,1028,2217,,,394,436,92,364,456,492,228,33,,225,2450,0.464,0.464,,0.464,0.904,0.509,barryri01
Tim Bassett,23,SDA,ABA,1974-75,72,,1998,244,518,241,514,3,4,82,146,210,316,526,117,45,36,97,159,573,0.471,0.469,0.75,0.474,0.562,0.492,basseti01
Lloyd Batts,23,VIR,ABA,1974-75,58,,1317,249,680,207,533,42,147,58,94,71,126,197,106,73,6,89,104,598,0.366,0.388,0.286,0.397,0.617,0.414,battsll01
Butch Beard,27,GSW,NBA,1974-75,82,,2521,408,773,408,773,,,232,279,116,200,316,345,132,11,,297,1048,0.528,0.528,,0.528,0.832,0.585,beardbu01
Zelmo Beaty,35,LAL,NBA,1974-75,69,,1213,136,310,136,310,,,108,135,93,234,327,74,45,29,,130,380,0.439,0.439,,0.439,0.8,0.514,beatyze01
Byron Beck,30,DNA,ABA,1974-75,84,,1818,384,745,384,744,0,1,81,97,127,216,343,106,59,14,76,270,849,0.515,0.516,0,0.515,0.835,0.539,beckby01
Ron Behagen,24,KCO,NBA,1974-75,81,,2205,333,834,333,834,,,199,264,146,446,592,153,60,42,,301,865,0.399,0.399,,0.399,0.754,0.455,behagro01
Dennis Bell,23,NYK,NBA,1974-75,52,,465,68,181,68,181,,,20,36,48,57,105,25,22,9,,54,156,0.376,0.376,,0.376,0.556,0.396,bellde01
Walt Bellamy,35,NOJ,NBA,1974-75,1,,14,2,2,2,2,,,2,2,0,5,5,0,0,0,,2,6,1,1,,1,1,1.042,bellawa01
Leon Benbow,24,CHI,NBA,1974-75,39,,252,35,94,35,94,,,15,18,14,24,38,25,11,6,,41,85,0.372,0.372,,0.372,0.833,0.417,benbole01
Henry Bibby,25,TOT,NBA,1974-75,75,,1400,270,619,270,619,,,137,189,47,90,137,181,54,3,,157,677,0.436,0.436,,0.436,0.725,0.482,bibbyhe01
Lionel Billingy,22,VIR,ABA,1974-75,46,,1022,150,351,150,349,0,2,93,143,107,173,280,49,40,10,122,112,393,0.427,0.43,0,0.427,0.65,0.475,billili01
Dave Bing,31,DET,NBA,1974-75,79,,3222,578,1333,578,1333,,,343,424,86,200,286,610,116,26,,222,1499,0.434,0.434,,0.434,0.809,0.493,bingda01
John Block,30,TOT,NBA,1974-75,54,,939,159,346,159,346,,,114,144,69,163,232,51,42,32,,121,432,0.46,0.46,,0.46,0.792,0.528,blockjo01
Tom Boerwinkle,29,CHI,NBA,1974-75,80,,1175,132,271,132,271,,,73,95,105,275,380,272,25,45,,163,337,0.487,0.487,,0.487,0.768,0.539,boerwto01
Ron Boone,28,UTS,ABA,1974-75,84,,3414,872,1776,862,1743,10,33,363,422,141,265,406,372,126,34,335,265,2117,0.491,0.495,0.303,0.494,0.86,0.54,boonero01
Freddie Boyd,24,PHI,NBA,1974-75,66,,1362,205,495,205,495,,,55,115,16,73,89,161,43,4,,134,465,0.414,0.414,,0.414,0.478,0.426,boydfr01
Ken Boyd,22,NOJ,NBA,1974-75,6,,25,7,13,7,13,,,5,11,3,2,5,2,3,0,,2,19,0.538,0.538,,0.538,0.455,0.533,boydke01
Steve Bracey,24,GSW,NBA,1974-75,42,,340,54,130,54,130,,,25,38,10,28,38,52,14,1,,41,133,0.415,0.415,,0.415,0.658,0.453,bracest01
Bill Bradley,31,NYK,NBA,1974-75,79,,2787,452,1036,452,1036,,,144,165,65,186,251,247,74,18,,283,1048,0.436,0.436,,0.436,0.873,0.473,bradlbi01
Jim Bradley,22,KEN,ABA,1974-75,56,,922,144,327,144,323,0,4,76,103,101,183,284,68,27,30,73,112,364,0.44,0.446,0,0.44,0.738,0.489,bradlji01
Jim Brewer,23,CLE,NBA,1974-75,82,,1991,291,639,291,639,,,103,159,205,304,509,128,77,43,,150,685,0.455,0.455,,0.455,0.648,0.483,breweji01
Bill Bridges,35,TOT,NBA,1974-75,32,,415,35,93,35,93,,,17,34,64,70,134,31,11,5,,65,87,0.376,0.376,,0.376,0.5,0.403,bridgbi01
John Brisker,27,SEA,NBA,1974-75,21,,276,60,141,60,141,,,42,49,15,18,33,19,7,3,,33,162,0.426,0.426,,0.426,0.857,0.498,briskjo01
Allan Bristow,23,PHI,NBA,1974-75,72,,1101,163,393,163,393,,,121,153,111,143,254,99,25,2,,101,447,0.415,0.415,,0.415,0.791,0.486,bristal01
Gary Brokaw,21,MIL,NBA,1974-75,73,,1639,234,514,234,514,,,126,184,36,111,147,221,31,18,,176,594,0.455,0.455,,0.455,0.685,0.499,brokaga01
Fred Brown,26,SEA,NBA,1974-75,81,,2669,737,1537,737,1537,,,226,272,113,230,343,284,187,14,,227,1700,0.48,0.48,,0.48,0.831,0.513,brownfr01
John Brown,23,ATL,NBA,1974-75,73,,1986,315,684,315,684,,,185,250,180,254,434,133,54,15,,228,815,0.461,0.461,,0.461,0.74,0.513,brownjo01
Roger Brown,32,TOT,ABA,1974-75,56,,1272,181,421,146,321,35,100,89,114,56,116,172,114,47,21,94,99,486,0.43,0.455,0.35,0.471,0.781,0.516,brownro01
Tom Burleson,22,SEA,NBA,1974-75,82,,1888,322,772,322,772,,,182,265,155,417,572,115,64,153,,221,826,0.417,0.417,,0.417,0.687,0.465,burleto01
Don Buse,24,INA,ABA,1974-75,80,,2369,216,500,178,377,38,123,47,59,84,188,272,335,166,15,95,149,517,0.432,0.472,0.309,0.47,0.797,0.491,busedo01
Joe Caldwell,33,SSL,ABA,1974-75,25,,841,161,326,158,319,3,7,39,87,44,67,111,128,49,10,74,78,364,0.494,0.495,0.429,0.498,0.448,0.5,caldwjo01
Corky Calhoun,24,TOT,NBA,1974-75,70,,1378,132,318,132,318,,,58,77,109,160,269,79,55,25,,180,322,0.415,0.415,,0.415,0.753,0.458,calhoco01
Mack Calvin,27,DNA,ABA,1974-75,74,,2463,483,996,480,980,3,16,475,530,36,174,210,570,140,8,279,206,1444,0.485,0.49,0.188,0.486,0.896,0.587,calvima01
Austin Carr,26,CLE,NBA,1974-75,41,,1081,252,538,252,538,,,89,106,51,56,107,154,48,2,,57,593,0.468,0.468,,0.468,0.84,0.507,carrau01
Fred Carter,29,PHI,NBA,1974-75,77,,3046,715,1598,715,1598,,,256,347,73,267,340,336,82,20,,257,1686,0.447,0.447,,0.447,0.738,0.482,cartefr01
George Carter,31,MMS,ABA,1974-75,82,,3066,590,1354,580,1317,10,37,318,400,232,349,581,255,92,33,198,276,1508,0.436,0.44,0.27,0.439,0.795,0.493,cartege01
Harvey Catchings,23,PHI,NBA,1974-75,37,,528,41,74,41,74,,,16,25,49,104,153,21,10,60,,82,98,0.554,0.554,,0.554,0.64,0.576,catchha01
Don Chaney,28,BOS,NBA,1974-75,82,,2208,321,750,321,750,,,133,165,171,199,370,181,122,66,,244,775,0.428,0.428,,0.428,0.806,0.471,chanedo01
Ken Charles,23,BUF,NBA,1974-75,79,,1690,240,515,240,515,,,120,146,68,96,164,171,87,20,,165,600,0.466,0.466,,0.466,0.822,0.518,charlke01
Phil Chenier,24,WSB,NBA,1974-75,77,,2869,690,1533,690,1533,,,301,365,74,218,292,248,176,58,,158,1681,0.45,0.45,,0.45,0.825,0.496,cheniph01
Jim Chones,25,CLE,NBA,1974-75,72,,2427,446,916,446,916,,,152,224,156,521,677,132,49,120,,247,1044,0.487,0.487,,0.487,0.679,0.515,choneji01
Archie Clark,33,SEA,NBA,1974-75,77,,2481,455,919,455,919,,,161,193,59,176,235,433,110,5,,188,1071,0.495,0.495,,0.495,0.834,0.533,clarkar01
Jim Cleamons,25,CLE,NBA,1974-75,74,,2691,369,768,369,768,,,144,181,97,232,329,381,84,21,,194,882,0.48,0.48,,0.48,0.796,0.52,cleamji01
Barry Clemens,31,POR,NBA,1974-75,77,,952,168,355,168,355,,,45,60,33,128,161,76,68,2,,139,381,0.473,0.473,,0.473,0.75,0.499,clemeba01
Ben Clyde,23,BOS,NBA,1974-75,25,,157,31,72,31,72,,,7,9,15,26,41,5,5,3,,34,69,0.431,0.431,,0.431,0.778,0.454,clydebe01
E.C. Coleman,24,NOJ,NBA,1974-75,77,,2176,253,568,253,568,,,116,166,189,360,549,105,82,37,,277,622,0.445,0.445,,0.445,0.699,0.485,colemec01
Doug Collins,23,PHI,NBA,1974-75,81,,2820,561,1150,561,1150,,,331,392,104,211,315,213,108,17,,291,1453,0.488,0.488,,0.488,0.844,0.549,collido01
Glen Combs,28,VIR,ABA,1974-75,13,,190,23,67,17,46,6,21,24,27,5,6,11,23,4,2,16,13,76,0.343,0.37,0.286,0.388,0.889,0.482,combsgl01
Mel Counts,33,NOJ,NBA,1974-75,75,,1421,217,495,217,495,,,86,113,102,339,441,182,49,43,,196,520,0.438,0.438,,0.438,0.761,0.477,countme01
Dave Cowens,26,BOS,NBA,1974-75,65,,2632,569,1199,569,1199,,,191,244,229,729,958,296,87,73,,243,1329,0.475,0.475,,0.475,0.783,0.509,cowenda01
Billy Cunningham,31,PHI,NBA,1974-75,80,,2859,609,1423,609,1423,,,345,444,130,596,726,442,91,35,,270,1563,0.428,0.428,,0.428,0.777,0.483,cunnibi01
Dick Cunningham,28,MIL,NBA,1974-75,2,,8,0,0,0,0,,,0,0,0,2,2,1,0,0,,1,0,,,,,,,cunnidi01
Mike D'Antoni,23,KCO,NBA,1974-75,67,,759,69,173,69,173,,,28,36,13,64,77,107,67,12,,106,166,0.399,0.399,,0.399,0.778,0.44,dantomi01
Louie Dampier,30,KEN,ABA,1974-75,83,,2879,598,1195,560,1099,38,96,161,199,42,169,211,449,92,53,146,140,1395,0.5,0.51,0.396,0.516,0.809,0.544,dampilo01
Bob Dandridge,27,MIL,NBA,1974-75,80,,3031,691,1460,691,1460,,,211,262,142,409,551,243,122,48,,330,1593,0.473,0.473,,0.473,0.805,0.506,dandrbo01
Mel Daniels,30,MMS,ABA,1974-75,71,,1646,290,644,290,644,0,0,116,183,186,452,638,125,40,102,141,248,696,0.45,0.45,,0.45,0.634,0.48,danieme01
Jesse Dark,23,NYK,NBA,1974-75,47,,401,74,157,74,157,,,22,40,15,22,37,30,3,1,,48,170,0.471,0.471,,0.471,0.55,0.487,darkje01
Dwight Davis,25,CLE,NBA,1974-75,78,,1964,295,666,295,666,,,176,245,108,356,464,150,45,39,,254,766,0.443,0.443,,0.443,0.718,0.495,davisdw01
Jim Davis,33,DET,NBA,1974-75,79,,1078,118,260,118,260,,,85,117,96,189,285,90,50,36,,129,321,0.454,0.454,,0.454,0.726,0.515,davisji01
Lee Davis,29,SDA,ABA,1974-75,75,,1838,387,733,383,717,4,16,113,169,178,314,492,110,40,40,92,179,891,0.528,0.534,0.25,0.531,0.669,0.552,davisle01
Mel Davis,24,NYK,NBA,1974-75,62,,903,154,395,154,395,,,48,70,70,251,321,54,16,8,,105,356,0.39,0.39,,0.39,0.686,0.418,davisme01
Mickey Davis,24,MIL,NBA,1974-75,75,,1077,174,363,174,363,,,78,88,68,169,237,79,30,5,,103,426,0.479,0.479,,0.479,0.886,0.53,davismi02
Randy Denton,25,UTS,ABA,1974-75,75,,1482,300,597,300,597,0,0,92,120,154,319,473,90,29,43,99,176,692,0.503,0.503,,0.503,0.767,0.532,dentora01
Rod Derline,22,SEA,NBA,1974-75,58,,666,142,332,142,332,,,43,56,12,47,59,45,23,4,,47,327,0.428,0.428,,0.428,0.768,0.458,derliro01
Clyde Dickey,23,UTS,ABA,1974-75,58,,472,71,203,69,188,2,15,16,21,12,49,61,47,14,0,45,46,160,0.35,0.367,0.133,0.355,0.762,0.377,dickecl01
Derrek Dickey,23,GSW,NBA,1974-75,80,,1859,274,569,274,569,,,66,99,190,360,550,125,52,19,,199,614,0.482,0.482,,0.482,0.667,0.501,dickede01
Coby Dietrick,26,SAA,ABA,1974-75,82,,1724,222,444,220,440,2,4,76,99,191,333,524,168,82,55,117,266,522,0.5,0.5,0.5,0.502,0.768,0.535,dietrco01
Ernie DiGregorio,24,BUF,NBA,1974-75,31,,712,103,234,103,234,,,35,45,6,39,45,151,19,0,,62,241,0.44,0.44,,0.44,0.778,0.475,digreer01
Steve Downing,24,BOS,NBA,1974-75,3,,9,0,2,0,2,,,0,2,0,2,2,0,0,0,,0,0,0,0,,0,0,0,downist01
John Drew,20,ATL,NBA,1974-75,78,,2289,527,1230,527,1230,,,388,544,357,479,836,138,119,39,,274,1442,0.428,0.428,,0.428,0.713,0.491,drewjo01
Terry Driscoll,27,TOT,TOT,1974-75,41,,403,49,135,49,135,0,0,21,29,44,60,104,35,10,6,28,58,119,0.363,0.363,,0.363,0.724,0.403,driscte01
Charles Dudley,24,GSW,NBA,1974-75,67,,756,102,217,102,217,,,70,97,61,84,145,103,40,2,,105,274,0.47,0.47,,0.47,0.722,0.528,dudlech01
Ken Durrett,26,TOT,NBA,1974-75,48,,445,67,166,67,166,,,31,52,35,67,102,18,9,8,,72,165,0.404,0.404,,0.404,0.596,0.437,durreke01
Dennis DuVal,22,WSB,NBA,1974-75,37,,137,24,65,24,65,,,12,18,8,15,23,14,16,2,,34,60,0.369,0.369,,0.369,0.667,0.411,duvalde01
Jim Eakins,28,UTS,ABA,1974-75,84,,2566,380,756,380,756,0,0,291,348,210,394,604,146,57,85,173,259,1051,0.503,0.503,,0.503,0.836,0.578,eakinji01
Al Eberhard,22,DET,NBA,1974-75,34,,277,31,85,31,85,,,17,21,18,29,47,16,13,1,,33,79,0.365,0.365,,0.365,0.81,0.419,eberhal01
Charles Edge,24,INA,ABA,1974-75,77,,1142,195,386,195,383,0,3,63,114,164,176,340,39,53,35,82,103,453,0.505,0.509,0,0.505,0.553,0.519,edgech01
Leroy Ellis,34,PHI,NBA,1974-75,82,,2183,287,623,287,623,,,72,99,195,387,582,117,44,55,,178,646,0.461,0.461,,0.461,0.727,0.485,ellisle01
Len Elmore,22,INA,ABA,1974-75,77,,1414,218,523,217,522,1,1,72,93,148,247,395,35,67,91,83,241,509,0.417,0.416,1,0.418,0.774,0.451,elmorle01
Darrell Elston,22,VIR,ABA,1974-75,72,,1869,250,613,247,595,3,18,93,123,48,115,163,202,82,9,126,166,596,0.408,0.415,0.167,0.41,0.756,0.447,elstoda01
Scott English,24,SDA,ABA,1974-75,71,,1316,210,494,209,484,1,10,69,89,130,233,363,88,47,20,88,115,490,0.425,0.432,0.1,0.426,0.775,0.46,englisc01
Keith Erickson,30,PHO,NBA,1974-75,49,,1469,237,557,237,557,,,130,156,70,173,243,170,50,12,,150,604,0.425,0.425,,0.425,0.833,0.483,erickke01
Julius Erving,24,NYA,ABA,1974-75,84,,3402,914,1806,885,1719,29,87,486,608,284,630,914,462,186,157,301,256,2343,0.506,0.515,0.333,0.514,0.799,0.565,ervinju01
Larry Finch,23,MMS,ABA,1974-75,63,,1888,264,593,244,540,20,53,115,133,44,99,143,190,52,6,90,164,663,0.445,0.452,0.377,0.462,0.865,0.509,finchla01
Hank Finkel,32,BOS,NBA,1974-75,62,,518,52,129,52,129,,,23,43,33,79,112,32,7,3,,72,127,0.403,0.403,,0.403,0.535,0.429,finkeha01
Chris Ford,26,DET,NBA,1974-75,80,,1962,206,435,206,435,,,63,95,93,176,269,230,113,26,,187,475,0.474,0.474,,0.474,0.663,0.498,fordch01
Fred Foster,28,CLE,NBA,1974-75,73,,1136,217,521,217,521,,,69,97,56,54,110,103,22,2,,130,503,0.417,0.417,,0.417,0.711,0.446,fostefr01
Jimmy Foster,23,SSL,ABA,1974-75,41,,806,78,209,78,203,0,6,27,34,19,56,75,143,39,5,88,118,183,0.373,0.384,0,0.373,0.794,0.409,fosteja01
Jim Fox,31,SEA,NBA,1974-75,75,,1766,253,540,253,540,,,170,212,128,363,491,137,48,17,,168,676,0.469,0.469,,0.469,0.802,0.534,foxji01
William Franklin,25,SAA,ABA,1974-75,24,,179,32,85,32,84,0,1,15,23,39,43,82,10,3,2,18,37,79,0.376,0.381,0,0.376,0.652,0.415,frankwi01
Walt Frazier,29,NYK,NBA,1974-75,78,,3204,672,1391,672,1391,,,331,400,90,375,465,474,190,14,,205,1675,0.483,0.483,,0.483,0.828,0.534,fraziwa01
Donnie Freeman,30,SAA,ABA,1974-75,77,,2381,453,1012,453,1007,0,5,289,352,107,77,184,202,65,15,131,169,1195,0.448,0.45,0,0.448,0.821,0.512,freemdo01
Bernie Fryer,25,TOT,TOT,1974-75,40,,696,71,174,71,173,0,1,55,71,21,47,68,78,28,0,17,82,197,0.408,0.41,0,0.408,0.775,0.48,fryerbe01
Mike Gale,24,NYA,ABA,1974-75,72,,1624,228,492,221,469,7,23,72,91,97,139,236,165,88,47,111,131,535,0.463,0.471,0.304,0.471,0.791,0.503,galemi01
Rowland Garrett,24,CHI,NBA,1974-75,70,,1183,228,474,228,474,,,77,97,80,167,247,43,24,13,,124,533,0.481,0.481,,0.481,0.794,0.516,garrero01
Gus Gerard,21,SSL,ABA,1974-75,84,,2702,554,1220,553,1214,1,6,206,279,282,373,655,189,63,111,207,274,1315,0.454,0.456,0.167,0.455,0.738,0.49,gerargu01
George Gervin,22,SAA,ABA,1974-75,84,,3113,784,1655,767,1600,17,55,380,458,247,450,697,207,131,138,249,295,1965,0.474,0.479,0.309,0.479,0.83,0.529,gervige01
John Gianelli,24,NYK,NBA,1974-75,80,,2797,343,726,343,726,,,135,195,214,475,689,163,38,118,,263,821,0.472,0.472,,0.472,0.692,0.506,gianejo01
Dick Gibbs,26,WSB,NBA,1974-75,59,,424,74,190,74,190,,,48,64,26,35,61,19,12,3,,60,196,0.389,0.389,,0.389,0.75,0.449,gibbsdi01
Herm Gilliam,28,ATL,NBA,1974-75,60,,1393,314,736,314,736,,,94,113,76,128,204,170,77,13,,124,722,0.427,0.427,,0.427,0.832,0.459,gillihe01
Artis Gilmore,25,KEN,ABA,1974-75,84,,3493,784,1351,783,1349,1,2,412,592,427,934,1361,208,63,258,344,318,1981,0.58,0.58,0.5,0.581,0.696,0.615,gilmoar01
Gail Goodrich,31,LAL,NBA,1974-75,72,,2668,656,1429,656,1429,,,318,378,96,123,219,420,102,6,,214,1630,0.459,0.459,,0.459,0.841,0.511,goodrga01
Gerald Govan,33,UTS,ABA,1974-75,84,,2791,239,602,238,600,1,2,83,105,121,480,601,230,72,36,195,217,562,0.397,0.397,0.5,0.398,0.79,0.434,govange01
Travis Grant,25,SDA,ABA,1974-75,53,,1998,576,1058,575,1056,1,2,182,218,117,211,328,98,44,21,118,160,1335,0.544,0.545,0.5,0.545,0.835,0.578,granttr01
Leonard Gray,23,SEA,NBA,1974-75,75,,2280,378,773,378,773,,,104,144,133,345,478,163,63,24,,292,860,0.489,0.489,,0.489,0.722,0.514,grayle01
Lamar Green,27,TOT,TOT,1974-75,66,,1136,139,340,139,340,0,0,49,74,114,250,364,63,17,30,60,177,327,0.409,0.409,,0.409,0.662,0.439,greenla01
Mike Green,23,DNA,ABA,1974-75,81,,2557,593,1095,593,1091,0,4,225,305,282,467,749,101,85,174,203,271,1411,0.542,0.544,0,0.542,0.738,0.574,greenmi01
Matt Guokas,30,CHI,NBA,1974-75,82,,2089,255,500,255,500,,,78,103,24,115,139,178,45,17,,154,588,0.51,0.51,,0.51,0.757,0.539,guokama02
Happy Hairston,32,LAL,NBA,1974-75,74,,2283,271,536,271,536,,,217,271,304,642,946,173,52,11,,218,759,0.506,0.506,,0.506,0.801,0.579,hairsha01
Joe Hamilton,26,KEN,ABA,1974-75,9,,124,15,40,12,35,3,5,5,6,2,9,11,21,4,0,9,13,38,0.375,0.343,0.6,0.413,0.833,0.446,hamiljo01
Phil Hankinson,23,BOS,NBA,1974-75,3,,24,6,11,6,11,,,0,0,1,6,7,2,1,0,,3,12,0.545,0.545,,0.545,,0.545,hankiph01
Bernie Harris,24,BUF,NBA,1974-75,11,,25,2,11,2,11,,,1,2,2,6,8,1,0,1,,0,5,0.182,0.182,,0.182,0.5,0.21,harribe01
Billy Harris,23,SDA,ABA,1974-75,76,,1221,264,664,248,591,16,73,65,96,58,64,122,111,55,6,79,166,609,0.398,0.42,0.219,0.41,0.677,0.431,harribi01
Clem Haskins,31,WSB,NBA,1974-75,70,,702,115,290,115,290,,,53,63,29,51,80,79,23,6,,73,283,0.397,0.397,,0.397,0.841,0.445,haskicl01
John Havlicek,34,BOS,NBA,1974-75,82,,3132,642,1411,642,1411,,,289,332,154,330,484,432,110,16,,231,1573,0.455,0.455,,0.455,0.87,0.505,havlijo01
Steve Hawes,24,HOU,NBA,1974-75,55,,897,140,279,140,279,,,45,55,80,195,275,88,36,36,,99,325,0.502,0.502,,0.502,0.818,0.536,hawesst01
Connie Hawkins,32,LAL,NBA,1974-75,43,,1026,139,324,139,324,,,68,99,54,144,198,120,51,23,,116,346,0.429,0.429,,0.429,0.687,0.471,hawkico01
Nate Hawthorne,25,PHO,NBA,1974-75,50,,618,118,287,118,287,,,61,94,34,58,92,39,30,21,,94,297,0.411,0.411,,0.411,0.649,0.452,hawthna01
Elvin Hayes,29,WSB,NBA,1974-75,82,,3465,739,1668,739,1668,,,409,534,221,783,1004,206,158,187,,238,1887,0.443,0.443,,0.443,0.766,0.496,hayesel01
Spencer Haywood,25,SEA,NBA,1974-75,68,,2529,608,1325,608,1325,,,309,381,198,432,630,137,54,108,,173,1525,0.459,0.459,,0.459,0.811,0.511,haywosp01
Gar Heard,26,BUF,NBA,1974-75,67,,2148,318,819,318,819,,,106,188,185,481,666,190,106,120,,242,742,0.388,0.388,,0.388,0.564,0.411,heardga01
Tom Henderson,23,ATL,NBA,1974-75,79,,2131,367,893,367,893,,,168,241,51,161,212,314,105,7,,149,902,0.411,0.411,,0.411,0.697,0.451,hendeto01
Bill Hewitt,30,CHI,NBA,1974-75,18,,467,56,129,56,129,,,14,23,30,86,116,24,9,10,,46,126,0.434,0.434,,0.434,0.609,0.453,hewitbi01
Bill Higgins,22,VIR,ABA,1974-75,15,,348,61,139,60,134,1,5,15,23,5,16,21,32,8,1,40,41,138,0.439,0.448,0.2,0.442,0.652,0.463,higgibi01
Darnell Hillman,25,INA,ABA,1974-75,81,,2603,486,923,486,919,0,4,152,202,296,451,747,131,73,132,209,330,1124,0.527,0.529,0,0.527,0.752,0.555,hillmda01
Lou Hudson,30,ATL,NBA,1974-75,11,,380,97,225,97,225,,,48,57,14,33,47,40,13,2,,33,242,0.431,0.431,,0.431,0.842,0.484,hudsolo01
John Hummer,26,SEA,NBA,1974-75,43,,568,41,108,41,108,,,14,51,28,76,104,38,8,7,,63,96,0.38,0.38,,0.38,0.275,0.368,hummejo01
Tom Ingelsby,23,SSL,ABA,1974-75,22,,344,44,90,43,85,1,5,20,27,22,28,50,38,14,1,17,19,109,0.489,0.506,0.2,0.494,0.741,0.535,ingelto01
George Irvine,26,VIR,ABA,1974-75,59,,1522,311,589,298,552,13,37,139,164,73,130,203,108,32,12,94,171,774,0.528,0.54,0.351,0.539,0.848,0.585,irvinge01
Dan Issel,26,KEN,ABA,1974-75,83,,2864,614,1303,614,1298,0,5,237,321,258,452,710,188,76,48,157,197,1465,0.471,0.473,0,0.471,0.738,0.507,isselda01
Warren Jabali,28,SDA,ABA,1974-75,62,,1861,254,648,192,455,62,193,179,227,72,185,257,358,112,19,184,188,749,0.392,0.422,0.321,0.44,0.789,0.501,jabalwa01
Greg Jackson,22,TOT,NBA,1974-75,49,,802,73,176,73,176,,,36,62,19,50,69,96,23,9,,130,182,0.415,0.415,,0.415,0.581,0.448,jacksgr01
Mike Jackson,25,VIR,ABA,1974-75,82,,2023,382,724,381,721,1,3,232,295,183,274,457,82,47,19,212,308,997,0.528,0.528,0.333,0.528,0.786,0.584,jacksmi01
Phil Jackson,29,NYK,NBA,1974-75,78,,2285,324,712,324,712,,,193,253,137,463,600,136,84,53,,330,841,0.455,0.455,,0.455,0.763,0.511,jacksph01
Wardell Jackson,23,SEA,NBA,1974-75,56,,939,96,242,96,242,,,51,71,53,80,133,30,26,5,,126,243,0.397,0.397,,0.397,0.718,0.445,jackswa01
Aaron James,22,NOJ,NBA,1974-75,76,,1731,370,776,370,776,,,147,189,140,226,366,66,41,15,,217,887,0.477,0.477,,0.477,0.778,0.516,jamesaa01
Charles Johnson,25,GSW,NBA,1974-75,79,,2171,394,957,394,957,,,75,102,134,177,311,233,138,8,,204,863,0.412,0.412,,0.412,0.735,0.431,johnsch01
George Johnson,26,GSW,NBA,1974-75,82,,1439,152,319,152,319,,,60,91,217,357,574,67,32,136,,206,364,0.476,0.476,,0.476,0.659,0.507,johnsge02
John Johnson,27,POR,NBA,1974-75,80,,2540,527,1082,527,1082,,,236,301,162,339,501,240,75,39,,249,1290,0.487,0.487,,0.487,0.784,0.531,johnsjo01
Mickey Johnson,22,CHI,NBA,1974-75,38,,291,53,118,53,118,,,37,58,32,62,94,20,10,11,,57,143,0.449,0.449,,0.449,0.638,0.498,johnsmi01
Ollie Johnson,25,TOT,NBA,1974-75,73,,1667,203,429,203,429,,,95,114,87,156,243,110,59,33,,172,501,0.473,0.473,,0.473,0.833,0.523,johnsol01
Stew Johnson,30,TOT,ABA,1974-75,81,,2812,664,1493,624,1361,40,132,63,86,138,355,493,138,96,26,118,228,1431,0.445,0.458,0.303,0.458,0.733,0.467,johnsst01
Bobby Jones,23,DNA,ABA,1974-75,84,,2706,529,876,529,875,0,1,187,269,230,462,692,303,167,153,234,263,1245,0.604,0.605,0,0.604,0.695,0.626,jonesbo01
Caldwell Jones,24,SDA,ABA,1974-75,76,,3004,606,1240,603,1229,3,11,264,335,311,763,1074,162,60,246,192,269,1479,0.489,0.491,0.273,0.49,0.788,0.533,jonesca01
Collis Jones,25,MMS,ABA,1974-75,81,,1880,333,702,328,687,5,15,134,177,150,219,369,81,105,33,69,186,805,0.474,0.477,0.333,0.478,0.757,0.516,jonesco01
Dwight Jones,22,ATL,NBA,1974-75,75,,2086,323,752,323,752,,,132,183,236,461,697,152,51,51,,226,778,0.43,0.43,,0.43,0.721,0.467,jonesdw01
Jimmy Jones,30,WSB,NBA,1974-75,73,,1424,207,400,207,400,,,103,142,36,101,137,162,76,10,,190,517,0.518,0.518,,0.518,0.725,0.559,jonesji01
Rich Jones,28,SAA,ABA,1974-75,83,,3097,649,1480,636,1430,13,50,287,374,247,398,645,270,88,32,210,297,1598,0.439,0.445,0.26,0.443,0.767,0.486,jonesri01
Steve Jones,32,SSL,ABA,1974-75,69,,1884,287,654,283,635,4,19,171,206,43,151,194,197,53,7,147,131,749,0.439,0.446,0.211,0.442,0.83,0.503,jonesst01
Wali Jones,32,UTS,ABA,1974-75,71,,1339,212,524,206,499,6,25,102,124,15,62,77,152,42,3,76,147,532,0.405,0.413,0.24,0.41,0.823,0.46,joneswa02
Wil Jones,27,KEN,ABA,1974-75,84,,2689,458,948,458,943,0,5,139,189,198,409,607,256,108,70,199,353,1055,0.483,0.486,0,0.483,0.735,0.512,joneswi02
Kevin Joyce,23,INA,ABA,1974-75,81,,2828,530,1245,522,1203,8,42,142,180,60,103,163,322,107,23,151,259,1210,0.426,0.434,0.19,0.429,0.789,0.457,joyceke01
George Karl,23,SAA,ABA,1974-75,82,,1629,261,534,257,511,4,23,137,177,47,108,155,334,96,7,158,207,663,0.489,0.503,0.174,0.493,0.774,0.542,karlge01
Bob Kauffman,28,ATL,NBA,1974-75,73,,797,113,261,113,261,,,59,84,67,115,182,81,19,4,,103,285,0.433,0.433,,0.433,0.702,0.478,kauffbo01
Bill Keller,27,INA,ABA,1974-75,79,,1918,397,908,317,668,80,240,113,128,90,121,211,204,59,3,109,101,987,0.437,0.475,0.333,0.481,0.883,0.512,kellebi01
Frank Kendrick,24,GSW,NBA,1974-75,24,,121,31,77,31,77,,,18,22,19,17,36,6,11,3,,22,80,0.403,0.403,,0.403,0.818,0.461,kendrfr01
Goo Kennedy,25,SSL,ABA,1974-75,74,,1532,281,536,280,535,1,1,129,178,171,202,373,59,64,10,92,190,692,0.524,0.523,1,0.525,0.725,0.563,kennego01
Larry Kenon,22,NYA,ABA,1974-75,84,,3165,676,1327,675,1325,1,2,217,282,279,621,900,122,107,30,206,229,1570,0.509,0.509,0.5,0.51,0.77,0.541,kenonla01
Julius Keye,28,MMS,ABA,1974-75,12,,233,12,47,12,47,0,0,6,8,16,39,55,2,4,5,8,26,30,0.255,0.255,,0.255,0.75,0.297,keyeju01
Toby Kimball,32,NOJ,NBA,1974-75,3,,90,7,23,7,23,,,6,7,8,18,26,4,2,0,,12,20,0.304,0.304,,0.304,0.857,0.383,kimbato01
Billy Knight,22,INA,ABA,1974-75,80,,2559,580,1087,576,1071,4,16,207,259,284,348,632,168,115,29,236,194,1371,0.534,0.538,0.25,0.535,0.799,0.571,knighbi01
Don Kojis,36,KCO,NBA,1974-75,21,,232,46,98,46,98,,,20,30,14,25,39,10,12,1,,31,112,0.469,0.469,,0.469,0.667,0.504,kojisdo01
Len Kosmalski,23,KCO,NBA,1974-75,67,,413,33,83,33,83,,,24,29,31,88,119,41,6,6,,64,90,0.398,0.398,,0.398,0.828,0.47,kosmale01
Tom Kozelko,23,WSB,NBA,1974-75,73,,754,60,167,60,167,,,31,36,50,90,140,41,28,5,,125,151,0.359,0.359,,0.359,0.861,0.413,kozelto01
Steve Kuberski,27,MIL,NBA,1974-75,59,,517,62,159,62,159,,,44,56,52,71,123,35,11,3,,59,168,0.39,0.39,,0.39,0.786,0.457,kuberst01
Kevin Kunnert,23,HOU,NBA,1974-75,75,,1801,346,676,346,676,,,116,169,214,417,631,108,34,84,,223,808,0.512,0.512,,0.512,0.686,0.538,kunneke01
Sam Lacey,26,KCO,NBA,1974-75,81,,3378,392,917,392,917,,,144,191,228,921,1149,428,139,168,,274,928,0.427,0.427,,0.427,0.754,0.464,laceysa01
Wendell Ladner,26,NYA,ABA,1974-75,25,,436,45,173,38,137,7,36,6,10,21,47,68,39,32,1,23,68,103,0.26,0.277,0.194,0.28,0.6,0.29,ladnewe01
Bo Lamar,23,SDA,ABA,1974-75,77,,2917,667,1571,642,1462,25,109,247,315,88,151,239,427,129,12,238,150,1606,0.425,0.439,0.229,0.433,0.784,0.47,lamarbo01
Bob Lanier,26,DET,NBA,1974-75,76,,2987,731,1433,731,1433,,,361,450,225,689,914,350,75,172,,237,1823,0.51,0.51,,0.51,0.802,0.559,laniebo01
Stu Lantz,28,TOT,NBA,1974-75,75,,1783,228,561,228,561,,,192,229,88,106,194,188,56,12,,162,648,0.406,0.406,,0.406,0.838,0.49,lantzst01
Clyde Lee,30,TOT,NBA,1974-75,80,,2456,176,427,176,427,,,119,177,288,469,757,105,30,20,,285,471,0.412,0.412,,0.412,0.672,0.466,leecl01
Greg Lee,23,SDA,ABA,1974-75,5,,63,8,15,8,15,0,0,2,2,1,2,3,13,4,0,6,6,18,0.533,0.533,,0.533,1,0.567,leegr01
Russ Lee,25,NOJ,NBA,1974-75,15,,139,29,76,29,76,,,7,14,15,16,31,7,11,3,,17,65,0.382,0.382,,0.382,0.5,0.396,leeru01
Freddie Lewis,31,TOT,ABA,1974-75,69,,2790,579,1232,561,1165,18,67,355,421,111,154,265,367,147,3,206,161,1531,0.47,0.482,0.269,0.477,0.843,0.54,lewisfr02
Bill Ligon,22,DET,NBA,1974-75,38,,272,55,143,55,143,,,16,25,14,12,26,25,8,9,,31,126,0.385,0.385,,0.385,0.64,0.409,ligonbi01
Gene Littles,31,KEN,ABA,1974-75,61,,900,85,202,83,194,2,8,43,58,30,56,86,119,52,4,62,81,215,0.421,0.428,0.25,0.426,0.741,0.472,littlge01
Bob Love,32,CHI,NBA,1974-75,61,,2401,539,1256,539,1256,,,264,318,99,286,385,102,63,12,,209,1342,0.429,0.429,,0.429,0.83,0.481,lovebo01
Stan Love,25,TOT,TOT,1974-75,42,,495,98,224,98,224,0,0,50,70,37,84,121,35,16,17,6,85,246,0.438,0.438,,0.438,0.714,0.483,lovest01
Maurice Lucas,22,SSL,ABA,1974-75,80,,2464,438,937,436,928,2,9,180,229,282,534,816,287,89,64,208,301,1058,0.467,0.47,0.222,0.469,0.786,0.51,lucasma01
Phil Lumpkin,23,POR,NBA,1974-75,48,,792,86,190,86,190,,,30,39,10,49,59,177,20,3,,80,202,0.453,0.453,,0.453,0.769,0.488,lumpkph01
Moses Malone,19,UTS,ABA,1974-75,83,,3205,591,1035,591,1034,0,1,375,591,455,754,1209,82,85,128,320,288,1557,0.571,0.572,0,0.571,0.635,0.601,malonmo01
Ed Manning,31,NYA,ABA,1974-75,70,,992,103,243,103,241,0,2,35,42,59,153,212,58,40,9,57,144,241,0.424,0.427,0,0.424,0.833,0.461,mannied01
Pete Maravich,27,NOJ,NBA,1974-75,79,,2853,655,1562,655,1562,,,390,481,93,329,422,488,120,18,,227,1700,0.419,0.419,,0.419,0.811,0.479,maravpe01
Jack Marin,30,BUF,NBA,1974-75,81,,2147,380,836,380,836,,,193,222,104,259,363,133,51,16,,238,953,0.455,0.455,,0.455,0.869,0.51,marinja01
LaRue Martin,24,POR,NBA,1974-75,81,,1372,236,522,236,522,,,99,142,136,272,408,69,33,49,,239,571,0.452,0.452,,0.452,0.697,0.488,martila01
Don May,29,KCO,NBA,1974-75,29,,139,27,54,27,54,,,10,12,4,9,13,5,4,2,,21,64,0.5,0.5,,0.5,0.833,0.54,maydo01
Bob McAdoo,23,BUF,NBA,1974-75,82,,3539,1095,2138,1095,2138,,,641,796,307,848,1155,179,92,174,,278,2831,0.512,0.512,,0.512,0.805,0.569,mcadobo01
Ted McClain,28,KEN,ABA,1974-75,72,,1971,256,582,255,574,1,8,104,138,65,203,268,365,130,15,167,231,617,0.44,0.444,0.125,0.441,0.754,0.48,mcclate01
Glenn McDonald,22,BOS,NBA,1974-75,62,,395,70,182,70,182,,,28,37,20,48,68,24,8,5,,58,168,0.385,0.385,,0.385,0.757,0.424,mcdongl01
Patrick McFarland,23,DNA,ABA,1974-75,70,,945,200,424,198,408,2,16,52,66,37,83,120,116,47,5,108,60,454,0.472,0.485,0.125,0.474,0.788,0.501,mcfarpa01
George McGinnis,24,INA,ABA,1974-75,79,,3193,873,1934,811,1759,62,175,545,753,396,730,1126,495,206,56,422,303,2353,0.451,0.461,0.354,0.467,0.724,0.519,mcginge01
Jon McGlocklin,31,MIL,NBA,1974-75,79,,1853,323,651,323,651,,,63,72,25,94,119,255,51,6,,142,709,0.496,0.496,,0.496,0.875,0.519,mcglojo01
Kenny McIntosh,26,SEA,NBA,1974-75,6,,101,6,29,6,29,,,6,9,6,9,15,7,4,3,,12,18,0.207,0.207,,0.207,0.667,0.273,mcintke01
Jim McMillian,26,BUF,NBA,1974-75,62,,2132,347,695,347,695,,,194,231,127,258,385,156,69,15,,129,888,0.499,0.499,,0.499,0.84,0.557,mcmilji01
Larry McNeill,24,KCO,NBA,1974-75,80,,1749,296,645,296,645,,,189,241,149,348,497,73,69,27,,229,781,0.459,0.459,,0.459,0.784,0.52,mcneila01
Roy McPipe,24,UTS,ABA,1974-75,5,,44,8,24,6,20,2,4,3,4,2,3,5,1,1,0,10,5,21,0.333,0.3,0.5,0.375,0.75,0.408,mcpipro01
Cliff Meely,27,HOU,NBA,1974-75,48,,753,156,349,156,349,,,68,94,55,109,164,45,21,21,,117,380,0.447,0.447,,0.447,0.723,0.487,meelycl01
Bill Melchionni,30,NYA,ABA,1974-75,77,,1384,201,413,193,386,8,27,62,78,12,63,75,320,69,7,106,105,472,0.487,0.5,0.296,0.496,0.795,0.528,melchbi01
Gary Melchionni,24,PHO,NBA,1974-75,68,,1529,232,539,232,539,,,114,141,45,142,187,156,48,12,,116,578,0.43,0.43,,0.43,0.809,0.481,melchga01
Dean Meminger,26,ATL,NBA,1974-75,80,,2177,233,500,233,500,,,168,263,84,130,214,397,118,11,,160,634,0.466,0.466,,0.466,0.639,0.515,meminde01
John Mengelt,25,DET,NBA,1974-75,80,,1995,336,701,336,701,,,211,248,38,153,191,201,72,4,,198,883,0.479,0.479,,0.479,0.851,0.545,mengejo01
Larry Miller,28,UTS,ABA,1974-75,5,,26,3,9,3,9,0,0,3,3,1,0,1,4,1,0,2,0,9,0.333,0.333,,0.333,1,0.436,millela01
Steve Mix,27,PHI,NBA,1974-75,46,,1748,280,582,280,582,,,159,205,155,345,500,99,79,21,,175,719,0.481,0.481,,0.481,0.776,0.535,mixst01
Eric Money,19,DET,NBA,1974-75,66,,889,144,319,144,319,,,31,45,27,61,88,101,33,2,,121,319,0.451,0.451,,0.451,0.689,0.471,moneyer01
Earl Monroe,30,NYK,NBA,1974-75,78,,2814,668,1462,668,1462,,,297,359,56,271,327,270,108,29,,200,1633,0.457,0.457,,0.457,0.827,0.504,monroea01
Gene Moore,29,SSL,ABA,1974-75,13,,108,13,32,13,32,0,0,4,4,15,27,42,5,4,7,12,11,30,0.406,0.406,,0.406,1,0.444,moorege01
Otto Moore,28,TOT,NBA,1974-75,42,,1066,118,262,118,262,,,46,69,92,238,330,83,21,40,,148,282,0.45,0.45,,0.45,0.667,0.482,mooreot01
Rick Mount,28,MMS,ABA,1974-75,26,,895,181,431,161,384,20,47,63,73,14,37,51,79,28,7,41,44,445,0.42,0.419,0.426,0.443,0.863,0.48,mountri01
Jeff Mullins,32,GSW,NBA,1974-75,66,,1141,234,514,234,514,,,71,87,46,77,123,153,57,14,,123,539,0.455,0.455,,0.455,0.816,0.488,mullije01
Calvin Murphy,26,HOU,NBA,1974-75,78,,2513,557,1152,557,1152,,,341,386,52,121,173,381,128,4,,281,1455,0.484,0.484,,0.484,0.883,0.55,murphca01
Bob Nash,24,SDA,ABA,1974-75,17,,175,27,78,27,76,0,2,13,18,20,35,55,12,4,2,16,30,67,0.346,0.355,0,0.346,0.722,0.39,nashbo01
Swen Nater,25,SAA,ABA,1974-75,78,,2713,495,914,495,913,0,1,185,246,369,910,1279,97,43,87,185,240,1175,0.542,0.542,0,0.542,0.752,0.575,natersw01
Lloyd Neal,24,POR,NBA,1974-75,82,,2278,409,869,409,869,,,189,295,186,501,687,139,43,87,,239,1007,0.471,0.471,,0.471,0.641,0.504,nealll01
Don Nelson,34,BOS,NBA,1974-75,79,,2052,423,785,423,785,,,263,318,127,342,469,181,32,15,,239,1109,0.539,0.539,,0.539,0.827,0.6,nelsodo01
Louie Nelson,23,NOJ,NBA,1974-75,72,,1898,307,679,307,679,,,192,250,75,121,196,178,65,6,,186,806,0.452,0.452,,0.452,0.768,0.511,nelsolo01
Bob Netolicky,32,INA,ABA,1974-75,59,,1077,189,375,187,363,2,12,62,98,98,133,231,49,9,18,55,108,442,0.504,0.515,0.167,0.507,0.633,0.529,netolbo01
Johnny Neumann,23,TOT,ABA,1974-75,52,,931,186,445,165,367,21,78,52,75,42,47,89,135,26,11,82,131,445,0.418,0.45,0.269,0.442,0.693,0.465,neumajo01
Mike Newlin,26,HOU,NBA,1974-75,79,,2709,436,905,436,905,,,265,305,55,205,260,403,111,7,,288,1137,0.482,0.482,,0.482,0.869,0.547,newlimi01
Connie Norman,21,PHI,NBA,1974-75,12,,72,23,44,23,44,,,2,3,3,9,12,4,3,1,,9,48,0.523,0.523,,0.523,0.667,0.53,normaco01
Willie Norwood,27,DET,NBA,1974-75,24,,347,64,123,64,123,,,31,42,31,57,88,16,23,0,,51,159,0.52,0.52,,0.52,0.738,0.562,norwowi01
Jim O'Brien,23,MMS,ABA,1974-75,47,,611,88,203,82,177,6,26,47,60,45,76,121,81,38,23,73,56,229,0.433,0.463,0.231,0.448,0.783,0.499,obrieji02
Jimmy O'Brien,24,SDA,ABA,1974-75,79,,2036,210,525,206,491,4,34,125,142,50,136,186,443,89,2,192,147,549,0.4,0.42,0.118,0.404,0.88,0.467,obrieji01
Jim Owens,24,PHO,NBA,1974-75,41,,432,56,145,56,145,,,12,16,7,36,43,49,16,2,,27,124,0.386,0.386,,0.386,0.75,0.408,owensji01
Tom Owens,25,TOT,ABA,1974-75,82,,2647,511,969,511,967,0,2,217,289,296,609,905,208,36,82,153,261,1239,0.527,0.528,0,0.527,0.751,0.565,owensto01
Wayne Pack,24,INA,ABA,1974-75,21,,189,23,60,18,43,5,17,10,12,7,13,20,13,6,0,13,21,61,0.383,0.419,0.294,0.425,0.833,0.467,packwa01
Barry Parkhill,23,VIR,ABA,1974-75,78,,1870,266,638,266,630,0,8,75,100,27,106,133,226,50,11,170,228,607,0.417,0.422,0,0.417,0.75,0.445,parkhba01
Steve Patterson,26,CLE,NBA,1974-75,81,,1269,161,387,161,387,,,48,73,112,217,329,93,21,20,,128,370,0.416,0.416,,0.416,0.658,0.441,pattest01
Billy Paultz,26,NYA,ABA,1974-75,80,,2826,524,1080,524,1077,0,3,214,286,174,598,772,179,59,137,149,273,1262,0.485,0.487,0,0.485,0.748,0.523,paultbi01
Aulcie Perry,24,VIR,ABA,1974-75,21,,415,81,186,81,185,0,1,19,30,40,65,105,20,12,16,34,58,181,0.435,0.438,0,0.435,0.633,0.454,perryau01
Curtis Perry,26,PHO,NBA,1974-75,79,,2688,437,917,437,917,,,184,256,347,593,940,186,108,78,,288,1058,0.477,0.477,,0.477,0.719,0.514,perrycu01
Geoff Petrie,26,POR,NBA,1974-75,80,,3109,602,1319,602,1319,,,261,311,38,171,209,424,81,13,,215,1465,0.456,0.456,,0.456,0.839,0.503,petrige01
Howard Porter,26,TOT,NBA,1974-75,58,,1163,201,412,201,412,,,66,79,79,175,254,19,23,26,,93,468,0.488,0.488,,0.488,0.835,0.524,porteho01
Kevin Porter,24,WSB,NBA,1974-75,81,,2589,406,827,406,827,,,131,186,55,97,152,650,152,11,,320,943,0.491,0.491,,0.491,0.704,0.519,porteke01
Cincinnatus Powell,32,VIR,ABA,1974-75,60,,1224,214,530,209,513,5,17,119,180,74,132,206,94,27,8,91,138,552,0.404,0.407,0.294,0.408,0.661,0.453,powelci01
Jim Price,25,TOT,NBA,1974-75,50,,1870,317,717,317,717,,,169,194,62,136,198,286,111,24,,182,803,0.442,0.442,,0.442,0.871,0.5,priceji01
Ed Ratleff,24,HOU,NBA,1974-75,80,,2563,392,851,392,851,,,157,190,185,274,459,259,146,51,,231,941,0.461,0.461,,0.461,0.826,0.503,ratleed01
Clifford Ray,26,GSW,NBA,1974-75,82,,2519,299,573,299,573,,,171,284,259,611,870,178,95,116,,305,769,0.522,0.522,,0.522,0.602,0.551,raycl01
Kevin Restani,23,MIL,NBA,1974-75,76,,1755,188,427,188,427,,,35,49,131,272,403,119,36,19,,172,411,0.44,0.44,,0.44,0.714,0.458,restake01
Tom Riker,24,NYK,NBA,1974-75,51,,483,53,147,53,147,,,46,82,40,67,107,19,15,5,,64,152,0.361,0.361,,0.361,0.561,0.415,rikerto01
Pat Riley,29,LAL,NBA,1974-75,46,,1016,219,523,219,523,,,69,93,25,60,85,121,36,4,,128,507,0.419,0.419,,0.419,0.742,0.45,rileypa01
Ron Riley,24,HOU,NBA,1974-75,77,,1578,196,470,196,470,,,71,97,137,243,380,130,56,22,,197,463,0.417,0.417,,0.417,0.732,0.452,rileyro01
Mike Riordan,29,WSB,NBA,1974-75,74,,2191,520,1057,520,1057,,,98,117,90,194,284,198,72,6,,238,1138,0.492,0.492,,0.492,0.838,0.513,riordmi01
Red Robbins,30,TOT,ABA,1974-75,57,,1777,307,648,304,638,3,10,162,187,153,262,415,114,31,31,97,106,779,0.474,0.476,0.3,0.476,0.866,0.533,robbire01
Rick Roberson,27,NOJ,NBA,1974-75,16,,339,48,108,48,108,,,23,40,39,79,118,23,7,8,,49,119,0.444,0.444,,0.444,0.575,0.474,roberri01
Marv Roberts,25,KEN,ABA,1974-75,83,,1370,201,467,201,466,0,1,127,164,91,155,246,103,27,4,100,200,529,0.43,0.431,0,0.43,0.774,0.491,roberma01
Ronnie Robinson,23,MMS,ABA,1974-75,10,,102,18,38,18,38,0,0,4,6,10,17,27,4,5,0,7,14,40,0.474,0.474,,0.474,0.667,0.492,robinro01
Truck Robinson,23,WSB,NBA,1974-75,76,,995,191,393,191,393,,,60,115,94,207,301,40,36,32,,132,442,0.486,0.486,,0.486,0.522,0.498,robintr01
Dave Robisch,25,DNA,ABA,1974-75,84,,1899,392,779,392,778,0,1,304,346,161,342,503,153,46,48,108,205,1088,0.503,0.504,0,0.503,0.879,0.584,robisda01
John Roche,25,TOT,ABA,1974-75,58,,1387,241,509,228,465,13,44,85,106,21,72,93,191,49,7,105,103,580,0.473,0.49,0.295,0.486,0.802,0.522,rochejo01
Curtis Rowe,25,DET,NBA,1974-75,82,,2787,422,874,422,874,,,171,227,174,411,585,121,50,44,,190,1015,0.483,0.483,,0.483,0.753,0.521,rowecu01
Reggie Royals,24,SDA,ABA,1974-75,2,,11,2,4,2,4,0,0,0,0,0,0,0,0,0,0,0,1,4,0.5,0.5,,0.5,,0.5,royalre01
Paul Ruffner,26,BUF,NBA,1974-75,22,,103,22,47,22,47,,,1,5,12,10,22,7,3,3,,22,45,0.468,0.468,,0.468,0.2,0.457,ruffnpa01
Bob Rule,30,MIL,NBA,1974-75,1,,11,0,1,0,1,,,0,0,0,0,0,2,0,0,,2,0,0,0,,0,,0,rulebo01
Campy Russell,23,CLE,NBA,1974-75,68,,754,150,365,150,365,,,124,165,43,109,152,45,21,3,,100,424,0.411,0.411,,0.411,0.752,0.484,russeca02
Cazzie Russell,30,LAL,NBA,1974-75,40,,1055,264,580,264,580,,,101,113,34,81,115,109,27,2,,56,629,0.455,0.455,,0.455,0.894,0.499,russeca01
Fred Saunders,23,PHO,NBA,1974-75,69,,1059,176,406,176,406,,,66,95,82,171,253,80,41,15,,151,418,0.433,0.433,,0.433,0.695,0.467,saundfr01
Billy Schaeffer,23,NYA,ABA,1974-75,27,,280,61,131,59,124,2,7,15,25,15,22,37,20,9,2,18,36,139,0.466,0.476,0.286,0.473,0.6,0.489,schaebi01
Dale Schlueter,29,BUF,NBA,1974-75,76,,962,92,178,92,178,,,84,121,78,186,264,104,18,42,,163,268,0.517,0.517,,0.517,0.694,0.579,schluda01
Charlie Scott,26,PHO,NBA,1974-75,69,,2592,703,1594,703,1594,,,274,351,72,201,273,311,111,24,,296,1680,0.441,0.441,,0.441,0.781,0.48,scottch01
Bruce Seals,21,UTS,ABA,1974-75,35,,371,60,142,60,139,0,3,20,26,43,54,97,13,15,16,24,67,140,0.423,0.432,0,0.423,0.769,0.456,sealsbr01
Billy Shepherd,25,MMS,ABA,1974-75,69,,1315,161,386,101,243,60,143,52,72,14,65,79,278,66,9,91,68,434,0.417,0.416,0.42,0.495,0.722,0.52,shephbi01
James Silas,25,SAA,ABA,1974-75,82,,3105,578,1136,578,1134,0,2,430,486,73,237,310,398,111,17,230,232,1586,0.509,0.51,0,0.509,0.885,0.587,silasja01
Paul Silas,31,BOS,NBA,1974-75,82,,2661,312,749,312,749,,,244,344,348,677,1025,224,60,22,,229,868,0.417,0.417,,0.417,0.709,0.482,silaspa01
Ralph Simpson,25,DNA,ABA,1974-75,82,,2863,694,1374,693,1362,1,12,303,402,108,283,391,442,166,19,314,214,1692,0.505,0.509,0.083,0.505,0.754,0.545,simpsra01
Al Skinner,22,NYA,ABA,1974-75,51,,773,130,266,129,263,1,3,72,94,42,78,120,121,29,13,68,111,333,0.489,0.49,0.333,0.491,0.766,0.542,skinnal01
Tal Skinner,22,SEA,NBA,1974-75,73,,1574,142,347,142,347,,,63,97,135,209,344,85,49,17,,161,347,0.409,0.409,,0.409,0.649,0.445,skinnta01
Jerry Sloan,32,CHI,NBA,1974-75,78,,2577,380,865,380,865,,,193,258,177,361,538,161,171,17,,265,953,0.439,0.439,,0.439,0.748,0.487,sloanje01
Al Smith,28,UTS,ABA,1974-75,80,,2037,225,582,191,488,34,94,157,193,39,108,147,375,59,3,201,230,641,0.387,0.391,0.362,0.416,0.813,0.481,smithal01
Bingo Smith,28,CLE,NBA,1974-75,82,,2636,585,1212,585,1212,,,132,160,108,299,407,229,80,26,,227,1302,0.483,0.483,,0.483,0.825,0.508,smithbi02
Don Smith,23,PHI,NBA,1974-75,54,,538,131,321,131,321,,,21,21,14,16,30,47,20,3,,45,283,0.408,0.408,,0.408,1,0.428,smithdo02
Elmore Smith,25,LAL,NBA,1974-75,74,,2341,346,702,346,702,,,112,231,210,600,810,145,84,216,,255,804,0.493,0.493,,0.493,0.485,0.5,smithel01
Greg Smith,28,POR,NBA,1974-75,55,,519,71,146,71,146,,,32,48,29,60,89,27,22,6,,96,174,0.486,0.486,,0.486,0.667,0.521,smithgr01
Phil Smith,22,GSW,NBA,1974-75,74,,1055,221,464,221,464,,,127,158,51,89,140,135,62,0,,141,569,0.476,0.476,,0.476,0.804,0.533,smithph01
Randy Smith,26,BUF,NBA,1974-75,82,,3001,610,1261,610,1261,,,236,295,95,249,344,534,137,3,,247,1456,0.484,0.484,,0.484,0.8,0.523,smithra01
Dick Snyder,30,CLE,NBA,1974-75,82,,2590,498,988,498,988,,,165,195,37,201,238,281,69,43,,226,1161,0.504,0.504,,0.504,0.846,0.541,snydedi01
Mike Sojourner,21,ATL,NBA,1974-75,73,,2129,378,775,378,775,,,95,146,196,446,642,93,35,57,,217,851,0.488,0.488,,0.488,0.651,0.507,sojoumi01
Willie Sojourner,26,NYA,ABA,1974-75,79,,1020,155,324,154,321,1,3,49,70,94,181,275,42,16,64,63,190,360,0.478,0.48,0.333,0.48,0.7,0.507,sojouwi01
Kevin Stacom,23,BOS,NBA,1974-75,61,,447,72,159,72,159,,,29,33,30,25,55,49,11,3,,65,173,0.453,0.453,,0.453,0.879,0.499,stacoke01
Bud Stallworth,25,NOJ,NBA,1974-75,73,,1668,298,710,298,710,,,125,182,78,168,246,46,59,11,,208,721,0.42,0.42,,0.42,0.687,0.456,stallbu01
Dave Stallworth,33,NYK,NBA,1974-75,7,,57,5,18,5,18,,,0,0,6,14,20,2,3,3,,10,10,0.278,0.278,,0.278,,0.278,stallda01
Larry Steele,25,POR,NBA,1974-75,76,,2389,265,484,265,484,,,122,146,86,140,226,287,183,16,,254,652,0.548,0.548,,0.548,0.836,0.595,steella01
Brian Taylor,23,NYA,ABA,1974-75,79,,2611,472,920,462,874,10,46,150,196,86,146,232,282,221,26,152,216,1104,0.513,0.529,0.217,0.518,0.765,0.549,taylobr01
Fatty Taylor,28,DNA,ABA,1974-75,76,,2018,251,586,245,565,6,21,129,172,85,136,221,337,172,16,248,238,637,0.428,0.434,0.286,0.433,0.75,0.481,taylofa01
Collis Temple,22,SAA,ABA,1974-75,24,,102,17,41,17,40,0,1,8,10,14,17,31,15,4,4,12,29,42,0.415,0.425,0,0.415,0.8,0.463,templco01
Chuck Terry,24,SAA,ABA,1974-75,79,,1186,148,313,145,305,3,8,39,53,77,140,217,69,37,3,37,146,338,0.473,0.475,0.375,0.478,0.736,0.502,terrych01
Claude Terry,25,DNA,ABA,1974-75,70,,989,193,364,183,339,10,25,70,92,57,83,140,111,33,2,80,82,466,0.53,0.54,0.4,0.544,0.761,0.576,terrycl01
Ronald Thomas,24,KEN,ABA,1974-75,79,,830,115,256,114,253,1,3,57,119,124,176,300,46,51,14,71,133,288,0.449,0.451,0.333,0.451,0.479,0.467,thomaro01
George Thompson,27,MIL,NBA,1974-75,73,,1983,306,691,306,691,,,168,214,50,131,181,225,66,6,,203,780,0.443,0.443,,0.443,0.785,0.497,thompge01
Nate Thurmond,33,CHI,NBA,1974-75,80,,2756,250,686,250,686,,,132,224,259,645,904,328,46,195,,271,632,0.364,0.364,,0.364,0.589,0.403,thurmna01
Dean Tolson,23,SEA,NBA,1974-75,19,,87,16,37,16,37,,,11,17,12,10,22,5,4,6,,12,43,0.432,0.432,,0.432,0.647,0.483,tolsode01
Rudy Tomjanovich,26,HOU,NBA,1974-75,81,,3134,694,1323,694,1323,,,289,366,184,429,613,236,76,24,,230,1677,0.525,0.525,,0.525,0.79,0.565,tomjaru01
George Trapp,26,DET,NBA,1974-75,78,,1472,288,652,288,652,,,99,131,71,205,276,63,37,14,,210,675,0.442,0.442,,0.442,0.756,0.476,trappge01
John Tschogl,24,PHI,NBA,1974-75,39,,623,53,148,53,148,,,13,22,52,59,111,30,25,25,,80,119,0.358,0.358,,0.358,0.591,0.377,tschojo01
Dave Twardzik,24,VIR,ABA,1974-75,76,,2679,359,657,358,651,1,6,317,384,94,153,247,404,132,11,266,238,1036,0.546,0.55,0.167,0.547,0.826,0.627,twardda01
Wes Unseld,28,WSB,NBA,1974-75,73,,2904,273,544,273,544,,,126,184,318,759,1077,297,115,68,,180,672,0.502,0.502,,0.502,0.685,0.538,unselwe01
Dick Van Arsdale,31,PHO,NBA,1974-75,70,,2419,421,895,421,895,,,282,339,52,137,189,195,81,11,,177,1124,0.47,0.47,,0.47,0.832,0.538,vanardi01
Tom Van Arsdale,31,TOT,NBA,1974-75,82,,2843,593,1385,593,1385,,,322,424,77,201,278,223,91,3,,257,1508,0.428,0.428,,0.428,0.759,0.48,vanarto01
Jan van Breda Kolff,23,DNA,ABA,1974-75,84,,1639,155,342,155,339,0,3,177,211,121,237,358,181,48,43,122,164,487,0.453,0.457,0,0.453,0.839,0.56,vanbrja01
Norm Van Lier,27,CHI,NBA,1974-75,70,,2590,407,970,407,970,,,236,298,86,242,328,403,139,14,,246,1050,0.42,0.42,,0.42,0.792,0.477,vanlino01
David Vaughn,22,VIR,ABA,1974-75,83,,2507,422,998,422,996,0,2,125,229,276,618,894,132,79,126,195,274,969,0.423,0.424,0,0.423,0.546,0.441,vaughda01
Neal Walk,26,TOT,NBA,1974-75,67,,1125,198,473,198,473,,,86,105,91,248,339,123,37,23,,177,482,0.419,0.419,,0.419,0.819,0.464,walkne01
Chet Walker,34,CHI,NBA,1974-75,76,,2452,524,1076,524,1076,,,413,480,114,318,432,169,49,6,,181,1461,0.487,0.487,,0.487,0.86,0.568,walkech01
Foots Walker,23,CLE,NBA,1974-75,72,,1070,111,275,111,275,,,80,117,47,99,146,192,80,7,,126,302,0.404,0.404,,0.404,0.684,0.463,walkefo01
Jimmy Walker,30,KCO,NBA,1974-75,81,,3122,553,1164,553,1164,,,247,289,51,188,239,226,85,13,,222,1353,0.475,0.475,,0.475,0.855,0.524,walkeji01
Bill Walton,22,POR,NBA,1974-75,35,,1153,177,345,177,345,,,94,137,92,349,441,167,29,94,,115,448,0.513,0.513,,0.513,0.686,0.553,waltobi01
Perry Warbington,22,PHI,NBA,1974-75,5,,70,4,21,4,21,,,2,2,2,6,8,16,0,0,,16,10,0.19,0.19,,0.19,1,0.229,warbipe01
Cornell Warner,26,MIL,NBA,1974-75,79,,2519,248,541,248,541,,,106,155,238,574,812,127,49,54,,267,602,0.458,0.458,,0.458,0.684,0.494,warneco01
Bob Warren,28,SAA,ABA,1974-75,71,,992,127,265,125,258,2,7,77,91,42,70,112,91,35,9,68,109,333,0.479,0.484,0.286,0.483,0.846,0.546,warrebo01
Donald Washington,22,DNA,ABA,1974-75,50,,438,79,183,79,181,0,2,38,56,41,48,89,30,12,19,49,92,196,0.432,0.436,0,0.432,0.679,0.472,washido01
Jim Washington,31,TOT,NBA,1974-75,80,,1579,191,421,191,421,,,62,93,110,280,390,111,34,26,,167,444,0.454,0.454,,0.454,0.667,0.481,washiji01
Kermit Washington,23,LAL,NBA,1974-75,55,,949,87,207,87,207,,,72,122,106,244,350,66,25,32,,155,246,0.42,0.42,,0.42,0.59,0.472,washike01
Stan Washington,23,WSB,NBA,1974-75,1,,4,0,1,0,1,,,0,0,0,0,0,0,0,0,,1,0,0,0,,0,,0,washist01
Slick Watts,23,SEA,NBA,1974-75,82,,2056,232,551,232,551,,,93,153,95,167,262,499,190,12,,254,557,0.421,0.421,,0.421,0.608,0.45,wattssl01
Nick Weatherspoon,24,WSB,NBA,1974-75,82,,1347,256,562,256,562,,,103,138,132,214,346,51,65,21,,212,615,0.456,0.456,,0.456,0.746,0.494,weathni01
Scott Wedman,22,KCO,NBA,1974-75,80,,2554,375,806,375,806,,,139,170,202,288,490,129,81,27,,270,889,0.465,0.465,,0.465,0.818,0.505,wedmasc01
Bob Weiss,32,BUF,NBA,1974-75,76,,1338,102,261,102,261,,,54,67,21,83,104,260,82,19,,146,258,0.391,0.391,,0.391,0.806,0.444,weissbo01
Owen Wells,24,HOU,NBA,1974-75,33,,214,42,100,42,100,,,15,22,12,23,35,22,9,3,,38,99,0.42,0.42,,0.42,0.682,0.451,wellsow01
Walt Wesley,30,TOT,NBA,1974-75,45,,247,42,93,42,93,,,16,27,18,45,63,12,7,5,,51,100,0.452,0.452,,0.452,0.593,0.477,weslewa01
Paul Westphal,24,BOS,NBA,1974-75,82,,1581,342,670,342,670,,,119,156,44,119,163,235,78,33,,192,803,0.51,0.51,,0.51,0.763,0.544,westppa01
John Wetzel,30,ATL,NBA,1974-75,63,,785,87,204,87,204,,,68,77,34,80,114,77,51,8,,108,242,0.426,0.426,,0.426,0.883,0.509,wetzejo01
Jo Jo White,28,BOS,NBA,1974-75,82,,3220,658,1440,658,1440,,,186,223,84,227,311,458,128,17,,207,1502,0.457,0.457,,0.457,0.834,0.488,whitejo01
Sidney Wicks,25,POR,NBA,1974-75,82,,3162,692,1391,692,1391,,,394,558,231,646,877,287,108,80,,289,1778,0.497,0.497,,0.497,0.706,0.543,wickssi01
Lenny Wilkens,37,POR,NBA,1974-75,65,,1161,134,305,134,305,,,152,198,38,82,120,235,77,9,,96,420,0.439,0.439,,0.439,0.768,0.536,wilkele01
Jamaal Wilkes,21,GSW,NBA,1974-75,82,,2515,502,1135,502,1135,,,160,218,203,468,671,183,107,22,,222,1164,0.442,0.442,,0.442,0.734,0.473,wilkeja01
Art Williams,35,SDA,ABA,1974-75,7,,89,8,12,8,12,0,0,0,0,3,9,12,20,7,0,10,15,16,0.667,0.667,,0.667,,0.667,williar01
Chuck Williams,28,MMS,ABA,1974-75,81,,3171,476,963,466,939,10,24,212,260,60,160,220,576,115,18,171,165,1174,0.494,0.496,0.417,0.499,0.815,0.545,willich02
Earl Williams,23,PHO,NBA,1974-75,79,,1040,163,394,163,394,,,45,103,156,300,456,95,28,32,,146,371,0.414,0.414,,0.414,0.437,0.422,williea01
Fly Williams,21,SSL,ABA,1974-75,71,,1239,297,643,295,629,2,14,69,101,72,109,181,142,64,10,177,156,665,0.462,0.469,0.143,0.463,0.683,0.484,willifl01
Hank Williams,22,UTS,ABA,1974-75,39,,454,71,163,68,141,3,22,18,23,31,58,89,25,14,4,32,73,163,0.436,0.482,0.136,0.445,0.783,0.471,williha01
Milt Williams,29,SSL,ABA,1974-75,4,,95,11,19,11,19,0,0,0,0,4,9,13,12,10,0,10,10,22,0.579,0.579,,0.579,,0.579,willimi01
Nate Williams,24,TOT,NBA,1974-75,85,,1945,474,988,474,988,,,181,220,102,235,337,145,97,30,,251,1129,0.48,0.48,,0.48,0.823,0.52,willina01
Ron Williams,30,MIL,NBA,1974-75,46,,526,62,165,62,165,,,24,29,10,33,43,71,23,2,,70,148,0.376,0.376,,0.376,0.828,0.416,williro01
John Williamson,23,NYA,ABA,1974-75,75,,1872,370,768,367,755,3,13,123,147,51,98,149,197,61,23,148,188,866,0.482,0.486,0.231,0.484,0.837,0.52,willijo01
Bobby Wilson,24,CHI,NBA,1974-75,48,,425,115,225,115,225,,,46,58,18,34,52,36,22,1,,54,276,0.511,0.511,,0.511,0.793,0.551,wilsobo03
Lee Winfield,27,BUF,NBA,1974-75,68,,1259,164,312,164,312,,,49,68,45,81,126,134,43,30,,106,377,0.526,0.526,,0.526,0.721,0.551,winfile01
Harthorne Wingo,27,NYK,NBA,1974-75,82,,1686,233,506,233,506,,,141,187,163,293,456,84,48,35,,215,607,0.46,0.46,,0.46,0.754,0.516,wingoha01
Brian Winters,22,LAL,NBA,1974-75,68,,1516,359,810,359,810,,,76,92,39,99,138,195,74,18,,168,794,0.443,0.443,,0.443,0.826,0.467,wintebr01
Willie Wise,27,VIR,ABA,1974-75,16,,574,128,296,127,292,1,4,77,111,32,70,102,54,26,3,45,50,334,0.432,0.435,0.25,0.434,0.694,0.484,wisewi01
Luke Witte,24,CLE,NBA,1974-75,39,,271,33,96,33,96,,,19,31,38,54,92,15,4,22,,42,85,0.344,0.344,,0.344,0.613,0.388,wittelu01
Dave Wohl,25,HOU,NBA,1974-75,75,,1722,203,462,203,462,,,79,106,26,86,112,340,75,9,,184,485,0.439,0.439,,0.439,0.745,0.477,wohlda01
Dennis Wuycik,24,SSL,ABA,1974-75,25,,219,34,74,34,73,0,1,11,19,17,21,38,18,6,1,25,40,79,0.459,0.466,0,0.459,0.579,0.48,wuycide01
Zaid Abdul-Aziz,29,SEA,NBA,1975-76,27,,223,35,75,35,75,,,16,29,30,46,76,16,8,15,,29,86,0.467,0.467,,0.467,0.552,0.49,abdulza01
Kareem Abdul-Jabbar,28,LAL,NBA,1975-76,82,,3379,914,1728,914,1728,,,447,636,272,1111,1383,413,119,338,,292,2275,0.529,0.529,,0.529,0.703,0.567,abdulka01
Alvan Adams,21,PHO,NBA,1975-76,80,,2656,629,1341,629,1341,,,261,355,215,512,727,450,121,116,,274,1519,0.469,0.469,,0.469,0.735,0.507,adamsal01
Don Adams,28,TOT,TOT,1975-76,76,,1429,166,421,166,419,0,2,103,140,82,179,261,161,68,14,52,208,435,0.394,0.396,0,0.394,0.736,0.451,adamsdo01
Lucius Allen,28,LAL,NBA,1975-76,76,,2388,461,1004,461,1004,,,197,254,64,150,214,357,101,20,,241,1119,0.459,0.459,,0.459,0.776,0.501,allenlu01
Dan Anderson,25,POR,NBA,1975-76,52,,614,88,181,88,181,,,51,61,15,47,62,85,20,2,,58,227,0.486,0.486,,0.486,0.836,0.546,anderda02
Jerome Anderson,22,BOS,NBA,1975-76,22,,126,25,45,25,45,,,11,16,4,9,13,6,3,3,,25,61,0.556,0.556,,0.556,0.688,0.586,anderje01
Tiny Archibald,27,KCK,NBA,1975-76,78,,3184,717,1583,717,1583,,,501,625,67,146,213,615,126,15,,169,1935,0.453,0.453,,0.453,0.802,0.521,architi01
Jim Ard,27,BOS,NBA,1975-76,81,,853,107,294,107,294,,,71,100,96,193,289,48,12,36,,141,285,0.364,0.364,,0.364,0.71,0.422,ardji01
Bird Averitt,23,KEN,ABA,1975-76,78,,2272,546,1274,506,1146,40,128,266,346,55,158,213,297,106,22,221,208,1398,0.429,0.442,0.313,0.444,0.769,0.49,averibi01
Dennis Awtrey,27,PHO,NBA,1975-76,74,,1376,142,304,142,304,,,75,109,93,200,293,159,21,22,,153,359,0.467,0.467,,0.467,0.688,0.51,awtrede01
Gus Bailey,24,HOU,NBA,1975-76,30,,262,28,77,28,77,,,14,28,20,30,50,41,14,8,,33,70,0.364,0.364,,0.364,0.5,0.392,bailegu01
Jimmie Baker,22,KEN,ABA,1975-76,5,,40,3,15,3,15,0,0,0,2,4,10,14,4,0,3,6,11,6,0.2,0.2,,0.2,0,0.189,bakerji01
Mike Bantom,24,TOT,NBA,1975-76,73,,1571,220,476,220,476,,,136,199,140,251,391,105,28,28,,221,576,0.462,0.462,,0.462,0.683,0.511,bantomi01
Marvin Barnes,23,SSL,ABA,1975-76,67,,2487,681,1355,678,1344,3,11,251,339,263,462,725,149,124,134,230,273,1616,0.503,0.504,0.273,0.504,0.74,0.537,barnema01
Jim Barnett,31,NYK,NBA,1975-76,71,,1026,164,371,164,371,,,90,114,48,40,88,90,24,3,,86,418,0.442,0.442,,0.442,0.789,0.496,barneji02
Nathaniel Barnett,23,INA,ABA,1975-76,12,,73,12,26,12,25,0,1,3,8,3,5,8,8,3,1,8,22,27,0.462,0.48,0,0.462,0.375,0.457,barnena01
Mike Barr,25,SSL,ABA,1975-76,56,,1048,124,240,118,224,6,16,46,55,29,80,109,174,64,7,83,76,300,0.517,0.527,0.375,0.529,0.836,0.568,barrmi01
Rick Barry,31,GSW,NBA,1975-76,81,,3122,707,1624,707,1624,,,287,311,74,422,496,496,202,27,,215,1701,0.435,0.435,,0.435,0.923,0.483,barryri01
Jerry Baskerville,24,PHI,NBA,1975-76,21,,105,8,26,8,26,,,10,16,13,15,28,3,6,5,,32,26,0.308,0.308,,0.308,0.625,0.393,baskeje01
Tim Bassett,24,NYA,ABA,1975-76,84,,1790,173,396,172,390,1,6,58,98,185,346,531,65,47,41,97,247,405,0.437,0.441,0.167,0.438,0.592,0.461,basseti01
Butch Beard,28,TOT,NBA,1975-76,75,,1704,228,496,228,496,,,144,192,103,207,310,218,81,8,,216,600,0.46,0.46,,0.46,0.75,0.517,beardbu01
Byron Beck,31,DNA,ABA,1975-76,80,,1586,334,646,329,635,5,11,97,116,123,231,354,116,48,20,91,192,770,0.517,0.518,0.455,0.521,0.836,0.552,beckby01
Ron Behagen,25,NOJ,NBA,1975-76,66,,1733,308,691,308,691,,,144,179,190,363,553,139,67,26,,222,760,0.446,0.446,,0.446,0.804,0.494,behagro01
Dennis Bell,24,NYK,NBA,1975-76,10,,76,8,21,8,21,,,3,7,4,10,14,3,6,1,,11,19,0.381,0.381,,0.381,0.429,0.395,bellde01
Leon Benbow,25,CHI,NBA,1975-76,76,,1586,219,551,219,551,,,105,140,65,111,176,158,62,11,,186,543,0.397,0.397,,0.397,0.75,0.443,benbole01
Mel Bennett,21,VIR,ABA,1975-76,75,,2193,329,819,329,817,0,2,246,403,249,277,526,97,77,47,176,266,904,0.402,0.403,0,0.402,0.61,0.454,benneme01
Henry Bibby,26,NOJ,NBA,1975-76,79,,1772,266,622,266,622,,,200,251,58,121,179,225,62,3,,165,732,0.428,0.428,,0.428,0.797,0.5,bibbyhe01
Bob Bigelow,22,KCK,NBA,1975-76,31,,163,16,47,16,47,,,24,33,9,20,29,9,4,1,,18,56,0.34,0.34,,0.34,0.727,0.455,bigelbo01
Dave Bing,32,WSB,NBA,1975-76,82,,2945,497,1113,497,1113,,,332,422,94,143,237,492,118,23,,262,1326,0.447,0.447,,0.447,0.787,0.511,bingda01
John Block,31,CHI,NBA,1975-76,2,,7,2,4,2,4,,,0,2,0,2,2,0,1,0,,2,4,0.5,0.5,,0.5,0,0.41,blockjo01
Tom Boerwinkle,30,CHI,NBA,1975-76,74,,2045,265,530,265,530,,,118,177,263,529,792,283,47,52,,263,648,0.5,0.5,,0.5,0.667,0.533,boerwto01
Ron Boone,29,TOT,ABA,1975-76,78,,2961,713,1467,697,1424,16,43,277,318,115,204,319,387,154,15,276,243,1719,0.486,0.489,0.372,0.491,0.871,0.535,boonero01
Tom Boswell,22,BOS,NBA,1975-76,35,,275,41,93,41,93,,,14,24,26,45,71,16,2,1,,70,96,0.441,0.441,,0.441,0.583,0.463,bosweto01
Freddie Boyd,25,TOT,NBA,1975-76,36,,617,74,171,74,171,,,29,51,4,28,32,80,28,7,,59,177,0.433,0.433,,0.433,0.569,0.458,boydfr01
Bill Bradley,32,NYK,NBA,1975-76,82,,2709,392,906,392,906,,,130,148,47,187,234,247,68,18,,256,914,0.433,0.433,,0.433,0.878,0.471,bradlbi01
Jim Bradley,23,DNA,ABA,1975-76,7,,107,15,38,15,38,0,0,2,3,4,26,30,11,5,5,5,26,32,0.395,0.395,,0.395,0.667,0.407,bradlji01
Jim Brewer,24,CLE,NBA,1975-76,82,,2913,400,874,400,874,,,140,214,298,593,891,209,94,89,,214,940,0.458,0.458,,0.458,0.654,0.485,breweji01
Junior Bridgeman,22,MIL,NBA,1975-76,81,,1646,286,651,286,651,,,128,161,113,181,294,157,52,21,,235,700,0.439,0.439,,0.439,0.795,0.485,bridgju01
Allan Bristow,24,SAA,ABA,1975-76,47,,882,125,271,125,270,0,1,78,92,68,106,174,121,24,2,63,81,328,0.461,0.463,0,0.461,0.848,0.527,bristal01
Gary Brokaw,22,MIL,NBA,1975-76,75,,1468,237,519,237,519,,,159,227,26,99,125,246,37,17,,138,633,0.457,0.457,,0.457,0.7,0.511,brokaga01
Fred Brown,27,SEA,NBA,1975-76,76,,2516,742,1522,742,1522,,,273,314,111,206,317,207,143,18,,186,1757,0.488,0.488,,0.488,0.869,0.529,brownfr01
John Brown,24,ATL,NBA,1975-76,75,,1758,215,486,215,486,,,162,209,146,257,403,126,45,16,,235,592,0.442,0.442,,0.442,0.775,0.512,brownjo01
Roger Brown,25,TOT,TOT,1975-76,66,,745,57,133,55,131,2,2,30,42,72,133,205,34,14,47,17,139,146,0.429,0.42,1,0.436,0.714,0.482,brownro02
Joe Bryant,21,PHI,NBA,1975-76,75,,1203,233,552,233,552,,,92,147,97,181,278,61,44,23,,165,558,0.422,0.422,,0.422,0.626,0.452,bryanjo01
George Bucci,22,NYA,ABA,1975-76,33,,237,50,124,50,120,0,4,28,41,15,22,37,15,12,3,22,19,128,0.403,0.417,0,0.403,0.683,0.451,buccige01
Ticky Burden,22,VIR,ABA,1975-76,71,,2181,561,1247,553,1211,8,36,283,369,108,94,202,131,103,9,181,188,1413,0.45,0.457,0.222,0.453,0.767,0.501,burdeti01
Tom Burleson,23,SEA,NBA,1975-76,82,,2647,496,1032,496,1032,,,291,388,258,484,742,180,70,150,,273,1283,0.481,0.481,,0.481,0.75,0.533,burleto01
Don Buse,25,INA,ABA,1975-76,84,,3380,400,887,328,679,72,208,179,220,90,232,322,689,346,31,159,194,1051,0.451,0.483,0.346,0.492,0.814,0.534,busedo01
Corky Calhoun,25,LAL,NBA,1975-76,76,,1816,172,368,172,368,,,65,83,117,224,341,85,62,35,,216,409,0.467,0.467,,0.467,0.783,0.506,calhoco01
Mack Calvin,28,VIR,ABA,1975-76,45,,1658,306,717,299,691,7,26,253,285,38,90,128,271,71,1,192,122,872,0.427,0.433,0.269,0.432,0.888,0.518,calvima01
Al Carlson,24,SEA,NBA,1975-76,28,,279,27,79,27,79,,,18,29,30,43,73,13,7,11,,39,72,0.342,0.342,,0.342,0.621,0.392,carlsal01
Austin Carr,27,CLE,NBA,1975-76,65,,1282,276,625,276,625,,,106,134,67,65,132,122,37,2,,92,658,0.442,0.442,,0.442,0.791,0.481,carrau01
M.L. Carr,25,SSL,ABA,1975-76,74,,2174,380,786,371,762,9,24,137,206,171,288,459,224,127,44,162,225,906,0.483,0.487,0.375,0.489,0.665,0.517,carrml01
Fred Carter,30,PHI,NBA,1975-76,82,,2992,665,1594,665,1594,,,219,312,113,186,299,372,137,13,,286,1549,0.417,0.417,,0.417,0.702,0.447,cartefr01
George Carter,32,UTS,ABA,1975-76,10,,180,25,65,25,65,0,0,32,41,11,20,31,15,5,3,16,27,82,0.385,0.385,,0.385,0.78,0.494,cartege01
Harvey Catchings,24,PHI,NBA,1975-76,75,,1731,103,242,103,242,,,58,96,191,329,520,63,21,164,,262,264,0.426,0.426,,0.426,0.604,0.464,catchha01
Don Chaney,29,SSL,ABA,1975-76,48,,1475,191,457,190,453,1,4,64,82,113,121,234,169,66,36,119,170,447,0.418,0.419,0.25,0.419,0.78,0.453,chanedo01
Ken Charles,24,BUF,NBA,1975-76,81,,2247,328,719,328,719,,,161,205,58,161,219,204,123,48,,257,817,0.456,0.456,,0.456,0.785,0.505,charlke01
Phil Chenier,25,WSB,NBA,1975-76,80,,2952,654,1355,654,1355,,,282,341,84,236,320,255,158,45,,186,1590,0.483,0.483,,0.483,0.827,0.528,cheniph01
Jim Chones,26,CLE,NBA,1975-76,82,,2741,563,1258,563,1258,,,172,260,197,542,739,163,42,93,,241,1298,0.448,0.448,,0.448,0.662,0.473,choneji01
Archie Clark,34,DET,NBA,1975-76,79,,1589,250,577,250,577,,,100,116,27,110,137,218,62,4,,157,600,0.433,0.433,,0.433,0.862,0.478,clarkar01
Jim Cleamons,26,CLE,NBA,1975-76,82,,2835,413,887,413,887,,,174,218,124,230,354,428,124,20,,214,1000,0.466,0.466,,0.466,0.798,0.509,cleamji01
Barry Clemens,32,POR,NBA,1975-76,49,,443,70,143,70,143,,,31,35,27,43,70,33,27,7,,57,171,0.49,0.49,,0.49,0.886,0.54,clemeba01
E.C. Coleman,25,NOJ,NBA,1975-76,67,,1850,216,479,216,479,,,59,89,124,295,419,87,56,30,,227,491,0.451,0.451,,0.451,0.663,0.474,colemec01
Doug Collins,24,PHI,NBA,1975-76,77,,2995,614,1196,614,1196,,,372,445,126,181,307,191,110,24,,249,1600,0.513,0.513,,0.513,0.836,0.575,collido01
Jimmy Conner,22,KEN,ABA,1975-76,24,,240,42,86,42,83,0,3,22,29,12,16,28,38,11,5,32,35,106,0.488,0.506,0,0.488,0.759,0.537,conneji01
Mel Counts,34,NOJ,NBA,1975-76,30,,319,37,91,37,91,,,16,21,27,73,100,38,16,8,,74,90,0.407,0.407,,0.407,0.762,0.449,countme01
Dave Cowens,27,BOS,NBA,1975-76,78,,3101,611,1305,611,1305,,,257,340,335,911,1246,325,94,71,,314,1479,0.468,0.468,,0.468,0.756,0.508,cowenda01
Jim Creighton,25,ATL,NBA,1975-76,32,,172,12,43,12,43,,,7,16,13,32,45,4,2,9,,23,31,0.279,0.279,,0.279,0.438,0.31,creigji01
Billy Cunningham,32,PHI,NBA,1975-76,20,,640,103,251,103,251,,,68,88,29,118,147,107,24,10,,57,274,0.41,0.41,,0.41,0.773,0.473,cunnibi01
Mike D'Antoni,24,TOT,TOT,1975-76,59,,899,84,189,84,185,0,4,21,28,20,70,90,131,73,14,47,152,189,0.444,0.454,0,0.444,0.75,0.469,dantomi01
Louie Dampier,31,KEN,ABA,1975-76,82,,2835,455,949,423,862,32,87,126,146,35,124,159,467,60,46,148,141,1068,0.479,0.491,0.368,0.496,0.863,0.527,dampilo01
Bob Dandridge,28,MIL,NBA,1975-76,73,,2735,650,1296,650,1296,,,271,329,171,369,540,206,111,38,,263,1571,0.502,0.502,,0.502,0.824,0.545,dandrbo01
Rick Darnell,23,VIR,ABA,1975-76,11,,120,11,30,11,30,0,0,4,7,12,24,36,9,5,3,14,30,26,0.367,0.367,,0.367,0.571,0.393,darneri01
Dwight Davis,26,GSW,NBA,1975-76,72,,866,111,269,111,269,,,78,113,86,139,225,46,20,28,,141,300,0.413,0.413,,0.413,0.69,0.471,davisdw01
Lee Davis,30,SDS,ABA,1975-76,7,,51,2,11,2,11,0,0,1,2,0,5,5,1,0,0,1,12,5,0.182,0.182,,0.182,0.5,0.21,davisle01
Mel Davis,25,NYK,NBA,1975-76,42,,408,76,193,76,193,,,22,29,43,105,148,31,16,5,,56,174,0.394,0.394,,0.394,0.759,0.423,davisme01
Mickey Davis,25,MIL,NBA,1975-76,45,,411,55,152,55,152,,,50,63,25,59,84,37,13,2,,36,160,0.362,0.362,,0.362,0.794,0.445,davismi02
Darryl Dawkins,19,PHI,NBA,1975-76,37,,165,41,82,41,82,,,8,24,15,34,49,3,2,9,,40,90,0.5,0.5,,0.5,0.333,0.486,dawkida01
Randy Denton,26,TOT,ABA,1975-76,67,,1540,283,634,283,633,0,1,83,99,156,363,519,89,37,32,83,180,649,0.446,0.447,0,0.446,0.838,0.479,dentora01
Rod Derline,23,SEA,NBA,1975-76,49,,339,73,181,73,181,,,45,56,8,19,27,26,11,1,,22,191,0.403,0.403,,0.403,0.804,0.464,derliro01
Henry Dickerson,24,DET,NBA,1975-76,17,,112,9,29,9,29,,,10,16,3,0,3,8,2,1,,17,28,0.31,0.31,,0.31,0.625,0.388,dickehe01
Derrek Dickey,24,GSW,NBA,1975-76,79,,1207,220,473,220,473,,,62,79,114,235,349,83,26,11,,141,502,0.465,0.465,,0.465,0.785,0.494,dickede01
Coby Dietrick,27,SAA,ABA,1975-76,81,,1467,200,403,199,396,1,7,68,82,109,240,349,159,67,43,112,257,469,0.496,0.503,0.143,0.498,0.829,0.534,dietrco01
Ernie DiGregorio,25,BUF,NBA,1975-76,67,,1364,182,474,182,474,,,86,94,15,97,112,265,37,1,,158,450,0.384,0.384,,0.384,0.915,0.437,digreer01
Dwaine Dillard,26,UTS,ABA,1975-76,3,,19,1,3,1,3,0,0,2,2,2,7,9,2,2,2,5,7,4,0.333,0.333,,0.333,1,0.515,dilladw01
John Drew,21,ATL,NBA,1975-76,77,,2351,586,1168,586,1168,,,488,656,286,374,660,150,138,30,,261,1660,0.502,0.502,,0.502,0.744,0.57,drewjo01
Charles Dudley,25,GSW,NBA,1975-76,82,,1456,182,345,182,345,,,157,245,112,157,269,239,77,2,,170,521,0.528,0.528,,0.528,0.641,0.575,dudlech01
Dennis DuVal,23,ATL,NBA,1975-76,13,,130,15,43,15,43,,,6,9,1,7,8,20,6,2,,15,36,0.349,0.349,,0.349,0.667,0.383,duvalde01
Jim Eakins,29,TOT,ABA,1975-76,73,,1667,215,477,215,477,0,0,198,223,167,272,439,88,34,70,114,220,628,0.451,0.451,,0.451,0.888,0.546,eakinji01
Al Eberhard,23,DET,NBA,1975-76,81,,2066,283,683,283,683,,,191,229,139,251,390,83,87,15,,250,757,0.414,0.414,,0.414,0.834,0.483,eberhal01
Leroy Ellis,35,PHI,NBA,1975-76,29,,489,61,132,61,132,,,17,28,47,75,122,21,16,9,,62,139,0.462,0.462,,0.462,0.607,0.482,ellisle01
Len Elmore,23,INA,ABA,1975-76,76,,2591,480,1193,480,1190,0,3,152,206,242,577,819,122,136,178,175,310,1112,0.402,0.403,0,0.402,0.738,0.433,elmorle01
Keith Erickson,31,PHO,NBA,1975-76,74,,1850,305,649,305,649,,,134,157,106,226,332,185,79,6,,196,744,0.47,0.47,,0.47,0.854,0.518,erickke01
Julius Erving,25,NYA,ABA,1975-76,84,,3244,949,1873,915,1770,34,103,530,662,337,588,925,423,207,160,307,221,2462,0.507,0.517,0.33,0.516,0.801,0.569,ervinju01
Eric Fernsten,22,TOT,NBA,1975-76,37,,268,33,86,33,86,,,26,37,25,45,70,19,7,14,,21,92,0.384,0.384,,0.384,0.703,0.45,fernser01
Mike Flynn,22,INA,ABA,1975-76,67,,1097,166,439,141,340,25,99,64,111,63,70,133,133,44,9,81,112,421,0.378,0.415,0.253,0.407,0.577,0.431,flynnmi01
Larry Fogle,22,NYK,NBA,1975-76,2,,14,1,5,1,5,,,0,0,1,2,3,0,1,0,,4,2,0.2,0.2,,0.2,,0.2,foglela01
Chris Ford,27,DET,NBA,1975-76,82,,2198,301,707,301,707,,,83,115,80,211,291,272,178,24,,222,685,0.426,0.426,,0.426,0.722,0.452,fordch01
Don Ford,23,LAL,NBA,1975-76,76,,1838,311,710,311,710,,,104,139,118,215,333,111,50,14,,186,726,0.438,0.438,,0.438,0.748,0.471,forddo01
Jimmy Foster,24,DNA,ABA,1975-76,48,,352,54,145,53,137,1,8,39,64,19,23,42,47,19,4,63,78,148,0.372,0.387,0.125,0.376,0.609,0.427,fosteja01
Jim Fox,32,MIL,NBA,1975-76,70,,918,105,203,105,203,,,62,79,82,153,235,42,27,16,,129,272,0.517,0.517,,0.517,0.785,0.572,foxji01
William Franklin,26,SAA,ABA,1975-76,10,,95,12,22,12,22,0,0,9,16,12,17,29,5,3,3,5,16,33,0.545,0.545,,0.545,0.563,0.568,frankwi01
Walt Frazier,30,NYK,NBA,1975-76,59,,2427,470,969,470,969,,,186,226,79,321,400,351,106,9,,163,1126,0.485,0.485,,0.485,0.823,0.527,fraziwa01
World B. Free,22,PHI,NBA,1975-76,71,,1121,239,533,239,533,,,112,186,64,61,125,104,37,6,,107,590,0.448,0.448,,0.448,0.602,0.48,freewo01
Donnie Freeman,31,LAL,NBA,1975-76,64,,1480,263,606,263,606,,,163,199,72,108,180,171,57,11,,160,689,0.434,0.434,,0.434,0.819,0.497,freemdo01
Mike Gale,25,SAA,ABA,1975-76,78,,1782,230,506,227,489,3,17,64,80,48,159,207,244,123,40,143,145,527,0.455,0.464,0.176,0.458,0.8,0.487,galemi01
Kenneth Gardner,26,UTS,ABA,1975-76,9,,51,6,18,6,18,0,0,2,2,8,5,13,3,2,1,1,9,14,0.333,0.333,,0.333,1,0.371,gardnke01
Rowland Garrett,25,TOT,NBA,1975-76,55,,540,108,258,108,258,,,53,65,45,72,117,17,25,7,,68,269,0.419,0.419,,0.419,0.815,0.469,garrero01
Gus Gerard,22,TOT,ABA,1975-76,82,,1727,332,795,328,786,4,9,175,238,141,296,437,147,69,72,186,238,843,0.418,0.417,0.444,0.42,0.735,0.468,gerargu01
George Gervin,23,SAA,ABA,1975-76,81,,2748,706,1414,692,1359,14,55,342,399,179,367,546,201,110,119,217,288,1768,0.499,0.509,0.255,0.504,0.857,0.556,gervige01
John Gianelli,25,NYK,NBA,1975-76,82,,2332,325,687,325,687,,,114,160,187,365,552,115,25,62,,194,764,0.473,0.473,,0.473,0.713,0.504,gianejo01
Dick Gibbs,27,BUF,NBA,1975-76,72,,866,129,301,129,301,,,77,93,42,64,106,49,16,14,,133,335,0.429,0.429,,0.429,0.828,0.49,gibbsdi01
Herm Gilliam,29,SEA,NBA,1975-76,81,,1644,299,676,299,676,,,90,116,56,164,220,202,82,12,,139,688,0.442,0.442,,0.442,0.776,0.473,gillihe01
Artis Gilmore,26,KEN,ABA,1975-76,84,,3286,773,1401,773,1401,0,0,521,764,402,901,1303,211,58,205,295,341,2067,0.552,0.552,,0.552,0.682,0.595,gilmoar01
Gail Goodrich,32,LAL,NBA,1975-76,75,,2646,583,1321,583,1321,,,293,346,94,120,214,421,123,17,,238,1459,0.441,0.441,,0.441,0.847,0.495,goodrga01
Gerald Govan,34,VIR,ABA,1975-76,24,,658,57,131,57,131,0,0,23,28,44,117,161,54,7,11,47,65,137,0.435,0.435,,0.435,0.821,0.478,govange01
Travis Grant,26,TOT,ABA,1975-76,56,,828,198,398,198,398,0,0,52,69,61,79,140,43,16,18,55,98,448,0.497,0.497,,0.497,0.754,0.523,granttr01
Leonard Gray,24,SEA,NBA,1975-76,66,,2139,394,831,394,831,,,126,169,109,289,398,203,75,36,,260,914,0.474,0.474,,0.474,0.746,0.505,grayle01
Mike Green,24,VIR,ABA,1975-76,54,,1719,385,832,385,828,0,4,154,198,196,323,519,82,68,80,136,187,924,0.463,0.465,0,0.463,0.778,0.503,greenmi01
Steve Green,22,TOT,ABA,1975-76,52,,1068,195,438,195,433,0,5,84,108,84,110,194,64,31,10,72,150,474,0.445,0.45,0,0.445,0.778,0.488,greenst01
Kevin Grevey,22,WSB,NBA,1975-76,56,,504,79,213,79,213,,,52,58,24,36,60,27,13,3,,65,210,0.371,0.371,,0.371,0.897,0.44,greveke01
Bob Gross,22,POR,NBA,1975-76,76,,1474,209,400,209,400,,,97,142,138,169,307,163,91,43,,186,515,0.523,0.523,,0.523,0.683,0.557,grossbo01
Matt Guokas,31,TOT,NBA,1975-76,56,,793,73,173,73,173,,,18,27,22,41,63,70,18,3,,76,164,0.422,0.422,,0.422,0.667,0.444,guokama02
Rudy Hackett,22,SSL,ABA,1975-76,22,,414,55,131,55,131,0,0,31,49,20,58,78,28,15,8,24,48,141,0.42,0.42,,0.42,0.633,0.462,hackeru01
Lindsay Hairston,24,DET,NBA,1975-76,47,,651,104,228,104,228,,,65,112,65,114,179,21,21,32,,84,273,0.456,0.456,,0.456,0.58,0.492,hairsli01
Joe Hamilton,27,UTS,ABA,1975-76,13,,131,31,78,25,57,6,21,9,13,5,9,14,15,8,0,6,12,77,0.397,0.439,0.286,0.436,0.692,0.46,hamiljo01
Glenn Hansen,23,KCK,NBA,1975-76,66,,1145,173,420,173,420,,,85,117,77,110,187,67,47,13,,144,431,0.412,0.412,,0.412,0.726,0.457,hansegl01
Clem Haskins,32,WSB,NBA,1975-76,55,,737,148,269,148,269,,,54,65,12,42,54,73,23,8,,79,350,0.55,0.55,,0.55,0.831,0.588,haskicl01
John Havlicek,35,BOS,NBA,1975-76,76,,2598,504,1121,504,1121,,,281,333,116,198,314,278,97,29,,204,1289,0.45,0.45,,0.45,0.844,0.508,havlijo01
Steve Hawes,25,TOT,NBA,1975-76,72,,1411,199,403,199,403,,,87,120,171,326,497,115,44,25,,169,485,0.494,0.494,,0.494,0.725,0.532,hawesst01
Bubbles Hawkins,21,GSW,NBA,1975-76,32,,153,53,104,53,104,,,20,31,16,14,30,16,10,8,,31,126,0.51,0.51,,0.51,0.645,0.536,hawkiro01
Connie Hawkins,33,ATL,NBA,1975-76,74,,1907,237,530,237,530,,,136,191,102,343,445,212,80,46,,172,610,0.447,0.447,,0.447,0.712,0.497,hawkico01
Nate Hawthorne,26,PHO,NBA,1975-76,79,,1144,182,423,182,423,,,115,170,86,123,209,46,33,15,,147,479,0.43,0.43,,0.43,0.676,0.481,hawthna01
Elvin Hayes,30,WSB,NBA,1975-76,80,,2975,649,1381,649,1381,,,287,457,210,668,878,121,104,202,,293,1585,0.47,0.47,,0.47,0.628,0.501,hayesel01
Spencer Haywood,26,NYK,NBA,1975-76,78,,2892,605,1360,605,1360,,,339,448,234,644,878,92,53,80,,255,1549,0.445,0.445,,0.445,0.757,0.497,haywosp01
Gar Heard,27,TOT,NBA,1975-76,86,,2747,392,901,392,901,,,158,248,247,622,869,190,117,96,,303,942,0.435,0.435,,0.435,0.637,0.466,heardga01
Tom Henderson,24,ATL,NBA,1975-76,81,,2900,469,1136,469,1136,,,216,305,58,207,265,374,137,10,,195,1154,0.413,0.413,,0.413,0.708,0.454,hendeto01
Darnell Hillman,26,INA,ABA,1975-76,74,,2166,375,828,374,824,1,4,243,336,248,422,670,147,80,80,196,306,994,0.453,0.454,0.25,0.454,0.723,0.509,hillmda01
Wilbur Holland,24,ATL,NBA,1975-76,33,,351,85,213,85,213,,,22,34,15,26,41,26,20,2,,48,192,0.399,0.399,,0.399,0.647,0.421,hollawi01
Lionel Hollins,22,POR,NBA,1975-76,74,,1891,311,738,311,738,,,178,247,39,136,175,306,131,28,,235,800,0.421,0.421,,0.421,0.721,0.472,hollili01
Lou Hudson,31,ATL,NBA,1975-76,81,,2558,569,1205,569,1205,,,237,291,104,196,300,214,124,17,,241,1375,0.472,0.472,,0.472,0.814,0.516,hudsolo01
Kim Hughes,23,NYA,ABA,1975-76,84,,2162,300,566,300,566,0,0,92,202,341,434,775,55,98,120,102,292,692,0.53,0.53,,0.53,0.455,0.528,hugheki01
John Hummer,27,SEA,NBA,1975-76,29,,364,32,67,32,67,,,17,41,21,56,77,25,6,9,,71,81,0.478,0.478,,0.478,0.415,0.476,hummejo01
Tom Ingelsby,24,SDS,ABA,1975-76,5,,14,1,3,1,3,0,0,2,2,1,2,3,0,0,0,0,1,4,0.333,0.333,,0.333,1,0.515,ingelto01
George Irvine,27,DNA,ABA,1975-76,3,,14,2,6,2,5,0,1,0,0,1,0,1,0,0,0,1,1,4,0.333,0.4,0,0.333,,0.333,irvinge01
Dan Issel,27,DNA,ABA,1975-76,84,,2856,752,1472,751,1468,1,4,425,521,303,620,923,201,100,56,200,266,1930,0.511,0.512,0.25,0.511,0.816,0.567,isselda01
Mike Jackson,26,VIR,ABA,1975-76,80,,2230,390,781,390,776,0,5,199,250,209,398,607,113,45,29,190,306,979,0.499,0.503,0,0.499,0.796,0.549,jacksmi01
Phil Jackson,30,NYK,NBA,1975-76,80,,1461,185,387,185,387,,,110,150,80,263,343,105,41,20,,275,480,0.478,0.478,,0.478,0.733,0.53,jacksph01
Aaron James,23,NOJ,NBA,1975-76,75,,1346,262,594,262,594,,,153,204,93,156,249,59,33,6,,172,677,0.441,0.441,,0.441,0.75,0.495,jamesaa01
Charles Johnson,26,GSW,NBA,1975-76,81,,1549,342,732,342,732,,,60,79,77,125,202,122,100,7,,178,744,0.467,0.467,,0.467,0.759,0.485,johnsch01
George Johnson,27,GSW,NBA,1975-76,82,,1745,165,341,165,341,,,70,104,200,427,627,82,51,174,,275,400,0.484,0.484,,0.484,0.673,0.517,johnsge02
John Johnson,28,TOT,NBA,1975-76,76,,1697,316,697,316,697,,,120,155,94,238,332,217,57,36,,194,752,0.453,0.453,,0.453,0.774,0.491,johnsjo01
Mickey Johnson,23,CHI,NBA,1975-76,81,,2390,478,1033,478,1033,,,283,360,279,479,758,130,93,66,,292,1239,0.463,0.463,,0.463,0.786,0.52,johnsmi01
Ollie Johnson,26,KCK,NBA,1975-76,81,,2150,348,678,348,678,,,125,149,116,241,357,146,67,42,,217,821,0.513,0.513,,0.513,0.839,0.552,johnsol01
Stew Johnson,31,TOT,ABA,1975-76,20,,350,61,197,60,184,1,13,18,22,22,26,48,23,8,1,13,35,141,0.31,0.326,0.077,0.312,0.818,0.341,johnsst01
Bobby Jones,24,DNA,ABA,1975-76,83,,2845,510,878,510,878,0,0,215,308,241,550,791,331,170,184,232,253,1235,0.581,0.581,,0.581,0.698,0.609,jonesbo01
Caldwell Jones,25,TOT,ABA,1975-76,76,,2674,423,900,423,893,0,7,140,186,246,607,853,147,81,218,166,321,986,0.47,0.474,0,0.47,0.753,0.502,jonesca01
Dwight Jones,23,ATL,NBA,1975-76,66,,1762,251,542,251,542,,,163,219,171,353,524,83,52,61,,214,665,0.463,0.463,,0.463,0.744,0.521,jonesdw01
Jimmy Jones,31,WSB,NBA,1975-76,64,,1133,153,308,153,308,,,72,94,32,99,131,120,33,5,,127,378,0.497,0.497,,0.497,0.766,0.541,jonesji01
Rich Jones,29,NYA,ABA,1975-76,83,,2427,441,1153,426,1086,15,67,199,261,103,325,428,131,81,21,159,294,1096,0.382,0.392,0.224,0.389,0.762,0.432,jonesri01
Steve Jones,33,POR,NBA,1975-76,64,,819,168,380,168,380,,,78,94,13,62,75,63,17,6,,96,414,0.442,0.442,,0.442,0.83,0.491,jonesst01
Wali Jones,33,TOT,NBA,1975-76,17,,176,23,49,23,49,,,9,13,0,9,9,33,6,0,,27,55,0.469,0.469,,0.469,0.692,0.503,joneswa02
Wil Jones,28,KEN,ABA,1975-76,83,,2635,483,1015,480,1009,3,6,158,204,243,382,625,209,84,54,200,326,1127,0.476,0.476,0.5,0.477,0.775,0.51,joneswi02
Charles Jordan,22,INA,ABA,1975-76,71,,855,162,373,160,363,2,10,43,72,94,122,216,53,33,13,84,184,369,0.434,0.441,0.2,0.437,0.597,0.456,jordach01
Kevin Joyce,24,TOT,ABA,1975-76,43,,916,114,311,112,299,2,12,55,74,7,42,49,130,31,3,91,96,285,0.367,0.375,0.167,0.37,0.743,0.415,joyceke01
George Karl,24,SAA,ABA,1975-76,75,,1200,150,334,150,325,0,9,81,106,13,53,66,250,60,3,108,149,381,0.449,0.462,0,0.449,0.764,0.5,karlge01
Bill Keller,28,INA,ABA,1975-76,78,,2311,410,1011,287,662,123,349,164,183,81,147,228,307,59,5,148,116,1107,0.406,0.434,0.352,0.466,0.896,0.507,kellebi01
Rich Kelley,22,NOJ,NBA,1975-76,75,,1346,184,379,184,379,,,159,205,193,335,528,155,52,60,,209,527,0.485,0.485,,0.485,0.776,0.562,kelleri01
Goo Kennedy,26,UTS,ABA,1975-76,16,,271,38,69,38,69,0,0,24,37,30,50,80,11,10,2,12,43,100,0.551,0.551,,0.551,0.649,0.586,kennego01
Larry Kenon,23,SAA,ABA,1975-76,81,,2920,647,1344,647,1343,0,1,221,283,287,610,897,151,91,43,243,165,1515,0.481,0.482,0,0.481,0.781,0.516,kenonla01
Billy Knight,23,INA,ABA,1975-76,70,,2775,774,1567,768,1552,6,15,415,501,294,414,708,259,92,23,299,206,1969,0.494,0.495,0.4,0.496,0.828,0.551,knighbi01
Len Kosmalski,24,KCK,NBA,1975-76,9,,93,8,20,8,20,,,4,7,9,16,25,12,3,4,,11,20,0.4,0.4,,0.4,0.571,0.433,kosmale01
Tom Kozelko,24,WSB,NBA,1975-76,67,,584,48,99,48,99,,,19,30,19,63,82,33,19,4,,74,115,0.485,0.485,,0.485,0.633,0.512,kozelto01
Tom Kropp,22,WSB,NBA,1975-76,25,,72,7,30,7,30,,,5,6,5,10,15,8,2,0,,20,19,0.233,0.233,,0.233,0.833,0.291,kroppto01
Steve Kuberski,28,TOT,NBA,1975-76,70,,967,135,291,135,291,,,71,79,90,169,259,47,12,13,,133,341,0.464,0.464,,0.464,0.899,0.523,kuberst01
Kevin Kunnert,24,HOU,NBA,1975-76,80,,2335,465,954,465,954,,,102,156,267,520,787,155,57,105,,315,1032,0.487,0.487,,0.487,0.654,0.505,kunneke01
C.J. Kupec,23,LAL,NBA,1975-76,16,,55,10,40,10,40,,,7,11,4,19,23,5,3,0,,7,27,0.25,0.25,,0.25,0.636,0.301,kupeccj01
Sam Lacey,27,KCK,NBA,1975-76,81,,3083,409,1019,409,1019,,,217,286,218,806,1024,378,132,134,,286,1035,0.401,0.401,,0.401,0.759,0.452,laceysa01
Bo Lamar,24,TOT,ABA,1975-76,41,,1130,277,668,253,582,24,86,79,106,46,70,116,171,42,2,95,58,657,0.415,0.435,0.279,0.433,0.745,0.46,lamarbo01
John Lambert,23,CLE,NBA,1975-76,54,,333,49,110,49,110,,,25,37,37,65,102,16,8,12,,54,123,0.445,0.445,,0.445,0.676,0.487,lambejo01
Bob Lanier,27,DET,NBA,1975-76,64,,2363,541,1017,541,1017,,,284,370,217,529,746,217,79,86,,203,1366,0.532,0.532,,0.532,0.768,0.579,laniebo01
Stu Lantz,29,LAL,NBA,1975-76,53,,853,85,204,85,204,,,80,89,28,71,99,76,27,3,,105,250,0.417,0.417,,0.417,0.899,0.514,lantzst01
John Laskowski,22,CHI,NBA,1975-76,71,,1570,284,690,284,690,,,87,120,52,167,219,55,56,10,,90,655,0.412,0.412,,0.412,0.725,0.441,laskojo01
Clyde Lee,31,PHI,NBA,1975-76,79,,1421,123,282,123,282,,,63,95,164,289,453,59,23,27,,188,309,0.436,0.436,,0.436,0.663,0.477,leecl01
Greg Lee,24,POR,NBA,1975-76,5,,35,2,4,2,4,,,2,2,0,2,2,11,2,0,,6,6,0.5,0.5,,0.5,1,0.615,leegr01
Freddie Lewis,32,SSL,ABA,1975-76,74,,2266,403,953,372,847,31,106,259,317,67,146,213,293,109,7,193,183,1096,0.423,0.439,0.292,0.439,0.817,0.502,lewisfr02
Bob Love,33,CHI,NBA,1975-76,76,,2823,543,1391,543,1391,,,362,452,191,319,510,145,63,10,,233,1448,0.39,0.39,,0.39,0.801,0.455,lovebo01
Maurice Lucas,23,TOT,ABA,1975-76,86,,2861,620,1346,617,1328,3,18,217,283,297,673,970,224,75,57,298,332,1460,0.461,0.465,0.167,0.462,0.767,0.496,lucasma01
Phil Lumpkin,24,PHO,NBA,1975-76,34,,370,22,65,22,65,,,26,30,7,16,23,48,15,0,,26,70,0.338,0.338,,0.338,0.867,0.448,lumpkph01
Moses Malone,20,SSL,ABA,1975-76,43,,1168,251,490,251,488,0,2,112,183,196,217,413,58,25,28,140,113,614,0.512,0.514,0,0.512,0.612,0.538,malonmo01
Ed Manning,32,INA,ABA,1975-76,12,,134,24,60,24,60,0,0,12,17,15,22,37,14,4,2,7,18,60,0.4,0.4,,0.4,0.706,0.445,mannied01
Pete Maravich,28,NOJ,NBA,1975-76,62,,2373,604,1316,604,1316,,,396,488,46,254,300,332,87,23,,197,1604,0.459,0.459,,0.459,0.811,0.524,maravpe01
Jack Marin,31,TOT,NBA,1975-76,79,,1909,343,812,343,812,,,161,188,69,183,252,141,45,11,,164,847,0.422,0.422,,0.422,0.856,0.473,marinja01
LaRue Martin,25,POR,NBA,1975-76,63,,889,109,302,109,302,,,57,77,68,243,311,72,6,23,,126,275,0.361,0.361,,0.361,0.74,0.409,martila01
Clyde Mayes,22,MIL,NBA,1975-76,65,,948,114,248,114,248,,,56,97,97,166,263,37,9,42,,154,284,0.46,0.46,,0.46,0.577,0.489,mayescl01
Ken Mayfield,27,NYK,NBA,1975-76,13,,64,17,46,17,46,,,3,3,1,7,8,4,0,0,,18,37,0.37,0.37,,0.37,1,0.391,mayfike01
Bob McAdoo,24,BUF,NBA,1975-76,78,,3328,934,1918,934,1918,,,559,734,241,724,965,315,93,160,,298,2427,0.487,0.487,,0.487,0.762,0.542,mcadobo01
Ted McClain,29,TOT,ABA,1975-76,73,,1927,267,631,264,619,3,12,136,170,52,156,208,310,138,23,194,277,673,0.423,0.426,0.25,0.426,0.8,0.477,mcclate01
Jim McDaniels,27,TOT,TOT,1975-76,64,,607,119,267,119,267,0,0,32,37,66,132,198,36,12,27,37,104,270,0.446,0.446,,0.446,0.865,0.477,mcdanji01
Glenn McDonald,23,BOS,NBA,1975-76,75,,1019,191,456,191,456,,,40,56,56,79,135,68,39,20,,123,422,0.419,0.419,,0.419,0.714,0.439,mcdongl01
Jim McElroy,22,NOJ,NBA,1975-76,51,,1134,151,296,151,296,,,81,110,34,76,110,107,44,4,,70,383,0.51,0.51,,0.51,0.736,0.556,mcelrji01
Patrick McFarland,24,SDS,ABA,1975-76,11,,275,55,120,54,118,1,2,21,22,17,27,44,39,6,1,29,20,132,0.458,0.458,0.5,0.463,0.955,0.509,mcfarpa01
George McGinnis,25,PHI,NBA,1975-76,77,,2946,647,1552,647,1552,,,475,642,260,707,967,359,198,41,,334,1769,0.417,0.417,,0.417,0.74,0.482,mcginge01
Jon McGlocklin,32,MIL,NBA,1975-76,33,,336,63,148,63,148,,,9,10,3,14,17,38,8,0,,18,135,0.426,0.426,,0.426,0.9,0.443,mcglojo01
Tom McMillen,23,BUF,NBA,1975-76,50,,708,96,222,96,222,,,41,54,64,122,186,69,7,6,,87,233,0.432,0.432,,0.432,0.759,0.474,mcmilto01
Jim McMillian,27,BUF,NBA,1975-76,74,,2610,492,918,492,918,,,188,219,134,256,390,205,88,14,,141,1172,0.536,0.536,,0.536,0.858,0.578,mcmilji01
Larry McNeill,25,KCK,NBA,1975-76,82,,1613,295,610,295,610,,,207,273,157,353,510,72,51,32,,244,797,0.484,0.484,,0.484,0.758,0.546,mcneila01
Cliff Meely,28,TOT,NBA,1975-76,34,,313,52,132,52,132,,,33,48,22,75,97,19,14,8,,61,137,0.394,0.394,,0.394,0.688,0.447,meelycl01
Bill Melchionni,31,NYA,ABA,1975-76,67,,1191,149,358,140,335,9,23,79,93,13,75,88,266,52,8,95,66,386,0.416,0.418,0.391,0.429,0.849,0.484,melchbi01
Dean Meminger,27,ATL,NBA,1975-76,68,,1418,155,379,155,379,,,100,152,65,86,151,222,54,8,,116,410,0.409,0.409,,0.409,0.658,0.46,meminde01
John Mengelt,26,DET,NBA,1975-76,67,,1105,264,540,264,540,,,192,237,27,88,115,108,40,5,,138,720,0.489,0.489,,0.489,0.81,0.559,mengejo01
Joe Meriweather,22,HOU,NBA,1975-76,81,,2042,338,684,338,684,,,154,239,163,353,516,82,36,120,,219,830,0.494,0.494,,0.494,0.644,0.526,meriwjo01
Dave Meyers,22,MIL,NBA,1975-76,72,,1589,198,472,198,472,,,135,210,121,324,445,100,72,25,,145,531,0.419,0.419,,0.419,0.643,0.47,meyerda01
Steve Mix,28,PHI,NBA,1975-76,81,,3039,421,844,421,844,,,287,351,215,447,662,216,158,29,,288,1129,0.499,0.499,,0.499,0.818,0.565,mixst01
Eric Money,20,DET,NBA,1975-76,80,,2267,449,947,449,947,,,145,180,77,130,207,338,137,11,,243,1043,0.474,0.474,,0.474,0.806,0.508,moneyer01
Earl Monroe,31,NYK,NBA,1975-76,76,,2889,647,1354,647,1354,,,280,356,48,225,273,304,111,22,,209,1574,0.478,0.478,,0.478,0.787,0.521,monroea01
Otto Moore,29,NOJ,NBA,1975-76,81,,2407,293,672,293,672,,,144,226,162,631,793,216,85,136,,250,730,0.436,0.436,,0.436,0.637,0.473,mooreot01
Jeff Mullins,33,GSW,NBA,1975-76,29,,311,58,120,58,120,,,23,29,12,20,32,39,14,1,,36,139,0.483,0.483,,0.483,0.793,0.524,mullije01
Allen Murphy,23,KEN,ABA,1975-76,29,,248,43,114,43,113,0,1,27,37,24,23,47,13,10,8,27,52,113,0.377,0.381,0,0.377,0.73,0.434,murphal01
Calvin Murphy,27,HOU,NBA,1975-76,82,,2995,675,1369,675,1369,,,372,410,52,157,209,596,151,6,,294,1722,0.493,0.493,,0.493,0.907,0.556,murphca01
Swen Nater,26,TOT,ABA,1975-76,76,,1790,320,651,320,647,0,4,108,155,229,537,766,55,31,51,170,238,748,0.492,0.495,0,0.492,0.697,0.52,natersw01
Lloyd Neal,25,POR,NBA,1975-76,68,,2320,435,904,435,904,,,186,268,145,440,585,118,53,107,,254,1056,0.481,0.481,,0.481,0.694,0.517,nealll01
Don Nelson,35,BOS,NBA,1975-76,75,,943,175,379,175,379,,,127,161,56,126,182,77,14,7,,115,477,0.462,0.462,,0.462,0.789,0.53,nelsodo01
Louie Nelson,24,NOJ,NBA,1975-76,66,,2030,327,755,327,755,,,169,230,81,121,202,169,82,6,,147,823,0.433,0.433,,0.433,0.735,0.481,nelsolo01
Bob Netolicky,33,INA,ABA,1975-76,4,,53,8,21,8,21,0,0,3,3,7,5,12,0,0,1,5,2,19,0.381,0.381,,0.381,1,0.426,netolbo01
Johnny Neumann,24,TOT,ABA,1975-76,77,,1589,393,949,322,741,71,208,151,189,80,121,201,171,68,26,174,222,1008,0.414,0.435,0.341,0.452,0.799,0.488,neumajo01
Mike Newlin,27,HOU,NBA,1975-76,82,,3065,569,1123,569,1123,,,385,445,72,264,336,457,106,5,,263,1523,0.507,0.507,,0.507,0.865,0.577,newlimi01
Connie Norman,22,PHI,NBA,1975-76,65,,818,183,422,183,422,,,20,24,51,50,101,66,28,7,,87,386,0.434,0.434,,0.434,0.833,0.446,normaco01
Willie Norwood,28,SEA,NBA,1975-76,64,,1004,146,301,146,301,,,152,203,91,138,229,59,42,4,,139,444,0.485,0.485,,0.485,0.749,0.569,norwowi01
Mark Olberding,19,TOT,ABA,1975-76,81,,2055,302,607,302,607,0,0,191,247,184,346,530,142,50,37,141,249,795,0.498,0.498,,0.498,0.773,0.555,olberma01
Frank Oleynick,20,SEA,NBA,1975-76,52,,650,127,316,127,316,,,53,77,10,35,45,53,21,6,,62,307,0.402,0.402,,0.402,0.688,0.439,oleynfr01
Tom Owens,26,TOT,ABA,1975-76,74,,1107,178,369,178,369,0,0,92,129,115,202,317,69,11,41,74,200,448,0.482,0.482,,0.482,0.713,0.526,owensto01
Barry Parkhill,24,SSL,ABA,1975-76,35,,377,37,100,36,89,1,11,5,8,2,24,26,64,9,7,29,46,80,0.37,0.404,0.091,0.375,0.625,0.386,parkhba01
Steve Patterson,27,TOT,NBA,1975-76,66,,918,84,220,84,220,,,34,54,80,148,228,80,16,16,,93,202,0.382,0.382,,0.382,0.63,0.414,pattest01
Billy Paultz,27,SAA,ABA,1975-76,83,,2958,566,1124,566,1122,0,2,238,324,210,652,862,340,61,253,231,232,1370,0.504,0.504,0,0.504,0.735,0.541,paultbi01
Curtis Perry,27,PHO,NBA,1975-76,71,,2353,386,776,386,776,,,175,239,197,487,684,182,84,66,,269,947,0.497,0.497,,0.497,0.732,0.537,perrycu01
Geoff Petrie,27,POR,NBA,1975-76,72,,2557,543,1177,543,1177,,,277,334,38,130,168,330,82,5,,194,1363,0.461,0.461,,0.461,0.829,0.515,petrige01
Cliff Pondexter,21,CHI,NBA,1975-76,75,,1326,156,380,156,380,,,122,182,113,268,381,90,28,26,,134,434,0.411,0.411,,0.411,0.67,0.472,pondecl01
Howard Porter,27,DET,NBA,1975-76,75,,1482,298,635,298,635,,,73,97,81,214,295,25,31,36,,133,669,0.469,0.469,,0.469,0.753,0.494,porteho01
Kevin Porter,25,DET,NBA,1975-76,19,,687,99,235,99,235,,,42,56,14,30,44,193,35,3,,83,240,0.421,0.421,,0.421,0.75,0.462,porteke01
Jim Price,26,MIL,NBA,1975-76,80,,2525,398,958,398,958,,,141,166,74,187,261,395,148,32,,264,937,0.415,0.415,,0.415,0.849,0.454,priceji01
Ed Ratleff,25,HOU,NBA,1975-76,72,,2401,314,647,314,647,,,168,206,107,272,379,260,114,37,,234,796,0.485,0.485,,0.485,0.816,0.54,ratleed01
Clifford Ray,27,GSW,NBA,1975-76,82,,2184,212,404,212,404,,,140,230,270,506,776,149,78,83,,247,564,0.525,0.525,,0.525,0.609,0.558,raycl01
Kevin Restani,24,MIL,NBA,1975-76,82,,1650,234,493,234,493,,,24,42,115,261,376,96,36,12,,151,492,0.475,0.475,,0.475,0.571,0.481,restake01
Pat Riley,30,TOT,NBA,1975-76,62,,813,117,301,117,301,,,55,77,16,34,50,57,22,6,,112,289,0.389,0.389,,0.389,0.714,0.431,rileypa01
Ron Riley,25,HOU,NBA,1975-76,65,,1049,115,280,115,280,,,38,56,91,213,304,75,32,21,,137,268,0.411,0.411,,0.411,0.679,0.44,rileyro01
Mike Riordan,30,WSB,NBA,1975-76,78,,1943,291,662,291,662,,,71,96,44,143,187,122,54,13,,201,653,0.44,0.44,,0.44,0.74,0.464,riordmi01
Rick Roberson,28,KCK,NBA,1975-76,74,,709,73,180,73,180,,,42,103,74,159,233,53,18,17,,126,188,0.406,0.406,,0.406,0.408,0.417,roberri01
Marv Roberts,26,TOT,ABA,1975-76,72,,1559,259,621,259,621,0,0,107,137,104,132,236,120,36,8,100,151,625,0.417,0.417,,0.417,0.781,0.459,roberma01
Truck Robinson,24,WSB,NBA,1975-76,82,,2055,354,779,354,779,,,211,314,139,418,557,113,42,107,,239,919,0.454,0.454,,0.454,0.672,0.501,robintr01
Bill Robinzine,23,KCK,NBA,1975-76,75,,1327,229,499,229,499,,,145,198,128,227,355,60,80,8,,290,603,0.459,0.459,,0.459,0.732,0.514,robinbi01
Dave Robisch,26,TOT,ABA,1975-76,87,,2789,436,1033,436,1030,0,3,324,381,281,513,794,166,71,59,113,200,1196,0.422,0.423,0,0.422,0.85,0.498,robisda01
John Roche,26,TOT,TOT,1975-76,31,,536,115,226,106,200,9,26,33,45,5,23,28,85,14,1,51,54,272,0.509,0.53,0.346,0.529,0.733,0.553,rochejo01
Harry Rogers,25,SSL,ABA,1975-76,18,,298,60,124,60,122,0,2,17,24,38,58,96,15,12,6,21,34,137,0.484,0.492,0,0.484,0.708,0.509,rogerha01
Dan Roundfield,22,INA,ABA,1975-76,67,,767,131,309,131,307,0,2,77,122,131,128,259,35,31,43,64,161,339,0.424,0.427,0,0.424,0.631,0.467,roundda01
Curtis Rowe,26,DET,NBA,1975-76,80,,2998,514,1098,514,1098,,,252,342,231,466,697,183,47,45,,209,1280,0.468,0.468,,0.468,0.737,0.513,rowecu01
Paul Ruffner,27,SSL,ABA,1975-76,2,,5,2,3,2,3,0,0,0,0,1,2,3,0,0,0,0,0,4,0.667,0.667,,0.667,,0.667,ruffnpa01
Campy Russell,24,CLE,NBA,1975-76,82,,1961,483,1003,483,1003,,,266,344,134,211,345,107,69,10,,231,1232,0.482,0.482,,0.482,0.773,0.534,russeca02
Cazzie Russell,31,LAL,NBA,1975-76,74,,1625,371,802,371,802,,,132,148,50,133,183,122,53,3,,122,874,0.463,0.463,,0.463,0.892,0.504,russeca01
Fred Saunders,24,PHO,NBA,1975-76,17,,146,28,64,28,64,,,6,11,11,26,37,13,5,1,,23,62,0.438,0.438,,0.438,0.545,0.45,saundfr01
Billy Schaeffer,24,TOT,ABA,1975-76,51,,637,114,258,112,248,2,10,48,63,39,72,111,37,19,9,35,72,278,0.442,0.452,0.2,0.446,0.762,0.486,schaebi01
Dale Schlueter,30,BUF,NBA,1975-76,71,,773,61,122,61,122,,,54,81,58,166,224,80,13,17,,141,176,0.5,0.5,,0.5,0.667,0.558,schluda01
Charlie Scott,27,BOS,NBA,1975-76,82,,2913,588,1309,588,1309,,,267,335,106,252,358,341,103,24,,356,1443,0.449,0.449,,0.449,0.797,0.495,scottch01
Bruce Seals,22,SEA,NBA,1975-76,81,,2435,388,889,388,889,,,181,267,157,350,507,119,64,44,,314,957,0.436,0.436,,0.436,0.678,0.475,sealsbr01
Ed Searcy,23,BOS,NBA,1975-76,4,,12,2,6,2,6,,,2,2,0,0,0,1,0,0,,4,6,0.333,0.333,,0.333,1,0.436,searced01
Gene Short,22,TOT,NBA,1975-76,34,,222,32,91,32,91,,,20,32,19,29,48,10,8,3,,36,84,0.352,0.352,,0.352,0.625,0.4,shortge01
John Shumate,23,TOT,NBA,1975-76,75,,1976,332,592,332,592,,,212,326,143,411,554,127,82,34,,159,876,0.561,0.561,,0.561,0.65,0.596,shumajo01
James Silas,26,SAA,ABA,1975-76,84,,3112,718,1384,718,1382,0,2,564,647,111,224,335,452,155,24,254,263,2000,0.519,0.52,0,0.519,0.872,0.599,silasja01
Paul Silas,32,BOS,NBA,1975-76,81,,2662,315,740,315,740,,,236,333,365,660,1025,203,56,33,,227,866,0.426,0.426,,0.426,0.709,0.488,silaspa01
Ralph Simpson,26,DNA,ABA,1975-76,84,,3121,619,1211,615,1187,4,24,273,350,121,333,454,597,153,23,360,183,1515,0.511,0.518,0.167,0.513,0.78,0.555,simpsra01
Al Skinner,23,NYA,ABA,1975-76,83,,2082,330,702,328,694,2,8,203,241,96,211,307,280,91,50,169,252,865,0.47,0.473,0.25,0.472,0.842,0.535,skinnal01
Tal Skinner,23,SEA,NBA,1975-76,72,,1224,132,285,132,285,,,49,80,89,175,264,67,50,7,,116,313,0.463,0.463,,0.463,0.613,0.489,skinnta01
Jerry Sloan,33,CHI,NBA,1975-76,22,,617,84,210,84,210,,,55,78,40,76,116,22,27,5,,77,223,0.4,0.4,,0.4,0.705,0.456,sloanje01
Al Smith,29,UTS,ABA,1975-76,15,,392,42,105,36,88,6,17,48,59,13,24,37,73,10,2,29,45,138,0.4,0.409,0.353,0.429,0.814,0.527,smithal01
Bingo Smith,29,CLE,NBA,1975-76,81,,2338,495,1121,495,1121,,,111,136,83,258,341,155,58,36,,231,1101,0.442,0.442,,0.442,0.816,0.466,smithbi02
Elmore Smith,26,MIL,NBA,1975-76,78,,2809,498,962,498,962,,,222,351,201,692,893,97,78,238,,268,1218,0.518,0.518,,0.518,0.632,0.545,smithel01
Greg Smith,29,POR,NBA,1975-76,1,,3,0,1,0,1,,,0,0,0,0,0,0,0,0,,2,0,0,0,,0,,0,smithgr01
Ken Smith,22,SAA,ABA,1975-76,19,,164,34,83,33,78,1,5,13,16,9,15,24,7,4,0,8,22,82,0.41,0.423,0.2,0.416,0.813,0.455,smithke02
Phil Smith,23,GSW,NBA,1975-76,82,,2793,659,1383,659,1383,,,323,410,133,243,376,362,108,18,,223,1641,0.477,0.477,,0.477,0.788,0.525,smithph01
Randy Smith,27,BUF,NBA,1975-76,82,,3167,702,1422,702,1422,,,383,469,104,313,417,484,153,4,,274,1787,0.494,0.494,,0.494,0.817,0.549,smithra01
Dick Snyder,31,CLE,NBA,1975-76,82,,2274,441,881,441,881,,,155,188,50,148,198,220,59,33,,215,1037,0.501,0.501,,0.501,0.824,0.538,snydedi01
Ricky Sobers,23,PHO,NBA,1975-76,78,,1898,280,623,280,623,,,158,192,80,179,259,215,106,7,,253,718,0.449,0.449,,0.449,0.823,0.507,soberri01
Mike Sojourner,22,ATL,NBA,1975-76,67,,1602,248,524,248,524,,,80,119,126,323,449,58,38,40,,174,576,0.473,0.473,,0.473,0.672,0.5,sojoumi01
Kevin Stacom,24,BOS,NBA,1975-76,77,,1114,170,387,170,387,,,68,91,62,99,161,128,23,5,,117,408,0.439,0.439,,0.439,0.747,0.478,stacoke01
Bud Stallworth,26,NOJ,NBA,1975-76,56,,1051,211,483,211,483,,,85,124,42,103,145,53,30,17,,135,507,0.437,0.437,,0.437,0.685,0.472,stallbu01
Larry Steele,26,POR,NBA,1975-76,81,,2382,322,651,322,651,,,154,203,77,215,292,324,170,19,,289,798,0.495,0.495,,0.495,0.759,0.539,steella01
Brian Taylor,24,NYA,ABA,1975-76,54,,1733,354,724,322,648,32,76,164,207,70,92,162,204,125,22,153,138,904,0.489,0.497,0.421,0.511,0.792,0.555,taylobr01
Fatty Taylor,29,VIR,ABA,1975-76,76,,2483,243,600,232,549,11,51,125,173,117,224,341,401,206,16,247,212,622,0.405,0.423,0.216,0.414,0.723,0.46,taylofa01
Chuck Terry,25,NYA,ABA,1975-76,66,,970,96,246,90,225,6,21,22,29,45,99,144,38,36,6,21,116,220,0.39,0.4,0.286,0.402,0.759,0.425,terrych01
Claude Terry,26,DNA,ABA,1975-76,79,,1349,232,500,219,445,13,55,80,89,42,110,152,146,40,5,96,116,557,0.464,0.492,0.236,0.477,0.899,0.517,terrycl01
Ronald Thomas,25,KEN,ABA,1975-76,83,,1117,134,277,133,275,1,2,55,94,148,223,371,67,61,18,71,168,324,0.484,0.484,0.5,0.486,0.585,0.509,thomaro01
Terry Thomas,22,DET,NBA,1975-76,28,,136,28,65,28,65,,,21,29,15,21,36,3,4,2,,21,77,0.431,0.431,,0.431,0.724,0.495,thomate01
David Thompson,21,DNA,ABA,1975-76,83,,3101,807,1567,804,1548,3,19,541,681,228,297,525,308,136,102,250,282,2158,0.515,0.519,0.158,0.516,0.794,0.578,thompda01
Nate Thurmond,34,TOT,NBA,1975-76,78,,1393,142,337,142,337,,,62,123,115,300,415,94,22,98,,160,346,0.421,0.421,,0.421,0.504,0.442,thurmna01
Rudy Tomjanovich,27,HOU,NBA,1975-76,79,,2912,622,1202,622,1202,,,221,288,167,499,666,188,42,19,,206,1465,0.517,0.517,,0.517,0.767,0.551,tomjaru01
Monte Towe,22,DNA,ABA,1975-76,64,,576,72,179,63,137,9,42,36,44,6,49,55,136,37,5,81,84,189,0.402,0.46,0.214,0.427,0.818,0.476,towemo01
George Trapp,27,DET,NBA,1975-76,76,,1091,278,602,278,602,,,63,88,79,150,229,50,33,23,,167,619,0.462,0.462,,0.462,0.716,0.483,trappge01
Dave Twardzik,25,VIR,ABA,1975-76,43,,871,100,216,97,200,3,16,113,139,28,61,89,125,62,3,93,107,316,0.463,0.485,0.188,0.47,0.813,0.57,twardda01
Wes Unseld,29,WSB,NBA,1975-76,78,,2922,318,567,318,567,,,114,195,271,765,1036,404,84,59,,203,750,0.561,0.561,,0.561,0.585,0.574,unselwe01
Dick Van Arsdale,32,PHO,NBA,1975-76,58,,1870,276,570,276,570,,,195,235,39,98,137,140,52,11,,113,747,0.484,0.484,,0.484,0.83,0.555,vanardi01
Tom Van Arsdale,32,ATL,NBA,1975-76,75,,2026,346,785,346,785,,,126,166,35,151,186,146,57,7,,202,818,0.441,0.441,,0.441,0.759,0.477,vanarto01
Jan van Breda Kolff,24,TOT,ABA,1975-76,80,,1978,223,488,221,482,2,6,165,198,144,292,436,182,65,96,144,164,613,0.457,0.459,0.333,0.459,0.833,0.533,vanbrja01
Norm Van Lier,28,CHI,NBA,1975-76,76,,3026,361,987,361,987,,,235,319,138,272,410,500,150,26,,298,957,0.366,0.366,,0.366,0.737,0.424,vanlino01
Dennis Van Zant,23,SAA,ABA,1975-76,1,,2,0,0,0,0,0,0,2,2,0,1,1,0,0,0,0,1,2,,,,,1,1.136,vanzade01
David Vaughn,23,VIR,ABA,1975-76,10,,86,12,33,12,33,0,0,5,8,8,11,19,3,0,2,5,15,29,0.364,0.364,,0.364,0.625,0.397,vaughda01
Neal Walk,27,NYK,NBA,1975-76,82,,1340,262,607,262,607,,,79,99,98,291,389,119,26,22,,209,603,0.432,0.432,,0.432,0.798,0.463,walkne01
Foots Walker,24,CLE,NBA,1975-76,81,,1280,143,369,143,369,,,84,108,53,129,182,288,98,5,,136,370,0.388,0.388,,0.388,0.778,0.444,walkefo01
Jimmy Walker,31,KCK,NBA,1975-76,73,,2490,459,950,459,950,,,231,267,49,128,177,176,87,14,,186,1149,0.483,0.483,,0.483,0.865,0.538,walkeji01
Bill Walton,23,POR,NBA,1975-76,51,,1687,345,732,345,732,,,133,228,132,549,681,220,49,82,,144,823,0.471,0.471,,0.471,0.583,0.494,waltobi01
Henry Ward,24,SAA,ABA,1975-76,61,,688,154,333,148,310,6,23,16,27,45,95,140,35,16,10,45,99,330,0.462,0.477,0.261,0.471,0.593,0.478,wardhe01
Cornell Warner,27,LAL,NBA,1975-76,81,,2512,251,524,251,524,,,89,128,223,499,722,106,55,46,,283,591,0.479,0.479,,0.479,0.695,0.509,warneco01
Bob Warren,29,SDS,ABA,1975-76,10,,265,36,81,35,78,1,3,28,32,27,32,59,23,9,6,23,35,101,0.444,0.449,0.333,0.451,0.875,0.531,warrebo01
Donald Washington,23,UTS,ABA,1975-76,6,,58,12,18,12,18,0,0,0,0,4,9,13,3,1,1,3,19,24,0.667,0.667,,0.667,,0.667,washido01
Jim Washington,32,BUF,NBA,1975-76,1,,7,0,1,0,1,,,0,0,1,0,1,1,0,0,,0,0,0,0,,0,,0,washiji01
Kermit Washington,24,LAL,NBA,1975-76,36,,492,39,90,39,90,,,45,66,51,114,165,20,11,26,,76,123,0.433,0.433,,0.433,0.682,0.517,washike01
Slick Watts,24,SEA,NBA,1975-76,82,,2776,433,1015,433,1015,,,199,344,112,253,365,661,261,16,,270,1065,0.427,0.427,,0.427,0.578,0.457,wattssl01
Nick Weatherspoon,25,WSB,NBA,1975-76,64,,1083,218,458,218,458,,,96,137,85,189,274,55,46,16,,172,532,0.476,0.476,,0.476,0.701,0.513,weathni01
Marvin Webster,23,DNA,ABA,1975-76,38,,398,55,120,55,119,0,1,55,78,63,111,174,30,9,52,38,60,165,0.458,0.462,0,0.458,0.705,0.535,webstma01
Scott Wedman,23,KCK,NBA,1975-76,82,,2968,538,1181,538,1181,,,191,245,199,407,606,199,103,36,,280,1267,0.456,0.456,,0.456,0.78,0.492,wedmasc01
Bob Weiss,33,BUF,NBA,1975-76,66,,995,89,183,89,183,,,35,48,13,53,66,150,48,14,,94,213,0.486,0.486,,0.486,0.729,0.522,weissbo01
Walt Wesley,31,LAL,NBA,1975-76,1,,7,1,2,1,2,,,2,4,0,1,1,1,0,0,,2,4,0.5,0.5,,0.5,0.5,0.532,weslewa01
Paul Westphal,25,PHO,NBA,1975-76,82,,2960,657,1329,657,1329,,,365,440,74,185,259,440,210,38,,218,1679,0.494,0.494,,0.494,0.83,0.551,westppa01
John Wetzel,31,PHO,NBA,1975-76,37,,249,22,46,22,46,,,20,24,8,30,38,19,9,3,,30,64,0.478,0.478,,0.478,0.833,0.566,wetzejo01
Jo Jo White,29,BOS,NBA,1975-76,82,,3257,670,1492,670,1492,,,212,253,61,252,313,445,107,20,,183,1552,0.449,0.449,,0.449,0.838,0.484,whitejo01
Rudy White,22,HOU,NBA,1975-76,32,,284,42,102,42,102,,,18,25,13,25,38,30,19,5,,32,102,0.412,0.412,,0.412,0.72,0.451,whiteru01
Sidney Wicks,26,POR,NBA,1975-76,79,,3044,580,1201,580,1201,,,345,512,245,467,712,244,77,53,,250,1505,0.483,0.483,,0.483,0.674,0.528,wickssi01
Jamaal Wilkes,22,GSW,NBA,1975-76,82,,2716,617,1334,617,1334,,,227,294,193,527,720,167,102,31,,222,1461,0.463,0.463,,0.463,0.772,0.499,wilkeja01
Chuck Williams,29,DNA,ABA,1975-76,79,,2529,339,660,339,656,0,4,188,231,41,169,210,375,115,7,180,215,866,0.514,0.517,0,0.514,0.814,0.569,willich02
Earl Williams,24,DET,NBA,1975-76,46,,562,73,152,73,152,,,22,44,103,148,251,18,22,20,,81,168,0.48,0.48,,0.48,0.5,0.49,williea01
Gus Williams,22,GSW,NBA,1975-76,77,,1728,365,853,365,853,,,173,233,62,97,159,240,140,26,,143,903,0.428,0.428,,0.428,0.742,0.473,willigu01
Nate Williams,25,NOJ,NBA,1975-76,81,,1935,421,948,421,948,,,197,239,135,225,360,107,109,17,,253,1039,0.444,0.444,,0.444,0.824,0.493,willina01
Ron Williams,31,LAL,NBA,1975-76,9,,158,17,43,17,43,,,10,13,2,17,19,21,3,0,,15,44,0.395,0.395,,0.395,0.769,0.452,williro01
John Williamson,24,NYA,ABA,1975-76,76,,2255,519,1153,511,1111,8,42,187,232,70,120,190,188,76,33,185,224,1233,0.45,0.46,0.19,0.454,0.806,0.491,willijo01
Bill Willoughby,18,ATL,NBA,1975-76,62,,870,113,284,113,284,,,66,100,103,185,288,31,37,29,,87,292,0.398,0.398,,0.398,0.66,0.445,willobi01
Bobby Wilson,25,CHI,NBA,1975-76,58,,856,197,489,197,489,,,43,58,32,62,94,52,25,2,,96,437,0.403,0.403,,0.403,0.741,0.425,wilsobo03
Lee Winfield,28,KCK,NBA,1975-76,22,,214,32,66,32,66,,,9,14,8,16,24,19,10,6,,14,73,0.485,0.485,,0.485,0.643,0.506,winfile01
Harthorne Wingo,28,NYK,NBA,1975-76,57,,533,72,163,72,163,,,40,60,46,61,107,18,19,8,,59,184,0.442,0.442,,0.442,0.667,0.486,wingoha01
Brian Winters,23,MIL,NBA,1975-76,78,,2795,618,1333,618,1333,,,180,217,66,183,249,366,124,25,,240,1416,0.464,0.464,,0.464,0.829,0.496,wintebr01
Skip Wise,20,SAA,ABA,1975-76,2,,10,2,4,2,4,0,0,0,0,1,2,3,1,0,0,2,4,4,0.5,0.5,,0.5,,0.5,wisesk01
Willie Wise,28,VIR,ABA,1975-76,46,,1343,247,595,247,589,0,6,135,175,89,173,262,125,53,13,125,135,629,0.415,0.419,0,0.415,0.771,0.468,wisewi01
Luke Witte,25,CLE,NBA,1975-76,22,,99,11,32,11,32,,,9,15,9,29,38,4,1,1,,14,31,0.344,0.344,,0.344,0.6,0.402,wittelu01
Dave Wohl,26,HOU,NBA,1975-76,50,,700,66,163,66,163,,,38,49,9,47,56,112,26,1,,112,170,0.405,0.405,,0.405,0.776,0.461,wohlda01
Joby Wright,25,TOT,ABA,1975-76,23,,305,50,109,50,109,0,0,21,38,29,30,59,2,5,4,24,54,121,0.459,0.459,,0.459,0.553,0.481,wrighjo01
Zaid Abdul-Aziz,30,BUF,NBA,1976-77,22,,195,25,74,25,74,,,33,43,41,49,90,7,3,9,,21,83,0.338,0.338,,0.338,0.767,0.447,abdulza01
Kareem Abdul-Jabbar,29,LAL,NBA,1976-77,82,,3016,888,1533,888,1533,,,376,536,266,824,1090,319,101,261,,262,2152,0.579,0.579,,0.579,0.701,0.608,abdulka01
Tom Abernethy,22,LAL,NBA,1976-77,70,,1378,169,349,169,349,,,101,134,113,178,291,98,49,10,,118,439,0.484,0.484,,0.484,0.754,0.538,abernto01
Alvan Adams,22,PHO,NBA,1976-77,72,,2278,522,1102,522,1102,,,252,334,180,472,652,322,95,87,,260,1296,0.474,0.474,,0.474,0.754,0.519,adamsal01
Don Adams,29,BUF,NBA,1976-77,77,,1710,216,526,216,526,,,129,173,130,241,371,150,74,16,,201,561,0.411,0.411,,0.411,0.746,0.466,adamsdo01
Lucius Allen,29,LAL,NBA,1976-77,78,,2482,472,1035,472,1035,,,195,252,58,193,251,405,116,19,,183,1139,0.456,0.456,,0.456,0.774,0.497,allenlu01
Jerome Anderson,23,IND,NBA,1976-77,27,,164,26,59,26,59,,,14,20,9,3,12,10,6,2,,26,66,0.441,0.441,,0.441,0.7,0.487,anderje01
Tiny Archibald,28,NYN,NBA,1976-77,34,,1277,250,560,250,560,,,197,251,22,58,80,254,59,11,,77,697,0.446,0.446,,0.446,0.785,0.52,architi01
Jim Ard,28,BOS,NBA,1976-77,63,,969,96,254,96,254,,,49,76,77,219,296,53,18,28,,128,241,0.378,0.378,,0.378,0.645,0.419,ardji01
Bird Averitt,24,BUF,NBA,1976-77,75,,1136,234,619,234,619,,,121,169,20,58,78,134,30,5,,127,589,0.378,0.378,,0.378,0.716,0.425,averibi01
Dennis Awtrey,28,PHO,NBA,1976-77,72,,1760,160,373,160,373,,,91,126,111,245,356,182,23,31,,170,411,0.429,0.429,,0.429,0.722,0.48,awtrede01
Mike Bantom,25,TOT,NBA,1976-77,77,,1909,361,755,361,755,,,224,310,184,287,471,102,63,49,,233,946,0.478,0.478,,0.478,0.723,0.531,bantomi01
Tom Barker,21,ATL,NBA,1976-77,59,,1354,182,436,182,436,,,112,164,111,290,401,60,33,41,,223,476,0.417,0.417,,0.417,0.683,0.468,barketo01
Marvin Barnes,24,DET,NBA,1976-77,53,,989,202,452,202,452,,,106,156,69,184,253,45,38,33,,139,510,0.447,0.447,,0.447,0.679,0.49,barnema01
Jim Barnett,32,PHI,NBA,1976-77,16,,231,28,64,28,64,,,10,18,7,7,14,23,4,0,,28,66,0.438,0.438,,0.438,0.556,0.459,barneji02
Norton Barnhill,23,SEA,NBA,1976-77,4,,10,2,6,2,6,,,0,0,2,1,3,1,0,0,,5,4,0.333,0.333,,0.333,,0.333,barnhno01
Mike Barr,26,KCK,NBA,1976-77,73,,1224,122,279,122,279,,,41,57,33,97,130,175,52,18,,96,285,0.437,0.437,,0.437,0.719,0.469,barrmi01
Rick Barry,32,GSW,NBA,1976-77,79,,2904,682,1551,682,1551,,,359,392,73,349,422,475,172,58,,194,1723,0.44,0.44,,0.44,0.916,0.5,barryri01
Tim Bassett,25,NYN,NBA,1976-77,76,,2442,293,739,293,739,,,101,177,175,466,641,109,95,53,,246,687,0.396,0.396,,0.396,0.571,0.421,basseti01
Butch Beard,29,NYK,NBA,1976-77,70,,1082,148,293,148,293,,,75,109,50,113,163,144,57,5,,137,371,0.505,0.505,,0.505,0.688,0.544,beardbu01
Byron Beck,32,DEN,NBA,1976-77,53,,480,107,246,107,246,,,36,44,45,51,96,33,15,1,,59,250,0.435,0.435,,0.435,0.818,0.471,beckby01
Ron Behagen,26,NOJ,NBA,1976-77,60,,1170,213,509,213,509,,,90,126,144,287,431,83,41,19,,166,516,0.418,0.418,,0.418,0.714,0.457,behagro01
Mel Bennett,22,IND,NBA,1976-77,67,,911,101,294,101,294,,,112,187,110,127,237,70,37,33,,155,314,0.344,0.344,,0.344,0.599,0.417,benneme01
Henry Bibby,27,PHI,NBA,1976-77,81,,2639,302,702,302,702,,,221,282,86,187,273,356,108,5,,200,825,0.43,0.43,,0.43,0.784,0.499,bibbyhe01
Bob Bigelow,23,KCK,NBA,1976-77,29,,162,35,70,35,70,,,15,17,8,19,27,8,3,1,,17,85,0.5,0.5,,0.5,0.882,0.549,bigelbo01
Dave Bing,33,WSB,NBA,1976-77,64,,1516,271,597,271,597,,,136,176,54,89,143,275,61,5,,150,678,0.454,0.454,,0.454,0.773,0.503,bingda01
Tom Boerwinkle,31,CHI,NBA,1976-77,82,,1070,134,273,134,273,,,34,63,101,211,312,189,19,19,,147,302,0.491,0.491,,0.491,0.54,0.502,boerwto01
Ron Boone,30,KCK,NBA,1976-77,82,,3021,747,1577,747,1577,,,324,384,128,193,321,338,119,19,,258,1818,0.474,0.474,,0.474,0.844,0.521,boonero01
Tom Boswell,23,BOS,NBA,1976-77,70,,1083,175,340,175,340,,,96,135,111,195,306,85,27,8,,237,446,0.515,0.515,,0.515,0.711,0.558,bosweto01
Freddie Boyd,26,NOJ,NBA,1976-77,47,,1212,194,406,194,406,,,79,98,19,71,90,147,44,6,,78,467,0.478,0.478,,0.478,0.806,0.52,boydfr01
Bill Bradley,33,NYK,NBA,1976-77,67,,1027,127,274,127,274,,,34,42,27,76,103,128,25,8,,122,288,0.464,0.464,,0.464,0.81,0.492,bradlbi01
Jim Brewer,25,CLE,NBA,1976-77,81,,2672,296,657,296,657,,,97,178,275,487,762,195,94,82,,214,689,0.451,0.451,,0.451,0.545,0.469,breweji01
Junior Bridgeman,23,MIL,NBA,1976-77,82,,2410,491,1094,491,1094,,,197,228,129,287,416,205,82,26,,221,1179,0.449,0.449,,0.449,0.864,0.494,bridgju01
Allan Bristow,25,SAS,NBA,1976-77,82,,2017,365,747,365,747,,,206,258,119,229,348,240,89,2,,195,936,0.489,0.489,,0.489,0.798,0.544,bristal01
Gary Brokaw,23,TOT,NBA,1976-77,80,,1487,242,564,242,564,,,163,219,22,101,123,228,36,36,,164,647,0.429,0.429,,0.429,0.744,0.49,brokaga01
Fred Brown,28,SEA,NBA,1976-77,72,,2098,534,1114,534,1114,,,168,190,68,164,232,176,124,19,,140,1236,0.479,0.479,,0.479,0.884,0.516,brownfr01
John Brown,25,ATL,NBA,1976-77,77,,1405,160,350,160,350,,,121,150,75,161,236,103,46,7,,217,441,0.457,0.457,,0.457,0.807,0.53,brownjo01
Roger Brown,26,DET,NBA,1976-77,43,,322,21,56,21,56,,,18,26,31,59,90,12,15,18,,68,60,0.375,0.375,,0.375,0.692,0.445,brownro02
Joe Bryant,22,PHI,NBA,1976-77,61,,612,107,240,107,240,,,53,70,45,72,117,48,36,13,,84,267,0.446,0.446,,0.446,0.757,0.493,bryanjo01
Quinn Buckner,22,MIL,NBA,1976-77,79,,2095,299,689,299,689,,,83,154,91,173,264,372,192,21,,291,681,0.434,0.434,,0.434,0.539,0.45,bucknqu01
Ticky Burden,23,NYK,NBA,1976-77,61,,608,148,352,148,352,,,51,85,26,40,66,62,47,1,,88,347,0.42,0.42,,0.42,0.6,0.446,burdeti01
Tom Burleson,24,SEA,NBA,1976-77,82,,1803,288,652,288,652,,,220,301,184,367,551,93,74,117,,259,796,0.442,0.442,,0.442,0.731,0.507,burleto01
Don Buse,26,IND,NBA,1976-77,81,,2947,266,639,266,639,,,114,145,66,204,270,685,281,16,,129,646,0.416,0.416,,0.416,0.786,0.46,busedo01
Corky Calhoun,26,POR,NBA,1976-77,70,,743,85,183,85,183,,,66,85,40,104,144,35,24,8,,123,236,0.464,0.464,,0.464,0.776,0.535,calhoco01
Mack Calvin,29,TOT,NBA,1976-77,76,,1438,220,544,220,544,,,287,338,36,60,96,240,61,3,,127,727,0.404,0.404,,0.404,0.849,0.525,calvima01
Austin Carr,28,CLE,NBA,1976-77,82,,2409,558,1221,558,1221,,,213,268,120,120,240,220,57,10,,221,1329,0.457,0.457,,0.457,0.795,0.496,carrau01
M.L. Carr,26,DET,NBA,1976-77,82,,2643,443,931,443,931,,,205,279,211,420,631,181,165,58,,287,1091,0.476,0.476,,0.476,0.735,0.518,carrml01
Fred Carter,31,TOT,NBA,1976-77,61,,1112,209,500,209,500,,,68,96,55,62,117,125,39,9,,125,486,0.418,0.418,,0.418,0.708,0.448,cartefr01
Cornelius Cash,24,DET,NBA,1976-77,6,,49,9,23,9,23,,,3,6,8,8,16,1,2,1,,8,21,0.391,0.391,,0.391,0.5,0.41,cashco01
Harvey Catchings,25,PHI,NBA,1976-77,53,,864,62,123,62,123,,,33,47,64,170,234,30,23,78,,130,157,0.504,0.504,,0.504,0.702,0.546,catchha01
Don Chaney,30,LAL,NBA,1976-77,81,,2408,213,522,213,522,,,70,94,120,210,330,308,140,33,,224,496,0.408,0.408,,0.408,0.745,0.44,chanedo01
Ken Charles,25,ATL,NBA,1976-77,82,,2487,354,855,354,855,,,205,256,41,127,168,295,141,45,,240,913,0.414,0.414,,0.414,0.801,0.472,charlke01
Phil Chenier,26,WSB,NBA,1976-77,78,,2842,654,1472,654,1472,,,270,321,56,243,299,294,120,39,,166,1578,0.444,0.444,,0.444,0.841,0.489,cheniph01
Jim Chones,27,CLE,NBA,1976-77,82,,2378,450,972,450,972,,,155,212,208,480,688,104,32,77,,258,1055,0.463,0.463,,0.463,0.731,0.495,choneji01
Jim Cleamons,27,CLE,NBA,1976-77,60,,2045,257,592,257,592,,,112,148,99,174,273,308,66,23,,126,626,0.434,0.434,,0.434,0.757,0.476,cleamji01
E.C. Coleman,26,NOJ,NBA,1976-77,77,,2369,290,628,290,628,,,82,112,149,399,548,103,62,32,,280,662,0.462,0.462,,0.462,0.732,0.489,colemec01
Doug Collins,25,PHI,NBA,1976-77,58,,2037,426,823,426,823,,,210,250,64,131,195,271,70,15,,174,1062,0.518,0.518,,0.518,0.84,0.569,collido01
Norm Cook,21,BOS,NBA,1976-77,25,,138,27,72,27,72,,,9,17,10,17,27,5,10,3,,27,63,0.375,0.375,,0.375,0.529,0.396,cookno01
Dave Cowens,28,BOS,NBA,1976-77,50,,1888,328,756,328,756,,,162,198,147,550,697,248,46,49,,181,818,0.434,0.434,,0.434,0.818,0.485,cowenda01
Mike D'Antoni,25,SAS,NBA,1976-77,2,,9,1,3,1,3,,,1,2,0,2,2,2,0,0,,3,3,0.333,0.333,,0.333,0.5,0.387,dantomi01
Louie Dampier,32,SAS,NBA,1976-77,80,,1634,233,507,233,507,,,64,86,22,54,76,234,49,15,,93,530,0.46,0.46,,0.46,0.744,0.486,dampilo01
Bob Dandridge,29,MIL,NBA,1976-77,70,,2501,585,1253,585,1253,,,283,367,146,294,440,268,95,28,,222,1453,0.467,0.467,,0.467,0.771,0.514,dandrbo01
Mel Daniels,32,NYN,NBA,1976-77,11,,126,13,35,13,35,,,13,23,10,24,34,6,3,11,,29,39,0.371,0.371,,0.371,0.565,0.432,danieme01
Adrian Dantley,20,BUF,NBA,1976-77,77,,2816,544,1046,544,1046,,,476,582,251,336,587,144,91,15,,215,1564,0.52,0.52,,0.52,0.818,0.601,dantlad01
Dwight Davis,27,GSW,NBA,1976-77,33,,552,55,124,55,124,,,49,72,34,61,95,29,11,8,,93,159,0.444,0.444,,0.444,0.681,0.511,davisdw01
Johnny Davis,21,POR,NBA,1976-77,79,,1451,234,531,234,531,,,166,209,62,64,126,148,41,11,,128,634,0.441,0.441,,0.441,0.794,0.509,davisjo01
Mel Davis,26,TOT,NBA,1976-77,56,,1094,168,464,168,464,,,64,91,98,195,293,71,31,5,,130,400,0.362,0.362,,0.362,0.703,0.397,davisme01
Mickey Davis,26,MIL,NBA,1976-77,19,,165,29,68,29,68,,,23,25,11,18,29,20,6,4,,11,81,0.426,0.426,,0.426,0.92,0.513,davismi02
Ron Davis,22,ATL,NBA,1976-77,7,,67,8,35,8,35,,,4,13,2,5,7,2,7,0,,9,20,0.229,0.229,,0.229,0.308,0.246,davisro01
Darryl Dawkins,20,PHI,NBA,1976-77,59,,684,135,215,135,215,,,40,79,59,171,230,24,12,49,,129,310,0.628,0.628,,0.628,0.506,0.621,dawkida01
Randy Denton,27,ATL,NBA,1976-77,45,,700,103,256,103,256,,,33,47,81,137,218,33,14,16,,100,239,0.402,0.402,,0.402,0.702,0.432,dentora01
Henry Dickerson,25,ATL,NBA,1976-77,6,,63,6,12,6,12,,,5,8,0,2,2,11,1,0,,13,17,0.5,0.5,,0.5,0.625,0.548,dickehe01
Derrek Dickey,25,GSW,NBA,1976-77,49,,856,158,345,158,345,,,45,61,100,140,240,63,20,11,,101,361,0.458,0.458,,0.458,0.738,0.485,dickede01
Coby Dietrick,28,SAS,NBA,1976-77,82,,1772,285,620,285,620,,,119,166,111,261,372,148,88,57,,267,689,0.46,0.46,,0.46,0.717,0.497,dietrco01
Ernie DiGregorio,26,BUF,NBA,1976-77,81,,2267,365,875,365,875,,,138,146,52,132,184,378,57,3,,150,868,0.417,0.417,,0.417,0.945,0.462,digreer01
Leon Douglas,22,DET,NBA,1976-77,82,,1626,245,512,245,512,,,127,229,181,345,526,68,44,81,,294,617,0.479,0.479,,0.479,0.555,0.503,douglle01
John Drew,22,ATL,NBA,1976-77,74,,2688,689,1416,689,1416,,,412,577,280,395,675,133,102,29,,275,1790,0.487,0.487,,0.487,0.714,0.536,drewjo01
Charles Dudley,26,GSW,NBA,1976-77,79,,1682,220,421,220,421,,,129,203,119,177,296,347,67,6,,169,569,0.523,0.523,,0.523,0.635,0.557,dudlech01
Mike Dunleavy,22,PHI,NBA,1976-77,32,,359,60,145,60,145,,,34,45,10,24,34,56,13,2,,64,154,0.414,0.414,,0.414,0.756,0.467,dunlemi01
Jim Eakins,30,KCK,NBA,1976-77,82,,1338,151,336,151,336,,,188,222,112,249,361,119,29,49,,195,490,0.449,0.449,,0.449,0.847,0.565,eakinji01
Al Eberhard,24,DET,NBA,1976-77,68,,1219,181,380,181,380,,,109,138,76,145,221,50,45,15,,197,471,0.476,0.476,,0.476,0.79,0.534,eberhal01
Len Elmore,24,IND,NBA,1976-77,6,,46,7,17,7,17,,,4,5,7,8,15,2,0,4,,11,18,0.412,0.412,,0.412,0.8,0.469,elmorle01
Darrell Elston,24,IND,NBA,1976-77,5,,40,2,14,2,14,,,1,2,1,5,6,2,1,0,,6,5,0.143,0.143,,0.143,0.5,0.168,elstoda01
Alex English,23,MIL,NBA,1976-77,60,,648,132,277,132,277,,,46,60,68,100,168,25,17,18,,78,310,0.477,0.477,,0.477,0.767,0.511,englial01
Keith Erickson,32,PHO,NBA,1976-77,50,,949,142,294,142,294,,,37,50,36,108,144,104,30,7,,122,321,0.483,0.483,,0.483,0.74,0.508,erickke01
Julius Erving,26,PHI,NBA,1976-77,82,,2940,685,1373,685,1373,,,400,515,192,503,695,306,159,113,,251,1770,0.499,0.499,,0.499,0.777,0.553,ervinju01
Butch Feher,22,PHO,NBA,1976-77,48,,487,86,162,86,162,,,76,99,18,56,74,36,11,7,,46,248,0.531,0.531,,0.531,0.768,0.603,feherbu01
Eric Fernsten,23,CHI,NBA,1976-77,5,,61,3,15,3,15,,,8,11,9,7,16,6,1,3,,9,14,0.2,0.2,,0.2,0.727,0.353,fernser01
Mike Flynn,23,IND,NBA,1976-77,73,,1324,250,573,250,573,,,101,142,76,111,187,179,57,6,,106,601,0.436,0.436,,0.436,0.711,0.473,flynnmi01
Chris Ford,28,DET,NBA,1976-77,82,,2539,437,918,437,918,,,131,170,96,174,270,337,179,26,,192,1005,0.476,0.476,,0.476,0.771,0.506,fordch01
Don Ford,24,LAL,NBA,1976-77,82,,1782,262,570,262,570,,,73,102,105,248,353,133,60,21,,170,597,0.46,0.46,,0.46,0.716,0.485,forddo01
Fred Foster,30,BUF,NBA,1976-77,59,,689,99,247,99,247,,,30,44,33,43,76,48,16,0,,92,228,0.401,0.401,,0.401,0.682,0.428,fostefr01
Jim Fox,33,NYN,NBA,1976-77,71,,1165,184,398,184,398,,,95,114,100,229,329,49,20,25,,158,463,0.462,0.462,,0.462,0.833,0.517,foxji01
Walt Frazier,31,NYK,NBA,1976-77,76,,2687,532,1089,532,1089,,,259,336,52,241,293,403,132,9,,194,1323,0.489,0.489,,0.489,0.771,0.535,fraziwa01
World B. Free,23,PHI,NBA,1976-77,78,,2253,467,1022,467,1022,,,334,464,97,140,237,266,75,25,,207,1268,0.457,0.457,,0.457,0.72,0.517,freewo01
Terry Furlow,22,PHI,NBA,1976-77,32,,174,34,100,34,100,,,16,18,18,21,39,19,7,2,,11,84,0.34,0.34,,0.34,0.889,0.389,furlote01
Mike Gale,26,SAS,NBA,1976-77,82,,2598,353,754,353,754,,,137,167,54,219,273,473,191,50,,224,843,0.468,0.468,,0.468,0.82,0.509,galemi01
Rowland Garrett,26,TOT,NBA,1976-77,62,,598,106,239,106,239,,,41,51,37,75,112,27,21,10,,80,253,0.444,0.444,,0.444,0.804,0.484,garrero01
Gus Gerard,23,TOT,NBA,1976-77,65,,1048,201,454,201,454,,,78,117,89,128,217,92,44,62,,164,480,0.443,0.443,,0.443,0.667,0.475,gerargu01
George Gervin,24,SAS,NBA,1976-77,82,,2705,726,1335,726,1335,,,443,532,134,320,454,238,105,104,,286,1895,0.544,0.544,,0.544,0.833,0.604,gervige01
John Gianelli,26,TOT,NBA,1976-77,76,,1913,257,579,257,579,,,90,125,154,321,475,83,35,98,,171,604,0.444,0.444,,0.444,0.72,0.476,gianejo01
Herm Gilliam,30,POR,NBA,1976-77,80,,1665,326,744,326,744,,,92,120,64,137,201,170,76,6,,168,744,0.438,0.438,,0.438,0.767,0.467,gillihe01
Artis Gilmore,27,CHI,NBA,1976-77,82,,2877,570,1091,570,1091,,,387,586,313,757,1070,199,44,203,,266,1527,0.522,0.522,,0.522,0.66,0.566,gilmoar01
Gail Goodrich,33,NOJ,NBA,1976-77,27,,609,136,305,136,305,,,68,85,25,36,61,74,22,2,,43,340,0.446,0.446,,0.446,0.8,0.496,goodrga01
Leonard Gray,25,TOT,NBA,1976-77,83,,1639,258,592,258,592,,,118,158,84,209,293,124,58,31,,273,634,0.436,0.436,,0.436,0.747,0.479,grayle01
Mike Green,25,SEA,NBA,1976-77,76,,1928,290,658,290,658,,,166,235,191,312,503,120,45,129,,201,746,0.441,0.441,,0.441,0.706,0.49,greenmi01
Steve Green,23,IND,NBA,1976-77,70,,918,183,424,183,424,,,84,113,79,98,177,46,46,12,,157,450,0.432,0.432,,0.432,0.743,0.475,greenst01
Kevin Grevey,23,WSB,NBA,1976-77,76,,1306,224,530,224,530,,,79,119,73,105,178,68,29,9,,148,527,0.423,0.423,,0.423,0.664,0.452,greveke01
Paul Griffin,23,NOJ,NBA,1976-77,81,,1645,140,256,140,256,,,145,201,167,328,495,167,50,43,,241,425,0.547,0.547,,0.547,0.721,0.617,griffpa01
Bob Gross,23,POR,NBA,1976-77,82,,2232,376,711,376,711,,,183,215,173,221,394,242,107,57,,255,935,0.529,0.529,,0.529,0.851,0.58,grossbo01
Rudy Hackett,23,TOT,NBA,1976-77,6,,46,3,10,3,10,,,8,14,4,9,13,3,0,1,,8,14,0.3,0.3,,0.3,0.571,0.433,hackeru01
Glenn Hansen,24,KCK,NBA,1976-77,41,,289,67,155,67,155,,,23,32,28,31,59,25,13,3,,44,157,0.432,0.432,,0.432,0.719,0.464,hansegl01
John Havlicek,36,BOS,NBA,1976-77,79,,2913,580,1283,580,1283,,,235,288,109,273,382,400,84,18,,208,1395,0.452,0.452,,0.452,0.816,0.495,havlijo01
Steve Hawes,26,ATL,NBA,1976-77,44,,945,147,305,147,305,,,67,88,78,183,261,63,36,24,,141,361,0.482,0.482,,0.482,0.761,0.525,hawesst01
Bubbles Hawkins,22,NYN,NBA,1976-77,52,,1481,406,909,406,909,,,194,282,67,87,154,93,77,26,,163,1006,0.447,0.447,,0.447,0.688,0.487,hawkiro01
Elvin Hayes,31,WSB,NBA,1976-77,82,,3364,760,1516,760,1516,,,422,614,289,740,1029,158,87,220,,312,1942,0.501,0.501,,0.501,0.687,0.544,hayesel01
Spencer Haywood,27,NYK,NBA,1976-77,31,,1021,202,449,202,449,,,109,131,77,203,280,50,14,29,,72,513,0.45,0.45,,0.45,0.832,0.506,haywosp01
Gar Heard,28,PHO,NBA,1976-77,46,,1363,173,457,173,457,,,100,138,120,320,440,89,55,55,,139,446,0.379,0.379,,0.379,0.725,0.431,heardga01
Tom Henderson,25,TOT,NBA,1976-77,87,,2791,371,826,371,826,,,233,313,43,196,239,598,138,17,,148,975,0.449,0.449,,0.449,0.744,0.506,hendeto01
Phil Hicks,24,TOT,NBA,1976-77,37,,262,41,89,41,89,,,11,13,26,40,66,24,8,0,,37,93,0.461,0.461,,0.461,0.846,0.491,hicksph01
Armond Hill,23,ATL,NBA,1976-77,81,,1825,175,439,175,439,,,139,174,39,104,143,403,85,6,,245,489,0.399,0.399,,0.399,0.799,0.474,hillar01
Darnell Hillman,27,IND,NBA,1976-77,82,,2302,359,811,359,811,,,161,244,228,465,693,166,95,106,,353,879,0.443,0.443,,0.443,0.66,0.479,hillmda01
Wilbur Holland,25,CHI,NBA,1976-77,79,,2453,509,1120,509,1120,,,158,192,78,175,253,253,169,16,,201,1176,0.454,0.454,,0.454,0.823,0.488,hollawi01
Lionel Hollins,23,POR,NBA,1976-77,76,,2224,452,1046,452,1046,,,215,287,52,158,210,313,166,38,,265,1119,0.432,0.432,,0.432,0.749,0.477,hollili01
Mo Howard,22,TOT,NBA,1976-77,32,,345,64,132,64,132,,,24,35,17,22,39,42,17,8,,51,152,0.485,0.485,,0.485,0.686,0.516,howarmo01
Lou Hudson,32,ATL,NBA,1976-77,58,,1745,413,905,413,905,,,142,169,48,81,129,155,67,19,,160,968,0.456,0.456,,0.456,0.84,0.494,hudsolo01
Kim Hughes,24,NYN,NBA,1976-77,81,,2081,151,354,151,354,,,19,69,189,375,564,98,122,119,,308,321,0.427,0.427,,0.427,0.275,0.418,hugheki01
Dan Issel,28,DEN,NBA,1976-77,79,,2507,660,1282,660,1282,,,445,558,211,485,696,177,91,29,,246,1765,0.515,0.515,,0.515,0.797,0.578,isselda01
Phil Jackson,31,NYK,NBA,1976-77,76,,1033,102,232,102,232,,,51,71,75,154,229,85,33,18,,184,255,0.44,0.44,,0.44,0.718,0.484,jacksph01
Aaron James,24,NOJ,NBA,1976-77,52,,1059,238,486,238,486,,,89,114,56,130,186,55,20,5,,127,565,0.49,0.49,,0.49,0.781,0.527,jamesaa01
Charles Johnson,27,GSW,NBA,1976-77,79,,1196,255,583,255,583,,,49,69,50,91,141,91,77,7,,134,559,0.437,0.437,,0.437,0.71,0.456,johnsch01
Dennis Johnson,22,SEA,NBA,1976-77,81,,1667,285,566,285,566,,,179,287,161,141,302,123,123,57,,221,749,0.504,0.504,,0.504,0.624,0.541,johnsde01
George Johnson,28,TOT,NBA,1976-77,78,,1652,198,429,198,429,,,71,98,204,407,611,104,37,177,,246,467,0.462,0.462,,0.462,0.724,0.495,johnsge02
John Johnson,29,HOU,NBA,1976-77,79,,1738,319,696,319,696,,,94,132,75,191,266,163,47,24,,199,732,0.458,0.458,,0.458,0.712,0.485,johnsjo01
Mickey Johnson,24,CHI,NBA,1976-77,81,,2847,538,1205,538,1205,,,324,407,297,531,828,195,103,64,,315,1400,0.446,0.446,,0.446,0.796,0.506,johnsmi01
Ollie Johnson,27,KCK,NBA,1976-77,81,,1386,218,446,218,446,,,101,115,68,144,212,105,43,21,,169,537,0.489,0.489,,0.489,0.878,0.541,johnsol01
Bobby Jones,25,DEN,NBA,1976-77,82,,2419,501,879,501,879,,,236,329,174,504,678,264,186,162,,238,1238,0.57,0.57,,0.57,0.717,0.605,jonesbo01
Caldwell Jones,26,PHI,NBA,1976-77,82,,2023,215,424,215,424,,,64,116,190,476,666,92,43,200,,301,494,0.507,0.507,,0.507,0.552,0.52,jonesca01
Dwight Jones,24,HOU,NBA,1976-77,74,,1239,167,338,167,338,,,101,126,98,186,284,48,38,19,,175,435,0.494,0.494,,0.494,0.802,0.553,jonesdw01
Jimmy Jones,32,WSB,NBA,1976-77,3,,33,2,9,2,9,,,2,4,1,3,4,1,2,0,,4,6,0.222,0.222,,0.222,0.5,0.279,jonesji01
Rich Jones,30,NYN,NBA,1976-77,34,,877,134,348,134,348,,,92,121,48,146,194,46,38,11,,109,360,0.385,0.385,,0.385,0.76,0.449,jonesri01
Robin Jones,22,POR,NBA,1976-77,63,,1065,139,299,139,299,,,66,109,103,193,296,80,37,38,,124,344,0.465,0.465,,0.465,0.606,0.496,jonesro01
Wil Jones,29,IND,NBA,1976-77,80,,2709,438,1019,438,1019,,,166,223,218,386,604,189,102,80,,305,1042,0.43,0.43,,0.43,0.744,0.466,joneswi02
George Karl,25,SAS,NBA,1976-77,29,,251,25,73,25,73,,,29,42,4,13,17,46,10,0,,36,79,0.342,0.342,,0.342,0.69,0.432,karlge01
Rich Kelley,23,NOJ,NBA,1976-77,76,,1505,184,386,184,386,,,156,197,210,377,587,208,45,63,,244,524,0.477,0.477,,0.477,0.792,0.554,kelleri01
Goo Kennedy,27,HOU,NBA,1976-77,32,,277,31,58,31,58,,,3,8,14,37,51,6,7,5,,45,65,0.534,0.534,,0.534,0.375,0.528,kennego01
Larry Kenon,24,SAS,NBA,1976-77,78,,2936,706,1435,706,1435,,,293,356,282,597,879,229,167,60,,190,1705,0.492,0.492,,0.492,0.823,0.536,kenonla01
Billy Knight,24,IND,NBA,1976-77,78,,3117,831,1687,831,1687,,,413,506,223,359,582,260,117,19,,197,2075,0.493,0.493,,0.493,0.816,0.543,knighbi01
Tom Kropp,23,CHI,NBA,1976-77,53,,480,73,152,73,152,,,28,41,21,26,47,39,18,1,,77,174,0.48,0.48,,0.48,0.683,0.512,kroppto01
Steve Kuberski,29,BOS,NBA,1976-77,76,,860,131,312,131,312,,,63,83,76,133,209,39,7,5,,89,325,0.42,0.42,,0.42,0.759,0.466,kuberst01
Kevin Kunnert,25,HOU,NBA,1976-77,81,,2050,333,685,333,685,,,93,126,210,459,669,154,35,105,,361,759,0.486,0.486,,0.486,0.738,0.513,kunneke01
Mitch Kupchak,22,WSB,NBA,1976-77,82,,1513,341,596,341,596,,,170,246,183,311,494,62,22,34,,204,852,0.572,0.572,,0.572,0.691,0.605,kupchmi01
C.J. Kupec,24,LAL,NBA,1976-77,82,,908,153,342,153,342,,,78,101,76,123,199,53,18,4,,113,384,0.447,0.447,,0.447,0.772,0.497,kupeccj01
Sam Lacey,28,KCK,NBA,1976-77,82,,2595,327,774,327,774,,,215,282,189,545,734,386,119,133,,292,869,0.422,0.422,,0.422,0.762,0.484,laceysa01
Bo Lamar,25,LAL,NBA,1976-77,71,,1165,228,561,228,561,,,46,68,30,62,92,177,59,3,,73,502,0.406,0.406,,0.406,0.676,0.425,lamarbo01
John Lambert,24,CLE,NBA,1976-77,63,,555,67,157,67,157,,,25,36,62,92,154,31,16,18,,75,159,0.427,0.427,,0.427,0.694,0.46,lambejo01
Bob Lanier,28,DET,NBA,1976-77,64,,2446,678,1269,678,1269,,,260,318,200,545,745,214,70,126,,174,1616,0.534,0.534,,0.534,0.818,0.573,laniebo01
John Laskowski,23,CHI,NBA,1976-77,47,,562,75,212,75,212,,,27,30,16,47,63,44,32,2,,22,177,0.354,0.354,,0.354,0.9,0.393,laskojo01
Mo Layton,28,NYK,NBA,1976-77,56,,765,134,277,134,277,,,58,73,11,36,47,154,21,6,,87,326,0.484,0.484,,0.484,0.795,0.527,laytomo01
Ron Lee,24,PHO,NBA,1976-77,82,,1849,347,786,347,786,,,142,210,99,200,299,263,156,33,,276,836,0.441,0.441,,0.441,0.676,0.476,leero01
Freddie Lewis,33,IND,NBA,1976-77,32,,552,81,199,81,199,,,62,77,17,30,47,56,18,2,,58,224,0.407,0.407,,0.407,0.805,0.481,lewisfr02
Scott Lloyd,24,MIL,NBA,1976-77,69,,1025,153,324,153,324,,,95,126,81,129,210,33,21,13,,158,401,0.472,0.472,,0.472,0.754,0.528,lloydsc01
Bob Love,34,TOT,NBA,1976-77,59,,1174,162,428,162,428,,,109,132,79,119,198,48,22,6,,120,433,0.379,0.379,,0.379,0.826,0.445,lovebo01
John Lucas,23,HOU,NBA,1976-77,82,,2531,388,814,388,814,,,135,171,55,164,219,463,125,19,,174,911,0.477,0.477,,0.477,0.789,0.512,lucasjo01
Maurice Lucas,24,POR,NBA,1976-77,79,,2863,632,1357,632,1357,,,335,438,271,628,899,229,83,56,,294,1599,0.466,0.466,,0.466,0.765,0.516,lucasma01
Moses Malone,21,TOT,NBA,1976-77,82,,2506,389,810,389,810,,,305,440,437,635,1072,89,67,181,,275,1083,0.48,0.48,,0.48,0.693,0.54,malonmo01
Pete Maravich,29,NOJ,NBA,1976-77,73,,3041,886,2047,886,2047,,,501,600,90,284,374,392,84,22,,191,2273,0.433,0.433,,0.433,0.835,0.492,maravpe01
Jack Marin,32,CHI,NBA,1976-77,54,,869,167,359,167,359,,,31,39,27,64,91,62,13,6,,85,365,0.465,0.465,,0.465,0.795,0.485,marinja01
Scott May,22,CHI,NBA,1976-77,72,,2369,431,955,431,955,,,188,227,141,296,437,145,78,17,,185,1050,0.451,0.451,,0.451,0.828,0.498,maysc01
Clyde Mayes,23,TOT,NBA,1976-77,9,,52,5,19,5,19,,,3,7,10,6,16,3,0,4,,12,13,0.263,0.263,,0.263,0.429,0.294,mayescl01
Bob McAdoo,25,TOT,NBA,1976-77,72,,2798,740,1445,740,1445,,,381,516,199,727,926,205,77,99,,262,1861,0.512,0.512,,0.512,0.738,0.557,mcadobo01
Andre McCarter,23,KCK,NBA,1976-77,59,,725,119,257,119,257,,,32,45,16,39,55,99,23,0,,63,270,0.463,0.463,,0.463,0.711,0.488,mccaran01
Ted McClain,30,DEN,NBA,1976-77,72,,2002,245,551,245,551,,,99,133,52,177,229,324,106,13,,255,589,0.445,0.445,,0.445,0.744,0.483,mcclate01
Paul McCracken,26,CHI,NBA,1976-77,9,,119,18,47,18,47,,,11,18,6,10,16,14,6,0,,17,47,0.383,0.383,,0.383,0.611,0.428,mccrapa01
Glenn McDonald,24,MIL,NBA,1976-77,9,,79,8,34,8,34,,,3,4,8,4,12,7,4,0,,11,19,0.235,0.235,,0.235,0.75,0.266,mcdongl01
Jim McElroy,23,NOJ,NBA,1976-77,73,,2029,301,640,301,640,,,169,217,55,128,183,260,60,8,,119,771,0.47,0.47,,0.47,0.779,0.524,mcelrji01
George McGinnis,26,PHI,NBA,1976-77,79,,2769,659,1439,659,1439,,,372,546,324,587,911,302,163,37,,299,1690,0.458,0.458,,0.458,0.681,0.503,mcginge01
Tom McMillen,24,TOT,NBA,1976-77,76,,1492,274,563,274,563,,,96,123,114,275,389,67,11,6,,163,644,0.487,0.487,,0.487,0.78,0.522,mcmilto01
Jim McMillian,28,NYK,NBA,1976-77,67,,2158,298,642,298,642,,,67,86,66,241,307,139,63,5,,103,663,0.464,0.464,,0.464,0.779,0.488,mcmilji01
Larry McNeill,26,TOT,NBA,1976-77,24,,230,47,112,47,112,,,52,61,28,47,75,6,10,2,,32,146,0.42,0.42,,0.42,0.852,0.526,mcneila01
Dean Meminger,28,NYK,NBA,1976-77,32,,254,15,36,15,36,,,13,23,12,14,26,29,8,1,,17,43,0.417,0.417,,0.417,0.565,0.466,meminde01
John Mengelt,27,CHI,NBA,1976-77,61,,1178,209,458,209,458,,,89,113,29,81,110,114,37,4,,102,507,0.456,0.456,,0.456,0.788,0.499,mengejo01
Joe Meriweather,23,ATL,NBA,1976-77,74,,2068,319,607,319,607,,,182,255,216,380,596,82,41,82,,324,820,0.526,0.526,,0.526,0.714,0.57,meriwjo01
Dave Meyers,23,MIL,NBA,1976-77,50,,1262,179,383,179,383,,,127,192,122,219,341,86,42,32,,152,485,0.467,0.467,,0.467,0.661,0.519,meyerda01
Steve Mix,29,PHI,NBA,1976-77,75,,1958,288,551,288,551,,,215,263,127,249,376,152,90,20,,167,791,0.523,0.523,,0.523,0.817,0.593,mixst01
Eric Money,21,DET,NBA,1976-77,73,,1586,329,631,329,631,,,90,114,43,81,124,243,91,14,,199,748,0.521,0.521,,0.521,0.789,0.549,moneyer01
Earl Monroe,32,NYK,NBA,1976-77,77,,2656,613,1185,613,1185,,,307,366,45,178,223,366,91,23,,197,1533,0.517,0.517,,0.517,0.839,0.569,monroea01
Otto Moore,30,NOJ,NBA,1976-77,81,,2084,193,477,193,477,,,91,134,170,466,636,181,54,117,,231,477,0.405,0.405,,0.405,0.679,0.445,mooreot01
Allen Murphy,24,LAL,NBA,1976-77,2,,18,1,5,1,5,,,3,7,3,1,4,0,0,0,,5,5,0.2,0.2,,0.2,0.429,0.309,murphal01
Calvin Murphy,28,HOU,NBA,1976-77,82,,2764,596,1216,596,1216,,,272,307,54,118,172,386,144,8,,281,1464,0.49,0.49,,0.49,0.886,0.542,murphca01
Swen Nater,27,MIL,NBA,1976-77,72,,1960,383,725,383,725,,,172,228,266,599,865,108,54,51,,214,938,0.528,0.528,,0.528,0.754,0.568,natersw01
Lloyd Neal,26,POR,NBA,1976-77,58,,955,160,340,160,340,,,77,114,87,168,255,58,8,35,,148,397,0.471,0.471,,0.471,0.675,0.509,nealll01
Louie Nelson,25,SAS,NBA,1976-77,4,,57,7,14,7,14,,,4,7,2,5,7,3,2,0,,9,18,0.5,0.5,,0.5,0.571,0.527,nelsolo01
Johnny Neumann,25,TOT,NBA,1976-77,63,,937,161,397,161,397,,,59,87,24,48,72,141,31,10,,134,381,0.406,0.406,,0.406,0.678,0.438,neumajo01
Mike Newlin,28,HOU,NBA,1976-77,82,,2119,387,850,387,850,,,269,304,53,151,204,320,60,3,,226,1043,0.455,0.455,,0.455,0.885,0.53,newlimi01
Willie Norwood,29,SEA,NBA,1976-77,76,,1647,216,461,216,461,,,151,206,127,165,292,99,62,6,,191,583,0.469,0.469,,0.469,0.733,0.528,norwowi01
Mark Olberding,20,SAS,NBA,1976-77,82,,1949,301,598,301,598,,,251,316,162,287,449,119,59,29,,277,853,0.503,0.503,,0.503,0.794,0.579,olberma01
Frank Oleynick,21,SEA,NBA,1976-77,50,,516,81,223,81,223,,,39,53,13,32,45,60,13,4,,48,201,0.363,0.363,,0.363,0.736,0.408,oleynfr01
Tom Owens,27,HOU,NBA,1976-77,46,,462,68,135,68,135,,,52,76,47,95,142,18,4,13,,96,188,0.504,0.504,,0.504,0.684,0.558,owensto01
Joe Pace,23,WSB,NBA,1976-77,30,,119,24,55,24,55,,,16,29,16,18,34,4,2,17,,29,64,0.436,0.436,,0.436,0.552,0.472,pacejo01
Robert Parish,23,GSW,NBA,1976-77,77,,1384,288,573,288,573,,,121,171,201,342,543,74,55,94,,224,697,0.503,0.503,,0.503,0.708,0.538,parisro01
Sonny Parker,21,GSW,NBA,1976-77,65,,889,154,292,154,292,,,71,92,85,88,173,59,53,26,,77,379,0.527,0.527,,0.527,0.772,0.57,parkeso01
Billy Paultz,28,SAS,NBA,1976-77,82,,2694,521,1102,521,1102,,,238,320,192,495,687,223,55,173,,262,1280,0.473,0.473,,0.473,0.744,0.515,paultbi01
Curtis Perry,28,PHO,NBA,1976-77,44,,1391,179,414,179,414,,,112,142,149,246,395,79,49,28,,163,470,0.432,0.432,,0.432,0.789,0.493,perrycu01
Cliff Pondexter,22,CHI,NBA,1976-77,78,,996,107,257,107,257,,,42,65,77,159,236,41,34,11,,82,256,0.416,0.416,,0.416,0.646,0.448,pondecl01
Howard Porter,28,DET,NBA,1976-77,78,,2200,465,962,465,962,,,103,120,155,303,458,53,50,73,,202,1033,0.483,0.483,,0.483,0.858,0.509,porteho01
Kevin Porter,26,DET,NBA,1976-77,81,,2117,310,605,310,605,,,97,133,28,70,98,592,88,8,,271,717,0.512,0.512,,0.512,0.729,0.54,porteke01
Jim Price,27,TOT,NBA,1976-77,81,,1828,253,567,253,567,,,83,103,50,181,231,261,128,20,,247,589,0.446,0.446,,0.446,0.806,0.481,priceji01
Ed Ratleff,26,HOU,NBA,1976-77,37,,533,70,161,70,161,,,26,42,24,53,77,43,20,6,,45,166,0.435,0.435,,0.435,0.619,0.462,ratleed01
Clifford Ray,28,GSW,NBA,1976-77,77,,2018,263,450,263,450,,,105,199,199,416,615,112,74,81,,242,631,0.584,0.584,,0.584,0.528,0.587,raycl01
Kevin Restani,25,MIL,NBA,1976-77,64,,1116,173,334,173,334,,,12,24,81,181,262,88,33,11,,102,358,0.518,0.518,,0.518,0.5,0.52,restake01
Mike Riordan,31,WSB,NBA,1976-77,49,,289,34,94,34,94,,,11,15,7,20,27,20,3,2,,33,79,0.362,0.362,,0.362,0.733,0.393,riordmi01
Marv Roberts,27,LAL,NBA,1976-77,28,,209,27,76,27,76,,,4,6,9,16,25,19,4,2,,34,58,0.355,0.355,,0.355,0.667,0.369,roberma01
Truck Robinson,25,TOT,NBA,1976-77,77,,2777,574,1200,574,1200,,,314,430,252,576,828,142,66,38,,253,1462,0.478,0.478,,0.478,0.73,0.526,robintr01
Bill Robinzine,24,KCK,NBA,1976-77,75,,1594,307,677,307,677,,,159,216,164,310,474,95,86,13,,283,773,0.453,0.453,,0.453,0.736,0.501,robinbi01
Dave Robisch,27,IND,NBA,1976-77,80,,1966,369,811,369,811,,,213,256,171,383,554,158,55,37,,169,951,0.455,0.455,,0.455,0.832,0.515,robisda01
Marshall Rogers,23,GSW,NBA,1976-77,26,,176,43,116,43,116,,,14,15,6,5,11,10,8,3,,33,100,0.371,0.371,,0.371,0.933,0.408,rogerma01
Dan Roundfield,23,IND,NBA,1976-77,61,,1645,342,734,342,734,,,164,239,179,339,518,69,61,131,,243,848,0.466,0.466,,0.466,0.686,0.505,roundda01
Curtis Rowe,27,BOS,NBA,1976-77,79,,2190,315,632,315,632,,,170,240,188,375,563,107,24,47,,215,800,0.498,0.498,,0.498,0.708,0.542,rowecu01
Campy Russell,25,CLE,NBA,1976-77,70,,2109,435,1003,435,1003,,,288,370,144,275,419,189,70,24,,196,1158,0.434,0.434,,0.434,0.778,0.497,russeca02
Cazzie Russell,32,LAL,NBA,1976-77,82,,2583,578,1179,578,1179,,,188,219,86,208,294,210,86,7,,163,1344,0.49,0.49,,0.49,0.858,0.527,russeca01
Fred Saunders,25,BOS,NBA,1976-77,68,,1051,184,395,184,395,,,35,53,73,150,223,85,26,7,,191,403,0.466,0.466,,0.466,0.66,0.482,saundfr01
Dale Schlueter,31,PHO,NBA,1976-77,39,,337,26,72,26,72,,,18,31,30,50,80,38,8,8,,62,70,0.361,0.361,,0.361,0.581,0.409,schluda01
Charlie Scott,28,BOS,NBA,1976-77,43,,1581,326,734,326,734,,,129,173,52,139,191,196,60,12,,155,781,0.444,0.444,,0.444,0.746,0.482,scottch01
Bruce Seals,23,SEA,NBA,1976-77,81,,1977,378,851,378,851,,,138,195,118,236,354,93,49,58,,262,894,0.444,0.444,,0.444,0.708,0.477,sealsbr01
Phil Sellers,23,DET,NBA,1976-77,44,,329,73,190,73,190,,,52,72,19,22,41,25,22,0,,56,198,0.384,0.384,,0.384,0.722,0.447,selleph01
Lonnie Shelton,21,NYK,NBA,1976-77,82,,2104,398,836,398,836,,,159,225,220,413,633,149,125,98,,363,955,0.476,0.476,,0.476,0.707,0.511,sheltlo01
John Shumate,24,BUF,NBA,1976-77,74,,2601,407,810,407,810,,,302,450,163,538,701,159,90,84,,197,1116,0.502,0.502,,0.502,0.671,0.554,shumajo01
James Silas,27,SAS,NBA,1976-77,22,,356,61,142,61,142,,,87,107,7,25,32,50,13,3,,36,209,0.43,0.43,,0.43,0.813,0.553,silasja01
Paul Silas,33,DEN,NBA,1976-77,81,,1959,206,572,206,572,,,170,255,236,370,606,132,58,23,,183,582,0.36,0.36,,0.36,0.667,0.425,silaspa01
Ralph Simpson,27,DET,NBA,1976-77,77,,1597,356,834,356,834,,,138,195,48,133,181,180,68,5,,100,850,0.427,0.427,,0.427,0.708,0.462,simpsra01
Al Skinner,24,NYN,NBA,1976-77,79,,2256,382,887,382,887,,,231,292,112,251,363,289,103,53,,279,995,0.431,0.431,,0.431,0.791,0.49,skinnal01
Bingo Smith,30,CLE,NBA,1976-77,81,,2135,513,1149,513,1149,,,148,181,92,225,317,152,61,30,,211,1174,0.446,0.446,,0.446,0.818,0.478,smithbi02
Elmore Smith,27,TOT,NBA,1976-77,70,,1464,241,507,241,507,,,117,213,114,325,439,43,35,144,,207,599,0.475,0.475,,0.475,0.549,0.499,smithel01
Phil Smith,24,GSW,NBA,1976-77,82,,2880,631,1318,631,1318,,,295,376,101,231,332,328,98,29,,227,1557,0.479,0.479,,0.479,0.785,0.525,smithph01
Randy Smith,28,BUF,NBA,1976-77,82,,3094,702,1504,702,1504,,,294,386,134,323,457,441,176,8,,264,1698,0.467,0.467,,0.467,0.762,0.507,smithra01
Willie Smith,23,CHI,NBA,1976-77,2,,11,0,1,0,1,,,0,0,0,0,0,0,0,0,,1,0,0,0,,0,,0,smithwi02
Dick Snyder,32,CLE,NBA,1976-77,82,,1685,316,693,316,693,,,127,149,47,102,149,160,45,30,,177,759,0.456,0.456,,0.456,0.852,0.5,snydedi01
Ricky Sobers,24,PHO,NBA,1976-77,79,,2005,414,834,414,834,,,243,289,82,152,234,238,93,14,,258,1071,0.496,0.496,,0.496,0.841,0.557,soberri01
Mike Sojourner,23,ATL,NBA,1976-77,51,,551,95,203,95,203,,,41,57,49,97,146,21,15,9,,66,231,0.468,0.468,,0.468,0.719,0.506,sojoumi01
Kevin Stacom,25,BOS,NBA,1976-77,79,,1051,179,438,179,438,,,46,58,40,57,97,117,19,3,,65,404,0.409,0.409,,0.409,0.793,0.436,stacoke01
Bud Stallworth,27,NOJ,NBA,1976-77,40,,526,126,272,126,272,,,17,29,19,52,71,23,19,11,,76,269,0.463,0.463,,0.463,0.586,0.472,stallbu01
Keith Starr,22,CHI,NBA,1976-77,17,,65,6,24,6,24,,,2,2,6,4,10,6,1,0,,11,14,0.25,0.25,,0.25,1,0.281,starrke01
Larry Steele,27,POR,NBA,1976-77,81,,1680,326,652,326,652,,,183,227,71,117,188,172,118,13,,216,835,0.5,0.5,,0.5,0.806,0.555,steella01
Earl Tatum,23,LAL,NBA,1976-77,68,,1249,283,607,283,607,,,72,100,83,153,236,118,85,22,,168,638,0.466,0.466,,0.466,0.72,0.49,tatumea01
Brian Taylor,25,KCK,NBA,1976-77,72,,2488,501,995,501,995,,,225,275,88,150,238,320,199,16,,206,1227,0.504,0.504,,0.504,0.818,0.55,taylobr01
Fatty Taylor,30,DEN,NBA,1976-77,79,,1548,132,314,132,314,,,37,65,90,121,211,288,132,9,,202,301,0.42,0.42,,0.42,0.569,0.439,taylofa01
Ira Terrell,22,PHO,NBA,1976-77,78,,1751,277,545,277,545,,,111,176,99,288,387,103,41,47,,165,665,0.508,0.508,,0.508,0.631,0.534,terreir01
Chuck Terry,26,NYN,NBA,1976-77,61,,1075,128,318,128,318,,,48,62,43,100,143,39,58,10,,120,304,0.403,0.403,,0.403,0.774,0.44,terrych01
Claude Terry,27,TOT,NBA,1976-77,45,,545,96,191,96,191,,,36,44,12,34,46,58,20,1,,48,228,0.503,0.503,,0.503,0.818,0.542,terrycl01
David Thompson,22,DEN,NBA,1976-77,82,,3001,824,1626,824,1626,,,477,623,138,196,334,337,114,53,,236,2125,0.507,0.507,,0.507,0.766,0.559,thompda01
Nate Thurmond,35,CLE,NBA,1976-77,49,,997,100,246,100,246,,,68,106,121,253,374,83,16,81,,128,268,0.407,0.407,,0.407,0.642,0.458,thurmna01
Dean Tolson,25,SEA,NBA,1976-77,60,,587,137,242,137,242,,,85,159,73,84,157,27,32,21,,83,359,0.566,0.566,,0.566,0.535,0.575,tolsode01
Rudy Tomjanovich,28,HOU,NBA,1976-77,81,,3130,733,1437,733,1437,,,287,342,172,512,684,172,57,27,,198,1753,0.51,0.51,,0.51,0.839,0.552,tomjaru01
Monte Towe,23,DEN,NBA,1976-77,51,,409,56,138,56,138,,,18,25,8,26,34,87,16,0,,61,130,0.406,0.406,,0.406,0.72,0.436,towemo01
George Trapp,28,DET,NBA,1976-77,6,,68,15,29,15,29,,,3,4,4,6,10,3,0,1,,13,33,0.517,0.517,,0.517,0.75,0.536,trappge01
Dave Twardzik,26,POR,NBA,1976-77,74,,1937,263,430,263,430,,,239,284,75,127,202,247,128,15,,228,765,0.612,0.612,,0.612,0.842,0.689,twardda01
Wes Unseld,30,WSB,NBA,1976-77,82,,2860,270,551,270,551,,,100,166,243,634,877,363,87,45,,253,640,0.49,0.49,,0.49,0.602,0.513,unselwe01
Dick Van Arsdale,33,PHO,NBA,1976-77,78,,1535,227,498,227,498,,,145,166,31,86,117,120,35,5,,94,599,0.456,0.456,,0.456,0.873,0.524,vanardi01
Tom Van Arsdale,33,PHO,NBA,1976-77,77,,1425,171,395,171,395,,,102,145,47,137,184,67,20,3,,163,444,0.433,0.433,,0.433,0.703,0.484,vanarto01
Jan van Breda Kolff,25,NYN,NBA,1976-77,72,,2398,271,609,271,609,,,195,228,156,304,460,117,74,68,,205,737,0.445,0.445,,0.445,0.855,0.52,vanbrja01
Norm Van Lier,29,CHI,NBA,1976-77,82,,3097,300,729,300,729,,,238,306,108,262,370,636,129,16,,268,838,0.412,0.412,,0.412,0.778,0.485,vanlino01
Neal Walk,28,NYK,NBA,1976-77,11,,135,28,57,28,57,,,6,7,5,22,27,6,4,3,,22,62,0.491,0.491,,0.491,0.857,0.516,walkne01
Andy Walker,21,NOJ,NBA,1976-77,40,,438,72,156,72,156,,,36,47,23,52,75,32,20,7,,59,180,0.462,0.462,,0.462,0.766,0.509,walkean01
Foots Walker,25,CLE,NBA,1976-77,62,,1216,157,349,157,349,,,89,115,55,105,160,254,83,4,,124,403,0.45,0.45,,0.45,0.774,0.504,walkefo01
Wally Walker,22,POR,NBA,1976-77,66,,627,137,305,137,305,,,67,100,45,63,108,51,14,2,,92,341,0.449,0.449,,0.449,0.67,0.489,walkewa01
Bill Walton,24,POR,NBA,1976-77,65,,2264,491,930,491,930,,,228,327,211,723,934,245,66,211,,174,1210,0.528,0.528,,0.528,0.697,0.563,waltobi01
Lloyd Walton,23,MIL,NBA,1976-77,53,,678,88,188,88,188,,,53,65,15,36,51,141,40,2,,52,229,0.468,0.468,,0.468,0.815,0.529,waltoll01
Henry Ward,25,SAS,NBA,1976-77,27,,171,34,90,34,90,,,15,17,10,23,33,6,6,5,,30,83,0.378,0.378,,0.378,0.882,0.426,wardhe01
Cornell Warner,28,LAL,NBA,1976-77,14,,170,25,53,25,53,,,4,6,21,48,69,11,1,2,,28,54,0.472,0.472,,0.472,0.667,0.485,warneco01
Kermit Washington,25,LAL,NBA,1976-77,53,,1342,191,380,191,380,,,132,187,182,310,492,48,43,52,,183,514,0.503,0.503,,0.503,0.706,0.556,washike01
Richard Washington,21,KCK,NBA,1976-77,82,,2265,446,1034,446,1034,,,177,254,201,497,698,85,63,90,,324,1069,0.431,0.431,,0.431,0.697,0.467,washiri01
Slick Watts,25,SEA,NBA,1976-77,79,,2627,428,1015,428,1015,,,172,293,81,226,307,630,214,25,,256,1028,0.422,0.422,,0.422,0.587,0.449,wattssl01
Nick Weatherspoon,26,TOT,NBA,1976-77,62,,1657,310,690,310,690,,,91,144,120,308,428,53,52,28,,168,711,0.449,0.449,,0.449,0.632,0.472,weathni01
Marvin Webster,24,DEN,NBA,1976-77,80,,1276,198,400,198,400,,,143,220,152,332,484,62,23,118,,149,539,0.495,0.495,,0.495,0.65,0.542,webstma01
Scott Wedman,24,KCK,NBA,1976-77,81,,2743,521,1133,521,1133,,,206,241,187,319,506,227,100,23,,226,1248,0.46,0.46,,0.46,0.855,0.504,wedmasc01
Bob Weiss,34,WSB,NBA,1976-77,62,,768,62,133,62,133,,,29,37,15,54,69,130,53,7,,66,153,0.466,0.466,,0.466,0.784,0.512,weissbo01
Paul Westphal,26,PHO,NBA,1976-77,81,,2600,682,1317,682,1317,,,362,439,57,133,190,459,134,21,,171,1726,0.518,0.518,,0.518,0.825,0.571,westppa01
Jo Jo White,30,BOS,NBA,1976-77,82,,3333,638,1488,638,1488,,,333,383,87,296,383,492,118,22,,193,1609,0.429,0.429,,0.429,0.869,0.486,whitejo01
Rudy White,23,HOU,NBA,1976-77,46,,368,47,106,47,106,,,15,25,13,28,41,35,11,1,,39,109,0.443,0.443,,0.443,0.6,0.466,whiteru01
Sidney Wicks,27,BOS,NBA,1976-77,82,,2642,464,1012,464,1012,,,310,464,268,556,824,169,64,61,,331,1238,0.458,0.458,,0.458,0.668,0.509,wickssi01
Bob Wilkerson,22,SEA,NBA,1976-77,78,,1552,221,573,221,573,,,84,122,96,162,258,171,72,8,,136,526,0.386,0.386,,0.386,0.689,0.42,wilkebo01
Jamaal Wilkes,23,GSW,NBA,1976-77,76,,2579,548,1147,548,1147,,,247,310,155,423,578,211,127,16,,222,1343,0.478,0.478,,0.478,0.797,0.523,wilkeja01
Chuck Williams,30,TOT,NBA,1976-77,65,,867,78,210,78,210,,,68,87,26,75,101,132,32,3,,60,224,0.371,0.371,,0.371,0.782,0.451,willich02
Chuckie Williams,23,CLE,NBA,1976-77,22,,65,14,47,14,47,,,9,12,3,1,4,7,1,0,,7,37,0.298,0.298,,0.298,0.75,0.354,willich03
Earl Williams,25,NYN,NBA,1976-77,1,,7,0,2,0,2,,,3,6,1,1,2,1,0,1,,2,3,0,0,,0,0.5,0.323,williea01
Gus Williams,23,GSW,NBA,1976-77,82,,1930,325,701,325,701,,,112,150,72,161,233,292,121,19,,218,762,0.464,0.464,,0.464,0.747,0.497,willigu01
Nate Williams,26,NOJ,NBA,1976-77,79,,1776,414,917,414,917,,,146,194,107,199,306,92,76,16,,200,974,0.451,0.451,,0.451,0.753,0.486,willina01
John Williamson,25,TOT,NBA,1976-77,72,,2481,618,1347,618,1347,,,259,329,42,151,193,201,107,13,,246,1495,0.459,0.459,,0.459,0.787,0.501,willijo01
Bill Willoughby,19,ATL,NBA,1976-77,39,,549,75,169,75,169,,,43,63,65,105,170,13,19,23,,64,193,0.444,0.444,,0.444,0.683,0.491,willobi01
Bobby Wilson,26,BOS,NBA,1976-77,25,,131,19,59,19,59,,,11,13,3,6,9,14,3,0,,19,49,0.322,0.322,,0.322,0.846,0.379,wilsobo03
Brian Winters,24,MIL,NBA,1976-77,78,,2717,652,1308,652,1308,,,205,242,64,167,231,337,114,29,,228,1509,0.498,0.498,,0.498,0.847,0.533,wintebr01
Willie Wise,29,DEN,NBA,1976-77,75,,1403,237,513,237,513,,,142,218,76,177,253,142,60,18,,180,616,0.462,0.462,,0.462,0.651,0.506,wisewi01
Dave Wohl,27,TOT,NBA,1976-77,51,,986,116,290,116,290,,,61,89,16,65,81,142,39,6,,115,293,0.4,0.4,,0.4,0.685,0.445,wohlda01
Larry Wright,22,WSB,NBA,1976-77,78,,1421,262,595,262,595,,,88,115,32,66,98,232,55,5,,170,612,0.44,0.44,,0.44,0.765,0.474,wrighla01
Zaid Abdul-Aziz,31,TOT,NBA,1977-78,16,,158,23,60,23,60,,,17,23,19,31,50,10,3,3,14,29,63,0.383,0.383,,0.383,0.739,0.449,abdulza01
Kareem Abdul-Jabbar,30,LAL,NBA,1977-78,62,,2265,663,1205,663,1205,,,274,350,186,615,801,269,103,185,208,182,1600,0.55,0.55,,0.55,0.783,0.589,abdulka01
Tom Abernethy,23,LAL,NBA,1977-78,73,,1317,201,404,201,404,,,91,111,105,160,265,101,55,22,50,122,493,0.498,0.498,,0.498,0.82,0.544,abernto01
Alvan Adams,23,PHO,NBA,1977-78,70,,1914,434,895,434,895,,,214,293,158,407,565,225,86,63,234,242,1082,0.485,0.485,,0.485,0.73,0.528,adamsal01
Lucius Allen,30,KCK,NBA,1977-78,77,,2147,373,846,373,846,,,174,220,66,163,229,360,93,28,217,180,920,0.441,0.441,,0.441,0.791,0.488,allenlu01
Jim Ard,29,TOT,NBA,1977-78,15,,125,8,17,8,17,,,3,5,9,27,36,8,0,0,14,19,19,0.471,0.471,,0.471,0.6,0.495,ardji01
Tate Armstrong,22,CHI,NBA,1977-78,66,,716,131,280,131,280,,,22,27,24,44,68,74,23,0,58,42,284,0.468,0.468,,0.468,0.815,0.487,armstta01
Bird Averitt,25,TOT,NBA,1977-78,55,,1085,198,484,198,484,,,100,141,17,66,83,196,39,9,143,123,496,0.409,0.409,,0.409,0.709,0.454,averibi01
Dennis Awtrey,29,PHO,NBA,1977-78,81,,1623,112,264,112,264,,,69,109,97,205,302,163,19,25,127,153,293,0.424,0.424,,0.424,0.633,0.47,awtrede01
Gus Bailey,26,NOJ,NBA,1977-78,48,,449,59,139,59,139,,,37,67,44,38,82,40,18,15,33,46,155,0.424,0.424,,0.424,0.552,0.46,bailegu01
Greg Ballard,23,WSB,NBA,1977-78,76,,936,142,334,142,334,,,88,114,102,164,266,62,30,13,64,90,372,0.425,0.425,,0.425,0.772,0.484,ballagr01
Mike Bantom,26,IND,NBA,1977-78,82,,2775,502,1047,502,1047,,,254,342,184,426,610,238,100,50,218,333,1258,0.479,0.479,,0.479,0.743,0.525,bantomi01
Marvin Barnes,25,TOT,NBA,1977-78,60,,1646,279,661,279,661,,,128,182,135,304,439,136,64,83,136,241,686,0.422,0.422,,0.422,0.703,0.463,barnema01
Rick Barry,33,GSW,NBA,1977-78,82,,3024,760,1686,760,1686,,,378,409,75,374,449,446,158,45,224,188,1898,0.451,0.451,,0.451,0.924,0.509,barryri01
Tim Bassett,26,NJN,NBA,1977-78,65,,1474,149,384,149,384,,,50,97,142,262,404,63,62,33,80,181,348,0.388,0.388,,0.388,0.515,0.408,basseti01
Butch Beard,30,NYK,NBA,1977-78,79,,1979,308,614,308,614,,,129,160,76,188,264,339,117,3,154,201,745,0.502,0.502,,0.502,0.806,0.544,beardbu01
Ron Behagen,27,TOT,NBA,1977-78,80,,1735,346,804,346,804,,,179,247,201,312,513,101,62,31,174,263,871,0.43,0.43,,0.43,0.725,0.477,behagro01
Mel Bennett,23,IND,NBA,1977-78,31,,285,23,81,23,81,,,28,45,49,44,93,22,11,7,30,54,74,0.284,0.284,,0.284,0.622,0.367,benneme01
Kent Benson,23,MIL,NBA,1977-78,69,,1288,220,473,220,473,,,92,141,89,206,295,99,69,54,119,177,532,0.465,0.465,,0.465,0.652,0.497,bensoke01
Henry Bibby,28,PHI,NBA,1977-78,82,,2518,286,659,286,659,,,171,219,62,189,251,464,91,6,153,207,743,0.434,0.434,,0.434,0.781,0.492,bibbyhe01
Bob Bigelow,24,TOT,NBA,1977-78,5,,24,4,13,4,13,,,0,0,3,6,9,0,0,0,0,3,8,0.308,0.308,,0.308,,0.308,bigelbo01
Dave Bing,34,BOS,NBA,1977-78,80,,2256,422,940,422,940,,,244,296,76,136,212,300,79,18,216,247,1088,0.449,0.449,,0.449,0.824,0.508,bingda01
Otis Birdsong,22,KCK,NBA,1977-78,73,,1878,470,955,470,955,,,216,310,70,105,175,174,74,12,145,179,1156,0.492,0.492,,0.492,0.697,0.53,birdsot01
Tom Boerwinkle,32,CHI,NBA,1977-78,22,,227,23,50,23,50,,,10,13,14,45,59,44,3,4,26,36,56,0.46,0.46,,0.46,0.769,0.503,boerwto01
Phil Bond,23,HOU,NBA,1977-78,7,,21,2,6,2,6,,,0,0,1,3,4,2,1,0,2,1,4,0.333,0.333,,0.333,,0.333,bondph01
Ron Boone,31,KCK,NBA,1977-78,82,,2653,563,1271,563,1271,,,322,377,112,157,269,311,105,11,303,233,1448,0.443,0.443,,0.443,0.854,0.504,boonero01
Jim Bostic,25,DET,NBA,1977-78,4,,48,12,22,12,22,,,2,5,8,8,16,3,0,0,3,5,26,0.545,0.545,,0.545,0.4,0.537,bostiji01
Tom Boswell,24,BOS,NBA,1977-78,65,,1149,185,357,185,357,,,93,123,117,171,288,71,25,14,95,204,463,0.518,0.518,,0.518,0.756,0.563,bosweto01
Freddie Boyd,27,NOJ,NBA,1977-78,21,,363,44,110,44,110,,,14,22,2,17,19,48,9,3,20,23,102,0.4,0.4,,0.4,0.636,0.426,boydfr01
Alonzo Bradley,24,HOU,NBA,1977-78,43,,798,130,304,130,304,,,43,59,24,75,99,54,16,6,55,83,303,0.428,0.428,,0.428,0.729,0.459,bradlal01
Mike Bratz,22,PHO,NBA,1977-78,80,,933,159,395,159,395,,,56,68,42,73,115,123,39,5,89,104,374,0.403,0.403,,0.403,0.824,0.44,bratzmi01
Jim Brewer,26,CLE,NBA,1977-78,80,,1798,175,390,175,390,,,46,100,182,313,495,98,60,48,103,178,396,0.449,0.449,,0.449,0.46,0.456,breweji01
Junior Bridgeman,24,MIL,NBA,1977-78,82,,1876,476,947,476,947,,,166,205,114,176,290,175,72,30,176,202,1118,0.503,0.503,,0.503,0.81,0.539,bridgju01
Allan Bristow,26,SAS,NBA,1977-78,82,,1481,257,538,257,538,,,152,208,99,158,257,194,69,4,146,150,666,0.478,0.478,,0.478,0.731,0.529,bristal01
Wayman Britt,25,DET,NBA,1977-78,7,,16,3,10,3,10,,,3,4,1,3,4,2,1,0,1,3,9,0.3,0.3,,0.3,0.75,0.383,brittwa01
Gary Brokaw,24,BUF,NBA,1977-78,13,,130,18,43,18,43,,,18,24,3,9,12,20,3,5,12,11,54,0.419,0.419,,0.419,0.75,0.504,brokaga01
Fred Brown,29,SEA,NBA,1977-78,72,,1965,508,1042,508,1042,,,176,196,61,127,188,240,110,25,164,145,1192,0.488,0.488,,0.488,0.898,0.528,brownfr01
John Brown,26,ATL,NBA,1977-78,75,,1594,192,405,192,405,,,165,200,137,166,303,105,55,8,116,280,549,0.474,0.474,,0.474,0.825,0.557,brownjo01
Joe Bryant,23,PHI,NBA,1977-78,81,,1236,190,436,190,436,,,111,144,103,177,280,129,56,24,115,185,491,0.436,0.436,,0.436,0.771,0.492,bryanjo01
Quinn Buckner,23,MIL,NBA,1977-78,82,,2072,314,671,314,671,,,131,203,78,169,247,456,188,19,228,287,759,0.468,0.468,,0.468,0.645,0.499,bucknqu01
Ticky Burden,24,NYK,NBA,1977-78,2,,15,1,2,1,2,,,0,0,0,0,0,1,1,0,0,1,2,0.5,0.5,,0.5,,0.5,burdeti01
Tom Burleson,25,KCK,NBA,1977-78,76,,1525,228,525,228,525,,,197,248,170,312,482,131,62,81,123,259,653,0.434,0.434,,0.434,0.794,0.515,burleto01
Don Buse,27,PHO,NBA,1977-78,82,,2547,287,626,287,626,,,112,136,59,190,249,391,185,14,124,144,686,0.458,0.458,,0.458,0.824,0.5,busedo01
Corky Calhoun,27,POR,NBA,1977-78,79,,1370,175,365,175,365,,,66,76,73,142,215,87,42,15,64,141,416,0.479,0.479,,0.479,0.868,0.522,calhoco01
Mack Calvin,30,DEN,NBA,1977-78,77,,988,147,333,147,333,,,173,206,11,73,84,148,46,5,108,87,467,0.441,0.441,,0.441,0.84,0.551,calvima01
Austin Carr,29,CLE,NBA,1977-78,82,,2186,414,945,414,945,,,183,225,76,111,187,225,68,19,146,168,1011,0.438,0.438,,0.438,0.813,0.484,carrau01
Kenny Carr,22,LAL,NBA,1977-78,52,,733,134,302,134,302,,,55,85,53,155,208,26,18,14,89,127,323,0.444,0.444,,0.444,0.647,0.476,carrke01
M.L. Carr,27,DET,NBA,1977-78,79,,2556,390,857,390,857,,,200,271,202,355,557,185,147,27,210,243,980,0.455,0.455,,0.455,0.738,0.502,carrml01
Bob Carrington,24,TOT,NBA,1977-78,72,,1653,253,589,253,589,,,130,171,70,104,174,117,65,23,118,205,636,0.43,0.43,,0.43,0.76,0.479,carribo01
Harvey Catchings,26,PHI,NBA,1977-78,61,,748,70,178,70,178,,,34,55,105,145,250,34,20,67,44,124,174,0.393,0.393,,0.393,0.618,0.43,catchha01
Don Chaney,31,TOT,NBA,1977-78,51,,835,104,269,104,269,,,38,45,40,76,116,66,44,13,61,107,246,0.387,0.387,,0.387,0.844,0.426,chanedo01
Ken Charles,26,ATL,NBA,1977-78,21,,520,73,184,73,184,,,42,50,6,18,24,82,25,5,37,53,188,0.397,0.397,,0.397,0.84,0.456,charlke01
Phil Chenier,27,WSB,NBA,1977-78,36,,937,200,451,200,451,,,109,138,15,87,102,73,36,9,67,54,509,0.443,0.443,,0.443,0.79,0.497,cheniph01
Jim Chones,28,CLE,NBA,1977-78,82,,2906,525,1113,525,1113,,,180,250,219,625,844,131,52,58,184,235,1230,0.472,0.472,,0.472,0.72,0.503,choneji01
Jim Cleamons,28,NYK,NBA,1977-78,79,,2009,215,448,215,448,,,81,103,69,143,212,283,68,17,113,142,511,0.48,0.48,,0.48,0.786,0.518,cleamji01
E.C. Coleman,27,GSW,NBA,1977-78,72,,1801,212,446,212,446,,,40,55,117,259,376,100,66,23,95,253,464,0.475,0.475,,0.475,0.727,0.493,colemec01
Doug Collins,26,PHI,NBA,1977-78,79,,2770,643,1223,643,1223,,,267,329,87,143,230,320,128,25,250,228,1553,0.526,0.526,,0.526,0.812,0.568,collido01
Norm Cook,22,DEN,NBA,1977-78,2,,10,1,3,1,3,,,0,0,1,2,3,1,0,0,0,4,2,0.333,0.333,,0.333,,0.333,cookno01
Dave Cowens,29,BOS,NBA,1977-78,77,,3215,598,1220,598,1220,,,239,284,248,830,1078,351,102,67,217,297,1435,0.49,0.49,,0.49,0.842,0.533,cowenda01
Wesley Cox,23,GSW,NBA,1977-78,43,,453,69,173,69,173,,,58,100,42,101,143,12,21,10,36,82,196,0.399,0.399,,0.399,0.58,0.452,coxwe01
Charlie Criss,29,ATL,NBA,1977-78,77,,1935,319,751,319,751,,,236,296,24,97,121,294,108,5,150,143,874,0.425,0.425,,0.425,0.797,0.496,crissch01
Mark Crow,23,NJN,NBA,1977-78,15,,154,35,80,35,80,,,14,20,14,13,27,8,5,1,12,24,84,0.438,0.438,,0.438,0.7,0.473,crowma01
Louie Dampier,33,SAS,NBA,1977-78,82,,2037,336,660,336,660,,,76,101,24,98,122,285,87,13,95,84,748,0.509,0.509,,0.509,0.752,0.531,dampilo01
Bob Dandridge,30,WSB,NBA,1977-78,75,,2777,560,1190,560,1190,,,330,419,137,305,442,287,101,44,241,262,1450,0.471,0.471,,0.471,0.788,0.528,dandrbo01
Adrian Dantley,21,TOT,NBA,1977-78,79,,2933,578,1128,578,1128,,,541,680,265,355,620,253,118,24,228,233,1697,0.512,0.512,,0.512,0.796,0.595,dantlad01
Brad Davis,22,LAL,NBA,1977-78,33,,334,30,72,30,72,,,22,29,4,31,35,83,15,2,35,39,82,0.417,0.417,,0.417,0.759,0.484,davisbr01
Johnny Davis,22,POR,NBA,1977-78,82,,2188,343,756,343,756,,,188,227,65,108,173,217,81,14,151,173,874,0.454,0.454,,0.454,0.828,0.511,davisjo01
Walter Davis,23,PHO,NBA,1977-78,81,,2590,786,1494,786,1494,,,387,466,158,326,484,273,113,20,283,242,1959,0.526,0.526,,0.526,0.83,0.577,daviswa03
Darryl Dawkins,21,PHI,NBA,1977-78,70,,1722,332,577,332,577,,,156,220,117,438,555,85,34,125,123,268,820,0.575,0.575,,0.575,0.709,0.608,dawkida01
Derrek Dickey,26,TOT,NBA,1977-78,47,,493,87,198,87,198,,,30,36,36,61,97,21,14,4,40,56,204,0.439,0.439,,0.439,0.833,0.477,dickede01
Coby Dietrick,29,SAS,NBA,1977-78,79,,1876,250,543,250,543,,,89,114,73,285,358,217,81,55,144,231,589,0.46,0.46,,0.46,0.781,0.496,dietrco01
Ernie DiGregorio,27,TOT,NBA,1977-78,52,,606,88,209,88,209,,,28,33,7,43,50,137,18,1,93,44,204,0.421,0.421,,0.421,0.848,0.456,digreer01
Jacky Dorsey,23,TOT,NBA,1977-78,11,,88,12,31,12,31,,,10,16,11,19,30,5,2,3,6,17,34,0.387,0.387,,0.387,0.625,0.447,dorseja01
Leon Douglas,23,DET,NBA,1977-78,79,,1993,321,667,321,667,,,221,345,181,401,582,112,57,48,197,295,863,0.481,0.481,,0.481,0.641,0.527,douglle01
John Drew,23,ATL,NBA,1977-78,70,,2203,593,1236,593,1236,,,437,575,213,298,511,141,119,27,210,247,1623,0.48,0.48,,0.48,0.76,0.545,drewjo01
Charles Dudley,27,GSW,NBA,1977-78,78,,1660,127,249,127,249,,,138,195,86,201,287,409,68,2,163,181,392,0.51,0.51,,0.51,0.708,0.585,dudlech01
Mike Dunleavy,23,TOT,NBA,1977-78,15,,119,20,50,20,50,,,13,18,1,9,10,28,9,1,12,12,53,0.4,0.4,,0.4,0.722,0.458,dunlemi01
T.R. Dunn,22,POR,NBA,1977-78,63,,768,100,240,100,240,,,37,56,63,84,147,45,46,8,35,74,237,0.417,0.417,,0.417,0.661,0.448,dunntr01
Jim Eakins,31,TOT,NBA,1977-78,33,,406,44,86,44,86,,,50,60,29,46,75,29,7,17,33,71,138,0.512,0.512,,0.512,0.833,0.614,eakinji01
Al Eberhard,25,DET,NBA,1977-78,37,,576,71,160,71,160,,,41,61,37,65,102,26,13,4,23,64,183,0.444,0.444,,0.444,0.672,0.49,eberhal01
James Edwards,22,TOT,NBA,1977-78,83,,2405,495,1093,495,1093,,,272,421,197,418,615,85,53,78,169,322,1262,0.453,0.453,,0.453,0.646,0.494,edwarja01
Bo Ellis,23,DEN,NBA,1977-78,78,,1213,133,320,133,320,,,72,104,114,190,304,73,49,47,99,208,338,0.416,0.416,,0.416,0.692,0.462,ellisbo02
Len Elmore,25,IND,NBA,1977-78,69,,1327,142,386,142,386,,,88,132,139,281,420,80,74,71,73,174,372,0.368,0.368,,0.368,0.667,0.419,elmorle01
Alex English,24,MIL,NBA,1977-78,82,,1552,343,633,343,633,,,104,143,144,251,395,129,41,55,137,178,790,0.542,0.542,,0.542,0.727,0.568,englial01
Julius Erving,27,PHI,NBA,1977-78,74,,2429,611,1217,611,1217,,,306,362,179,302,481,279,135,97,238,207,1528,0.502,0.502,,0.502,0.845,0.555,ervinju01
Al Fleming,23,SEA,NBA,1977-78,20,,97,15,31,15,31,,,10,17,13,17,30,7,0,5,16,16,40,0.484,0.484,,0.484,0.588,0.52,flemial01
Mike Flynn,24,IND,NBA,1977-78,71,,955,120,267,120,267,,,55,97,47,70,117,142,41,10,75,52,295,0.449,0.449,,0.449,0.567,0.476,flynnmi01
Chris Ford,29,DET,NBA,1977-78,82,,2582,374,777,374,777,,,113,154,117,151,268,381,166,17,232,182,861,0.481,0.481,,0.481,0.734,0.51,fordch01
Don Ford,25,LAL,NBA,1977-78,79,,1945,272,576,272,576,,,68,90,106,247,353,142,68,46,88,210,612,0.472,0.472,,0.472,0.756,0.497,forddo01
Bayard Forrest,23,PHO,NBA,1977-78,64,,887,111,238,111,238,,,49,103,84,166,250,129,23,34,84,105,271,0.466,0.466,,0.466,0.476,0.478,forreba01
Walt Frazier,32,CLE,NBA,1977-78,51,,1664,336,714,336,714,,,153,180,54,155,209,209,77,13,113,124,825,0.471,0.471,,0.471,0.85,0.52,fraziwa01
World B. Free,24,PHI,NBA,1977-78,76,,2050,390,857,390,857,,,411,562,92,120,212,306,68,41,200,199,1191,0.455,0.455,,0.455,0.731,0.539,freewo01
Terry Furlow,23,CLE,NBA,1977-78,53,,827,192,443,192,443,,,88,99,47,60,107,72,21,14,77,67,472,0.433,0.433,,0.433,0.889,0.485,furlote01
Mike Gale,27,SAS,NBA,1977-78,70,,2091,275,581,275,581,,,87,100,57,166,223,376,159,25,176,170,637,0.473,0.473,,0.473,0.87,0.51,galemi01
Gus Gerard,24,TOT,NBA,1977-78,57,,890,170,395,170,395,,,75,108,55,105,160,53,36,25,61,109,415,0.43,0.43,,0.43,0.694,0.469,gerargu01
George Gervin,25,SAS,NBA,1977-78,82,,2857,864,1611,864,1611,,,504,607,118,302,420,302,136,110,306,255,2232,0.536,0.536,,0.536,0.83,0.594,gervige01
John Gianelli,27,MIL,NBA,1977-78,82,,2327,307,629,307,629,,,79,123,166,343,509,192,54,92,147,189,693,0.488,0.488,,0.488,0.642,0.507,gianejo01
Artis Gilmore,28,CHI,NBA,1977-78,82,,3067,704,1260,704,1260,,,471,669,318,753,1071,263,42,181,366,261,1879,0.559,0.559,,0.559,0.704,0.604,gilmoar01
Mike Glenn,22,BUF,NBA,1977-78,56,,947,195,370,195,370,,,51,65,14,65,79,78,35,5,50,98,441,0.527,0.527,,0.527,0.785,0.553,glennmi01
Glen Gondrezick,22,NYK,NBA,1977-78,72,,1017,131,339,131,339,,,83,121,92,158,250,83,56,18,82,181,345,0.386,0.386,,0.386,0.686,0.44,gondrgl01
Gail Goodrich,34,NOJ,NBA,1977-78,81,,2553,520,1050,520,1050,,,264,332,75,102,177,388,82,22,205,186,1304,0.495,0.495,,0.495,0.795,0.545,goodrga01
Mike Green,26,TOT,NBA,1977-78,72,,1382,238,514,238,514,,,107,142,130,229,359,76,30,100,105,193,583,0.463,0.463,,0.463,0.754,0.506,greenmi01
Rickey Green,23,GSW,NBA,1977-78,76,,1098,143,375,143,375,,,54,90,49,67,116,149,58,1,79,95,340,0.381,0.381,,0.381,0.6,0.41,greenri01
Steve Green,24,IND,NBA,1977-78,44,,449,56,128,56,128,,,39,56,31,40,71,30,14,2,23,67,151,0.438,0.438,,0.438,0.696,0.495,greenst01
Kevin Grevey,24,WSB,NBA,1977-78,81,,2121,505,1128,505,1128,,,243,308,124,166,290,155,61,17,159,203,1253,0.448,0.448,,0.448,0.789,0.496,greveke01
Greg Griffin,25,PHO,NBA,1977-78,36,,422,61,169,61,169,,,23,36,44,59,103,24,16,0,39,56,145,0.361,0.361,,0.361,0.639,0.392,griffgr01
Paul Griffin,24,NOJ,NBA,1977-78,82,,1853,160,358,160,358,,,112,157,157,353,510,172,88,45,150,228,432,0.447,0.447,,0.447,0.713,0.506,griffpa01
Bob Gross,24,POR,NBA,1977-78,72,,2163,381,720,381,720,,,152,190,180,220,400,254,100,52,179,234,914,0.529,0.529,,0.529,0.8,0.569,grossbo01
Ernie Grunfeld,22,MIL,NBA,1977-78,73,,1261,204,461,204,461,,,94,143,70,124,194,145,54,19,98,150,502,0.443,0.443,,0.443,0.657,0.479,grunfer01
Glenn Hansen,25,TOT,NBA,1977-78,5,,13,0,7,0,7,,,0,0,1,0,1,1,1,0,1,3,0,0,0,,0,,0,hansegl01
Joe Hassett,22,SEA,NBA,1977-78,48,,404,91,205,91,205,,,10,12,14,22,36,41,21,0,34,45,192,0.444,0.444,,0.444,0.833,0.457,hassejo01
John Havlicek,37,BOS,NBA,1977-78,82,,2797,546,1217,546,1217,,,230,269,93,239,332,328,90,22,204,185,1322,0.449,0.449,,0.449,0.855,0.495,havlijo01
Steve Hawes,27,ATL,NBA,1977-78,75,,2325,387,854,387,854,,,175,214,180,510,690,190,78,57,148,230,949,0.453,0.453,,0.453,0.818,0.5,hawesst01
Bubbles Hawkins,23,NJN,NBA,1977-78,15,,343,69,150,69,150,,,25,29,21,29,50,37,22,13,43,51,163,0.46,0.46,,0.46,0.862,0.501,hawkiro01
Elvin Hayes,32,WSB,NBA,1977-78,81,,3246,636,1409,636,1409,,,326,514,335,740,1075,149,96,159,229,313,1598,0.451,0.451,,0.451,0.634,0.489,hayesel01
Spencer Haywood,28,NYK,NBA,1977-78,67,,1765,412,852,412,852,,,96,135,141,301,442,126,37,72,140,188,920,0.484,0.484,,0.484,0.711,0.505,haywosp01
Gar Heard,29,PHO,NBA,1977-78,80,,2099,265,625,265,625,,,90,147,166,486,652,132,129,101,120,213,620,0.424,0.424,,0.424,0.612,0.449,heardga01
Tom Henderson,26,WSB,NBA,1977-78,75,,2315,339,784,339,784,,,179,240,66,127,193,406,93,15,195,131,857,0.432,0.432,,0.432,0.746,0.482,hendeto01
Armond Hill,24,ATL,NBA,1977-78,82,,2530,304,732,304,732,,,189,223,59,172,231,427,151,15,240,302,797,0.415,0.415,,0.415,0.848,0.48,hillar01
Darnell Hillman,28,TOT,NBA,1977-78,78,,1966,340,710,340,710,,,167,286,199,378,577,102,63,81,175,290,847,0.479,0.479,,0.479,0.584,0.507,hillmda01
Wilbur Holland,26,CHI,NBA,1977-78,82,,2884,569,1285,569,1285,,,223,279,105,189,294,313,164,14,223,258,1361,0.443,0.443,,0.443,0.799,0.483,hollawi01
Lionel Hollins,24,POR,NBA,1977-78,81,,2741,531,1202,531,1202,,,223,300,81,196,277,380,157,29,241,268,1285,0.442,0.442,,0.442,0.743,0.482,hollili01
Lou Hudson,33,LAL,NBA,1977-78,82,,2283,493,992,493,992,,,137,177,80,108,188,193,94,14,150,196,1123,0.497,0.497,,0.497,0.774,0.525,hudsolo01
Kim Hughes,25,NJN,NBA,1977-78,56,,854,57,160,57,160,,,9,29,95,145,240,38,49,49,57,163,123,0.356,0.356,,0.356,0.31,0.356,hugheki01
Dan Issel,29,DEN,NBA,1977-78,82,,2851,659,1287,659,1287,,,428,547,253,577,830,304,100,41,259,279,1746,0.512,0.512,,0.512,0.782,0.571,isselda01
Phil Jackson,32,NYK,NBA,1977-78,63,,654,55,115,55,115,,,43,56,29,81,110,46,31,15,47,106,153,0.478,0.478,,0.478,0.768,0.548,jacksph01
Aaron James,25,NOJ,NBA,1977-78,80,,2118,428,861,428,861,,,117,157,163,258,421,112,36,22,130,254,973,0.497,0.497,,0.497,0.745,0.523,jamesaa01
Charles Johnson,28,TOT,NBA,1977-78,71,,1299,237,581,237,581,,,49,61,43,112,155,130,62,5,73,129,523,0.408,0.408,,0.408,0.803,0.43,johnsch01
Dennis Johnson,23,SEA,NBA,1977-78,81,,2209,367,881,367,881,,,297,406,152,142,294,230,118,51,164,213,1031,0.417,0.417,,0.417,0.732,0.486,johnsde01
Eddie Johnson,22,ATL,NBA,1977-78,79,,1875,332,686,332,686,,,164,201,51,102,153,235,100,4,168,232,828,0.484,0.484,,0.484,0.816,0.535,johnsed02
George Johnson,29,NJN,NBA,1977-78,81,,2411,285,721,285,721,,,133,185,245,534,779,111,78,274,221,339,703,0.395,0.395,,0.395,0.719,0.438,johnsge02
John Johnson,30,TOT,NBA,1977-78,77,,1823,342,824,342,824,,,133,177,102,208,310,211,43,19,169,197,817,0.415,0.415,,0.415,0.751,0.453,johnsjo01
Larry Johnson,23,BUF,NBA,1977-78,4,,38,3,13,3,13,,,0,2,1,4,5,7,5,2,3,3,6,0.231,0.231,,0.231,0,0.216,johnsla01
Marques Johnson,21,MIL,NBA,1977-78,80,,2765,628,1204,628,1204,,,301,409,292,555,847,190,92,103,175,221,1557,0.522,0.522,,0.522,0.736,0.563,johnsma01
Mickey Johnson,25,CHI,NBA,1977-78,81,,2870,561,1215,561,1215,,,362,446,218,520,738,267,92,68,270,317,1484,0.462,0.462,,0.462,0.812,0.526,johnsmi01
Ollie Johnson,28,ATL,NBA,1977-78,82,,1704,292,619,292,619,,,111,130,89,171,260,120,80,36,107,180,695,0.472,0.472,,0.472,0.854,0.514,johnsol01
Bobby Jones,26,DEN,NBA,1977-78,75,,2440,440,761,440,761,,,208,277,164,472,636,252,137,126,194,221,1088,0.578,0.578,,0.578,0.751,0.616,jonesbo01
Caldwell Jones,27,PHI,NBA,1977-78,80,,1636,169,359,169,359,,,96,153,165,405,570,92,26,127,128,281,434,0.471,0.471,,0.471,0.627,0.509,jonesca01
Dwight Jones,25,HOU,NBA,1977-78,82,,2476,346,777,346,777,,,181,233,215,426,641,109,77,39,165,265,873,0.445,0.445,,0.445,0.777,0.496,jonesdw01
Robin Jones,23,HOU,NBA,1977-78,12,,66,11,20,11,20,,,4,10,5,9,14,2,1,1,7,16,26,0.55,0.55,,0.55,0.4,0.533,jonesro01
Wil Jones,30,BUF,NBA,1977-78,79,,1711,226,514,226,514,,,84,119,106,228,334,116,70,43,137,255,536,0.44,0.44,,0.44,0.706,0.473,joneswi02
Eddie Jordan,23,TOT,NBA,1977-78,73,,1213,215,538,215,538,,,131,167,35,84,119,177,126,19,106,94,561,0.4,0.4,,0.4,0.784,0.459,jordaed01
George Karl,26,SAS,NBA,1977-78,4,,30,2,6,2,6,,,2,2,0,5,5,5,1,0,4,6,6,0.333,0.333,,0.333,1,0.436,karlge01
Rich Kelley,24,NOJ,NBA,1977-78,82,,2119,304,602,304,602,,,225,289,249,510,759,233,89,129,225,293,833,0.505,0.505,,0.505,0.779,0.571,kelleri01
Larry Kenon,25,SAS,NBA,1977-78,81,,2869,698,1426,698,1426,,,276,323,245,528,773,268,115,24,279,209,1672,0.489,0.489,,0.489,0.854,0.533,kenonla01
Bernard King,21,NJN,NBA,1977-78,79,,3092,798,1665,798,1665,,,313,462,265,486,751,193,122,36,311,302,1909,0.479,0.479,,0.479,0.677,0.511,kingbe01
Billy Knight,25,BUF,NBA,1977-78,53,,2155,457,926,457,926,,,301,372,126,257,383,161,82,13,167,137,1215,0.494,0.494,,0.494,0.809,0.558,knighbi01
Toby Knight,22,NYK,NBA,1977-78,80,,1169,222,465,222,465,,,63,97,121,200,321,38,50,28,97,211,507,0.477,0.477,,0.477,0.649,0.499,knighto01
Steve Kuberski,30,BOS,NBA,1977-78,3,,14,1,4,1,4,,,0,0,1,5,6,0,1,0,2,2,2,0.25,0.25,,0.25,,0.25,kuberst01
John Kuester,22,KCK,NBA,1977-78,78,,1215,145,319,145,319,,,87,105,19,95,114,252,58,1,97,143,377,0.455,0.455,,0.455,0.829,0.516,kuestjo01
Kevin Kunnert,26,HOU,NBA,1977-78,80,,2152,368,842,368,842,,,93,135,262,431,693,97,44,90,141,315,829,0.437,0.437,,0.437,0.689,0.46,kunneke01
Mitch Kupchak,23,WSB,NBA,1977-78,67,,1759,393,768,393,768,,,280,402,162,298,460,71,28,42,184,196,1066,0.512,0.512,,0.512,0.697,0.564,kupchmi01
C.J. Kupec,25,HOU,NBA,1977-78,49,,626,84,197,84,197,,,27,33,27,64,91,50,10,3,24,54,195,0.426,0.426,,0.426,0.818,0.461,kupeccj01
Sam Lacey,29,KCK,NBA,1977-78,77,,2131,265,590,265,590,,,134,187,155,487,642,300,120,108,186,264,664,0.449,0.449,,0.449,0.717,0.494,laceysa01
Tom LaGarde,22,DEN,NBA,1977-78,77,,868,96,237,96,237,,,114,150,75,139,214,47,17,17,101,146,306,0.405,0.405,,0.405,0.76,0.505,lagarto01
John Lambert,25,CLE,NBA,1977-78,76,,1075,142,336,142,336,,,27,48,125,199,324,38,27,50,62,169,311,0.423,0.423,,0.423,0.563,0.435,lambejo01
Mark Landsberger,22,CHI,NBA,1977-78,62,,926,127,251,127,251,,,91,157,110,191,301,41,21,6,69,78,345,0.506,0.506,,0.506,0.58,0.539,landsma01
Bob Lanier,29,DET,NBA,1977-78,63,,2311,622,1159,622,1159,,,298,386,197,518,715,216,82,93,225,185,1542,0.537,0.537,,0.537,0.772,0.58,laniebo01
Rich Laurel,23,MIL,NBA,1977-78,10,,57,10,31,10,31,,,4,4,6,4,10,3,3,1,4,10,24,0.323,0.323,,0.323,1,0.366,laureri01
Mo Layton,29,SAS,NBA,1977-78,41,,498,85,168,85,168,,,12,13,4,28,32,108,21,4,59,51,182,0.506,0.506,,0.506,0.923,0.524,laytomo01
Ron Lee,25,PHO,NBA,1977-78,82,,1928,417,950,417,950,,,170,228,95,159,254,305,225,17,221,257,1004,0.439,0.439,,0.439,0.746,0.478,leero01
Scott Lloyd,25,TOT,NBA,1977-78,70,,678,80,193,80,193,,,49,68,52,93,145,44,14,14,43,105,209,0.415,0.415,,0.415,0.721,0.469,lloydsc01
John Lucas,24,HOU,NBA,1977-78,82,,2933,412,947,412,947,,,193,250,51,204,255,768,160,9,213,208,1017,0.435,0.435,,0.435,0.772,0.481,lucasjo01
Maurice Lucas,25,POR,NBA,1977-78,68,,2119,453,989,453,989,,,207,270,186,435,621,173,61,56,192,221,1113,0.458,0.458,,0.458,0.767,0.502,lucasma01
Moses Malone,22,HOU,NBA,1977-78,59,,2107,413,828,413,828,,,318,443,380,506,886,31,48,76,220,179,1144,0.499,0.499,,0.499,0.718,0.559,malonmo01
Pete Maravich,30,NOJ,NBA,1977-78,50,,2041,556,1253,556,1253,,,240,276,49,129,178,335,101,8,248,116,1352,0.444,0.444,,0.444,0.87,0.492,maravpe01
Ricky Marsh,23,GSW,NBA,1977-78,60,,851,123,289,123,289,,,23,33,16,59,75,90,29,19,50,111,269,0.426,0.426,,0.426,0.697,0.443,marshri01
Cedric Maxwell,22,BOS,NBA,1977-78,72,,1213,170,316,170,316,,,188,250,138,241,379,68,53,48,122,151,528,0.538,0.538,,0.538,0.752,0.62,maxwece01
Scott May,23,CHI,NBA,1977-78,55,,1802,280,617,280,617,,,175,216,118,214,332,114,50,6,125,170,735,0.454,0.454,,0.454,0.81,0.516,maysc01
Bob McAdoo,26,NYK,NBA,1977-78,79,,3182,814,1564,814,1564,,,469,645,236,774,1010,298,105,126,346,297,2097,0.52,0.52,,0.52,0.727,0.567,mcadobo01
Andre McCarter,24,KCK,NBA,1977-78,1,,9,0,2,0,2,,,0,0,0,1,1,0,0,0,0,1,0,0,0,,0,,0,mccaran01
Ted McClain,31,TOT,NBA,1977-78,70,,1020,123,280,123,280,,,57,73,20,92,112,157,58,6,90,124,303,0.439,0.439,,0.439,0.781,0.485,mcclate01
Jim McDaniels,29,BUF,NBA,1977-78,42,,694,100,234,100,234,,,36,42,46,135,181,44,4,37,50,112,236,0.427,0.427,,0.427,0.857,0.467,mcdanji01
Jim McElroy,24,NOJ,NBA,1977-78,74,,1760,287,607,287,607,,,123,167,44,104,148,292,58,34,141,110,697,0.473,0.473,,0.473,0.737,0.512,mcelrji01
George McGinnis,27,PHI,NBA,1977-78,78,,2533,588,1270,588,1270,,,411,574,282,528,810,294,137,27,312,287,1587,0.463,0.463,,0.463,0.716,0.521,mcginge01
Tom McMillen,25,ATL,NBA,1977-78,68,,1683,280,568,280,568,,,116,145,151,265,416,84,33,16,109,233,676,0.493,0.493,,0.493,0.8,0.535,mcmilto01
Jim McMillian,29,NYK,NBA,1977-78,81,,1977,288,623,288,623,,,115,134,80,209,289,205,76,17,104,116,691,0.462,0.462,,0.462,0.858,0.507,mcmilji01
Larry McNeill,27,TOT,NBA,1977-78,46,,940,162,356,162,356,,,145,175,80,122,202,47,18,11,67,114,469,0.455,0.455,,0.455,0.829,0.542,mcneila01
John Mengelt,28,CHI,NBA,1977-78,81,,1767,325,675,325,675,,,184,238,41,88,129,232,51,4,124,169,834,0.481,0.481,,0.481,0.773,0.535,mengejo01
Joe Meriweather,24,NOJ,NBA,1977-78,54,,1277,194,411,194,411,,,87,133,135,237,372,58,18,118,94,188,475,0.472,0.472,,0.472,0.654,0.506,meriwjo01
Dave Meyers,24,MIL,NBA,1977-78,80,,2416,432,938,432,938,,,314,435,144,393,537,241,86,46,213,240,1178,0.461,0.461,,0.461,0.722,0.522,meyerda01
Steve Mix,30,PHI,NBA,1977-78,82,,1819,291,560,291,560,,,175,220,96,201,297,174,87,3,131,158,757,0.52,0.52,,0.52,0.795,0.576,mixst01
Larry Moffett,23,HOU,NBA,1977-78,20,,110,5,17,5,17,,,6,10,10,11,21,7,2,2,8,16,16,0.294,0.294,,0.294,0.6,0.374,moffela01
Eric Money,22,DET,NBA,1977-78,76,,2557,600,1200,600,1200,,,214,298,90,119,209,356,123,12,322,237,1414,0.5,0.5,,0.5,0.718,0.531,moneyer01
Earl Monroe,33,NYK,NBA,1977-78,76,,2369,556,1123,556,1123,,,242,291,47,135,182,361,60,19,179,189,1354,0.495,0.495,,0.495,0.832,0.541,monroea01
Glenn Mosley,22,PHI,NBA,1977-78,6,,21,5,13,5,13,,,3,7,0,5,5,2,0,0,5,5,13,0.385,0.385,,0.385,0.429,0.404,moslegl01
Calvin Murphy,29,HOU,NBA,1977-78,76,,2900,852,1737,852,1737,,,245,267,57,107,164,259,112,3,173,241,1949,0.491,0.491,,0.491,0.918,0.525,murphca01
Bob Nash,27,KCK,NBA,1977-78,66,,800,157,304,157,304,,,50,69,75,94,169,46,27,18,47,75,364,0.516,0.516,,0.516,0.725,0.544,nashbo01
Swen Nater,28,BUF,NBA,1977-78,78,,2778,501,994,501,994,,,208,272,278,751,1029,216,40,47,225,274,1210,0.504,0.504,,0.504,0.765,0.543,natersw01
Lloyd Neal,27,POR,NBA,1977-78,61,,1174,272,540,272,540,,,127,177,116,257,373,81,29,21,96,128,671,0.504,0.504,,0.504,0.718,0.543,nealll01
Louie Nelson,26,TOT,NBA,1977-78,33,,406,85,211,85,211,,,57,84,13,39,52,34,22,7,48,33,227,0.403,0.403,,0.403,0.679,0.458,nelsolo01
Johnny Neumann,26,IND,NBA,1977-78,20,,216,35,86,35,86,,,13,18,5,9,14,27,6,1,22,24,83,0.407,0.407,,0.407,0.722,0.442,neumajo01
Mike Newlin,29,HOU,NBA,1977-78,45,,1181,216,495,216,495,,,152,174,36,84,120,203,52,9,120,128,584,0.436,0.436,,0.436,0.874,0.511,newlimi01
Norm Nixon,22,LAL,NBA,1977-78,81,,2779,496,998,496,998,,,115,161,41,198,239,553,138,7,251,259,1107,0.497,0.497,,0.497,0.714,0.518,nixonno01
Willie Norwood,30,TOT,NBA,1977-78,35,,611,74,181,74,181,,,50,75,49,70,119,33,31,3,56,101,198,0.409,0.409,,0.409,0.667,0.463,norwowi01
Mark Olberding,21,SAS,NBA,1977-78,79,,1773,231,480,231,480,,,184,227,104,269,373,131,45,26,118,235,646,0.481,0.481,,0.481,0.811,0.557,olberma01
Eddie Owens,24,BUF,NBA,1977-78,8,,63,9,21,9,21,,,3,6,5,5,10,5,1,0,3,9,21,0.429,0.429,,0.429,0.5,0.444,owensed01
Tom Owens,28,POR,NBA,1977-78,82,,1714,313,639,313,639,,,206,278,195,346,541,160,33,37,152,263,832,0.49,0.49,,0.49,0.741,0.546,owensto01
Joe Pace,24,WSB,NBA,1977-78,49,,438,67,140,67,140,,,57,93,50,84,134,23,12,21,44,86,191,0.479,0.479,,0.479,0.613,0.528,pacejo01
Robert Parish,24,GSW,NBA,1977-78,82,,1969,430,911,430,911,,,165,264,211,469,680,95,79,123,201,291,1025,0.472,0.472,,0.472,0.625,0.499,parisro01
Sonny Parker,22,GSW,NBA,1977-78,82,,2069,406,783,406,783,,,122,173,167,222,389,155,135,36,128,186,934,0.519,0.519,,0.519,0.705,0.544,parkeso01
Billy Paultz,29,SAS,NBA,1977-78,80,,2479,518,979,518,979,,,230,306,172,503,675,213,42,194,167,222,1266,0.529,0.529,,0.529,0.752,0.568,paultbi01
Curtis Perry,29,PHO,NBA,1977-78,45,,818,110,243,110,243,,,51,65,87,163,250,48,34,22,63,120,271,0.453,0.453,,0.453,0.785,0.499,perrycu01
Cliff Pondexter,23,CHI,NBA,1977-78,44,,534,37,85,37,85,,,14,20,36,94,130,87,19,15,30,66,88,0.435,0.435,,0.435,0.7,0.469,pondecl01
Ben Poquette,22,DET,NBA,1977-78,52,,626,95,225,95,225,,,42,60,50,95,145,20,10,22,40,69,232,0.422,0.422,,0.422,0.7,0.461,poquebe01
Howard Porter,29,TOT,NBA,1977-78,63,,1323,309,635,309,635,,,124,155,100,179,279,42,29,38,55,134,742,0.487,0.487,,0.487,0.8,0.528,porteho01
Kevin Porter,27,TOT,NBA,1977-78,82,,2813,495,1055,495,1055,,,244,320,53,161,214,837,123,15,360,283,1234,0.469,0.469,,0.469,0.763,0.516,porteke01
Jim Price,28,TOT,NBA,1977-78,83,,1929,294,656,294,656,,,135,169,57,203,260,260,114,9,175,200,723,0.448,0.448,,0.448,0.799,0.495,priceji01
Ed Ratleff,27,HOU,NBA,1977-78,68,,1163,130,310,130,310,,,39,47,56,106,162,153,60,22,67,109,299,0.419,0.419,,0.419,0.83,0.452,ratleed01
Clifford Ray,29,GSW,NBA,1977-78,79,,2268,272,476,272,476,,,148,243,236,522,758,147,74,90,150,291,692,0.571,0.571,,0.571,0.609,0.594,raycl01
Robert Reid,22,HOU,NBA,1977-78,80,,1849,261,574,261,574,,,63,96,111,248,359,121,67,51,81,277,585,0.455,0.455,,0.455,0.656,0.475,reidro01
Kevin Restani,26,TOT,NBA,1977-78,54,,547,72,167,72,167,,,9,13,36,72,108,30,5,5,17,41,153,0.431,0.431,,0.431,0.692,0.443,restake01
Anthony Roberts,22,DEN,NBA,1977-78,82,,1598,311,736,311,736,,,153,212,135,216,351,105,40,7,118,212,775,0.423,0.423,,0.423,0.722,0.467,roberan01
Tony Robertson,22,ATL,NBA,1977-78,63,,929,168,381,168,381,,,37,53,15,55,70,103,74,5,88,133,373,0.441,0.441,,0.441,0.698,0.461,roberto01
Truck Robinson,26,NOJ,NBA,1977-78,82,,3638,748,1683,748,1683,,,366,572,298,990,1288,171,73,79,301,265,1862,0.444,0.444,,0.444,0.64,0.481,robintr01
Bill Robinzine,25,KCK,NBA,1977-78,82,,1748,305,677,305,677,,,206,271,173,366,539,72,74,11,172,281,816,0.451,0.451,,0.451,0.76,0.512,robinbi01
Dave Robisch,28,TOT,NBA,1977-78,78,,1277,177,430,177,430,,,100,129,100,252,352,88,39,29,71,130,454,0.412,0.412,,0.412,0.775,0.466,robisda01
Tree Rollins,22,ATL,NBA,1977-78,80,,1795,253,520,253,520,,,104,148,179,373,552,79,57,218,121,326,610,0.487,0.487,,0.487,0.703,0.521,rollitr01
Dan Roundfield,24,IND,NBA,1977-78,79,,2423,421,861,421,861,,,218,300,275,527,802,196,81,149,194,297,1060,0.489,0.489,,0.489,0.727,0.534,roundda01
Curtis Rowe,28,BOS,NBA,1977-78,51,,911,123,273,123,273,,,66,89,74,129,203,45,14,8,76,94,312,0.451,0.451,,0.451,0.742,0.5,rowecu01
Campy Russell,26,CLE,NBA,1977-78,72,,2520,523,1168,523,1168,,,352,469,154,304,458,278,88,12,206,193,1398,0.448,0.448,,0.448,0.751,0.509,russeca02
Cazzie Russell,33,CHI,NBA,1977-78,36,,789,133,304,133,304,,,49,57,31,52,83,61,19,4,35,63,315,0.438,0.438,,0.438,0.86,0.479,russeca01
Fred Saunders,26,TOT,NBA,1977-78,56,,643,99,234,99,234,,,26,36,38,73,111,46,21,14,42,106,224,0.423,0.423,,0.423,0.722,0.448,saundfr01
Dale Schlueter,32,POR,NBA,1977-78,10,,109,8,19,8,19,,,9,18,5,16,21,18,3,2,15,20,25,0.421,0.421,,0.421,0.5,0.464,schluda01
Alvin Scott,22,PHO,NBA,1977-78,81,,1538,180,369,180,369,,,132,191,135,222,357,88,52,40,85,158,492,0.488,0.488,,0.488,0.691,0.543,scottal01
Charlie Scott,29,TOT,NBA,1977-78,79,,2473,435,994,435,994,,,194,260,62,187,249,378,110,17,238,252,1064,0.438,0.438,,0.438,0.746,0.48,scottch01
Bruce Seals,24,SEA,NBA,1977-78,73,,1322,230,551,230,551,,,111,175,62,164,226,81,41,33,103,210,571,0.417,0.417,,0.417,0.634,0.455,sealsbr01
Lonnie Shelton,22,NYK,NBA,1977-78,82,,2319,508,988,508,988,,,203,276,204,376,580,195,109,112,228,350,1219,0.514,0.514,,0.514,0.736,0.549,sheltlo01
Steve Sheppard,23,CHI,NBA,1977-78,64,,698,119,262,119,262,,,37,56,67,64,131,43,14,3,46,72,275,0.454,0.454,,0.454,0.661,0.48,sheppst01
John Shumate,25,TOT,NBA,1977-78,80,,2760,391,773,391,773,,,400,508,157,525,682,180,90,52,232,200,1182,0.506,0.506,,0.506,0.787,0.593,shumajo01
Jack Sikma,22,SEA,NBA,1977-78,82,,2238,342,752,342,752,,,192,247,196,482,678,134,68,40,186,300,876,0.455,0.455,,0.455,0.777,0.509,sikmaja01
James Silas,28,SAS,NBA,1977-78,37,,311,43,97,43,97,,,60,73,4,19,23,38,11,1,30,29,146,0.443,0.443,,0.443,0.822,0.565,silasja01
Paul Silas,34,SEA,NBA,1977-78,82,,2172,184,464,184,464,,,109,186,289,377,666,145,65,16,152,182,477,0.397,0.397,,0.397,0.586,0.437,silaspa01
Ralph Simpson,28,TOT,NBA,1977-78,64,,1323,216,576,216,576,,,85,104,53,104,157,159,75,7,126,90,517,0.375,0.375,,0.375,0.817,0.416,simpsra01
Scott Sims,22,SAS,NBA,1977-78,12,,95,10,26,10,26,,,10,15,5,8,13,20,3,0,19,16,30,0.385,0.385,,0.385,0.667,0.46,simssc01
Al Skinner,25,TOT,NBA,1977-78,77,,1551,222,488,222,488,,,162,203,67,157,224,146,65,20,161,242,606,0.455,0.455,,0.455,0.798,0.525,skinnal01
Bingo Smith,31,CLE,NBA,1977-78,82,,1581,369,840,369,840,,,108,135,65,142,207,91,38,21,81,155,846,0.439,0.439,,0.439,0.8,0.47,smithbi02
Elmore Smith,28,CLE,NBA,1977-78,81,,1996,402,809,402,809,,,205,309,178,500,678,57,50,176,141,241,1009,0.497,0.497,,0.497,0.663,0.534,smithel01
Phil Smith,25,GSW,NBA,1977-78,82,,2940,648,1373,648,1373,,,316,389,100,200,300,393,108,27,266,219,1612,0.472,0.472,,0.472,0.812,0.522,smithph01
Randy Smith,29,BUF,NBA,1977-78,82,,3314,789,1697,789,1697,,,443,554,110,200,310,458,172,11,286,224,2021,0.465,0.465,,0.465,0.8,0.521,smithra01
Robert Smith,22,DEN,NBA,1977-78,45,,378,50,97,50,97,,,21,24,6,30,36,39,18,3,20,52,121,0.515,0.515,,0.515,0.875,0.562,smithro01
Willie Smith,24,IND,NBA,1977-78,1,,7,0,0,0,0,,,0,0,0,0,0,1,0,0,0,1,0,,,,,,,smithwi02
Dick Snyder,33,CLE,NBA,1977-78,58,,660,112,252,112,252,,,56,64,9,40,49,56,23,19,48,74,280,0.444,0.444,,0.444,0.875,0.5,snydedi01
Ricky Sobers,25,IND,NBA,1977-78,79,,3019,553,1221,553,1221,,,330,400,92,235,327,584,170,23,352,308,1436,0.453,0.453,,0.453,0.825,0.514,soberri01
Kevin Stacom,26,BOS,NBA,1977-78,55,,1006,206,484,206,484,,,54,71,26,80,106,111,28,3,69,60,466,0.426,0.426,,0.426,0.761,0.452,stacoke01
Larry Steele,28,POR,NBA,1977-78,65,,1132,210,447,210,447,,,100,122,34,79,113,87,59,5,66,138,520,0.47,0.47,,0.47,0.82,0.519,steella01
Earl Tatum,24,TOT,NBA,1977-78,82,,2522,510,1087,510,1087,,,153,196,79,216,295,296,140,40,184,257,1173,0.469,0.469,,0.469,0.781,0.5,tatumea01
Brian Taylor,26,DEN,NBA,1977-78,39,,1222,182,403,182,403,,,88,115,30,68,98,132,71,9,77,120,452,0.452,0.452,,0.452,0.765,0.498,taylobr01
Claude Terry,28,ATL,NBA,1977-78,27,,166,25,68,25,68,,,9,11,3,12,15,7,6,0,8,14,59,0.368,0.368,,0.368,0.818,0.405,terrycl01
David Thompson,23,DEN,NBA,1977-78,80,,3025,826,1584,826,1584,,,520,668,156,234,390,362,92,99,245,213,2172,0.521,0.521,,0.521,0.778,0.578,thompda01
Dean Tolson,26,SEA,NBA,1977-78,1,,7,0,1,0,1,,,0,0,0,0,0,2,0,0,1,2,0,0,0,,0,,0,tolsode01
Rudy Tomjanovich,29,HOU,NBA,1977-78,23,,849,217,447,217,447,,,61,81,40,98,138,32,15,5,38,63,495,0.485,0.485,,0.485,0.753,0.513,tomjaru01
Dave Twardzik,27,POR,NBA,1977-78,75,,1820,242,409,242,409,,,183,234,36,98,134,244,107,4,158,186,667,0.592,0.592,,0.592,0.782,0.651,twardda01
Wes Unseld,31,WSB,NBA,1977-78,80,,2644,257,491,257,491,,,93,173,286,669,955,326,98,45,173,234,607,0.523,0.523,,0.523,0.538,0.535,unselwe01
Jan van Breda Kolff,26,NJN,NBA,1977-78,68,,1419,107,292,107,292,,,87,123,66,178,244,105,52,46,73,192,301,0.366,0.366,,0.366,0.707,0.435,vanbrja01
Norm Van Lier,30,CHI,NBA,1977-78,78,,2524,200,477,200,477,,,172,229,86,198,284,531,144,5,200,279,572,0.419,0.419,,0.419,0.751,0.495,vanlino01
Foots Walker,26,CLE,NBA,1977-78,81,,2496,287,641,287,641,,,159,221,76,218,294,453,176,24,181,218,733,0.448,0.448,,0.448,0.719,0.496,walkefo01
Phil Walker,21,WSB,NBA,1977-78,40,,384,57,161,57,161,,,64,96,21,31,52,54,14,5,62,39,178,0.354,0.354,,0.354,0.667,0.438,walkeph01
Wally Walker,23,TOT,NBA,1977-78,77,,1104,204,461,204,461,,,75,120,87,132,219,77,26,10,77,138,483,0.443,0.443,,0.443,0.625,0.47,walkewa01
Bill Walton,25,POR,NBA,1977-78,58,,1929,460,882,460,882,,,177,246,118,648,766,291,60,146,206,145,1097,0.522,0.522,,0.522,0.72,0.554,waltobi01
Lloyd Walton,24,MIL,NBA,1977-78,76,,1264,154,344,154,344,,,54,83,26,50,76,253,77,13,107,94,362,0.448,0.448,,0.448,0.651,0.476,waltoll01
Kermit Washington,26,TOT,NBA,1977-78,57,,1617,247,507,247,507,,,170,246,215,399,614,72,47,64,107,188,664,0.487,0.487,,0.487,0.691,0.54,washike01
Richard Washington,22,KCK,NBA,1977-78,78,,2231,425,891,425,891,,,150,199,188,466,654,118,74,73,191,324,1000,0.477,0.477,,0.477,0.754,0.511,washiri01
Wilson Washington,22,TOT,NBA,1977-78,38,,561,100,206,100,206,,,29,53,50,106,156,10,18,37,63,75,229,0.485,0.485,,0.485,0.547,0.499,washiwi01
Slick Watts,26,TOT,NBA,1977-78,71,,1584,219,558,219,558,,,92,156,60,119,179,294,108,31,168,184,530,0.392,0.392,,0.392,0.59,0.423,wattssl01
Nick Weatherspoon,27,CHI,NBA,1977-78,41,,611,86,194,86,194,,,37,42,57,68,125,32,19,10,49,74,209,0.443,0.443,,0.443,0.881,0.492,weathni01
Marvin Webster,25,SEA,NBA,1977-78,82,,2910,427,851,427,851,,,290,461,361,674,1035,203,48,162,257,262,1144,0.502,0.502,,0.502,0.629,0.543,webstma01
Scott Wedman,25,KCK,NBA,1977-78,81,,2961,607,1192,607,1192,,,221,254,144,319,463,201,99,22,158,242,1435,0.509,0.509,,0.509,0.87,0.55,wedmasc01
Paul Westphal,27,PHO,NBA,1977-78,80,,2481,809,1568,809,1568,,,396,487,41,123,164,437,138,31,280,162,2014,0.516,0.516,,0.516,0.813,0.565,westppa01
Jo Jo White,31,BOS,NBA,1977-78,46,,1641,289,690,289,690,,,103,120,53,127,180,209,49,7,117,109,681,0.419,0.419,,0.419,0.858,0.458,whitejo01
Rudy White,24,HOU,NBA,1977-78,21,,219,31,85,31,85,,,14,18,8,13,21,22,8,0,22,24,76,0.365,0.365,,0.365,0.778,0.409,whiteru01
Sidney Wicks,28,BOS,NBA,1977-78,81,,2413,433,927,433,927,,,217,329,223,450,673,171,67,46,226,318,1083,0.467,0.467,,0.467,0.66,0.505,wickssi01
Bob Wilkerson,23,DEN,NBA,1977-78,81,,2780,382,936,382,936,,,157,210,98,376,474,439,126,21,294,275,921,0.408,0.408,,0.408,0.748,0.448,wilkebo01
Jamaal Wilkes,24,LAL,NBA,1977-78,51,,1490,277,630,277,630,,,106,148,113,267,380,182,77,22,107,162,660,0.44,0.44,,0.44,0.716,0.475,wilkeja01
Chuck Williams,31,BUF,NBA,1977-78,73,,2002,208,436,208,436,,,114,138,29,108,137,317,48,4,156,137,530,0.477,0.477,,0.477,0.826,0.533,willich02
Gus Williams,24,SEA,NBA,1977-78,79,,2572,602,1335,602,1335,,,227,278,83,173,256,294,185,41,189,198,1431,0.451,0.451,,0.451,0.817,0.491,willigu01
Nate Williams,27,TOT,NBA,1977-78,73,,1249,312,724,312,724,,,101,121,65,139,204,74,57,34,83,181,725,0.431,0.431,,0.431,0.835,0.466,willina01
Ray Williams,23,NYK,NBA,1977-78,81,,1550,305,689,305,689,,,146,207,85,124,209,363,108,15,242,211,756,0.443,0.443,,0.443,0.705,0.485,willira01
John Williamson,26,TOT,NBA,1977-78,75,,2731,723,1649,723,1649,,,331,391,66,161,227,214,94,10,228,236,1777,0.438,0.438,,0.438,0.847,0.488,willijo01
Bill Willoughby,20,BUF,NBA,1977-78,56,,1079,156,363,156,363,,,64,80,76,143,219,38,24,47,56,131,376,0.43,0.43,,0.43,0.8,0.472,willobi01
Bobby Wilson,27,IND,NBA,1977-78,12,,86,14,36,14,36,,,2,3,6,6,12,8,2,1,6,16,30,0.389,0.389,,0.389,0.667,0.402,wilsobo03
Brian Winters,25,MIL,NBA,1977-78,80,,2751,674,1457,674,1457,,,246,293,87,163,250,393,124,27,236,239,1594,0.463,0.463,,0.463,0.84,0.503,wintebr01
Willie Wise,30,SEA,NBA,1977-78,2,,10,0,3,0,3,,,1,4,2,1,3,0,0,0,0,2,1,0,0,,0,0.25,0.105,wisewi01
Dave Wohl,28,NJN,NBA,1977-78,10,,118,12,34,12,34,,,11,12,1,3,4,13,3,0,16,24,35,0.353,0.353,,0.353,0.917,0.446,wohlda01
Larry Wright,23,WSB,NBA,1977-78,70,,1466,283,570,283,570,,,76,107,31,71,102,260,68,15,134,195,642,0.496,0.496,,0.496,0.71,0.52,wrighla01
Kareem Abdul-Jabbar,31,LAL,NBA,1978-79,80,,3157,777,1347,777,1347,,,349,474,207,818,1025,431,76,316,282,230,1903,0.577,0.577,,0.577,0.736,0.612,abdulka01
Tom Abernethy,24,GSW,NBA,1978-79,70,,1219,176,342,176,342,,,70,94,74,142,216,79,39,13,32,133,422,0.515,0.515,,0.515,0.745,0.55,abernto01
Alvan Adams,24,PHO,NBA,1978-79,77,,2364,569,1073,569,1073,,,231,289,220,485,705,360,110,63,279,246,1369,0.53,0.53,,0.53,0.799,0.57,adamsal01
Lucius Allen,31,KCK,NBA,1978-79,31,,413,69,174,69,174,,,19,33,14,32,46,44,21,6,30,52,157,0.397,0.397,,0.397,0.576,0.416,allenlu01
Kim Anderson,23,POR,NBA,1978-79,21,,224,24,77,24,77,,,15,28,17,28,45,15,4,5,22,42,63,0.312,0.312,,0.312,0.536,0.353,anderki01
Tiny Archibald,30,BOS,NBA,1978-79,69,,1662,259,573,259,573,,,242,307,25,78,103,324,55,6,197,132,760,0.452,0.452,,0.452,0.788,0.537,architi01
Tate Armstrong,23,CHI,NBA,1978-79,26,,259,28,70,28,70,,,10,13,7,13,20,31,10,0,21,22,66,0.4,0.4,,0.4,0.769,0.436,armstta01
Dennis Awtrey,30,TOT,NBA,1978-79,63,,746,44,107,44,107,,,41,56,42,109,151,69,16,13,52,106,129,0.411,0.411,,0.411,0.732,0.49,awtrede01
Gus Bailey,27,NOJ,NBA,1978-79,2,,9,2,7,2,7,,,0,0,2,0,2,2,0,0,1,1,4,0.286,0.286,,0.286,,0.286,bailegu01
Greg Ballard,24,WSB,NBA,1978-79,82,,1552,260,559,260,559,,,119,172,143,307,450,116,58,30,97,167,639,0.465,0.465,,0.465,0.692,0.503,ballagr01
Mike Bantom,27,IND,NBA,1978-79,81,,2528,482,1036,482,1036,,,227,338,225,425,650,223,99,62,193,316,1191,0.465,0.465,,0.465,0.672,0.503,bantomi01
Tom Barker,23,TOT,NBA,1978-79,39,,476,68,156,68,156,,,27,37,45,74,119,15,10,11,34,76,163,0.436,0.436,,0.436,0.73,0.473,barketo01
Marvin Barnes,26,BOS,NBA,1978-79,38,,796,133,271,133,271,,,43,66,57,120,177,53,38,39,68,144,309,0.491,0.491,,0.491,0.652,0.515,barnema01
Rick Barry,34,HOU,NBA,1978-79,80,,2566,461,1000,461,1000,,,160,169,40,237,277,502,95,38,198,195,1082,0.461,0.461,,0.461,0.947,0.504,barryri01
Tim Bassett,27,NJN,NBA,1978-79,82,,1508,116,313,116,313,,,89,131,174,244,418,99,44,29,103,219,321,0.371,0.371,,0.371,0.679,0.433,basseti01
Butch Beard,31,NYK,NBA,1978-79,7,,85,11,26,11,26,,,0,0,1,9,10,19,7,0,10,13,22,0.423,0.423,,0.423,,0.423,beardbu01
Ron Behagen,28,TOT,NBA,1978-79,15,,165,28,62,28,62,,,10,13,13,29,42,7,4,1,11,36,66,0.452,0.452,,0.452,0.769,0.487,behagro01
Kent Benson,24,MIL,NBA,1978-79,82,,2132,413,798,413,798,,,180,245,187,397,584,204,89,81,156,280,1006,0.518,0.518,,0.518,0.735,0.555,bensoke01
Del Beshore,22,MIL,NBA,1978-79,1,,1,0,0,0,0,,,0,0,0,0,0,0,0,0,0,0,0,,,,,,,beshode01
Henry Bibby,29,PHI,NBA,1978-79,82,,2538,368,869,368,869,,,266,335,72,172,244,371,72,7,197,199,1002,0.423,0.423,,0.423,0.794,0.493,bibbyhe01
Bob Bigelow,25,SDC,NBA,1978-79,29,,413,36,90,36,90,,,13,21,15,31,46,25,12,2,18,37,85,0.4,0.4,,0.4,0.619,0.428,bigelbo01
Otis Birdsong,23,KCK,NBA,1978-79,82,,2839,741,1456,741,1456,,,296,408,176,178,354,281,125,17,200,255,1778,0.509,0.509,,0.509,0.725,0.544,birdsot01
Ron Boone,32,LAL,NBA,1978-79,82,,1583,259,569,259,569,,,90,104,53,92,145,154,66,11,147,171,608,0.455,0.455,,0.455,0.865,0.495,boonero01
Tom Boswell,25,DEN,NBA,1978-79,79,,2201,321,603,321,603,,,198,284,248,290,538,242,50,51,185,263,840,0.532,0.532,,0.532,0.697,0.577,bosweto01
Dennis Boyd,24,DET,NBA,1978-79,5,,40,3,12,3,12,,,0,0,0,2,2,7,0,0,6,5,6,0.25,0.25,,0.25,,0.25,boydde01
Winford Boynes,21,NJN,NBA,1978-79,69,,1176,256,595,256,595,,,133,169,60,95,155,75,43,7,119,117,645,0.43,0.43,,0.43,0.787,0.482,boynewi01
Alonzo Bradley,25,HOU,NBA,1978-79,34,,245,37,88,37,88,,,22,33,13,33,46,17,5,1,17,33,96,0.42,0.42,,0.42,0.667,0.468,bradlal01
Mike Bratz,23,PHO,NBA,1978-79,77,,1297,242,533,242,533,,,139,170,55,86,141,179,64,7,135,151,623,0.454,0.454,,0.454,0.818,0.513,bratzmi01
Jim Brewer,27,TOT,NBA,1978-79,80,,1611,141,319,141,319,,,26,63,159,316,475,87,61,66,97,174,308,0.442,0.442,,0.442,0.413,0.444,breweji01
Ron Brewer,23,POR,NBA,1978-79,81,,2454,434,878,434,878,,,210,256,88,141,229,165,102,79,153,181,1078,0.494,0.494,,0.494,0.82,0.544,brewero01
Junior Bridgeman,25,MIL,NBA,1978-79,82,,1963,540,1067,540,1067,,,189,228,113,184,297,163,88,41,138,184,1269,0.506,0.506,,0.506,0.829,0.544,bridgju01
Allan Bristow,27,SAS,NBA,1978-79,74,,1324,174,354,174,354,,,124,149,80,167,247,231,56,15,108,154,472,0.492,0.492,,0.492,0.832,0.562,bristal01
Fred Brown,30,SEA,NBA,1978-79,77,,1961,446,951,446,951,,,183,206,38,134,172,260,119,23,164,142,1075,0.469,0.469,,0.469,0.888,0.516,brownfr01
John Brown,27,CHI,NBA,1978-79,77,,1265,152,317,152,317,,,84,98,83,155,238,104,18,10,89,180,388,0.479,0.479,,0.479,0.857,0.539,brownjo01
Joe Bryant,24,PHI,NBA,1978-79,70,,1064,205,478,205,478,,,123,170,96,163,259,103,49,9,114,171,533,0.429,0.429,,0.429,0.724,0.482,bryanjo01
Quinn Buckner,24,MIL,NBA,1978-79,81,,1757,251,553,251,553,,,79,125,57,153,210,468,156,17,208,224,581,0.454,0.454,,0.454,0.632,0.478,bucknqu01
Greg Bunch,22,NYK,NBA,1978-79,12,,97,9,26,9,26,,,10,12,9,8,17,4,3,3,5,10,28,0.346,0.346,,0.346,0.833,0.448,bunchgr01
Tom Burleson,26,KCK,NBA,1978-79,56,,927,157,342,157,342,,,121,169,84,197,281,50,26,58,64,183,435,0.459,0.459,,0.459,0.716,0.522,burleto01
Don Buse,28,PHO,NBA,1978-79,82,,2544,285,576,285,576,,,70,91,44,173,217,356,156,18,96,149,640,0.495,0.495,,0.495,0.769,0.519,busedo01
Marty Byrnes,22,TOT,NBA,1978-79,79,,1264,187,389,187,389,,,106,154,90,101,191,104,27,10,119,111,480,0.481,0.481,,0.481,0.688,0.525,byrnema01
Corky Calhoun,28,IND,NBA,1978-79,81,,1332,153,335,153,335,,,72,86,64,174,238,104,37,19,56,189,378,0.457,0.457,,0.457,0.837,0.507,calhoco01
Austin Carr,30,CLE,NBA,1978-79,82,,2714,551,1161,551,1161,,,292,358,155,135,290,217,77,14,175,210,1394,0.475,0.475,,0.475,0.816,0.529,carrau01
Kenny Carr,23,LAL,NBA,1978-79,72,,1149,225,450,225,450,,,83,137,70,222,292,60,38,31,116,152,533,0.5,0.5,,0.5,0.606,0.522,carrke01
M.L. Carr,28,DET,NBA,1978-79,80,,3207,587,1143,587,1143,,,323,435,219,370,589,262,197,46,255,279,1497,0.514,0.514,,0.514,0.743,0.561,carrml01
Ron Carter,22,LAL,NBA,1978-79,46,,332,54,124,54,124,,,36,54,21,24,45,25,17,7,40,54,144,0.435,0.435,,0.435,0.667,0.487,cartero01
Harvey Catchings,27,TOT,NBA,1978-79,57,,948,102,243,102,243,,,60,78,101,201,302,48,23,91,88,132,264,0.42,0.42,,0.42,0.769,0.476,catchha01
Don Chaney,32,BOS,NBA,1978-79,65,,1074,174,414,174,414,,,36,42,63,78,141,75,72,11,65,167,384,0.42,0.42,,0.42,0.857,0.444,chanedo01
Maurice Cheeks,22,PHI,NBA,1978-79,82,,2409,292,572,292,572,,,101,140,63,191,254,431,174,12,193,198,685,0.51,0.51,,0.51,0.721,0.541,cheekma01
Phil Chenier,28,WSB,NBA,1978-79,27,,385,69,158,69,158,,,18,28,3,17,20,31,4,5,31,28,156,0.437,0.437,,0.437,0.643,0.458,cheniph01
Jim Chones,29,CLE,NBA,1978-79,82,,2850,472,1073,472,1073,,,158,215,260,582,842,181,47,102,187,278,1102,0.44,0.44,,0.44,0.735,0.472,choneji01
Jim Cleamons,29,NYK,NBA,1978-79,79,,2390,311,657,311,657,,,130,171,65,160,225,376,73,11,142,147,752,0.473,0.473,,0.473,0.76,0.513,cleamji01
E.C. Coleman,28,HOU,NBA,1978-79,6,,39,5,7,5,7,,,1,1,1,6,7,1,2,0,0,11,11,0.714,0.714,,0.714,1,0.739,colemec01
Doug Collins,27,PHI,NBA,1978-79,47,,1595,358,717,358,717,,,201,247,36,87,123,191,52,20,131,139,917,0.499,0.499,,0.499,0.814,0.555,collido01
Michael Cooper,22,LAL,NBA,1978-79,3,,7,3,6,3,6,,,0,0,0,0,0,0,1,0,1,1,6,0.5,0.5,,0.5,,0.5,coopemi01
Wayne Cooper,22,GSW,NBA,1978-79,65,,795,128,293,128,293,,,41,61,90,190,280,21,7,44,52,118,297,0.437,0.437,,0.437,0.672,0.464,coopewa01
Dave Corzine,22,WSB,NBA,1978-79,59,,532,63,118,63,118,,,49,63,52,95,147,49,10,14,53,67,175,0.534,0.534,,0.534,0.778,0.6,corzida01
Dave Cowens,30,BOS,NBA,1978-79,68,,2517,488,1010,488,1010,,,151,187,152,500,652,242,76,51,174,263,1127,0.483,0.483,,0.483,0.807,0.516,cowenda01
Wesley Cox,24,GSW,NBA,1978-79,31,,360,53,123,53,123,,,40,92,18,45,63,11,13,5,44,68,146,0.431,0.431,,0.431,0.435,0.447,coxwe01
Charlie Criss,30,ATL,NBA,1978-79,54,,879,109,289,109,289,,,67,86,19,41,60,138,41,3,79,70,285,0.377,0.377,,0.377,0.779,0.436,crissch01
Geoff Crompton,23,DEN,NBA,1978-79,20,,88,10,26,10,26,,,6,12,6,17,23,5,0,3,12,19,26,0.385,0.385,,0.385,0.5,0.416,crompge01
Louie Dampier,34,SAS,NBA,1978-79,70,,760,123,251,123,251,,,29,39,15,48,63,124,35,8,39,42,275,0.49,0.49,,0.49,0.744,0.513,dampilo01
Bob Dandridge,31,WSB,NBA,1978-79,78,,2629,629,1260,629,1260,,,331,401,109,338,447,365,71,57,222,259,1589,0.499,0.499,,0.499,0.825,0.553,dandrbo01
Adrian Dantley,22,LAL,NBA,1978-79,60,,1775,374,733,374,733,,,292,342,131,211,342,138,63,12,155,162,1040,0.51,0.51,,0.51,0.854,0.589,dantlad01
Brad Davis,23,TOT,NBA,1978-79,27,,298,31,55,31,55,,,16,23,1,16,17,52,16,2,17,32,78,0.564,0.564,,0.564,0.696,0.599,davisbr01
Harry Davis,23,CLE,NBA,1978-79,40,,394,66,153,66,153,,,30,43,27,39,66,16,13,8,23,66,162,0.431,0.431,,0.431,0.698,0.471,davisha01
Johnny Davis,23,IND,NBA,1978-79,79,,2971,565,1240,565,1240,,,314,396,70,121,191,453,95,22,214,177,1444,0.456,0.456,,0.456,0.793,0.511,davisjo01
Walter Davis,24,PHO,NBA,1978-79,79,,2437,764,1362,764,1362,,,340,409,111,262,373,339,147,26,293,250,1868,0.561,0.561,,0.561,0.831,0.606,daviswa03
Darryl Dawkins,22,PHI,NBA,1978-79,78,,2035,430,831,430,831,,,158,235,123,508,631,128,32,143,197,295,1018,0.517,0.517,,0.517,0.672,0.545,dawkida01
Coby Dietrick,30,SAS,NBA,1978-79,76,,1487,209,400,209,400,,,79,99,88,227,315,198,72,38,92,206,497,0.523,0.523,,0.523,0.798,0.56,dietrco01
Jacky Dorsey,24,HOU,NBA,1978-79,20,,108,24,43,24,43,,,8,16,12,11,23,2,1,2,8,25,56,0.558,0.558,,0.558,0.5,0.56,dorseja01
Leon Douglas,24,DET,NBA,1978-79,78,,2215,342,698,342,698,,,208,328,248,416,664,74,39,55,190,319,892,0.49,0.49,,0.49,0.634,0.529,douglle01
John Drew,24,ATL,NBA,1978-79,79,,2410,650,1375,650,1375,,,495,677,225,297,522,119,128,16,211,332,1795,0.473,0.473,,0.473,0.731,0.536,drewjo01
Charles Dudley,28,CHI,NBA,1978-79,43,,684,45,125,45,125,,,28,42,25,61,86,116,32,1,64,82,118,0.36,0.36,,0.36,0.667,0.411,dudlech01
Mike Dunleavy,24,HOU,NBA,1978-79,74,,1486,215,425,215,425,,,159,184,28,100,128,324,56,5,130,168,589,0.506,0.506,,0.506,0.864,0.582,dunlemi01
T.R. Dunn,23,POR,NBA,1978-79,80,,1828,246,549,246,549,,,122,158,145,199,344,103,86,23,93,166,614,0.448,0.448,,0.448,0.772,0.496,dunntr01
James Edwards,23,IND,NBA,1978-79,82,,2546,534,1065,534,1065,,,298,441,179,514,693,92,60,109,162,363,1366,0.501,0.501,,0.501,0.676,0.542,edwarja01
Bob Elliott,23,NJN,NBA,1978-79,14,,282,41,73,41,73,,,41,56,16,40,56,22,6,4,26,34,123,0.562,0.562,,0.562,0.732,0.63,elliobo01
Bo Ellis,24,DEN,NBA,1978-79,42,,269,42,92,42,92,,,29,36,17,45,62,10,10,13,22,45,113,0.457,0.457,,0.457,0.806,0.524,ellisbo02
Len Elmore,26,IND,NBA,1978-79,80,,1264,139,342,139,342,,,56,78,115,287,402,75,62,79,73,183,334,0.406,0.406,,0.406,0.718,0.444,elmorle01
Alex English,25,IND,NBA,1978-79,81,,2696,563,1102,563,1102,,,173,230,253,402,655,271,70,78,196,214,1299,0.511,0.511,,0.511,0.752,0.54,englial01
Ray Epps,22,GSW,NBA,1978-79,13,,72,10,23,10,23,,,6,8,0,5,5,2,1,0,2,7,26,0.435,0.435,,0.435,0.75,0.49,eppsra01
Julius Erving,28,PHI,NBA,1978-79,78,,2802,715,1455,715,1455,,,373,501,198,366,564,357,133,100,315,207,1803,0.491,0.491,,0.491,0.745,0.538,ervinju01
Chris Ford,30,TOT,NBA,1978-79,81,,2737,538,1142,538,1142,,,172,227,124,150,274,374,115,25,210,209,1248,0.471,0.471,,0.471,0.758,0.502,fordch01
Don Ford,26,LAL,NBA,1978-79,79,,1540,228,450,228,450,,,72,89,83,185,268,101,51,25,93,177,528,0.507,0.507,,0.507,0.809,0.54,forddo01
Phil Ford,22,KCK,NBA,1978-79,79,,2723,467,1004,467,1004,,,326,401,33,149,182,681,174,6,323,245,1260,0.465,0.465,,0.465,0.813,0.534,fordph01
Bayard Forrest,24,PHO,NBA,1978-79,75,,1243,118,272,118,272,,,62,115,110,205,315,167,29,37,107,151,298,0.434,0.434,,0.434,0.539,0.462,forreba01
Walt Frazier,33,CLE,NBA,1978-79,12,,279,54,122,54,122,,,21,27,7,13,20,32,13,2,22,22,129,0.443,0.443,,0.443,0.778,0.482,fraziwa01
World B. Free,25,SDC,NBA,1978-79,78,,2954,795,1653,795,1653,,,654,865,127,174,301,340,111,35,297,253,2244,0.481,0.481,,0.481,0.756,0.552,freewo01
Terry Furlow,24,TOT,NBA,1978-79,78,,1686,388,804,388,804,,,163,195,76,91,167,184,58,30,134,122,939,0.483,0.483,,0.483,0.836,0.528,furlote01
Mike Gale,28,SAS,NBA,1978-79,82,,2121,284,612,284,612,,,91,108,40,146,186,374,152,40,153,192,659,0.464,0.464,,0.464,0.843,0.5,galemi01
Gus Gerard,25,TOT,NBA,1978-79,58,,465,84,194,84,194,,,50,91,40,58,98,21,20,13,36,74,218,0.433,0.433,,0.433,0.549,0.466,gerargu01
George Gervin,26,SAS,NBA,1978-79,80,,2888,947,1749,947,1749,,,471,570,142,258,400,219,137,91,286,275,2365,0.541,0.541,,0.541,0.826,0.591,gervige01
John Gianelli,28,MIL,NBA,1978-79,82,,2057,256,527,256,527,,,72,102,122,286,408,160,44,57,106,196,584,0.486,0.486,,0.486,0.706,0.511,gianejo01
Artis Gilmore,29,CHI,NBA,1978-79,82,,3265,753,1310,753,1310,,,434,587,293,750,1043,274,50,156,310,280,1940,0.575,0.575,,0.575,0.739,0.619,gilmoar01
Jack Givens,22,ATL,NBA,1978-79,74,,1347,234,564,234,564,,,102,135,98,116,214,83,72,17,75,121,570,0.415,0.415,,0.415,0.756,0.457,givenja01
Mike Glenn,23,NYK,NBA,1978-79,75,,1171,263,486,263,486,,,57,63,28,54,82,136,37,6,64,113,583,0.541,0.541,,0.541,0.905,0.567,glennmi01
Glen Gondrezick,23,NYK,NBA,1978-79,75,,1602,161,326,161,326,,,55,97,147,277,424,106,98,18,95,226,377,0.494,0.494,,0.494,0.567,0.511,gondrgl01
Gail Goodrich,35,NOJ,NBA,1978-79,74,,2130,382,850,382,850,,,174,204,68,115,183,357,90,13,185,177,938,0.449,0.449,,0.449,0.853,0.499,goodrga01
Mike Green,27,SAS,NBA,1978-79,76,,1641,235,477,235,477,,,101,144,131,223,354,116,37,122,89,230,571,0.493,0.493,,0.493,0.701,0.528,greenmi01
Rickey Green,24,DET,NBA,1978-79,27,,431,67,177,67,177,,,45,67,15,25,40,63,25,1,44,37,179,0.379,0.379,,0.379,0.672,0.433,greenri01
Steve Green,25,IND,NBA,1978-79,39,,265,42,89,42,89,,,20,34,22,30,52,21,11,3,17,39,104,0.472,0.472,,0.472,0.588,0.5,greenst01
Tommie Green,22,NOJ,NBA,1978-79,59,,809,92,237,92,237,,,48,63,20,48,68,140,61,6,89,111,232,0.388,0.388,,0.388,0.762,0.438,greento01
Kevin Grevey,25,WSB,NBA,1978-79,65,,1856,418,922,418,922,,,173,224,90,142,232,153,46,14,120,159,1009,0.453,0.453,,0.453,0.772,0.494,greveke01
Paul Griffin,25,NOJ,NBA,1978-79,77,,1398,106,223,106,223,,,91,147,126,265,391,138,54,36,117,198,303,0.475,0.475,,0.475,0.619,0.527,griffpa01
Bob Gross,25,POR,NBA,1978-79,53,,1441,209,443,209,443,,,96,119,106,144,250,184,70,47,121,161,514,0.472,0.472,,0.472,0.807,0.519,grossbo01
Ernie Grunfeld,23,MIL,NBA,1978-79,82,,1778,326,661,326,661,,,191,251,124,236,360,216,58,15,141,220,843,0.493,0.493,,0.493,0.761,0.546,grunfer01
Lars Hansen,24,SEA,NBA,1978-79,15,,205,29,57,29,57,,,18,31,22,37,59,14,1,1,9,28,76,0.509,0.509,,0.509,0.581,0.538,hansela01
James Hardy,22,NOJ,NBA,1978-79,68,,1456,196,426,196,426,,,61,88,121,189,310,65,52,61,93,133,453,0.46,0.46,,0.46,0.693,0.487,hardyja01
Joe Hassett,23,SEA,NBA,1978-79,55,,463,100,211,100,211,,,23,23,13,32,45,42,14,4,32,58,223,0.474,0.474,,0.474,1,0.504,hassejo01
Steve Hawes,28,ATL,NBA,1978-79,81,,2205,372,756,372,756,,,108,132,190,401,591,184,79,47,145,264,852,0.492,0.492,,0.492,0.818,0.523,hawesst01
Bubbles Hawkins,24,DET,NBA,1978-79,4,,28,6,16,6,16,,,6,6,3,3,6,4,5,0,2,7,18,0.375,0.375,,0.375,1,0.483,hawkiro01
Elvin Hayes,33,WSB,NBA,1978-79,82,,3105,720,1477,720,1477,,,349,534,312,682,994,143,75,190,235,308,1789,0.487,0.487,,0.487,0.654,0.523,hayesel01
Spencer Haywood,29,TOT,NBA,1978-79,68,,2361,595,1205,595,1205,,,231,292,172,361,533,127,40,82,200,236,1421,0.494,0.494,,0.494,0.791,0.533,haywosp01
Gar Heard,30,PHO,NBA,1978-79,63,,1213,162,367,162,367,,,71,103,98,253,351,60,53,57,60,141,395,0.441,0.441,,0.441,0.689,0.479,heardga01
Tom Henderson,27,WSB,NBA,1978-79,70,,2081,299,641,299,641,,,156,195,51,112,163,419,87,10,148,123,754,0.466,0.466,,0.466,0.8,0.519,hendeto01
Keith Herron,22,ATL,NBA,1978-79,14,,81,14,48,14,48,,,12,13,4,6,10,3,6,2,5,11,40,0.292,0.292,,0.292,0.923,0.372,herroke01
Phil Hicks,26,DEN,NBA,1978-79,20,,128,18,43,18,43,,,3,5,13,15,28,8,5,0,13,20,39,0.419,0.419,,0.419,0.6,0.431,hicksph01
Kenny Higgs,24,CLE,NBA,1978-79,68,,1050,127,279,127,279,,,85,111,18,84,102,141,66,11,47,176,339,0.455,0.455,,0.455,0.766,0.517,higgske01
Armond Hill,25,ATL,NBA,1978-79,82,,2527,296,682,296,682,,,246,288,41,123,164,480,102,16,202,292,838,0.434,0.434,,0.434,0.854,0.518,hillar01
Darnell Hillman,29,KCK,NBA,1978-79,78,,1618,211,428,211,428,,,125,224,138,293,431,91,50,66,134,288,547,0.493,0.493,,0.493,0.558,0.519,hillmda01
Wilbur Holland,27,CHI,NBA,1978-79,82,,2483,445,940,445,940,,,141,176,78,176,254,330,122,12,185,240,1031,0.473,0.473,,0.473,0.801,0.507,hollawi01
Lionel Hollins,25,POR,NBA,1978-79,64,,1967,402,886,402,886,,,172,221,32,117,149,325,114,24,223,199,976,0.454,0.454,,0.454,0.778,0.496,hollili01
Essie Hollis,23,DET,NBA,1978-79,25,,154,30,75,30,75,,,9,12,21,24,45,6,11,1,14,28,69,0.4,0.4,,0.4,0.75,0.43,hollies01
Otis Howard,22,TOT,NBA,1978-79,14,,113,24,56,24,56,,,11,23,18,23,41,5,2,2,7,24,59,0.429,0.429,,0.429,0.478,0.446,howarot01
Lou Hudson,34,LAL,NBA,1978-79,78,,1686,329,636,329,636,,,110,124,64,76,140,141,58,17,99,133,768,0.517,0.517,,0.517,0.887,0.556,hudsolo01
Kim Hughes,26,DEN,NBA,1978-79,81,,1086,98,182,98,182,,,18,45,112,223,335,74,56,102,78,215,214,0.538,0.538,,0.538,0.4,0.53,hugheki01
Dan Issel,30,DEN,NBA,1978-79,81,,2742,532,1030,532,1030,,,316,419,240,498,738,255,61,46,171,233,1380,0.517,0.517,,0.517,0.754,0.568,isselda01
Phil Jackson,33,NJN,NBA,1978-79,59,,1070,144,303,144,303,,,86,105,59,119,178,85,45,22,78,168,374,0.475,0.475,,0.475,0.819,0.536,jacksph01
Aaron James,26,NOJ,NBA,1978-79,73,,1417,311,630,311,630,,,105,140,97,151,248,78,28,21,111,202,727,0.494,0.494,,0.494,0.75,0.526,jamesaa01
Charles Johnson,29,WSB,NBA,1978-79,82,,1819,342,786,342,786,,,67,79,70,132,202,177,95,6,87,161,751,0.435,0.435,,0.435,0.848,0.458,johnsch01
Clemon Johnson,22,POR,NBA,1978-79,74,,794,102,217,102,217,,,36,74,83,143,226,78,23,36,65,121,240,0.47,0.47,,0.47,0.486,0.481,johnscl01
Dennis Johnson,24,SEA,NBA,1978-79,80,,2717,482,1110,482,1110,,,306,392,146,228,374,280,100,97,191,209,1270,0.434,0.434,,0.434,0.781,0.495,johnsde01
Eddie Johnson,23,ATL,NBA,1978-79,78,,2413,501,982,501,982,,,243,292,65,105,170,360,121,11,213,241,1245,0.51,0.51,,0.51,0.832,0.561,johnsed02
George Johnson,30,NJN,NBA,1978-79,78,,2058,206,483,206,483,,,105,138,201,415,616,88,68,253,178,315,517,0.427,0.427,,0.427,0.761,0.475,johnsge02
George Johnson,22,MIL,NBA,1978-79,67,,1157,165,342,165,342,,,84,117,106,254,360,81,75,49,100,187,414,0.482,0.482,,0.482,0.718,0.526,johnsge03
John Johnson,31,SEA,NBA,1978-79,82,,2386,356,821,356,821,,,190,250,127,285,412,358,59,25,254,245,902,0.434,0.434,,0.434,0.76,0.484,johnsjo01
Marques Johnson,22,MIL,NBA,1978-79,77,,2779,820,1491,820,1491,,,332,437,212,374,586,234,116,89,170,186,1972,0.55,0.55,,0.55,0.76,0.586,johnsma01
Mickey Johnson,26,CHI,NBA,1978-79,82,,2594,496,1105,496,1105,,,273,329,193,434,627,380,88,59,312,286,1265,0.449,0.449,,0.449,0.83,0.506,johnsmi01
Ollie Johnson,29,CHI,NBA,1978-79,71,,1734,281,540,281,540,,,88,110,58,169,227,163,54,33,114,182,650,0.52,0.52,,0.52,0.8,0.552,johnsol01
Bobby Jones,27,PHI,NBA,1978-79,80,,2304,378,704,378,704,,,209,277,199,332,531,201,107,96,165,245,965,0.537,0.537,,0.537,0.755,0.584,jonesbo01
Caldwell Jones,28,PHI,NBA,1978-79,78,,2171,302,637,302,637,,,121,162,177,570,747,151,39,157,156,303,725,0.474,0.474,,0.474,0.747,0.512,jonesca01
Dwight Jones,26,HOU,NBA,1978-79,81,,1215,181,395,181,395,,,96,132,110,218,328,57,34,26,102,204,458,0.458,0.458,,0.458,0.727,0.505,jonesdw01
Eddie Jordan,24,NJN,NBA,1978-79,82,,2260,401,960,401,960,,,213,274,74,141,215,365,201,40,244,209,1015,0.418,0.418,,0.418,0.777,0.47,jordaed01
Jeff Judkins,22,BOS,NBA,1978-79,81,,1521,295,587,295,587,,,119,146,70,121,191,145,81,12,109,184,709,0.503,0.503,,0.503,0.815,0.544,judkije01
Rich Kelley,25,NOJ,NBA,1978-79,80,,2705,440,870,440,870,,,373,458,303,723,1026,285,126,166,288,309,1253,0.506,0.506,,0.506,0.814,0.585,kelleri01
Larry Kenon,26,SAS,NBA,1978-79,81,,2947,748,1484,748,1484,,,295,349,260,530,790,335,154,19,300,192,1791,0.504,0.504,,0.504,0.845,0.547,kenonla01
Bernard King,22,NJN,NBA,1978-79,82,,2859,710,1359,710,1359,,,349,619,251,418,669,295,118,39,323,326,1769,0.522,0.522,,0.522,0.564,0.542,kingbe01
Billy Knight,26,TOT,NBA,1978-79,79,,2095,441,835,441,835,,,249,296,94,253,347,152,63,8,225,160,1131,0.528,0.528,,0.528,0.841,0.586,knighbi01
Toby Knight,23,NYK,NBA,1978-79,82,,2667,609,1174,609,1174,,,145,206,201,347,548,124,61,60,163,309,1363,0.519,0.519,,0.519,0.704,0.539,knighto01
Joel Kramer,23,PHO,NBA,1978-79,82,,1401,181,370,181,370,,,125,176,134,203,337,92,45,23,98,224,487,0.489,0.489,,0.489,0.71,0.544,kramejo01
John Kuester,23,DEN,NBA,1978-79,33,,212,16,52,16,52,,,13,14,5,8,13,37,18,1,20,29,45,0.308,0.308,,0.308,0.929,0.387,kuestjo01
Kevin Kunnert,27,SDC,NBA,1978-79,81,,1684,234,501,234,501,,,56,85,202,367,569,113,45,118,141,309,524,0.467,0.467,,0.467,0.659,0.487,kunneke01
Mitch Kupchak,24,WSB,NBA,1978-79,66,,1604,369,685,369,685,,,223,300,152,278,430,88,23,23,120,141,961,0.539,0.539,,0.539,0.743,0.588,kupchmi01
Sam Lacey,30,KCK,NBA,1978-79,82,,2627,350,697,350,697,,,167,226,179,523,702,430,106,141,245,309,867,0.502,0.502,,0.502,0.739,0.544,laceysa01
Tom LaGarde,23,SEA,NBA,1978-79,23,,575,98,181,98,181,,,57,95,61,129,190,32,6,18,47,75,253,0.541,0.541,,0.541,0.6,0.568,lagarto01
John Lambert,26,CLE,NBA,1978-79,70,,1030,148,329,148,329,,,35,55,116,174,290,43,25,29,65,163,331,0.45,0.45,,0.45,0.636,0.469,lambejo01
Mark Landsberger,23,CHI,NBA,1978-79,80,,1959,278,585,278,585,,,91,194,292,450,742,68,27,22,149,125,647,0.475,0.475,,0.475,0.469,0.483,landsma01
Bob Lanier,30,DET,NBA,1978-79,53,,1835,489,950,489,950,,,275,367,164,330,494,140,50,75,175,181,1253,0.515,0.515,,0.515,0.749,0.564,laniebo01
Butch Lee,22,TOT,NBA,1978-79,82,,1779,290,634,290,634,,,175,230,33,93,126,295,86,1,154,146,755,0.457,0.457,,0.457,0.761,0.513,leebu01
Ron Lee,26,TOT,NBA,1978-79,60,,1346,218,507,218,507,,,98,141,63,105,168,205,107,6,165,182,534,0.43,0.43,,0.43,0.695,0.469,leero01
Scott Lloyd,26,TOT,NBA,1978-79,72,,496,42,122,42,122,,,27,47,49,47,96,32,10,8,51,92,111,0.344,0.344,,0.344,0.574,0.389,lloydsc01
John Long,22,DET,NBA,1978-79,82,,2498,581,1240,581,1240,,,157,190,127,139,266,121,102,19,137,224,1319,0.469,0.469,,0.469,0.826,0.498,longjo01
John Lucas,25,GSW,NBA,1978-79,82,,3095,530,1146,530,1146,,,264,321,65,182,247,762,152,9,255,229,1324,0.462,0.462,,0.462,0.822,0.514,lucasjo01
Maurice Lucas,26,POR,NBA,1978-79,69,,2462,568,1208,568,1208,,,270,345,192,524,716,215,66,81,233,254,1406,0.47,0.47,,0.47,0.783,0.517,lucasma01
Moses Malone,23,HOU,NBA,1978-79,82,,3390,716,1325,716,1325,,,599,811,587,857,1444,147,79,119,326,223,2031,0.54,0.54,,0.54,0.739,0.604,malonmo01
Pete Maravich,31,NOJ,NBA,1978-79,49,,1824,436,1035,436,1035,,,233,277,33,88,121,243,60,18,200,104,1105,0.421,0.421,,0.421,0.841,0.478,maravpe01
Cedric Maxwell,23,BOS,NBA,1978-79,80,,2969,472,808,472,808,,,574,716,272,519,791,228,98,74,273,266,1518,0.584,0.584,,0.584,0.802,0.676,maxwece01
Scott May,24,CHI,NBA,1978-79,37,,403,59,136,59,136,,,30,40,14,50,64,39,22,1,51,51,148,0.434,0.434,,0.434,0.75,0.482,maysc01
Bob McAdoo,27,TOT,NBA,1978-79,60,,2231,596,1127,596,1127,,,295,450,130,390,520,168,74,67,217,189,1487,0.529,0.529,,0.529,0.656,0.561,mcadobo01
Ted McClain,32,PHO,NBA,1978-79,36,,465,62,132,62,132,,,42,46,25,44,69,60,19,0,54,51,166,0.47,0.47,,0.47,0.913,0.545,mcclate01
Jim McElroy,25,NOJ,NBA,1978-79,79,,2698,539,1097,539,1097,,,259,340,61,154,215,453,148,49,237,183,1337,0.491,0.491,,0.491,0.762,0.536,mcelrji01
George McGinnis,28,DEN,NBA,1978-79,76,,2552,603,1273,603,1273,,,509,765,256,608,864,283,129,52,346,321,1715,0.474,0.474,,0.474,0.665,0.533,mcginge01
Billy McKinney,23,KCK,NBA,1978-79,78,,1242,240,477,240,477,,,129,162,20,65,85,253,58,3,124,121,609,0.503,0.503,,0.503,0.796,0.555,mckinbi01
Tom McMillen,26,ATL,NBA,1978-79,82,,1392,232,498,232,498,,,106,119,131,201,332,69,15,32,87,211,570,0.466,0.466,,0.466,0.891,0.518,mcmilto01
Jim McMillian,30,POR,NBA,1978-79,23,,278,33,74,33,74,,,17,21,16,23,39,33,10,3,16,18,83,0.446,0.446,,0.446,0.81,0.499,mcmilji01
Larry McNeill,28,DET,NBA,1978-79,11,,46,9,20,9,20,,,11,12,3,7,10,3,0,0,4,7,29,0.45,0.45,,0.45,0.917,0.574,mcneila01
John Mengelt,29,CHI,NBA,1978-79,75,,1705,338,689,338,689,,,150,182,25,93,118,187,46,4,120,148,826,0.491,0.491,,0.491,0.824,0.537,mengejo01
Joe Meriweather,25,TOT,NBA,1978-79,77,,1693,242,500,242,500,,,126,187,143,266,409,79,40,94,130,283,610,0.484,0.484,,0.484,0.674,0.524,meriwjo01
Mike Mitchell,23,CLE,NBA,1978-79,80,,1576,362,706,362,706,,,131,178,127,202,329,60,51,29,102,215,855,0.513,0.513,,0.513,0.736,0.545,mitchmi01
Steve Mix,31,PHI,NBA,1978-79,74,,1269,265,493,265,493,,,161,201,109,184,293,121,57,16,100,112,691,0.538,0.538,,0.538,0.801,0.594,mixst01
Eric Money,23,TOT,NBA,1978-79,70,,1979,444,893,444,893,,,170,237,70,92,162,331,87,12,235,202,1058,0.497,0.497,,0.497,0.717,0.53,moneyer01
Earl Monroe,34,NYK,NBA,1978-79,64,,1393,329,699,329,699,,,129,154,26,48,74,189,48,6,98,123,787,0.471,0.471,,0.471,0.838,0.513,monroea01
Glenn Mosley,23,SAS,NBA,1978-79,26,,221,31,75,31,75,,,23,38,27,37,64,19,8,10,20,35,85,0.413,0.413,,0.413,0.605,0.463,moslegl01
Calvin Murphy,30,HOU,NBA,1978-79,82,,2941,707,1424,707,1424,,,246,265,78,95,173,351,117,6,187,288,1660,0.496,0.496,,0.496,0.928,0.539,murphca01
Bob Nash,28,KCK,NBA,1978-79,82,,1307,227,522,227,522,,,69,86,76,130,206,71,29,15,82,135,523,0.435,0.435,,0.435,0.802,0.467,nashbo01
Swen Nater,29,SDC,NBA,1978-79,79,,2006,357,627,357,627,,,132,165,218,483,701,140,38,29,170,244,846,0.569,0.569,,0.569,0.8,0.605,natersw01
Lloyd Neal,28,POR,NBA,1978-79,4,,48,4,11,4,11,,,1,1,2,7,9,1,0,1,6,7,9,0.364,0.364,,0.364,1,0.393,nealll01
Mike Newlin,30,HOU,NBA,1978-79,76,,1828,283,581,283,581,,,212,243,51,119,170,291,51,9,175,218,778,0.487,0.487,,0.487,0.872,0.565,newlimi01
Norm Nixon,23,LAL,NBA,1978-79,82,,3145,623,1149,623,1149,,,158,204,48,183,231,737,201,17,231,250,1404,0.542,0.542,,0.542,0.775,0.567,nixonno01
Connie Norman,25,SDC,NBA,1978-79,22,,323,71,165,71,165,,,19,23,13,19,32,24,10,3,22,35,161,0.43,0.43,,0.43,0.826,0.46,normaco01
Mark Olberding,22,SAS,NBA,1978-79,80,,1885,261,551,261,551,,,233,290,96,333,429,211,53,18,163,282,755,0.474,0.474,,0.474,0.803,0.556,olberma01
John Olive,23,SDC,NBA,1978-79,34,,189,13,40,13,40,,,18,23,3,16,19,3,4,0,13,32,44,0.325,0.325,,0.325,0.783,0.439,olivejo01
Tom Owens,29,POR,NBA,1978-79,82,,2791,600,1095,600,1095,,,320,403,263,477,740,301,59,58,247,329,1520,0.548,0.548,,0.548,0.794,0.597,owensto01
Robert Parish,25,GSW,NBA,1978-79,76,,2411,554,1110,554,1110,,,196,281,265,651,916,115,100,217,233,303,1304,0.499,0.499,,0.499,0.698,0.529,parisro01
Sonny Parker,23,GSW,NBA,1978-79,79,,2893,512,1019,512,1019,,,175,222,164,280,444,291,144,33,193,187,1199,0.502,0.502,,0.502,0.788,0.537,parkeso01
Billy Paultz,30,SAS,NBA,1978-79,79,,2122,399,758,399,758,,,114,194,169,456,625,178,35,125,157,204,912,0.526,0.526,,0.526,0.588,0.541,paultbi01
Roger Phegley,22,WSB,NBA,1978-79,29,,153,28,78,28,78,,,24,29,5,17,22,15,5,2,17,21,80,0.359,0.359,,0.359,0.828,0.441,pheglro01
Stan Pietkiewicz,22,SDC,NBA,1978-79,4,,32,1,8,1,8,,,2,2,0,6,6,3,1,0,1,5,4,0.125,0.125,,0.125,1,0.225,pietkst01
Ben Poquette,23,DET,NBA,1978-79,76,,1337,198,464,198,464,,,111,142,99,237,336,57,38,98,65,198,507,0.427,0.427,,0.427,0.782,0.481,poquebe01
Kevin Porter,28,DET,NBA,1978-79,82,,3064,534,1110,534,1110,,,192,266,62,147,209,1099,158,5,337,302,1260,0.481,0.481,,0.481,0.722,0.513,porteke01
Jim Price,29,LAL,NBA,1978-79,75,,1207,171,344,171,344,,,55,79,26,97,123,218,66,12,100,128,397,0.497,0.497,,0.497,0.696,0.524,priceji01
Wayne Radford,22,IND,NBA,1978-79,52,,649,83,175,83,175,,,36,45,25,43,68,57,30,1,45,61,202,0.474,0.474,,0.474,0.8,0.518,radfowa01
Clifford Ray,30,GSW,NBA,1978-79,82,,1917,231,439,231,439,,,106,190,213,395,608,136,47,50,153,264,568,0.526,0.526,,0.526,0.558,0.543,raycl01
Marlon Redmond,23,TOT,NBA,1978-79,53,,759,163,387,163,387,,,31,50,57,52,109,58,28,16,57,96,357,0.421,0.421,,0.421,0.62,0.436,redmoma01
Robert Reid,23,HOU,NBA,1978-79,82,,2259,382,777,382,777,,,131,186,129,354,483,230,75,48,131,302,895,0.492,0.492,,0.492,0.704,0.521,reidro01
Kevin Restani,27,MIL,NBA,1978-79,81,,1598,262,529,262,529,,,51,73,141,244,385,122,30,27,96,155,575,0.495,0.495,,0.495,0.699,0.512,restake01
Micheal Ray Richardson,23,NYK,NBA,1978-79,72,,1218,200,483,200,483,,,69,128,78,155,233,213,100,18,141,188,469,0.414,0.414,,0.414,0.539,0.435,richami01
Anthony Roberts,23,DEN,NBA,1978-79,63,,1236,211,498,211,498,,,76,110,106,152,258,107,20,2,65,142,498,0.424,0.424,,0.424,0.691,0.456,roberan01
Tony Robertson,23,GSW,NBA,1978-79,12,,74,15,40,15,40,,,6,9,6,4,10,4,8,0,8,10,36,0.375,0.375,,0.375,0.667,0.409,roberto01
Rick Robey,23,TOT,NBA,1978-79,79,,1763,322,673,322,673,,,174,224,168,345,513,132,48,15,164,232,818,0.478,0.478,,0.478,0.777,0.53,robeyri01
Jackie Robinson,23,SEA,NBA,1978-79,12,,105,19,41,19,41,,,8,15,9,10,19,13,5,1,11,9,46,0.463,0.463,,0.463,0.533,0.483,robinja01
Truck Robinson,27,TOT,NBA,1978-79,69,,2537,566,1152,566,1152,,,324,462,195,607,802,113,46,75,233,206,1456,0.491,0.491,,0.491,0.701,0.537,robintr01
Bill Robinzine,26,KCK,NBA,1978-79,82,,2179,459,837,459,837,,,180,246,218,420,638,104,105,15,179,367,1098,0.548,0.548,,0.548,0.732,0.581,robinbi01
Dave Robisch,29,LAL,NBA,1978-79,80,,1219,150,336,150,336,,,86,115,82,203,285,97,20,25,53,108,386,0.446,0.446,,0.446,0.748,0.499,robisda01
Tree Rollins,23,ATL,NBA,1978-79,81,,1900,297,555,297,555,,,89,141,219,369,588,49,46,254,87,328,683,0.535,0.535,,0.535,0.631,0.553,rollitr01
Dan Roundfield,25,ATL,NBA,1978-79,80,,2539,462,916,462,916,,,300,420,326,539,865,131,87,176,209,358,1224,0.504,0.504,,0.504,0.714,0.556,roundda01
Curtis Rowe,29,BOS,NBA,1978-79,53,,1222,151,346,151,346,,,52,75,79,163,242,69,15,13,88,105,354,0.436,0.436,,0.436,0.693,0.467,rowecu01
John Rudd,23,NYK,NBA,1978-79,58,,723,59,133,59,133,,,66,93,69,98,167,35,17,8,59,95,184,0.444,0.444,,0.444,0.71,0.529,ruddjo01
Campy Russell,27,CLE,NBA,1978-79,74,,2859,603,1268,603,1268,,,417,523,147,356,503,348,98,25,259,222,1623,0.476,0.476,,0.476,0.797,0.542,russeca02
Frankie Sanders,22,TOT,NBA,1978-79,46,,479,105,246,105,246,,,54,68,35,75,110,52,21,6,55,69,264,0.427,0.427,,0.427,0.794,0.478,sandefr01
Alvin Scott,23,PHO,NBA,1978-79,81,,1737,212,396,212,396,,,120,168,104,256,360,126,80,62,99,139,544,0.535,0.535,,0.535,0.714,0.579,scottal01
Charlie Scott,30,DEN,NBA,1978-79,79,,2617,393,854,393,854,,,161,215,54,156,210,428,78,30,255,284,947,0.46,0.46,,0.46,0.749,0.499,scottch01
Lonnie Shelton,23,SEA,NBA,1978-79,76,,2158,446,859,446,859,,,131,189,182,286,468,110,76,75,188,266,1023,0.519,0.519,,0.519,0.693,0.543,sheltlo01
Steve Sheppard,24,TOT,NBA,1978-79,42,,279,36,76,36,76,,,20,34,25,22,47,19,8,1,25,26,92,0.474,0.474,,0.474,0.588,0.506,sheppst01
Purvis Short,21,GSW,NBA,1978-79,75,,1703,369,771,369,771,,,57,85,127,220,347,97,54,12,111,233,795,0.479,0.479,,0.479,0.671,0.492,shortpu01
Jack Sikma,23,SEA,NBA,1978-79,82,,2958,476,1034,476,1034,,,329,404,232,781,1013,261,82,67,253,295,1281,0.46,0.46,,0.46,0.814,0.529,sikmaja01
James Silas,29,SAS,NBA,1978-79,79,,2171,466,922,466,922,,,334,402,35,148,183,273,76,20,199,215,1266,0.505,0.505,,0.505,0.831,0.576,silasja01
Paul Silas,35,SEA,NBA,1978-79,82,,1957,170,402,170,402,,,116,194,259,316,575,115,31,19,98,177,456,0.423,0.423,,0.423,0.598,0.468,silaspa01
Ralph Simpson,29,TOT,NBA,1978-79,69,,979,174,433,174,433,,,76,111,35,61,96,126,37,5,100,57,424,0.402,0.402,,0.402,0.685,0.44,simpsra01
Al Skinner,26,TOT,NBA,1978-79,45,,643,91,214,91,214,,,99,114,27,59,86,89,40,3,72,114,281,0.425,0.425,,0.425,0.868,0.532,skinnal01
Bingo Smith,32,CLE,NBA,1978-79,72,,1650,361,784,361,784,,,83,106,77,129,206,121,43,7,75,188,805,0.46,0.46,,0.46,0.783,0.485,smithbi02
Elmore Smith,29,CLE,NBA,1978-79,24,,332,69,130,69,130,,,18,26,45,61,106,13,7,16,42,60,156,0.531,0.531,,0.531,0.692,0.551,smithel01
Phil Smith,26,GSW,NBA,1978-79,59,,2288,489,977,489,977,,,194,255,48,164,212,261,101,23,170,159,1172,0.501,0.501,,0.501,0.761,0.538,smithph01
Randy Smith,30,SDC,NBA,1978-79,82,,3111,693,1523,693,1523,,,292,359,102,193,295,395,177,5,255,177,1678,0.455,0.455,,0.455,0.813,0.499,smithra01
Robert Smith,23,DEN,NBA,1978-79,82,,1479,184,436,184,436,,,159,180,41,105,146,208,58,13,95,165,527,0.422,0.422,,0.422,0.883,0.511,smithro01
Sam Smith,24,MIL,NBA,1978-79,16,,125,19,47,19,47,,,18,24,0,9,9,16,8,7,8,12,56,0.404,0.404,,0.404,0.75,0.486,smithsa02
Willie Smith,25,POR,NBA,1978-79,13,,131,23,44,23,44,,,12,17,7,6,13,17,10,1,14,19,58,0.523,0.523,,0.523,0.706,0.563,smithwi02
Dick Snyder,34,SEA,NBA,1978-79,56,,536,81,187,81,187,,,43,51,15,33,48,63,14,6,36,52,205,0.433,0.433,,0.433,0.843,0.489,snydedi01
Ricky Sobers,26,IND,NBA,1978-79,81,,2825,553,1194,553,1194,,,298,338,118,183,301,450,138,23,304,315,1404,0.463,0.463,,0.463,0.882,0.523,soberri01
Kevin Stacom,27,TOT,NBA,1978-79,68,,831,128,342,128,342,,,44,60,30,55,85,112,29,1,80,47,300,0.374,0.374,,0.374,0.733,0.407,stacoke01
Larry Steele,29,POR,NBA,1978-79,72,,1488,203,483,203,483,,,112,136,58,113,171,142,74,10,96,208,518,0.42,0.42,,0.42,0.824,0.477,steella01
Earl Tatum,25,TOT,NBA,1978-79,79,,1233,280,627,280,627,,,52,71,41,84,125,73,78,34,88,165,612,0.447,0.447,,0.447,0.732,0.465,tatumea01
Brian Taylor,27,SDC,NBA,1978-79,20,,212,30,83,30,83,,,16,18,13,13,26,20,24,0,17,34,76,0.361,0.361,,0.361,0.889,0.418,taylobr01
Ira Terrell,24,TOT,NBA,1978-79,49,,732,93,198,93,198,,,35,53,44,102,146,41,22,28,53,100,221,0.47,0.47,,0.47,0.66,0.499,terreir01
Reggie Theus,21,CHI,NBA,1978-79,82,,2753,537,1119,537,1119,,,264,347,92,136,228,429,93,18,303,270,1338,0.48,0.48,,0.48,0.761,0.526,theusre01
David Thompson,24,DEN,NBA,1978-79,76,,2670,693,1353,693,1353,,,439,583,109,165,274,225,70,82,186,180,1825,0.512,0.512,,0.512,0.753,0.567,thompda01
Mychal Thompson,24,POR,NBA,1978-79,73,,2144,460,938,460,938,,,154,269,198,406,604,176,67,134,205,270,1074,0.49,0.49,,0.49,0.572,0.508,thompmy01
Rudy Tomjanovich,30,HOU,NBA,1978-79,74,,2641,620,1200,620,1200,,,168,221,170,402,572,137,44,18,138,186,1408,0.517,0.517,,0.517,0.76,0.543,tomjaru01
Raymond Townsend,23,GSW,NBA,1978-79,65,,771,127,289,127,289,,,50,68,11,44,55,91,27,6,51,70,304,0.439,0.439,,0.439,0.735,0.477,townsra01
Dave Twardzik,28,POR,NBA,1978-79,64,,1570,203,381,203,381,,,261,299,39,80,119,176,84,4,127,185,667,0.533,0.533,,0.533,0.873,0.651,twardda01
Terry Tyler,22,DET,NBA,1978-79,82,,2560,456,946,456,946,,,144,219,211,437,648,89,104,201,141,254,1056,0.482,0.482,,0.482,0.658,0.507,tylerte01
Wes Unseld,32,WSB,NBA,1978-79,77,,2406,346,600,346,600,,,151,235,274,556,830,315,71,37,156,204,843,0.577,0.577,,0.577,0.643,0.599,unselwe01
Jan van Breda Kolff,27,NJN,NBA,1978-79,80,,1998,196,423,196,423,,,146,183,108,274,382,180,85,74,135,235,538,0.463,0.463,,0.463,0.798,0.534,vanbrja01
Norm Van Lier,31,MIL,NBA,1978-79,38,,555,30,77,30,77,,,47,52,8,32,40,158,43,3,49,108,107,0.39,0.39,,0.39,0.904,0.536,vanlino01
Andre Wakefield,24,TOT,NBA,1978-79,73,,586,62,177,62,177,,,48,69,25,51,76,70,19,2,73,70,172,0.35,0.35,,0.35,0.696,0.415,wakefan01
Foots Walker,27,CLE,NBA,1978-79,55,,1753,208,448,208,448,,,137,175,59,139,198,321,130,18,127,153,553,0.464,0.464,,0.464,0.783,0.527,walkefo01
Wally Walker,24,SEA,NBA,1978-79,60,,969,168,343,168,343,,,58,96,66,111,177,69,12,26,68,127,394,0.49,0.49,,0.49,0.604,0.511,walkewa01
Lloyd Walton,25,MIL,NBA,1978-79,75,,1381,157,327,157,327,,,61,90,34,70,104,356,72,9,123,103,375,0.48,0.48,,0.48,0.678,0.511,waltoll01
Kermit Washington,27,SDC,NBA,1978-79,82,,2764,350,623,350,623,,,227,330,296,504,800,125,85,121,185,317,927,0.562,0.562,,0.562,0.688,0.603,washike01
Richard Washington,23,KCK,NBA,1978-79,18,,161,14,41,14,41,,,10,16,11,37,48,7,7,3,15,31,38,0.341,0.341,,0.341,0.625,0.396,washiri01
Wilson Washington,23,NJN,NBA,1978-79,62,,1139,218,434,218,434,,,66,104,88,206,294,47,31,67,98,186,502,0.502,0.502,,0.502,0.635,0.523,washiwi01
Slick Watts,27,HOU,NBA,1978-79,61,,1046,92,227,92,227,,,41,67,35,68,103,243,73,14,71,143,225,0.405,0.405,,0.405,0.612,0.439,wattssl01
Nick Weatherspoon,28,SDC,NBA,1978-79,82,,2642,479,998,479,998,,,176,238,179,275,454,135,80,37,184,287,1134,0.48,0.48,,0.48,0.739,0.514,weathni01
Marvin Webster,26,NYK,NBA,1978-79,60,,2027,264,558,264,558,,,150,262,198,457,655,172,24,112,170,183,678,0.473,0.473,,0.473,0.573,0.504,webstma01
Scott Wedman,26,KCK,NBA,1978-79,73,,2498,561,1050,561,1050,,,216,271,135,251,386,144,76,30,106,239,1338,0.534,0.534,,0.534,0.797,0.572,wedmasc01
Paul Westphal,28,PHO,NBA,1978-79,81,,2641,801,1496,801,1496,,,339,405,35,124,159,529,111,26,232,159,1941,0.535,0.535,,0.535,0.837,0.58,westppa01
Jo Jo White,32,TOT,NBA,1978-79,76,,2338,404,910,404,910,,,139,158,42,158,200,347,80,7,212,173,947,0.444,0.444,,0.444,0.88,0.483,whitejo01
Jerome Whitehead,22,SDC,NBA,1978-79,31,,152,15,34,15,34,,,8,18,16,34,50,7,3,4,11,29,38,0.441,0.441,,0.441,0.444,0.453,whiteje01
Sidney Wicks,29,SDC,NBA,1978-79,79,,2022,312,676,312,676,,,147,226,159,246,405,126,70,36,180,274,771,0.462,0.462,,0.462,0.65,0.497,wickssi01
Bob Wilkerson,24,DEN,NBA,1978-79,80,,2425,396,869,396,869,,,119,173,100,314,414,284,118,21,196,190,911,0.456,0.456,,0.456,0.688,0.482,wilkebo01
Jamaal Wilkes,25,LAL,NBA,1978-79,82,,2915,626,1242,626,1242,,,272,362,164,445,609,227,134,27,224,275,1524,0.504,0.504,,0.504,0.751,0.544,wilkeja01
Earl Williams,27,BOS,NBA,1978-79,20,,273,54,123,54,123,,,14,24,41,64,105,12,12,9,20,41,122,0.439,0.439,,0.439,0.583,0.457,williea01
Freeman Williams,22,SDC,NBA,1978-79,72,,1195,335,683,335,683,,,76,98,48,50,98,83,42,2,99,88,746,0.49,0.49,,0.49,0.776,0.514,willifr01
Gus Williams,25,SEA,NBA,1978-79,76,,2266,606,1224,606,1224,,,245,316,111,134,245,307,158,29,190,162,1457,0.495,0.495,,0.495,0.775,0.534,willigu01
Nate Williams,28,GSW,NBA,1978-79,81,,1299,284,567,284,567,,,102,117,68,139,207,61,55,5,93,169,670,0.501,0.501,,0.501,0.872,0.542,willina01
Ray Williams,24,NYK,NBA,1978-79,81,,2370,575,1257,575,1257,,,251,313,104,187,291,504,128,19,285,274,1401,0.457,0.457,,0.457,0.802,0.502,willira01
John Williamson,27,NJN,NBA,1978-79,74,,2451,635,1367,635,1367,,,373,437,53,143,196,255,89,12,233,215,1643,0.465,0.465,,0.465,0.854,0.527,willijo01
Rick Wilson,22,ATL,NBA,1978-79,61,,589,81,197,81,197,,,24,44,20,56,76,72,30,8,41,66,186,0.411,0.411,,0.411,0.545,0.43,wilsori01
Brian Winters,26,MIL,NBA,1978-79,79,,2575,662,1343,662,1343,,,237,277,48,129,177,383,83,40,257,243,1561,0.493,0.493,,0.493,0.856,0.533,wintebr01
Larry Wright,24,WSB,NBA,1978-79,73,,1658,276,589,276,589,,,125,168,48,92,140,298,69,13,119,166,677,0.469,0.469,,0.469,0.744,0.511,wrighla01
Kareem Abdul-Jabbar,32,LAL,NBA,1979-80,82,,3143,835,1383,835,1382,0,1,364,476,190,696,886,371,81,280,297,216,2034,0.604,0.604,0,0.604,0.765,0.639,abdulka01
Tom Abernethy,25,GSW,NBA,1979-80,67,,1222,153,318,153,317,0,1,56,82,62,129,191,87,35,12,39,118,362,0.481,0.483,0,0.481,0.683,0.511,abernto01
Alvan Adams,25,PHO,NBA,1979-80,75,,2168,465,875,465,873,0,2,188,236,158,451,609,322,108,55,218,237,1118,0.531,0.533,0,0.531,0.797,0.571,adamsal01
Tiny Archibald,31,BOS,NBA,1979-80,80,80,2864,383,794,379,776,4,18,361,435,59,138,197,671,106,10,242,218,1131,0.482,0.488,0.222,0.485,0.83,0.574,architi01
Dennis Awtrey,31,CHI,NBA,1979-80,26,,560,27,60,27,60,0,0,32,50,29,86,115,40,12,15,27,66,86,0.45,0.45,,0.45,0.64,0.524,awtrede01
Gus Bailey,28,WSB,NBA,1979-80,20,,180,16,35,15,34,1,1,5,13,6,22,28,26,7,4,11,18,38,0.457,0.441,1,0.471,0.385,0.467,bailegu01
James Bailey,22,SEA,NBA,1979-80,67,,726,122,271,122,271,0,0,68,101,71,126,197,28,21,54,79,116,312,0.45,0.45,,0.45,0.673,0.495,baileja01
Greg Ballard,25,WSB,NBA,1979-80,82,,2438,545,1101,529,1054,16,47,171,227,240,398,638,159,90,36,133,197,1277,0.495,0.502,0.34,0.502,0.753,0.532,ballagr01
Mike Bantom,28,IND,NBA,1979-80,77,,2330,384,760,383,757,1,3,139,209,192,264,456,279,85,49,189,268,908,0.505,0.506,0.333,0.506,0.665,0.533,bantomi01
Marvin Barnes,27,SDC,NBA,1979-80,20,,287,24,60,24,60,0,0,16,32,34,43,77,18,5,12,18,52,64,0.4,0.4,,0.4,0.5,0.432,barnema01
Rick Barry,35,HOU,NBA,1979-80,72,,1816,325,771,252,550,73,221,143,153,53,183,236,268,80,28,152,182,866,0.422,0.458,0.33,0.469,0.935,0.517,barryri01
Tim Bassett,28,TOT,NBA,1979-80,12,,164,12,34,12,34,0,0,10,15,11,22,33,14,8,0,9,27,34,0.353,0.353,,0.353,0.667,0.419,basseti01
Billy Ray Bates,23,POR,NBA,1979-80,16,,235,72,146,64,127,8,19,28,39,13,16,29,31,14,2,20,26,180,0.493,0.504,0.421,0.521,0.718,0.552,batesbi01
Ron Behagen,29,WSB,NBA,1979-80,6,,64,9,23,9,23,0,0,5,6,6,8,14,7,0,4,4,14,23,0.391,0.391,,0.391,0.833,0.449,behagro01
Kent Benson,25,TOT,NBA,1979-80,73,,1891,299,618,298,613,1,5,99,141,126,327,453,178,73,92,157,246,698,0.484,0.486,0.2,0.485,0.702,0.513,bensoke01
Del Beshore,23,CHI,NBA,1979-80,68,,869,88,250,78,224,10,26,58,87,16,47,63,139,58,5,104,105,244,0.352,0.348,0.385,0.372,0.667,0.423,beshode01
Henry Bibby,30,PHI,NBA,1979-80,82,,2035,251,626,240,574,11,52,226,286,65,143,208,307,62,6,147,161,739,0.401,0.418,0.212,0.41,0.79,0.491,bibbyhe01
Larry Bird,23,BOS,NBA,1979-80,82,82,2955,693,1463,635,1320,58,143,301,360,216,636,852,370,143,53,263,279,1745,0.474,0.481,0.406,0.494,0.836,0.538,birdla01
Otis Birdsong,24,KCK,NBA,1979-80,82,,2885,781,1546,771,1510,10,36,286,412,170,161,331,202,136,22,179,226,1858,0.505,0.511,0.278,0.508,0.694,0.538,birdsot01
Ron Boone,33,TOT,NBA,1979-80,81,,2392,405,915,386,865,19,50,175,196,54,173,227,309,97,3,197,232,1004,0.443,0.446,0.38,0.453,0.893,0.501,boonero01
Lawrence Boston,23,WSB,NBA,1979-80,13,,125,24,52,24,52,0,0,8,13,19,20,39,2,4,2,8,25,56,0.462,0.462,,0.462,0.615,0.485,bostola01
Tom Boswell,26,TOT,NBA,1979-80,79,,2077,346,613,341,603,5,10,206,273,146,296,442,161,29,37,181,270,903,0.564,0.566,0.5,0.569,0.755,0.616,bosweto01
Winford Boynes,22,NJN,NBA,1979-80,64,,1102,221,467,221,463,0,4,104,136,51,82,133,95,59,19,96,132,546,0.473,0.477,0,0.473,0.765,0.518,boynewi01
Alonzo Bradley,26,HOU,NBA,1979-80,22,,96,17,48,16,47,1,1,6,9,2,4,6,3,3,0,8,9,41,0.354,0.34,1,0.365,0.667,0.395,bradlal01
Dudley Bradley,22,IND,NBA,1979-80,82,,2027,275,609,273,604,2,5,136,174,69,154,223,252,211,48,166,194,688,0.452,0.452,0.4,0.453,0.782,0.502,bradldu01
Mike Bratz,24,PHO,NBA,1979-80,82,,1589,269,687,248,601,21,86,141,162,50,117,167,223,93,9,135,165,700,0.392,0.413,0.244,0.407,0.87,0.462,bratzmi01
Jim Brewer,28,POR,NBA,1979-80,67,,1016,90,184,90,179,0,5,14,29,101,156,257,75,42,43,47,129,194,0.489,0.503,0,0.489,0.483,0.493,breweji01
Ron Brewer,24,POR,NBA,1979-80,82,,2815,548,1182,542,1150,6,32,184,219,54,160,214,216,98,48,167,154,1286,0.464,0.471,0.188,0.466,0.84,0.503,brewero01
Junior Bridgeman,26,MIL,NBA,1979-80,81,,2316,594,1243,589,1216,5,27,230,266,104,197,301,237,94,20,172,216,1423,0.478,0.484,0.185,0.48,0.865,0.523,bridgju01
Allan Bristow,28,UTA,NBA,1979-80,82,,2304,377,785,375,778,2,7,197,243,170,342,512,341,88,6,179,211,953,0.48,0.482,0.286,0.482,0.811,0.534,bristal01
Fred Brown,31,SEA,NBA,1979-80,80,,1701,404,843,365,755,39,88,113,135,35,120,155,174,65,17,105,117,960,0.479,0.483,0.443,0.502,0.837,0.532,brownfr01
John Brown,28,TOT,NBA,1979-80,32,,385,37,105,37,105,0,0,38,48,26,45,71,18,3,4,29,70,112,0.352,0.352,,0.352,0.792,0.444,brownjo01
Roger Brown,29,CHI,NBA,1979-80,4,,37,1,3,1,3,0,0,0,0,2,8,10,1,0,3,0,4,2,0.333,0.333,,0.333,,0.333,brownro02
Joe Bryant,25,SDC,NBA,1979-80,81,,2328,294,682,289,648,5,34,161,217,171,345,516,144,102,39,170,258,754,0.431,0.446,0.147,0.435,0.742,0.485,bryanjo01
Quinn Buckner,25,MIL,NBA,1979-80,67,,1690,306,655,304,650,2,5,105,143,69,169,238,383,135,4,149,202,719,0.467,0.468,0.4,0.469,0.734,0.501,bucknqu01
Tom Burleson,27,KCK,NBA,1979-80,37,,272,36,104,36,101,0,3,23,40,23,49,72,20,8,13,25,49,95,0.346,0.356,0,0.346,0.575,0.391,burleto01
Don Buse,29,PHO,NBA,1979-80,81,,2499,261,589,242,510,19,79,85,128,70,163,233,320,132,10,91,111,626,0.443,0.475,0.241,0.459,0.664,0.485,busedo01
Marty Byrnes,23,LAL,NBA,1979-80,32,,194,25,50,25,50,0,0,13,15,9,18,27,13,5,1,22,32,63,0.5,0.5,,0.5,0.867,0.557,byrnema01
Corky Calhoun,29,IND,NBA,1979-80,7,,30,4,9,4,9,0,0,0,2,7,3,10,0,2,0,1,6,8,0.444,0.444,,0.444,0,0.405,calhoco01
Mack Calvin,32,UTA,NBA,1979-80,48,,772,100,227,99,216,1,11,105,117,13,71,84,134,27,0,57,72,306,0.441,0.458,0.091,0.443,0.897,0.549,calvima01
Austin Carr,31,CLE,NBA,1979-80,77,,1595,390,839,388,833,2,6,127,172,81,84,165,150,39,3,108,120,909,0.465,0.466,0.333,0.466,0.738,0.497,carrau01
Kenny Carr,24,TOT,NBA,1979-80,79,,1838,378,768,378,764,0,4,173,263,199,389,588,77,66,52,154,246,929,0.492,0.495,0,0.492,0.658,0.526,carrke01
M.L. Carr,29,BOS,NBA,1979-80,82,7,1994,362,763,350,722,12,41,178,241,106,224,330,156,120,36,143,214,914,0.474,0.485,0.293,0.482,0.739,0.526,carrml01
Bob Carrington,26,SDC,NBA,1979-80,10,,134,15,37,15,35,0,2,6,8,6,7,13,3,4,1,5,18,36,0.405,0.429,0,0.405,0.75,0.444,carribo01
Ron Carter,23,IND,NBA,1979-80,13,,117,15,37,15,37,0,0,2,7,5,14,19,9,2,3,10,19,32,0.405,0.405,,0.405,0.286,0.399,cartero01
Bill Cartwright,22,NYK,NBA,1979-80,82,,3150,665,1215,665,1215,0,0,451,566,194,532,726,165,48,101,222,279,1781,0.547,0.547,,0.547,0.797,0.608,cartwbi01
Harvey Catchings,28,MIL,NBA,1979-80,72,,1366,97,244,97,243,0,1,39,62,164,246,410,82,23,162,68,191,233,0.398,0.399,0,0.398,0.629,0.429,catchha01
Don Chaney,33,BOS,NBA,1979-80,60,0,523,67,189,66,183,1,6,32,42,31,42,73,38,31,11,33,80,167,0.354,0.361,0.167,0.357,0.762,0.402,chanedo01
Maurice Cheeks,23,PHI,NBA,1979-80,79,,2623,357,661,353,652,4,9,180,231,75,199,274,556,183,32,216,197,898,0.54,0.541,0.444,0.543,0.779,0.589,cheekma01
Phil Chenier,29,TOT,NBA,1979-80,43,,850,136,349,131,337,5,12,49,67,19,59,78,89,33,15,55,55,326,0.39,0.389,0.417,0.397,0.731,0.431,cheniph01
Jim Chones,30,LAL,NBA,1979-80,82,,2394,372,760,372,758,0,2,125,169,143,421,564,151,56,65,175,271,869,0.489,0.491,0,0.489,0.74,0.521,choneji01
Jim Cleamons,30,TOT,NBA,1979-80,79,,1789,214,450,207,419,7,31,84,113,53,99,152,288,57,11,109,133,519,0.476,0.494,0.226,0.483,0.743,0.519,cleamji01
Doug Collins,28,PHI,NBA,1979-80,36,,963,191,410,191,409,0,1,113,124,29,65,94,100,30,7,82,76,495,0.466,0.467,0,0.466,0.911,0.533,collido01
Jeff Cook,23,PHO,NBA,1979-80,66,,904,129,275,129,272,0,3,104,129,90,151,241,84,28,18,71,102,362,0.469,0.474,0,0.469,0.806,0.546,cookje01
Michael Cooper,23,LAL,NBA,1979-80,82,,1973,303,578,298,558,5,20,111,143,101,128,229,221,86,38,142,215,722,0.524,0.534,0.25,0.529,0.776,0.563,coopemi01
Wayne Cooper,23,GSW,NBA,1979-80,79,,1781,367,750,366,746,1,4,136,181,202,305,507,42,20,79,140,246,871,0.489,0.491,0.25,0.49,0.751,0.525,coopewa01
Hollis Copeland,24,NYK,NBA,1979-80,75,,1142,182,368,182,366,0,2,63,86,70,86,156,80,61,25,84,154,427,0.495,0.497,0,0.495,0.733,0.526,copelho01
Dave Corzine,23,WSB,NBA,1979-80,78,,826,90,216,90,216,0,0,45,68,104,166,270,63,9,31,60,120,225,0.417,0.417,,0.417,0.662,0.457,corzida01
John Coughran,28,GSW,NBA,1979-80,24,,160,29,81,27,72,2,9,8,14,2,17,19,12,7,1,13,24,68,0.358,0.375,0.222,0.37,0.571,0.39,coughjo01
Dave Cowens,31,BOS,NBA,1979-80,66,55,2159,422,932,421,920,1,12,95,122,126,408,534,206,69,61,108,216,940,0.453,0.458,0.083,0.453,0.779,0.477,cowenda01
Charlie Criss,31,ATL,NBA,1979-80,81,,1794,249,578,248,561,1,17,172,212,27,89,116,246,74,4,130,133,671,0.431,0.442,0.059,0.432,0.811,0.5,crissch01
Terry Crosby,23,KCK,NBA,1979-80,4,,28,2,4,2,4,0,0,2,2,0,1,1,7,0,0,5,4,6,0.5,0.5,,0.5,1,0.615,crosbte01
Pat Cummings,23,MIL,NBA,1979-80,71,,900,187,370,187,370,0,0,94,123,81,157,238,53,22,17,74,141,468,0.505,0.505,,0.505,0.764,0.552,cummipa01
Bob Dandridge,32,WSB,NBA,1979-80,45,,1457,329,729,327,718,2,11,123,152,63,183,246,178,29,36,123,112,783,0.451,0.455,0.182,0.453,0.809,0.492,dandrbo01
Adrian Dantley,23,UTA,NBA,1979-80,68,,2674,730,1267,730,1265,0,2,443,526,183,333,516,191,96,14,233,211,1903,0.576,0.577,0,0.576,0.842,0.635,dantlad01
Brad Davis,24,TOT,NBA,1979-80,18,,268,35,63,35,62,0,1,13,16,4,13,17,50,13,1,14,28,83,0.556,0.565,0,0.556,0.813,0.593,davisbr01
Harry Davis,24,SAS,NBA,1979-80,4,,30,6,12,6,12,0,0,1,2,2,4,6,0,1,0,3,8,13,0.5,0.5,,0.5,0.5,0.505,davisha01
Johnny Davis,24,IND,NBA,1979-80,82,,2912,496,1159,492,1117,4,42,304,352,102,124,226,440,110,23,202,178,1300,0.428,0.44,0.095,0.43,0.864,0.495,davisjo01
Walter Davis,25,PHO,NBA,1979-80,75,,2309,657,1166,657,1162,0,4,299,365,75,197,272,337,114,19,242,202,1613,0.563,0.565,0,0.563,0.819,0.608,daviswa03
Darryl Dawkins,23,PHI,NBA,1979-80,80,,2541,494,946,494,940,0,6,190,291,197,496,693,149,49,142,230,328,1178,0.522,0.526,0,0.522,0.653,0.548,dawkida01
Paul Dawkins,22,UTA,NBA,1979-80,57,,776,141,300,140,295,1,5,33,48,42,83,125,77,33,9,76,112,316,0.47,0.475,0.2,0.472,0.688,0.492,dawkipa01
Greg Deane,22,UTA,NBA,1979-80,7,,48,2,11,1,10,1,1,5,7,2,4,6,6,0,0,3,3,10,0.182,0.1,1,0.227,0.714,0.355,deanegr01
Larry Demic,22,NYK,NBA,1979-80,82,,1872,230,528,230,528,0,0,110,183,195,288,483,64,56,30,168,306,570,0.436,0.436,,0.436,0.601,0.468,demicla01
Coby Dietrick,31,CHI,NBA,1979-80,79,,1830,227,500,226,491,1,9,90,118,101,262,363,216,89,51,112,230,545,0.454,0.46,0.111,0.455,0.763,0.494,dietrco01
Leon Douglas,25,DET,NBA,1979-80,70,,1782,221,455,221,454,0,1,125,185,171,330,501,121,30,62,127,249,567,0.486,0.487,0,0.486,0.676,0.529,douglle01
John Drew,25,ATL,NBA,1979-80,80,,2306,535,1182,535,1175,0,7,489,646,203,268,471,101,91,23,240,313,1559,0.453,0.455,0,0.453,0.757,0.532,drewjo01
Terry Duerod,23,DET,NBA,1979-80,67,,1331,282,598,267,545,15,53,45,66,29,69,98,117,41,11,79,102,624,0.472,0.49,0.283,0.484,0.682,0.498,duerote01
Mike Dunleavy,25,HOU,NBA,1979-80,51,,1036,148,319,145,299,3,20,111,134,26,74,100,210,40,4,110,120,410,0.464,0.485,0.15,0.469,0.828,0.542,dunlemi01
T.R. Dunn,24,POR,NBA,1979-80,82,,1841,240,551,240,548,0,3,84,111,132,192,324,147,102,31,91,145,564,0.436,0.438,0,0.436,0.757,0.47,dunntr01
James Edwards,24,IND,NBA,1979-80,82,,2314,528,1032,528,1031,0,1,231,339,179,399,578,127,55,104,131,324,1287,0.512,0.512,0,0.512,0.681,0.545,edwarja01
Bob Elliott,24,NJN,NBA,1979-80,54,,722,101,228,100,224,1,4,104,152,67,118,185,53,29,14,88,97,307,0.443,0.446,0.25,0.445,0.684,0.521,elliobo01
Bo Ellis,25,DEN,NBA,1979-80,48,,502,61,136,61,133,0,3,40,53,51,65,116,30,10,24,24,67,162,0.449,0.459,0,0.449,0.755,0.508,ellisbo02
Len Elmore,27,KCK,NBA,1979-80,58,,915,104,242,104,242,0,0,51,74,74,183,257,64,41,39,67,154,259,0.43,0.43,,0.43,0.689,0.472,elmorle01
Alex English,26,TOT,NBA,1979-80,78,,2401,553,1113,551,1107,2,6,210,266,269,336,605,224,73,62,214,206,1318,0.497,0.498,0.333,0.498,0.789,0.536,englial01
Julius Erving,29,PHI,NBA,1979-80,78,,2812,838,1614,834,1594,4,20,420,534,215,361,576,355,170,140,284,208,2100,0.519,0.523,0.2,0.52,0.787,0.568,ervinju01
Earl Evans,24,DET,NBA,1979-80,36,,381,63,140,56,122,7,18,24,42,26,49,75,37,14,1,36,64,157,0.45,0.459,0.389,0.475,0.571,0.495,evansea01
Mike Evans,24,SAS,NBA,1979-80,79,,1246,208,464,196,422,12,42,58,85,29,78,107,230,60,9,128,194,486,0.448,0.464,0.286,0.461,0.682,0.485,evansmi01
Eric Fernsten,26,BOS,NBA,1979-80,56,0,431,71,153,71,153,0,0,33,52,40,56,96,28,17,12,20,43,175,0.464,0.464,,0.464,0.635,0.497,fernser01
Chris Ford,31,BOS,NBA,1979-80,73,73,2115,330,709,260,545,70,164,86,114,77,104,181,215,111,27,105,178,816,0.465,0.477,0.427,0.515,0.754,0.537,fordch01
Don Ford,27,TOT,NBA,1979-80,73,,999,131,274,130,271,1,3,45,53,44,141,185,65,22,21,51,131,308,0.478,0.48,0.333,0.48,0.849,0.518,forddo01
Phil Ford,23,KCK,NBA,1979-80,82,,2621,489,1058,485,1035,4,23,346,423,29,143,172,610,136,4,282,208,1328,0.462,0.469,0.174,0.464,0.818,0.534,fordph01
Walt Frazier,34,CLE,NBA,1979-80,3,,27,4,11,4,10,0,1,2,2,1,2,3,8,2,1,4,2,10,0.364,0.4,0,0.364,1,0.421,fraziwa01
World B. Free,26,SDC,NBA,1979-80,68,,2585,737,1556,728,1531,9,25,572,760,129,109,238,283,81,32,228,195,2055,0.474,0.476,0.36,0.477,0.753,0.544,freewo01
Terry Furlow,25,TOT,NBA,1979-80,76,,2122,430,926,406,844,24,82,171,196,70,124,194,293,73,23,163,98,1055,0.464,0.481,0.293,0.477,0.872,0.521,furlote01
Mike Gale,29,SAS,NBA,1979-80,67,,1474,171,377,169,364,2,13,97,120,34,118,152,312,123,13,115,134,441,0.454,0.464,0.154,0.456,0.808,0.513,galemi01
Gary Garland,22,DEN,NBA,1979-80,78,,1106,155,356,149,337,6,19,18,26,50,88,138,145,54,4,73,80,334,0.435,0.442,0.316,0.444,0.692,0.454,garlaga01
Gus Gerard,26,KCK,NBA,1979-80,73,,869,159,348,158,345,1,3,66,100,77,100,177,43,41,26,49,96,385,0.457,0.458,0.333,0.458,0.66,0.491,gerargu01
George Gervin,27,SAS,NBA,1979-80,78,,2934,1024,1940,992,1838,32,102,505,593,154,249,403,202,110,79,254,208,2585,0.528,0.54,0.314,0.536,0.852,0.587,gervige01
John Gianelli,29,UTA,NBA,1979-80,17,,285,23,66,23,66,0,0,9,16,14,48,62,17,6,7,22,26,55,0.348,0.348,,0.348,0.563,0.377,gianejo01
Artis Gilmore,30,CHI,NBA,1979-80,48,,1568,305,513,305,513,0,0,245,344,108,324,432,133,29,59,133,167,855,0.595,0.595,,0.595,0.712,0.643,gilmoar01
Jack Givens,23,ATL,NBA,1979-80,82,,1254,182,473,182,471,0,2,106,128,114,128,242,59,51,19,59,132,470,0.385,0.386,0,0.385,0.828,0.444,givenja01
Mike Glenn,24,NYK,NBA,1979-80,75,,800,188,364,186,354,2,10,63,73,21,45,66,85,35,7,38,79,441,0.516,0.525,0.2,0.519,0.863,0.557,glennmi01
Glen Gondrezick,24,DEN,NBA,1979-80,59,,1020,148,286,146,280,2,6,92,121,107,152,259,81,68,16,58,119,390,0.517,0.521,0.333,0.521,0.76,0.575,gondrgl01
Mike Green,28,KCK,NBA,1979-80,21,,459,69,159,69,157,0,2,24,42,35,78,113,28,13,21,36,55,162,0.434,0.439,0,0.434,0.571,0.456,greenmi01
Dave Greenwood,22,CHI,NBA,1979-80,82,,2791,498,1051,497,1044,1,7,337,416,223,550,773,182,60,129,210,313,1334,0.474,0.476,0.143,0.474,0.81,0.541,greenda01
Kevin Grevey,26,WSB,NBA,1979-80,65,,1818,331,804,297,712,34,92,216,249,80,107,187,177,56,16,102,158,912,0.412,0.417,0.37,0.433,0.867,0.499,greveke01
Paul Griffin,26,SAS,NBA,1979-80,82,,1812,173,313,173,313,0,0,174,240,154,284,438,250,81,53,131,306,520,0.553,0.553,,0.553,0.725,0.621,griffpa01
Bob Gross,26,POR,NBA,1979-80,62,,1581,221,472,220,462,1,10,95,114,84,165,249,228,60,47,166,179,538,0.468,0.476,0.1,0.469,0.833,0.515,grossbo01
Ernie Grunfeld,24,KCK,NBA,1979-80,80,,1397,186,420,185,418,1,2,101,131,87,145,232,109,56,9,81,151,474,0.443,0.443,0.5,0.444,0.771,0.496,grunfer01
Roy Hamilton,22,DET,NBA,1979-80,72,,1116,115,287,115,285,0,2,103,150,45,62,107,192,48,5,118,82,333,0.401,0.404,0,0.401,0.687,0.472,hamilro01
James Hardy,23,UTA,NBA,1979-80,76,,1600,184,363,183,361,1,2,51,66,124,275,399,104,47,87,105,207,420,0.507,0.507,0.5,0.508,0.773,0.536,hardyja01
Joe Hassett,24,IND,NBA,1979-80,74,,1135,215,509,146,311,69,198,24,29,35,59,94,104,46,8,45,85,523,0.422,0.469,0.348,0.49,0.828,0.501,hassejo01
Steve Hawes,29,ATL,NBA,1979-80,82,,1853,304,605,301,597,3,8,150,182,148,348,496,144,74,29,121,205,761,0.502,0.504,0.375,0.505,0.824,0.555,hawesst01
Elvin Hayes,34,WSB,NBA,1979-80,81,,3183,761,1677,758,1664,3,13,334,478,269,627,896,129,62,189,215,309,1859,0.454,0.456,0.231,0.455,0.699,0.492,hayesel01
Spencer Haywood,30,LAL,NBA,1979-80,76,,1544,288,591,287,587,1,4,159,206,132,214,346,93,35,57,134,197,736,0.487,0.489,0.25,0.488,0.772,0.54,haywosp01
Gar Heard,31,PHO,NBA,1979-80,82,,1403,171,410,171,408,0,2,64,86,118,262,380,97,84,49,88,177,406,0.417,0.419,0,0.417,0.744,0.453,heardga01
Gerald Henderson,24,BOS,NBA,1979-80,76,2,1061,191,382,189,376,2,6,89,129,37,46,83,147,45,15,109,96,473,0.5,0.503,0.333,0.503,0.69,0.539,hendege01
Tom Henderson,28,HOU,NBA,1979-80,66,,1551,154,323,154,321,0,2,56,77,34,77,111,274,55,4,102,107,364,0.477,0.48,0,0.477,0.727,0.51,hendeto01
Johnny High,22,PHO,NBA,1979-80,82,,1121,144,323,143,316,1,7,120,178,69,104,173,119,71,15,123,172,409,0.446,0.453,0.143,0.447,0.674,0.51,highjo01
Armond Hill,26,ATL,NBA,1979-80,79,,2092,177,431,176,427,1,4,124,146,31,107,138,424,107,8,171,261,479,0.411,0.412,0.25,0.412,0.849,0.484,hillar01
Darnell Hillman,30,GSW,NBA,1979-80,49,,708,82,179,82,179,0,0,34,68,59,121,180,47,21,24,59,128,198,0.458,0.458,,0.458,0.5,0.474,hillmda01
Brad Holland,23,LAL,NBA,1979-80,38,,197,44,104,41,89,3,15,15,16,4,13,17,22,15,1,13,24,106,0.423,0.461,0.2,0.438,0.938,0.477,hollabr01
Lionel Hollins,26,TOT,NBA,1979-80,47,,1209,212,526,209,506,3,20,101,140,29,60,89,162,76,10,128,103,528,0.403,0.413,0.15,0.406,0.721,0.449,hollili01
Phil Hubbard,23,DET,NBA,1979-80,64,,1189,210,451,210,449,0,2,165,220,114,206,320,70,48,10,120,202,585,0.466,0.468,0,0.466,0.75,0.534,hubbaph01
Kim Hughes,27,DEN,NBA,1979-80,70,,1208,102,202,102,202,0,0,15,41,125,201,326,74,66,77,50,184,219,0.505,0.505,,0.505,0.366,0.498,hugheki01
Geoff Huston,22,NYK,NBA,1979-80,71,,923,94,241,91,224,3,17,28,38,14,44,58,159,39,5,73,83,219,0.39,0.406,0.176,0.396,0.737,0.425,hustoge01
Dan Issel,31,DEN,NBA,1979-80,82,,2938,715,1416,711,1404,4,12,517,667,236,483,719,198,88,54,163,190,1951,0.505,0.506,0.333,0.506,0.775,0.571,isselda01
Phil Jackson,34,NJN,NBA,1979-80,16,,194,29,46,29,44,0,2,7,10,12,12,24,12,5,4,9,35,65,0.63,0.659,0,0.63,0.7,0.645,jacksph01
Abdul Jeelani,25,POR,NBA,1979-80,77,,1286,288,565,288,559,0,6,161,204,114,156,270,95,40,40,117,155,737,0.51,0.515,0,0.51,0.789,0.563,jeelaab01
Cheese Johnson,22,GSW,NBA,1979-80,9,,53,12,30,12,30,0,0,3,5,6,8,14,2,1,0,4,11,27,0.4,0.4,,0.4,0.6,0.419,johnsch02
Clemon Johnson,23,IND,NBA,1979-80,79,,1541,199,396,199,396,0,0,74,117,145,249,394,115,48,121,78,211,472,0.503,0.503,,0.503,0.632,0.527,johnscl01
Dennis Johnson,25,SEA,NBA,1979-80,81,,2937,574,1361,562,1303,12,58,380,487,173,241,414,332,144,82,227,267,1540,0.422,0.431,0.207,0.426,0.78,0.489,johnsde01
Eddie Johnson,24,ATL,NBA,1979-80,79,,2622,590,1212,585,1199,5,13,280,338,95,105,200,370,120,24,189,216,1465,0.487,0.488,0.385,0.489,0.828,0.538,johnsed02
George Johnson,31,NJN,NBA,1979-80,81,,2119,248,543,248,542,0,1,89,126,192,410,602,173,53,258,199,312,585,0.457,0.458,0,0.457,0.706,0.489,johnsge02
George Johnson,23,DEN,NBA,1979-80,75,,1938,309,649,307,640,2,9,148,189,190,394,584,157,84,67,148,260,768,0.476,0.48,0.222,0.478,0.783,0.524,johnsge03
John Johnson,32,SEA,NBA,1979-80,81,,2533,377,772,377,772,0,0,161,201,163,263,426,424,76,35,247,213,915,0.488,0.488,,0.488,0.801,0.532,johnsjo01
Magic Johnson,20,LAL,NBA,1979-80,77,,2795,503,949,496,918,7,31,374,462,166,430,596,563,187,41,305,218,1387,0.53,0.54,0.226,0.534,0.81,0.602,johnsma02
Marques Johnson,23,MIL,NBA,1979-80,77,,2686,689,1267,687,1258,2,9,291,368,217,349,566,273,100,70,185,173,1671,0.544,0.546,0.222,0.545,0.791,0.585,johnsma01
Mickey Johnson,27,IND,NBA,1979-80,82,,2647,588,1271,583,1239,5,32,385,482,258,423,681,344,153,112,286,291,1566,0.463,0.471,0.156,0.465,0.799,0.528,johnsmi01
Ollie Johnson,30,CHI,NBA,1979-80,79,,1535,262,527,261,516,1,11,82,93,50,113,163,161,59,24,96,165,607,0.497,0.506,0.091,0.498,0.882,0.534,johnsol01
Vinnie Johnson,23,SEA,NBA,1979-80,38,,325,45,115,45,114,0,1,31,39,19,36,55,54,19,4,42,40,121,0.391,0.395,0,0.391,0.795,0.458,johnsvi01
Bobby Jones,28,PHI,NBA,1979-80,81,,2125,398,748,398,745,0,3,257,329,152,298,450,146,102,118,146,223,1053,0.532,0.534,0,0.532,0.781,0.59,jonesbo01
Caldwell Jones,29,PHI,NBA,1979-80,80,,2771,232,532,232,530,0,2,124,178,219,731,950,164,43,162,218,298,588,0.436,0.438,0,0.436,0.697,0.482,jonesca01
Dwight Jones,27,TOT,NBA,1979-80,74,,1448,257,506,257,506,0,0,146,201,114,254,368,101,28,42,122,207,660,0.508,0.508,,0.508,0.726,0.555,jonesdw01
Major Jones,26,HOU,NBA,1979-80,82,,1545,188,392,187,389,1,3,61,108,147,234,381,67,50,67,112,186,438,0.48,0.481,0.333,0.481,0.565,0.498,jonesma01
Eddie Jordan,25,NJN,NBA,1979-80,82,,2657,437,1017,425,969,12,48,201,258,62,208,270,557,223,27,258,238,1087,0.43,0.439,0.25,0.436,0.779,0.481,jordaed01
Jeff Judkins,23,BOS,NBA,1979-80,65,0,674,139,276,128,249,11,27,62,76,32,34,66,47,29,5,49,91,351,0.504,0.514,0.407,0.524,0.816,0.567,judkije01
Rich Kelley,26,TOT,NBA,1979-80,80,,1839,229,484,229,481,0,3,244,310,200,315,515,178,78,96,198,273,702,0.473,0.476,0,0.473,0.787,0.566,kelleri01
Greg Kelser,22,DET,NBA,1979-80,50,,1233,280,593,277,578,3,15,146,203,124,152,276,108,60,34,140,176,709,0.472,0.479,0.2,0.475,0.719,0.52,kelsegr01
Larry Kenon,27,SAS,NBA,1979-80,78,,2798,647,1333,646,1324,1,9,270,345,258,517,775,231,111,18,232,192,1565,0.485,0.488,0.111,0.486,0.783,0.527,kenonla01
Irv Kiffin,28,SAS,NBA,1979-80,26,,212,32,96,32,96,0,0,18,25,12,28,40,19,10,2,30,43,82,0.333,0.333,,0.333,0.72,0.383,kiffiir01
Carl Kilpatrick,23,UTA,NBA,1979-80,2,,6,1,2,1,2,0,0,1,2,1,3,4,0,0,0,0,1,3,0.5,0.5,,0.5,0.5,0.521,kilpaca01
Bernard King,23,UTA,NBA,1979-80,19,,419,71,137,71,137,0,0,34,63,24,64,88,52,7,4,50,66,176,0.518,0.518,,0.518,0.54,0.534,kingbe01
Reggie King,22,KCK,NBA,1979-80,82,,2052,257,499,257,498,0,1,159,219,184,382,566,106,69,31,100,230,673,0.515,0.516,0,0.515,0.726,0.565,kingre01
Billy Knight,27,IND,NBA,1979-80,75,,1910,385,722,381,707,4,15,212,262,136,225,361,155,82,9,132,96,986,0.533,0.539,0.267,0.536,0.809,0.589,knighbi01
Toby Knight,24,NYK,NBA,1979-80,81,,2945,669,1265,669,1263,0,2,211,261,201,292,493,150,117,86,163,302,1549,0.529,0.53,0,0.529,0.808,0.561,knighto01
Arvid Kramer,23,DEN,NBA,1979-80,8,,45,7,22,7,22,0,0,2,2,6,6,12,3,0,5,5,8,16,0.318,0.318,,0.318,1,0.35,kramear01
Joel Kramer,24,PHO,NBA,1979-80,54,,711,67,143,67,142,0,1,56,70,49,102,151,75,26,5,51,104,190,0.469,0.472,0,0.469,0.8,0.547,kramejo01
John Kuester,24,IND,NBA,1979-80,24,,100,12,34,12,33,0,1,5,7,3,11,14,16,7,1,5,8,29,0.353,0.364,0,0.353,0.714,0.391,kuestjo01
Kevin Kunnert,28,POR,NBA,1979-80,18,,302,50,114,50,114,0,0,26,43,37,75,112,29,7,22,41,59,126,0.439,0.439,,0.439,0.605,0.474,kunneke01
Mitch Kupchak,25,WSB,NBA,1979-80,40,,451,67,160,67,158,0,2,52,75,32,73,105,16,8,8,40,49,186,0.419,0.424,0,0.419,0.693,0.482,kupchmi01
Sam Lacey,31,KCK,NBA,1979-80,81,,2412,303,677,303,676,0,1,137,185,172,473,645,460,111,109,211,307,743,0.448,0.448,0,0.448,0.741,0.49,laceysa01
Tom LaGarde,24,SEA,NBA,1979-80,82,,1164,146,306,146,306,0,0,90,137,127,185,312,91,19,34,97,206,382,0.477,0.477,,0.477,0.657,0.521,lagarto01
John Lambert,27,CLE,NBA,1979-80,74,,1324,165,400,165,397,0,3,73,101,138,214,352,56,47,42,64,203,403,0.413,0.416,0,0.413,0.723,0.453,lambejo01
Mark Landsberger,24,TOT,NBA,1979-80,77,,1510,249,483,249,483,0,0,116,222,226,387,613,46,33,22,100,140,614,0.516,0.516,,0.516,0.523,0.529,landsma01
Bob Lanier,31,TOT,NBA,1979-80,63,,2131,466,867,465,861,1,6,277,354,152,400,552,184,74,89,162,200,1210,0.537,0.54,0.167,0.538,0.782,0.592,laniebo01
Allen Leavell,22,HOU,NBA,1979-80,77,,2123,330,656,327,637,3,19,180,221,57,127,184,417,127,28,205,197,843,0.503,0.513,0.158,0.505,0.814,0.56,leaveal01
Butch Lee,23,TOT,NBA,1979-80,14,,55,6,24,6,24,0,0,6,8,7,4,11,12,1,0,10,2,18,0.25,0.25,,0.25,0.75,0.327,leebu01
Ron Lee,27,TOT,NBA,1979-80,61,,1167,113,305,91,246,22,59,44,70,40,83,123,241,99,17,101,172,292,0.37,0.37,0.373,0.407,0.629,0.435,leero01
John Long,23,DET,NBA,1979-80,69,,2364,588,1164,587,1152,1,12,160,194,152,185,337,206,129,26,206,221,1337,0.505,0.51,0.083,0.506,0.825,0.535,longjo01
John Lucas,26,GSW,NBA,1979-80,80,,2763,388,830,376,788,12,42,222,289,61,159,220,602,138,3,184,196,1010,0.467,0.477,0.286,0.475,0.768,0.528,lucasjo01
Maurice Lucas,27,TOT,NBA,1979-80,63,,1884,371,813,369,804,2,9,179,239,143,394,537,208,42,62,218,223,923,0.456,0.459,0.222,0.458,0.749,0.503,lucasma01
Ollie Mack,22,TOT,NBA,1979-80,50,,681,98,199,98,194,0,5,38,51,32,39,71,53,24,3,35,50,234,0.492,0.505,0,0.492,0.745,0.528,mackol01
Moses Malone,24,HOU,NBA,1979-80,82,,3140,778,1549,778,1543,0,6,563,783,573,617,1190,147,80,107,300,210,2119,0.502,0.504,0,0.502,0.719,0.56,malonmo01
Steve Malovic,23,TOT,NBA,1979-80,39,,445,31,67,31,67,0,0,18,27,36,50,86,26,8,6,23,51,80,0.463,0.463,,0.463,0.667,0.507,malovst01
Pete Maravich,32,TOT,NBA,1979-80,43,4,964,244,543,234,528,10,15,91,105,17,61,78,83,24,6,82,79,589,0.449,0.443,0.667,0.459,0.867,0.5,maravpe01
Cedric Maxwell,24,BOS,NBA,1979-80,80,80,2744,457,750,457,750,0,0,436,554,284,420,704,199,76,61,230,266,1350,0.609,0.609,,0.609,0.787,0.679,maxwece01
Scott May,25,CHI,NBA,1979-80,54,,1298,264,587,264,583,0,4,144,172,78,140,218,104,45,5,77,126,672,0.45,0.453,0,0.45,0.837,0.507,maysc01
Bob McAdoo,28,DET,NBA,1979-80,58,,2097,492,1025,489,1001,3,24,235,322,100,367,467,200,73,65,238,178,1222,0.48,0.489,0.125,0.481,0.73,0.524,mcadobo01
Jim McElroy,26,TOT,NBA,1979-80,67,,1528,228,527,223,506,5,21,132,172,32,67,99,227,46,19,131,123,593,0.433,0.441,0.238,0.437,0.767,0.492,mcelrji01
George McGinnis,29,TOT,NBA,1979-80,73,,2208,400,886,398,871,2,15,270,488,222,477,699,333,101,23,281,303,1072,0.451,0.457,0.133,0.453,0.553,0.487,mcginge01
Billy McKinney,24,KCK,NBA,1979-80,76,,1333,206,459,205,449,1,10,107,133,20,66,86,248,58,5,89,87,520,0.449,0.457,0.1,0.45,0.805,0.502,mckinbi01
Tom McMillen,27,ATL,NBA,1979-80,53,,1071,191,382,191,381,0,1,81,107,70,150,220,62,36,14,64,126,463,0.5,0.501,0,0.5,0.757,0.54,mcmilto01
John Mengelt,30,CHI,NBA,1979-80,36,,387,90,166,90,160,0,6,39,49,3,20,23,38,10,0,36,54,219,0.542,0.563,0,0.542,0.796,0.584,mengejo01
Joe Meriweather,26,NYK,NBA,1979-80,65,,1565,252,477,252,476,0,1,78,121,122,228,350,66,37,120,112,239,582,0.528,0.529,0,0.528,0.645,0.549,meriwjo01
Dave Meyers,26,MIL,NBA,1979-80,79,,2204,399,830,398,825,1,5,156,246,140,308,448,225,72,40,182,218,955,0.481,0.482,0.2,0.481,0.634,0.509,meyerda01
Mike Mitchell,24,CLE,NBA,1979-80,82,,2802,775,1482,775,1476,0,6,270,343,206,385,591,93,70,77,172,259,1820,0.523,0.525,0,0.523,0.787,0.557,mitchmi01
Steve Mix,32,PHI,NBA,1979-80,81,,1543,363,703,359,693,4,10,207,249,114,176,290,149,67,9,132,114,937,0.516,0.518,0.4,0.519,0.831,0.577,mixst01
Paul Mokeski,23,HOU,NBA,1979-80,12,,113,11,33,11,33,0,0,7,9,14,15,29,2,1,6,10,24,29,0.333,0.333,,0.333,0.778,0.392,mokespa01
Sidney Moncrief,22,MIL,NBA,1979-80,77,,1557,211,451,211,450,0,1,232,292,154,184,338,133,72,16,117,106,654,0.468,0.469,0,0.468,0.795,0.564,moncrsi01
Eric Money,24,TOT,NBA,1979-80,61,,1549,273,546,273,546,0,0,83,106,31,73,104,254,53,11,155,146,629,0.5,0.5,,0.5,0.783,0.531,moneyer01
Earl Monroe,35,NYK,NBA,1979-80,51,,633,161,352,161,352,0,0,56,64,16,20,36,67,21,3,28,46,378,0.457,0.457,,0.457,0.875,0.497,monroea01
Calvin Murphy,31,HOU,NBA,1979-80,76,,2676,624,1267,623,1242,1,25,271,302,68,82,150,299,143,9,162,269,1520,0.493,0.502,0.04,0.493,0.897,0.543,murphca01
Swen Nater,30,SDC,NBA,1979-80,81,,2860,443,799,443,797,0,2,196,273,352,864,1216,233,45,37,257,259,1082,0.554,0.556,0,0.554,0.718,0.589,natersw01
Calvin Natt,23,TOT,NBA,1979-80,78,,2857,622,1298,619,1289,3,9,306,419,239,452,691,169,102,34,198,205,1553,0.479,0.48,0.333,0.48,0.73,0.524,nattca01
Mike Newlin,31,NJN,NBA,1979-80,78,,2510,611,1329,566,1177,45,152,367,415,101,163,264,314,115,4,231,195,1634,0.46,0.481,0.296,0.477,0.884,0.54,newlimi01
Norm Nixon,24,LAL,NBA,1979-80,82,,3226,624,1209,623,1201,1,8,197,253,52,177,229,642,147,14,288,241,1446,0.516,0.519,0.125,0.517,0.779,0.548,nixonno01
Sylvester Norris,22,SAS,NBA,1979-80,17,,189,18,43,18,43,0,0,4,6,10,33,43,6,3,12,19,41,40,0.419,0.419,,0.419,0.667,0.438,norrisy01
Mark Olberding,23,SAS,NBA,1979-80,75,,2111,291,609,291,606,0,3,210,264,83,335,418,327,67,22,180,274,792,0.478,0.48,0,0.478,0.795,0.546,olberma01
John Olive,24,SDC,NBA,1979-80,1,,15,0,2,0,2,0,0,0,0,0,1,1,0,0,0,2,2,0,0,0,,0,,0,olivejo01
Tom Owens,30,POR,NBA,1979-80,76,,2337,518,1008,517,1006,1,2,213,283,189,384,573,194,45,53,174,270,1250,0.514,0.514,0.5,0.514,0.753,0.552,owensto01
Robert Parish,26,GSW,NBA,1979-80,72,,2119,510,1006,510,1005,0,1,203,284,247,536,783,122,58,115,225,248,1223,0.507,0.507,0,0.507,0.715,0.541,parisro01
Sonny Parker,24,GSW,NBA,1979-80,82,,2849,483,988,483,986,0,2,237,302,166,298,464,254,173,32,163,195,1203,0.489,0.49,0,0.489,0.785,0.537,parkeso01
Billy Paultz,31,TOT,NBA,1979-80,84,,2193,327,673,327,672,0,1,109,182,187,399,586,188,69,84,115,213,763,0.486,0.487,0,0.486,0.599,0.507,paultbi01
Jim Paxson,22,POR,NBA,1979-80,72,,1270,189,460,188,438,1,22,64,90,25,84,109,144,48,5,93,97,443,0.411,0.429,0.045,0.412,0.711,0.443,paxsoji02
Wiley Peck,22,SAS,NBA,1979-80,52,,628,73,169,73,167,0,2,34,55,66,117,183,33,17,23,48,100,180,0.432,0.437,0,0.432,0.618,0.466,peckwi01
Sam Pellom,28,ATL,NBA,1979-80,44,,373,44,108,44,108,0,0,21,30,28,64,92,18,12,12,18,70,109,0.407,0.407,,0.407,0.7,0.45,pellosa01
Roger Phegley,23,TOT,NBA,1979-80,78,,1512,350,733,346,724,4,9,177,203,75,110,185,102,34,7,119,158,881,0.477,0.478,0.444,0.48,0.872,0.536,pheglro01
Stan Pietkiewicz,23,SDC,NBA,1979-80,50,,577,91,179,82,143,9,36,37,46,26,19,45,94,25,4,51,52,228,0.508,0.573,0.25,0.534,0.804,0.572,pietkst01
Ben Poquette,24,UTA,NBA,1979-80,82,,2349,296,566,296,564,0,2,139,167,124,436,560,131,45,162,103,283,731,0.523,0.525,0,0.523,0.832,0.572,poquebe01
Kevin Porter,29,WSB,NBA,1979-80,70,,1494,201,438,201,434,0,4,110,137,25,57,82,457,59,11,164,180,512,0.459,0.463,0,0.459,0.803,0.514,porteke01
Clifford Ray,31,GSW,NBA,1979-80,81,,1683,203,383,203,381,0,2,84,149,122,344,466,183,51,32,155,266,490,0.53,0.533,0,0.53,0.564,0.546,raycl01
Marlon Redmond,24,KCK,NBA,1979-80,24,,298,59,138,59,129,0,9,24,34,18,34,52,19,4,9,19,27,142,0.428,0.457,0,0.428,0.706,0.464,redmoma01
Robert Reid,24,HOU,NBA,1979-80,76,,2304,419,861,419,858,0,3,153,208,140,301,441,244,132,57,164,281,991,0.487,0.488,0,0.487,0.736,0.52,reidro01
Kevin Restani,28,SAS,NBA,1979-80,82,,1966,369,727,364,698,5,29,131,161,142,244,386,189,54,12,129,186,874,0.508,0.521,0.172,0.511,0.814,0.548,restake01
Clint Richardson,23,PHI,NBA,1979-80,52,,988,159,348,158,345,1,3,28,45,55,68,123,107,24,15,64,97,347,0.457,0.458,0.333,0.458,0.622,0.472,richacl01
Micheal Ray Richardson,24,NYK,NBA,1979-80,82,,3060,502,1063,475,953,27,110,223,338,151,388,539,832,265,35,359,260,1254,0.472,0.498,0.245,0.485,0.66,0.517,richami01
Anthony Roberts,24,DEN,NBA,1979-80,23,,486,69,181,69,180,0,1,39,60,54,55,109,20,13,3,28,52,177,0.381,0.383,0,0.381,0.65,0.427,roberan01
Rick Robey,24,BOS,NBA,1979-80,82,27,1918,379,727,379,726,0,1,184,269,209,321,530,92,53,15,151,244,942,0.521,0.522,0,0.521,0.684,0.557,robeyri01
Cliff Robinson,19,NJN,NBA,1979-80,70,,1661,391,833,390,829,1,4,168,242,174,332,506,98,61,34,137,178,951,0.469,0.47,0.25,0.47,0.694,0.506,robincl01
Jackie Robinson,24,DET,NBA,1979-80,7,,51,9,17,9,16,0,1,9,11,3,2,5,0,3,3,2,8,27,0.529,0.563,0,0.529,0.818,0.618,robinja01
Truck Robinson,28,PHO,NBA,1979-80,82,,2710,545,1064,545,1064,0,0,325,487,213,557,770,142,58,59,251,262,1415,0.512,0.512,,0.512,0.667,0.553,robintr01
Bill Robinzine,27,KCK,NBA,1979-80,81,,1917,362,723,361,721,1,2,200,274,184,342,526,62,106,23,148,311,925,0.501,0.501,0.5,0.501,0.73,0.548,robinbi01
Dave Robisch,30,CLE,NBA,1979-80,82,,2670,489,940,489,937,0,3,277,329,225,433,658,192,53,53,138,211,1255,0.52,0.522,0,0.52,0.842,0.578,robisda01
John Roche,30,DEN,NBA,1979-80,82,,2286,354,741,305,612,49,129,175,202,24,91,115,405,82,12,159,139,932,0.478,0.498,0.38,0.511,0.866,0.562,rochejo01
Tree Rollins,24,ATL,NBA,1979-80,82,,2123,287,514,287,514,0,0,157,220,283,491,774,76,54,244,99,322,731,0.558,0.558,,0.558,0.714,0.598,rollitr01
Dan Roundfield,26,ATL,NBA,1979-80,81,,2588,502,1007,502,1003,0,4,330,465,293,544,837,184,101,139,233,317,1334,0.499,0.5,0,0.499,0.71,0.551,roundda01
Campy Russell,28,CLE,NBA,1979-80,41,,1331,284,630,283,621,1,9,178,239,76,149,225,173,72,20,148,113,747,0.451,0.456,0.111,0.452,0.745,0.508,russeca02
Alvin Scott,24,PHO,NBA,1979-80,79,,1303,127,301,126,298,1,3,95,122,89,139,228,98,47,53,92,101,350,0.422,0.423,0.333,0.424,0.779,0.493,scottal01
Charlie Scott,31,DEN,NBA,1979-80,69,,1860,276,688,274,677,2,11,85,118,51,115,166,250,47,23,163,197,639,0.401,0.405,0.182,0.403,0.72,0.432,scottch01
Lonnie Shelton,24,SEA,NBA,1979-80,76,,2243,425,802,424,797,1,5,184,241,199,383,582,145,92,79,169,292,1035,0.53,0.532,0.2,0.531,0.763,0.57,sheltlo01
Purvis Short,22,GSW,NBA,1979-80,62,,1636,461,916,461,910,0,6,134,165,119,197,316,123,63,9,122,186,1056,0.503,0.507,0,0.503,0.812,0.534,shortpu01
John Shumate,27,TOT,NBA,1979-80,65,,1337,207,392,207,391,0,1,165,216,108,255,363,84,40,45,91,126,579,0.528,0.529,0,0.528,0.764,0.594,shumajo01
Jack Sikma,24,SEA,NBA,1979-80,82,,2793,470,989,470,988,0,1,235,292,198,710,908,279,68,77,202,232,1175,0.475,0.476,0,0.475,0.805,0.526,sikmaja01
James Silas,30,SAS,NBA,1979-80,77,,2293,513,999,513,995,0,4,339,382,45,122,167,347,61,14,192,206,1365,0.514,0.516,0,0.514,0.887,0.585,silasja01
Paul Silas,36,SEA,NBA,1979-80,82,,1595,113,299,113,299,0,0,89,136,204,232,436,66,25,5,83,120,315,0.378,0.378,,0.378,0.654,0.439,silaspa01
Ralph Simpson,30,NJN,NBA,1979-80,8,,81,18,47,18,45,0,2,5,10,6,5,11,14,9,0,12,3,41,0.383,0.4,0,0.383,0.5,0.399,simpsra01
Al Skinner,27,PHI,NBA,1979-80,2,,10,1,2,1,2,0,0,0,0,0,0,0,2,0,0,2,1,2,0.5,0.5,,0.5,,0.5,skinnal01
Bingo Smith,33,TOT,NBA,1979-80,78,,2123,385,891,362,810,23,81,100,115,94,165,259,100,62,17,81,209,893,0.432,0.447,0.284,0.445,0.87,0.474,smithbi02
Phil Smith,27,GSW,NBA,1979-80,51,,1552,325,685,318,663,7,22,135,171,28,118,146,187,62,15,121,154,792,0.474,0.48,0.318,0.48,0.789,0.521,smithph01
Randy Smith,31,CLE,NBA,1979-80,82,,2677,599,1326,589,1273,10,53,233,283,93,163,256,363,125,7,200,190,1441,0.452,0.463,0.189,0.456,0.823,0.497,smithra01
Robert Smith,24,TOT,NBA,1979-80,65,,809,118,269,110,243,8,26,80,92,20,59,79,92,26,4,53,105,324,0.439,0.453,0.308,0.454,0.87,0.523,smithro01
Sam Smith,25,CHI,NBA,1979-80,30,,496,97,230,89,195,8,35,57,63,22,32,54,42,25,7,33,54,259,0.422,0.456,0.229,0.439,0.905,0.502,smithsa02
Willie Smith,26,CLE,NBA,1979-80,62,,1051,121,315,104,244,17,71,40,52,56,65,121,259,75,1,95,110,299,0.384,0.426,0.239,0.411,0.769,0.442,smithwi02
Ricky Sobers,27,CHI,NBA,1979-80,82,,2673,470,1002,449,934,21,68,200,239,75,167,242,426,136,17,282,294,1161,0.469,0.481,0.309,0.48,0.837,0.524,soberri01
Jim Spanarkel,22,PHI,NBA,1979-80,40,,442,72,153,72,151,0,2,54,65,27,27,54,51,12,6,57,58,198,0.471,0.477,0,0.471,0.831,0.545,spanaji01
Larry Steele,30,POR,NBA,1979-80,16,,446,62,146,62,142,0,4,22,27,13,32,45,67,25,1,33,53,146,0.425,0.437,0,0.425,0.815,0.462,steella01
Earl Tatum,26,CLE,NBA,1979-80,33,,225,36,94,34,88,2,6,11,19,11,15,26,20,16,5,17,29,85,0.383,0.386,0.333,0.394,0.579,0.415,tatumea01
Brian Taylor,28,SDC,NBA,1979-80,78,,2754,418,895,328,656,90,239,130,162,76,112,188,335,147,25,141,246,1056,0.467,0.5,0.377,0.517,0.802,0.546,taylobr01
Reggie Theus,22,CHI,NBA,1979-80,82,,3029,566,1172,538,1067,28,105,500,597,143,186,329,515,114,20,348,262,1660,0.483,0.504,0.267,0.495,0.838,0.579,theusre01
David Thompson,25,DEN,NBA,1979-80,39,,1239,289,617,282,598,7,19,254,335,56,118,174,124,39,38,116,106,839,0.468,0.472,0.368,0.474,0.758,0.549,thompda01
Rudy Tomjanovich,31,HOU,NBA,1979-80,62,,1834,370,778,348,699,22,79,118,147,132,226,358,109,32,10,98,161,880,0.476,0.498,0.278,0.49,0.803,0.522,tomjaru01
Bernard Toone,23,PHI,NBA,1979-80,23,,124,23,64,22,57,1,7,8,10,12,22,34,12,4,5,16,20,55,0.359,0.386,0.143,0.367,0.8,0.402,toonebe01
Raymond Townsend,24,GSW,NBA,1979-80,75,,1159,171,421,167,395,4,26,60,84,33,56,89,116,60,4,65,113,406,0.406,0.423,0.154,0.411,0.714,0.443,townsra01
Dave Twardzik,29,POR,NBA,1979-80,67,,1594,183,394,179,387,4,7,197,252,52,104,156,273,77,1,131,149,567,0.464,0.463,0.571,0.47,0.782,0.562,twardda01
Terry Tyler,23,DET,NBA,1979-80,82,,2670,430,925,428,913,2,12,143,187,228,399,627,129,107,220,175,237,1005,0.465,0.469,0.167,0.466,0.765,0.499,tylerte01
Wes Unseld,33,WSB,NBA,1979-80,82,,2973,327,637,326,635,1,2,139,209,334,760,1094,366,65,61,153,249,794,0.513,0.513,0.5,0.514,0.665,0.545,unselwe01
Jan van Breda Kolff,28,NJN,NBA,1979-80,82,,2399,212,458,205,438,7,20,130,155,103,326,429,247,100,76,158,307,561,0.463,0.468,0.35,0.471,0.839,0.533,vanbrja01
Andre Wakefield,25,UTA,NBA,1979-80,8,,47,6,15,6,15,0,0,3,3,0,4,4,3,1,0,8,13,15,0.4,0.4,,0.4,1,0.46,wakefan01
Foots Walker,28,CLE,NBA,1979-80,76,,2422,258,568,257,559,1,9,195,243,78,209,287,607,155,12,157,202,712,0.454,0.46,0.111,0.455,0.802,0.527,walkefo01
Wally Walker,25,SEA,NBA,1979-80,70,,844,139,274,139,274,0,0,48,64,64,106,170,53,21,4,50,102,326,0.507,0.507,,0.507,0.75,0.539,walkewa01
Bill Walton,27,SDC,NBA,1979-80,14,,337,81,161,81,161,0,0,32,54,28,98,126,34,8,38,37,37,194,0.503,0.503,,0.503,0.593,0.525,waltobi01
Lloyd Walton,26,MIL,NBA,1979-80,76,,1243,110,242,109,239,1,3,49,71,33,58,91,285,43,2,112,68,270,0.455,0.456,0.333,0.457,0.69,0.494,waltoll01
Kermit Washington,28,POR,NBA,1979-80,80,,2657,421,761,421,758,0,3,231,360,325,517,842,167,73,131,170,307,1073,0.553,0.555,0,0.553,0.642,0.584,washike01
Richard Washington,24,MIL,NBA,1979-80,75,,1092,197,421,197,421,0,0,46,76,95,181,276,55,26,48,63,166,440,0.468,0.468,,0.468,0.605,0.484,washiri01
Nick Weatherspoon,29,SDC,NBA,1979-80,57,,1124,164,378,164,378,0,0,63,91,83,125,208,54,34,17,86,136,391,0.434,0.434,,0.434,0.692,0.468,weathni01
Marvin Webster,27,NYK,NBA,1979-80,20,,298,38,79,38,79,0,0,12,16,28,52,80,9,3,11,20,39,88,0.481,0.481,,0.481,0.75,0.511,webstma01
Scott Wedman,27,KCK,NBA,1979-80,68,,2347,569,1112,562,1090,7,22,145,181,114,272,386,145,84,45,112,230,1290,0.512,0.516,0.318,0.515,0.801,0.541,wedmasc01
Paul Westphal,29,PHO,NBA,1979-80,82,,2665,692,1317,666,1224,26,93,382,443,46,141,187,416,119,35,207,162,1792,0.525,0.544,0.28,0.535,0.862,0.593,westppa01
Jo Jo White,33,GSW,NBA,1979-80,78,,2052,336,706,335,700,1,6,97,114,42,139,181,239,88,13,157,186,770,0.476,0.479,0.167,0.477,0.851,0.509,whitejo01
Rudy White,26,HOU,NBA,1979-80,9,,106,13,24,13,24,0,0,10,13,0,9,9,5,5,0,8,8,36,0.542,0.542,,0.542,0.769,0.606,whiteru01
Jerome Whitehead,23,TOT,NBA,1979-80,50,,553,58,114,58,114,0,0,10,35,56,111,167,24,8,17,36,97,126,0.509,0.509,,0.509,0.286,0.487,whiteje01
Sidney Wicks,30,SDC,NBA,1979-80,71,,2146,210,496,210,495,0,1,83,152,138,271,409,213,76,52,167,241,503,0.423,0.424,0,0.423,0.546,0.447,wickssi01
Bob Wilkerson,25,DEN,NBA,1979-80,75,,2381,430,1030,423,996,7,34,166,222,85,231,316,243,93,27,193,194,1033,0.417,0.425,0.206,0.421,0.748,0.458,wilkebo01
Jamaal Wilkes,26,LAL,NBA,1979-80,82,,3111,726,1358,723,1341,3,17,189,234,176,349,525,250,129,28,157,220,1644,0.535,0.539,0.176,0.536,0.808,0.563,wilkeja01
Duck Williams,23,UTA,NBA,1979-80,77,,1794,232,519,232,507,0,12,42,60,21,85,106,183,100,11,107,166,506,0.447,0.458,0,0.447,0.7,0.464,willidu01
Freeman Williams,23,SDC,NBA,1979-80,82,,2118,645,1343,603,1215,42,128,194,238,103,89,192,166,72,9,171,145,1526,0.48,0.496,0.328,0.496,0.815,0.527,willifr01
Gus Williams,26,SEA,NBA,1979-80,82,,2969,739,1533,732,1497,7,36,331,420,127,148,275,397,200,37,181,160,1816,0.482,0.489,0.194,0.484,0.788,0.529,willigu01
Ray Williams,25,NYK,NBA,1979-80,82,,2582,687,1384,680,1347,7,37,333,423,149,263,412,512,167,24,256,295,1714,0.496,0.505,0.189,0.499,0.787,0.546,willira01
Sly Williams,22,NYK,NBA,1979-80,57,,556,104,267,104,263,0,4,58,90,65,56,121,36,19,8,49,73,266,0.39,0.395,0,0.39,0.644,0.434,willisl01
John Williamson,28,TOT,NBA,1979-80,58,,1374,359,817,348,782,11,35,116,138,38,61,99,126,36,19,92,137,845,0.439,0.445,0.314,0.446,0.841,0.481,willijo01
Bill Willoughby,22,CLE,NBA,1979-80,78,,1447,219,457,218,448,1,9,96,127,122,207,329,72,32,62,68,189,535,0.479,0.487,0.111,0.48,0.756,0.522,willobi01
Bubba Wilson,24,GSW,NBA,1979-80,16,,143,7,25,7,25,0,0,3,6,6,10,16,12,2,0,8,11,17,0.28,0.28,,0.28,0.5,0.308,wilsobu01
Rick Wilson,23,ATL,NBA,1979-80,5,,59,2,14,2,14,0,0,4,6,2,1,3,11,4,1,8,3,8,0.143,0.143,,0.143,0.667,0.24,wilsori01
Brian Winters,27,MIL,NBA,1979-80,80,,2623,535,1116,497,1014,38,102,184,214,48,175,223,362,101,28,186,208,1292,0.479,0.49,0.373,0.496,0.86,0.534,wintebr01
Larry Wright,25,WSB,NBA,1979-80,76,,1286,229,500,225,484,4,16,96,108,40,82,122,222,49,18,108,144,558,0.458,0.465,0.25,0.462,0.889,0.51,wrighla01
Tony Zeno,22,IND,NBA,1979-80,8,,59,6,21,6,21,0,0,2,2,3,11,14,1,4,3,9,13,14,0.286,0.286,,0.286,1,0.32,zenoto01
Kareem Abdul-Jabbar,33,LAL,NBA,1980-81,80,,2976,836,1457,836,1456,0,1,423,552,197,624,821,272,59,228,249,244,2095,0.574,0.574,0,0.574,0.766,0.616,abdulka01
Tom Abernethy,26,TOT,NBA,1980-81,39,,298,25,59,25,58,0,1,13,22,20,28,48,19,7,3,8,34,63,0.424,0.431,0,0.424,0.591,0.459,abernto01
Alvan Adams,26,PHO,NBA,1980-81,75,,2054,458,870,458,870,0,0,199,259,157,389,546,344,106,69,226,226,1115,0.526,0.526,,0.526,0.768,0.567,adamsal01
Darrell Allums,22,DAL,NBA,1980-81,22,,276,23,67,23,66,0,1,13,22,19,46,65,25,5,8,23,51,59,0.343,0.348,0,0.343,0.591,0.385,allumda01
Tiny Archibald,32,BOS,NBA,1980-81,80,72,2820,382,766,382,757,0,9,342,419,36,140,176,618,75,18,265,201,1106,0.499,0.505,0,0.499,0.816,0.582,architi01
Dennis Awtrey,32,SEA,NBA,1980-81,47,,607,44,93,44,93,0,0,14,20,33,75,108,54,12,8,33,85,102,0.473,0.473,,0.473,0.7,0.501,awtrede01
James Bailey,23,SEA,NBA,1980-81,82,,2539,444,889,443,887,1,2,256,361,192,415,607,98,74,143,219,332,1145,0.499,0.499,0.5,0.5,0.709,0.546,baileja01
Greg Ballard,26,WSB,NBA,1980-81,82,,2610,549,1186,542,1154,7,32,166,196,167,413,580,195,118,39,117,194,1271,0.463,0.47,0.219,0.466,0.847,0.5,ballagr01
Mike Bantom,29,IND,NBA,1980-81,76,,2375,431,882,431,876,0,6,199,281,150,277,427,240,80,85,197,284,1061,0.489,0.492,0,0.489,0.708,0.528,bantomi01
Billy Ray Bates,24,POR,NBA,1980-81,77,,1560,439,902,425,848,14,54,170,199,71,86,157,196,82,6,149,120,1062,0.487,0.501,0.259,0.494,0.854,0.537,batesbi01
Mel Bennett,26,UTA,NBA,1980-81,28,,313,26,60,26,58,0,2,53,81,33,60,93,15,3,11,31,56,105,0.433,0.448,0,0.433,0.654,0.549,benneme01
Kent Benson,26,DET,NBA,1980-81,59,,1956,364,770,364,766,0,4,196,254,124,276,400,172,72,67,190,184,924,0.473,0.475,0,0.473,0.772,0.524,bensoke01
Henry Bibby,31,SDC,NBA,1980-81,73,,1112,118,306,86,211,32,95,67,98,25,49,74,200,47,2,76,85,335,0.386,0.408,0.337,0.438,0.684,0.48,bibbyhe01
Larry Bird,24,BOS,NBA,1980-81,82,82,3239,719,1503,699,1429,20,74,283,328,191,704,895,451,161,63,289,239,1741,0.478,0.489,0.27,0.485,0.863,0.528,birdla01
Otis Birdsong,25,KCK,NBA,1980-81,71,,2593,710,1306,700,1271,10,35,317,455,119,139,258,233,93,18,173,172,1747,0.544,0.551,0.286,0.547,0.697,0.58,birdsot01
Norman Black,23,DET,NBA,1980-81,3,,28,3,10,3,10,0,0,2,8,0,2,2,2,1,0,1,2,8,0.3,0.3,,0.3,0.25,0.296,blackno01
Ron Boone,34,UTA,NBA,1980-81,52,,1146,160,371,149,332,11,39,75,94,17,67,84,161,33,8,111,126,406,0.431,0.449,0.282,0.446,0.798,0.492,boonero01
Winford Boynes,23,DAL,NBA,1980-81,44,,757,121,313,121,313,0,0,45,55,24,51,75,37,23,16,69,79,287,0.387,0.387,,0.387,0.818,0.426,boynewi01
Dudley Bradley,23,IND,NBA,1980-81,82,,1867,265,559,263,543,2,16,125,178,70,123,193,188,186,37,122,236,657,0.474,0.484,0.125,0.476,0.702,0.515,bradldu01
Mike Bratz,25,CLE,NBA,1980-81,80,,2595,319,817,262,648,57,169,107,132,66,132,198,452,136,17,162,194,802,0.39,0.404,0.337,0.425,0.811,0.458,bratzmi01
Jim Brewer,29,LAL,NBA,1980-81,78,,1107,101,197,101,195,0,2,15,40,127,154,281,55,43,58,48,158,217,0.513,0.518,0,0.513,0.375,0.506,breweji01
Ron Brewer,25,TOT,NBA,1980-81,75,,1452,275,631,274,624,1,7,91,114,34,52,86,148,61,34,92,95,642,0.436,0.439,0.143,0.437,0.798,0.471,brewero01
Junior Bridgeman,27,MIL,NBA,1980-81,77,,2215,537,1102,534,1081,3,21,213,241,78,211,289,234,88,28,150,182,1290,0.487,0.494,0.143,0.489,0.884,0.534,bridgju01
Allan Bristow,29,UTA,NBA,1980-81,82,,2001,271,611,266,593,5,18,166,198,103,327,430,383,63,3,171,190,713,0.444,0.449,0.278,0.448,0.838,0.511,bristal01
Dave Britton,22,WSB,NBA,1980-81,2,,9,2,3,2,3,0,0,0,0,0,2,2,3,1,0,2,2,4,0.667,0.667,,0.667,,0.667,brittda01
Michael Brooks,22,SDC,NBA,1980-81,82,,2479,488,1018,488,1012,0,6,226,320,210,232,442,208,99,31,163,234,1202,0.479,0.482,0,0.479,0.706,0.519,brookmi01
Fred Brown,32,SEA,NBA,1980-81,78,,1986,505,1035,482,971,23,64,173,208,53,122,175,233,88,13,131,141,1206,0.488,0.496,0.359,0.499,0.832,0.535,brownfr01
Lewis Brown,25,WSB,NBA,1980-81,2,,5,0,3,0,3,0,0,2,5,1,1,2,0,0,0,1,2,2,0,0,,0,0.4,0.192,brownle02
Rickey Brown,22,GSW,NBA,1980-81,45,,580,83,162,83,162,0,0,16,21,52,114,166,21,9,14,31,103,182,0.512,0.512,,0.512,0.762,0.531,brownri01
Joe Bryant,26,SDC,NBA,1980-81,82,,2359,379,791,377,776,2,15,193,244,146,294,440,189,72,34,176,264,953,0.479,0.486,0.133,0.48,0.791,0.53,bryanjo01
Quinn Buckner,26,MIL,NBA,1980-81,82,,2384,471,956,470,950,1,6,149,203,88,210,298,384,197,3,236,271,1092,0.493,0.495,0.167,0.493,0.734,0.522,bucknqu01
Tom Burleson,28,ATL,NBA,1980-81,31,,363,41,99,41,99,0,0,20,41,44,50,94,12,8,19,24,73,102,0.414,0.414,,0.414,0.488,0.436,burleto01
Don Buse,30,IND,NBA,1980-81,58,,1095,114,287,95,229,19,58,50,65,19,65,84,140,74,8,38,61,297,0.397,0.415,0.328,0.43,0.769,0.471,busedo01
Marty Byrnes,24,DAL,NBA,1980-81,72,,1360,216,451,207,431,9,20,120,157,74,103,177,113,29,17,61,126,561,0.479,0.48,0.45,0.489,0.764,0.539,byrnema01
Mack Calvin,33,CLE,NBA,1980-81,21,,128,13,39,12,34,1,5,25,35,2,10,12,28,5,0,17,13,52,0.333,0.353,0.2,0.346,0.714,0.478,calvima01
Austin Carr,32,TOT,NBA,1980-81,47,,657,87,234,87,227,0,7,34,54,22,39,61,58,15,2,41,53,208,0.372,0.383,0,0.372,0.63,0.403,carrau01
Kenny Carr,25,CLE,NBA,1980-81,81,,2615,469,918,469,914,0,4,292,409,260,575,835,192,76,42,231,296,1230,0.511,0.513,0,0.511,0.714,0.56,carrke01
M.L. Carr,30,BOS,NBA,1980-81,41,7,655,97,216,96,202,1,14,53,67,26,57,83,56,30,18,47,74,248,0.449,0.475,0.071,0.451,0.791,0.505,carrml01
Joe Barry Carroll,22,GSW,NBA,1980-81,82,,2919,616,1254,616,1252,0,2,315,440,274,485,759,117,50,121,243,313,1547,0.491,0.492,0,0.491,0.716,0.534,carrojo01
Butch Carter,22,LAL,NBA,1980-81,54,,672,114,247,111,237,3,10,70,95,34,31,65,52,23,1,50,99,301,0.462,0.468,0.3,0.468,0.737,0.521,cartebu01
Reggie Carter,23,NYK,NBA,1980-81,60,,536,59,179,59,176,0,3,51,69,30,39,69,76,22,2,38,68,169,0.33,0.335,0,0.33,0.739,0.404,cartere01
Bill Cartwright,23,NYK,NBA,1980-81,82,,2925,619,1118,619,1117,0,1,408,518,161,452,613,111,48,83,200,259,1646,0.554,0.554,0,0.554,0.788,0.611,cartwbi01
Harvey Catchings,29,MIL,NBA,1980-81,77,,1635,134,300,134,300,0,0,59,92,154,319,473,99,33,184,105,284,327,0.447,0.447,,0.447,0.641,0.48,catchha01
Maurice Cheeks,24,PHI,NBA,1980-81,81,,2415,310,581,307,573,3,8,140,178,67,178,245,560,193,39,174,231,763,0.534,0.536,0.375,0.536,0.787,0.579,cheekma01
Phil Chenier,30,GSW,NBA,1980-81,9,,82,11,33,10,30,1,3,6,6,1,7,8,7,0,0,4,10,29,0.333,0.333,0.333,0.348,1,0.407,cheniph01
Jim Chones,31,LAL,NBA,1980-81,82,,2562,378,751,378,747,0,4,126,193,180,477,657,153,39,96,159,324,882,0.503,0.506,0,0.503,0.653,0.528,choneji01
Art Collins,26,ATL,NBA,1980-81,29,,395,35,99,35,97,0,2,24,36,19,22,41,25,11,1,32,35,94,0.354,0.361,0,0.354,0.667,0.409,colliar01
Don Collins,22,TOT,NBA,1980-81,81,,1845,360,811,360,805,0,6,211,272,129,139,268,190,104,25,174,259,931,0.444,0.447,0,0.444,0.776,0.5,collido02
Doug Collins,29,PHI,NBA,1980-81,12,,329,62,126,62,126,0,0,24,29,6,23,29,42,7,4,22,23,148,0.492,0.492,,0.492,0.828,0.533,collido01
Darwin Cook,22,NJN,NBA,1980-81,81,,1980,383,819,377,794,6,25,132,180,96,140,236,297,141,36,176,197,904,0.468,0.475,0.24,0.471,0.733,0.503,cookda01
Jeff Cook,24,PHO,NBA,1980-81,79,,2192,286,616,286,611,0,5,100,155,170,297,467,201,82,54,146,236,672,0.464,0.468,0,0.464,0.645,0.491,cookje01
Michael Cooper,24,LAL,NBA,1980-81,81,,2625,321,654,317,635,4,19,117,149,121,215,336,332,133,78,164,249,763,0.491,0.499,0.211,0.494,0.785,0.53,coopemi01
Wayne Cooper,24,UTA,NBA,1980-81,71,,1420,213,471,212,468,1,3,62,90,166,274,440,52,18,51,77,219,489,0.452,0.453,0.333,0.453,0.689,0.479,coopewa01
Dave Corzine,24,SAS,NBA,1980-81,82,,1960,366,747,366,744,0,3,125,175,228,408,636,117,42,99,131,212,857,0.49,0.492,0,0.49,0.714,0.52,corzida01
Charlie Criss,32,ATL,NBA,1980-81,66,,1708,220,485,219,464,1,21,185,214,26,74,100,283,61,3,134,87,626,0.454,0.472,0.048,0.455,0.864,0.54,crissch01
Geoff Crompton,25,POR,NBA,1980-81,6,,33,4,8,4,8,0,0,1,5,7,11,18,2,0,2,5,4,9,0.5,0.5,,0.5,0.2,0.441,crompge01
Pat Cummings,24,MIL,NBA,1980-81,74,,1084,248,460,248,458,0,2,99,140,97,195,292,62,31,19,114,192,595,0.539,0.541,0,0.539,0.707,0.57,cummipa01
Earl Cureton,23,PHI,NBA,1980-81,52,,528,93,205,93,204,0,1,33,64,51,104,155,25,20,23,29,68,219,0.454,0.456,0,0.454,0.516,0.47,curetea01
Bob Dandridge,33,WSB,NBA,1980-81,23,,545,101,237,101,236,0,1,28,39,19,64,83,60,16,9,33,54,230,0.426,0.428,0,0.426,0.718,0.452,dandrbo01
Adrian Dantley,24,UTA,NBA,1980-81,80,,3417,909,1627,907,1620,2,7,632,784,192,317,509,322,109,18,282,245,2452,0.559,0.56,0.286,0.559,0.806,0.622,dantlad01
Brad Davis,25,DAL,NBA,1980-81,56,,1686,230,410,227,393,3,17,163,204,29,122,151,385,52,11,123,156,626,0.561,0.578,0.176,0.565,0.799,0.626,davisbr01
Johnny Davis,25,IND,NBA,1980-81,76,,2536,426,917,422,884,4,33,238,299,56,114,170,480,95,14,167,179,1094,0.465,0.477,0.121,0.467,0.796,0.522,davisjo01
Monti Davis,22,TOT,NBA,1980-81,2,,10,1,5,1,5,0,0,1,5,2,2,4,0,0,1,0,0,3,0.2,0.2,,0.2,0.2,0.208,davismo01
Ron Davis,26,SDC,NBA,1980-81,64,,817,139,314,137,306,2,8,94,158,47,72,119,47,36,11,61,98,374,0.443,0.448,0.25,0.446,0.595,0.488,davisro01
Walter Davis,26,PHO,NBA,1980-81,78,,2182,593,1101,586,1084,7,17,209,250,63,137,200,302,97,12,222,192,1402,0.539,0.541,0.412,0.542,0.836,0.579,daviswa03
Darryl Dawkins,24,PHI,NBA,1980-81,76,,2088,423,697,423,697,0,0,219,304,106,439,545,109,38,112,220,316,1065,0.607,0.607,,0.607,0.72,0.641,dawkida01
Larry Demic,23,NYK,NBA,1980-81,76,,964,128,254,128,252,0,2,58,92,114,129,243,28,12,13,58,153,314,0.504,0.508,0,0.504,0.63,0.533,demicla01
Coby Dietrick,32,CHI,NBA,1980-81,82,,1243,146,320,144,314,2,6,77,111,79,186,265,118,48,53,88,176,371,0.456,0.459,0.333,0.459,0.694,0.503,dietrco01
James Donaldson,23,SEA,NBA,1980-81,68,,980,129,238,129,238,0,0,101,170,107,202,309,42,8,74,68,79,359,0.542,0.542,,0.542,0.594,0.574,donalja01
Jacky Dorsey,26,SEA,NBA,1980-81,29,,253,20,70,20,70,0,0,13,25,23,65,88,9,9,1,14,47,53,0.286,0.286,,0.286,0.52,0.327,dorseja01
Leon Douglas,26,KCK,NBA,1980-81,79,,1356,185,323,185,320,0,3,102,186,150,234,384,69,25,38,90,251,472,0.573,0.578,0,0.573,0.548,0.583,douglle01
John Drew,26,ATL,NBA,1980-81,67,,2075,500,1096,500,1089,0,7,454,577,145,238,383,79,98,15,194,264,1454,0.456,0.459,0,0.456,0.787,0.539,drewjo01
Larry Drew,22,DET,NBA,1980-81,76,,1581,197,484,193,467,4,17,106,133,24,96,120,249,88,7,166,125,504,0.407,0.413,0.235,0.411,0.797,0.464,drewla01
Ralph Drollinger,26,DAL,NBA,1980-81,6,,67,7,14,7,14,0,0,1,4,5,14,19,14,1,2,13,16,15,0.5,0.5,,0.5,0.25,0.476,drollra01
Terry Duerod,24,TOT,NBA,1980-81,50,0,451,104,234,96,218,8,16,31,41,17,27,44,36,17,4,35,27,247,0.444,0.44,0.5,0.462,0.756,0.49,duerote01
Mike Dunleavy,26,HOU,NBA,1980-81,74,,1609,310,632,309,616,1,16,156,186,28,90,118,268,64,2,137,165,777,0.491,0.502,0.063,0.491,0.839,0.544,dunlemi01
T.R. Dunn,25,DEN,NBA,1980-81,82,,1427,146,354,146,352,0,2,79,121,133,168,301,81,66,29,56,141,371,0.412,0.415,0,0.412,0.653,0.456,dunntr01
John Duren,22,UTA,NBA,1980-81,40,,458,33,101,33,100,0,1,5,9,8,27,35,54,18,2,37,54,71,0.327,0.33,0,0.327,0.556,0.338,durenjo01
James Edwards,25,IND,NBA,1980-81,81,,2375,511,1004,511,1001,0,3,244,347,191,380,571,212,32,128,164,304,1266,0.509,0.51,0,0.509,0.703,0.547,edwarja01
Bob Elliott,25,NJN,NBA,1980-81,73,,1320,214,419,213,417,1,2,121,202,104,157,261,129,34,16,119,175,550,0.511,0.511,0.5,0.512,0.599,0.541,elliobo01
Len Elmore,28,MIL,NBA,1980-81,72,,925,76,212,76,212,0,0,54,75,68,140,208,69,37,52,44,178,206,0.358,0.358,,0.358,0.72,0.42,elmorle01
Alex English,27,DEN,NBA,1980-81,81,,3093,768,1555,765,1550,3,5,390,459,273,373,646,290,106,100,241,255,1929,0.494,0.494,0.6,0.495,0.85,0.549,englial01
Julius Erving,30,PHI,NBA,1980-81,82,,2874,794,1524,790,1506,4,18,422,536,244,413,657,364,173,147,266,233,2014,0.521,0.525,0.222,0.522,0.787,0.572,ervinju01
Mike Evans,25,MIL,NBA,1980-81,71,,911,134,291,132,277,2,14,50,64,22,65,87,167,34,4,72,114,320,0.46,0.477,0.143,0.464,0.781,0.501,evansmi01
Eric Fernsten,27,BOS,NBA,1980-81,45,0,279,38,79,38,79,0,0,20,30,29,33,62,10,6,7,20,29,96,0.481,0.481,,0.481,0.667,0.521,fernser01
Chris Ford,32,BOS,NBA,1980-81,82,75,2723,314,707,278,598,36,109,64,87,72,91,163,295,100,23,127,212,728,0.444,0.465,0.33,0.47,0.736,0.488,fordch01
Don Ford,28,CLE,NBA,1980-81,64,,996,100,224,100,221,0,3,22,24,74,90,164,84,15,12,49,100,222,0.446,0.452,0,0.446,0.917,0.473,forddo01
Phil Ford,24,KCK,NBA,1980-81,66,,2287,424,887,413,851,11,36,294,354,26,102,128,580,99,6,241,190,1153,0.478,0.485,0.306,0.484,0.831,0.553,fordph01
World B. Free,27,GSW,NBA,1980-81,65,,2370,516,1157,511,1126,5,31,528,649,48,111,159,361,85,11,195,183,1565,0.446,0.454,0.161,0.448,0.814,0.542,freewo01
Tony Fuller,22,DET,NBA,1980-81,15,,248,24,66,24,65,0,1,12,16,13,29,42,28,10,1,23,25,60,0.364,0.369,0,0.364,0.75,0.411,fulleto01
Mike Gale,30,TOT,NBA,1980-81,77,,1112,157,309,155,302,2,7,55,68,16,83,99,169,94,7,77,117,371,0.508,0.513,0.286,0.511,0.809,0.547,galemi01
Calvin Garrett,24,HOU,NBA,1980-81,70,,1638,188,415,187,412,1,3,50,62,85,179,264,132,50,10,90,167,427,0.453,0.454,0.333,0.454,0.806,0.483,garreca01
Gus Gerard,27,TOT,NBA,1980-81,27,,252,41,111,41,107,0,4,27,40,30,37,67,15,10,9,15,41,109,0.369,0.383,0,0.369,0.675,0.424,gerargu01
George Gervin,28,SAS,NBA,1980-81,82,,2765,850,1729,841,1694,9,35,512,620,126,293,419,260,94,56,251,212,2221,0.492,0.496,0.257,0.494,0.826,0.555,gervige01
Artis Gilmore,31,CHI,NBA,1980-81,82,,2832,547,816,547,816,0,0,375,532,220,608,828,172,47,198,236,295,1469,0.67,0.67,,0.67,0.705,0.699,gilmoar01
Mike Glenn,25,NYK,NBA,1980-81,82,,1506,285,511,281,500,4,11,98,110,27,61,88,108,72,5,62,126,672,0.558,0.562,0.364,0.562,0.891,0.601,glennmi01
Mike Gminski,21,NJN,NBA,1980-81,56,,1579,291,688,291,687,0,1,155,202,137,282,419,72,54,100,128,127,737,0.423,0.424,0,0.423,0.767,0.474,gminsmi01
Glen Gondrezick,25,DEN,NBA,1980-81,73,,1077,155,329,155,327,0,2,112,137,136,171,307,83,91,20,69,185,422,0.471,0.474,0,0.471,0.818,0.542,gondrgl01
Rickey Green,26,UTA,NBA,1980-81,47,,1307,176,366,176,365,0,1,70,97,30,86,116,235,75,1,83,123,422,0.481,0.482,0,0.481,0.722,0.516,greenri01
Dave Greenwood,23,CHI,NBA,1980-81,82,,2710,481,989,481,987,0,2,217,290,243,481,724,218,77,124,192,282,1179,0.486,0.487,0,0.486,0.748,0.528,greenda01
Kevin Grevey,27,WSB,NBA,1980-81,75,,2616,500,1103,455,967,45,136,244,290,67,152,219,300,68,17,144,161,1289,0.453,0.471,0.331,0.474,0.841,0.524,greveke01
Paul Griffin,27,SAS,NBA,1980-81,82,,1930,166,325,166,325,0,0,170,253,184,321,505,249,77,38,132,207,502,0.511,0.511,,0.511,0.672,0.575,griffpa01
Darrell Griffith,22,UTA,NBA,1980-81,81,,2867,716,1544,706,1492,10,52,229,320,79,209,288,194,106,40,231,219,1671,0.464,0.473,0.192,0.467,0.716,0.496,griffda01
Bob Gross,27,POR,NBA,1980-81,82,,1934,253,479,253,470,0,9,135,159,126,202,328,251,90,67,151,238,641,0.528,0.538,0,0.528,0.849,0.584,grossbo01
Ernie Grunfeld,25,KCK,NBA,1980-81,79,,1584,260,486,260,486,0,0,75,101,31,175,206,205,60,15,88,155,595,0.535,0.535,,0.535,0.743,0.561,grunfer01
Roy Hamilton,23,POR,NBA,1980-81,1,,5,1,3,1,3,0,0,1,2,2,1,3,0,0,0,1,1,3,0.333,0.333,,0.333,0.5,0.387,hamilro01
Bill Hanzlik,23,SEA,NBA,1980-81,74,,1259,138,289,137,284,1,5,119,150,67,86,153,111,58,20,84,168,396,0.478,0.482,0.2,0.479,0.793,0.558,hanzlbi01
Alan Hardy,23,LAL,NBA,1980-81,22,,111,22,59,22,59,0,0,7,10,8,11,19,3,1,9,11,13,51,0.373,0.373,,0.373,0.7,0.402,hardyal01
James Hardy,24,UTA,NBA,1980-81,23,,509,52,111,52,111,0,0,11,20,39,94,133,36,21,20,23,58,115,0.468,0.468,,0.468,0.55,0.48,hardyja01
Mike Harper,23,POR,NBA,1980-81,55,,461,56,136,56,133,0,3,37,85,28,65,93,17,23,20,32,73,149,0.412,0.421,0,0.412,0.435,0.43,harpemi01
Joe Hassett,25,TOT,NBA,1980-81,41,,714,143,340,90,184,53,156,17,21,24,44,68,74,13,2,22,65,356,0.421,0.489,0.34,0.499,0.81,0.51,hassejo01
Steve Hawes,30,ATL,NBA,1980-81,74,,2309,333,637,332,633,1,4,222,278,165,396,561,168,73,32,161,289,889,0.523,0.524,0.25,0.524,0.799,0.585,hawesst01
Elvin Hayes,35,WSB,NBA,1980-81,81,,2931,584,1296,584,1286,0,10,271,439,235,554,789,98,68,171,189,300,1439,0.451,0.454,0,0.451,0.617,0.483,hayesel01
Gar Heard,32,SDC,NBA,1980-81,78,,1631,149,396,149,389,0,7,79,101,120,228,348,122,104,72,81,196,377,0.376,0.383,0,0.376,0.782,0.428,heardga01
Gerald Henderson,25,BOS,NBA,1980-81,82,10,1608,261,579,260,563,1,16,113,157,43,89,132,213,79,12,160,177,636,0.451,0.462,0.063,0.452,0.72,0.491,hendege01
Tom Henderson,29,HOU,NBA,1980-81,66,,1411,137,332,137,329,0,3,78,95,30,74,104,307,53,4,93,111,352,0.413,0.416,0,0.413,0.821,0.471,hendeto01
Keith Herron,24,DET,NBA,1980-81,80,,2270,432,954,430,943,2,11,228,267,98,113,211,148,91,26,153,154,1094,0.453,0.456,0.182,0.454,0.854,0.511,herroke01
Kenny Higgs,26,DEN,NBA,1980-81,72,,1689,209,474,205,440,4,34,140,172,24,121,145,408,101,6,166,243,562,0.441,0.466,0.118,0.445,0.814,0.511,higgske01
Johnny High,23,PHO,NBA,1980-81,81,,1750,246,576,244,552,2,24,183,264,89,139,228,202,129,26,188,251,677,0.427,0.442,0.083,0.429,0.693,0.489,highjo01
Armond Hill,27,TOT,NBA,1980-81,75,,1738,117,335,117,328,0,7,141,172,41,118,159,292,66,11,127,207,375,0.349,0.357,0,0.349,0.82,0.457,hillar01
Brad Holland,24,LAL,NBA,1980-81,41,,295,47,111,46,108,1,3,35,49,9,20,29,23,21,1,31,44,130,0.423,0.426,0.333,0.428,0.714,0.49,hollabr01
Lionel Hollins,27,PHI,NBA,1980-81,82,,2154,327,696,325,681,2,15,125,171,47,144,191,352,104,18,207,205,781,0.47,0.477,0.133,0.471,0.731,0.506,hollili01
Cedrick Hordges,24,DEN,NBA,1980-81,68,,1599,221,480,221,477,0,3,130,186,120,338,458,104,33,19,120,226,572,0.46,0.463,0,0.46,0.699,0.509,hordgce01
Phil Hubbard,24,DET,NBA,1980-81,80,,2289,433,880,432,877,1,3,294,426,236,350,586,150,80,20,229,317,1161,0.492,0.493,0.333,0.493,0.69,0.544,hubbaph01
Kim Hughes,28,TOT,NBA,1980-81,53,,490,27,70,27,70,0,0,1,2,48,79,127,35,28,35,44,106,55,0.386,0.386,,0.386,0.5,0.388,hugheki01
Geoff Huston,23,TOT,NBA,1980-81,81,,2434,461,942,460,937,1,5,150,212,45,93,138,394,58,7,179,148,1073,0.489,0.491,0.2,0.49,0.708,0.518,hustoge01
Dan Issel,32,DEN,NBA,1980-81,80,,2641,614,1220,612,1208,2,12,519,684,229,447,676,158,83,53,130,249,1749,0.503,0.507,0.167,0.504,0.759,0.575,isselda01
Tony Jackson,23,LAL,NBA,1980-81,2,,14,1,3,1,3,0,0,0,0,0,2,2,2,2,0,0,1,2,0.333,0.333,,0.333,,0.333,jacksto02
Abdul Jeelani,26,DAL,NBA,1980-81,66,,1108,187,440,187,439,0,1,179,220,83,147,230,65,44,31,87,123,553,0.425,0.426,0,0.425,0.814,0.515,jeelaab01
Clemon Johnson,24,IND,NBA,1980-81,81,,1643,235,466,235,465,0,1,112,189,173,295,468,144,44,119,121,185,582,0.504,0.505,0,0.504,0.593,0.53,johnscl01
Dennis Johnson,26,PHO,NBA,1980-81,79,,2615,532,1220,521,1169,11,51,411,501,160,203,363,291,136,61,208,244,1486,0.436,0.446,0.216,0.441,0.82,0.516,johnsde01
Eddie Johnson,25,ATL,NBA,1980-81,75,,2693,573,1136,567,1116,6,20,279,356,60,119,179,407,126,11,197,188,1431,0.504,0.508,0.3,0.507,0.784,0.554,johnsed02
George Johnson,32,SAS,NBA,1980-81,82,,1935,164,347,164,347,0,0,80,109,215,387,602,92,47,278,110,273,408,0.473,0.473,,0.473,0.734,0.517,johnsge02
George Johnson,24,IND,NBA,1980-81,43,,930,182,394,182,389,0,5,93,122,99,179,278,86,47,23,85,120,457,0.462,0.468,0,0.462,0.762,0.51,johnsge03
John Johnson,33,SEA,NBA,1980-81,80,,2324,373,866,373,865,0,1,173,214,135,227,362,312,57,25,230,202,919,0.431,0.431,0,0.431,0.808,0.479,johnsjo01
Lee Johnson,23,TOT,NBA,1980-81,12,,90,7,25,7,25,0,0,3,5,6,16,22,1,0,5,7,18,17,0.28,0.28,,0.28,0.6,0.313,johnsle01
Magic Johnson,21,LAL,NBA,1980-81,37,,1371,312,587,309,570,3,17,171,225,101,219,320,317,127,27,143,100,798,0.532,0.542,0.176,0.534,0.76,0.582,johnsma02
Marques Johnson,24,MIL,NBA,1980-81,76,,2542,636,1153,636,1144,0,9,269,381,225,293,518,346,115,41,190,196,1541,0.552,0.556,0,0.552,0.706,0.583,johnsma01
Mickey Johnson,28,MIL,NBA,1980-81,82,,2118,379,846,376,828,3,18,262,332,183,362,545,286,94,71,230,256,1023,0.448,0.454,0.167,0.45,0.789,0.516,johnsmi01
Ollie Johnson,31,PHI,NBA,1980-81,40,,372,87,158,86,152,1,6,27,31,8,47,55,30,20,2,25,45,202,0.551,0.566,0.167,0.554,0.871,0.588,johnsol01
Reggie Johnson,23,SAS,NBA,1980-81,79,,1716,340,682,340,681,0,1,128,193,132,226,358,78,45,48,130,283,808,0.499,0.499,0,0.499,0.663,0.527,johnsre01
Vinnie Johnson,24,SEA,NBA,1980-81,81,,2311,419,785,418,780,1,5,214,270,193,173,366,341,78,20,216,198,1053,0.534,0.536,0.2,0.534,0.793,0.583,johnsvi01
Bobby Jones,29,PHI,NBA,1980-81,81,,2046,407,755,407,752,0,3,282,347,142,293,435,226,95,74,149,226,1096,0.539,0.541,0,0.539,0.813,0.604,jonesbo01
Caldwell Jones,30,PHI,NBA,1980-81,81,,2639,218,485,218,485,0,0,148,193,200,613,813,122,53,134,168,271,584,0.449,0.449,,0.449,0.767,0.512,jonesca01
Dwight Jones,28,CHI,NBA,1980-81,81,,1574,245,507,245,507,0,0,125,161,127,274,401,99,40,36,126,200,615,0.483,0.483,,0.483,0.776,0.532,jonesdw01
Edgar Jones,24,NJN,NBA,1980-81,60,,950,189,357,189,353,0,4,146,218,92,171,263,43,36,81,101,185,524,0.529,0.535,0,0.529,0.67,0.578,jonesed01
Major Jones,27,HOU,NBA,1980-81,68,,1003,117,252,117,251,0,1,64,101,96,138,234,41,18,23,57,112,298,0.464,0.466,0,0.464,0.634,0.503,jonesma01
Eddie Jordan,26,TOT,NBA,1980-81,74,,1226,150,352,144,330,6,22,87,127,30,68,98,241,98,8,143,165,393,0.426,0.436,0.273,0.435,0.685,0.482,jordaed01
Walter Jordan,24,CLE,NBA,1980-81,30,,207,29,75,29,75,0,0,10,17,23,19,42,11,11,5,17,35,68,0.387,0.387,,0.387,0.588,0.412,jordawa01
Jeff Judkins,24,UTA,NBA,1980-81,62,,666,92,216,83,188,9,28,45,51,29,64,93,59,16,2,30,84,238,0.426,0.441,0.321,0.447,0.882,0.499,judkije01
Clarence Kea,21,DAL,NBA,1980-81,16,,199,37,81,37,80,0,1,43,62,28,39,67,5,6,1,16,44,117,0.457,0.463,0,0.457,0.694,0.54,keacl01
Rich Kelley,27,PHO,NBA,1980-81,81,,1686,196,387,196,385,0,2,175,231,131,310,441,282,79,63,209,210,567,0.506,0.509,0,0.506,0.758,0.58,kelleri01
Greg Kelser,23,DET,NBA,1980-81,25,,654,120,285,120,283,0,2,68,106,53,67,120,45,34,29,78,89,308,0.421,0.424,0,0.421,0.642,0.464,kelsegr01
Larry Kenon,28,CHI,NBA,1980-81,77,,2161,454,946,454,946,0,0,180,245,179,219,398,120,75,18,161,160,1088,0.48,0.48,,0.48,0.735,0.516,kenonla01
Chad Kinch,22,TOT,NBA,1980-81,41,,353,52,141,52,141,0,0,14,18,7,26,33,45,11,6,30,33,118,0.369,0.369,,0.369,0.778,0.396,kinchch01
Bernard King,24,GSW,NBA,1980-81,81,,2914,731,1244,729,1238,2,6,307,437,178,373,551,287,72,34,265,304,1771,0.588,0.589,0.333,0.588,0.703,0.617,kingbe01
Reggie King,23,KCK,NBA,1980-81,81,,2743,472,867,472,867,0,0,264,386,235,551,786,122,102,41,164,227,1208,0.544,0.544,,0.544,0.684,0.583,kingre01
Billy Knight,28,IND,NBA,1980-81,82,,2385,546,1025,543,1006,3,19,341,410,191,219,410,157,84,12,177,155,1436,0.533,0.54,0.158,0.534,0.832,0.596,knighbi01
Joel Kramer,25,PHO,NBA,1980-81,82,,1065,136,258,136,257,0,1,63,91,77,155,232,88,35,17,67,132,335,0.527,0.529,0,0.527,0.692,0.562,kramejo01
Wayne Kreklow,24,BOS,NBA,1980-81,25,0,100,11,47,10,43,1,4,7,10,2,10,12,9,2,1,10,20,30,0.234,0.233,0.25,0.245,0.7,0.292,kreklwa01
Kevin Kunnert,29,POR,NBA,1980-81,55,,842,101,216,101,216,0,0,42,54,98,189,287,67,17,32,50,143,244,0.468,0.468,,0.468,0.778,0.509,kunneke01
Mitch Kupchak,26,WSB,NBA,1980-81,82,,1934,392,747,392,746,0,1,240,340,198,371,569,62,36,26,161,195,1024,0.525,0.525,0,0.525,0.706,0.571,kupchmi01
Sam Lacey,32,KCK,NBA,1980-81,82,,2228,237,536,236,531,1,5,92,117,131,453,584,399,95,120,182,302,567,0.442,0.444,0.2,0.443,0.786,0.483,laceysa01
Tom LaGarde,25,DAL,NBA,1980-81,82,,2670,417,888,417,888,0,0,288,444,177,488,665,237,35,45,206,293,1122,0.47,0.47,,0.47,0.649,0.518,lagarto01
Bill Laimbeer,23,CLE,NBA,1980-81,81,,2460,337,670,337,670,0,0,117,153,266,427,693,216,56,78,132,332,791,0.503,0.503,,0.503,0.765,0.536,laimbbi01
John Lambert,28,TOT,NBA,1980-81,46,,483,68,165,68,163,0,2,18,23,28,65,93,27,12,5,19,76,154,0.412,0.417,0,0.412,0.783,0.44,lambejo01
Mark Landsberger,25,LAL,NBA,1980-81,69,,1086,164,327,164,326,0,1,62,116,152,225,377,27,19,6,65,135,390,0.502,0.503,0,0.502,0.534,0.516,landsma01
Bob Lanier,32,MIL,NBA,1980-81,67,,1753,376,716,375,715,1,1,208,277,128,285,413,179,73,81,139,184,961,0.525,0.524,1,0.526,0.751,0.573,laniebo01
Edmund Lawrence,28,DET,NBA,1980-81,3,,19,5,8,5,8,0,0,2,4,2,2,4,1,1,0,1,6,12,0.625,0.625,,0.625,0.5,0.615,lawreed01
Allen Leavell,23,HOU,NBA,1980-81,79,,1686,258,548,256,531,2,17,124,149,30,104,134,384,97,15,189,160,642,0.471,0.482,0.118,0.473,0.832,0.523,leaveal01
Ron Lee,28,DET,NBA,1980-81,82,,1829,113,323,111,310,2,13,113,156,65,155,220,362,166,29,173,260,341,0.35,0.358,0.154,0.353,0.724,0.435,leero01
Ronnie Lester,22,CHI,NBA,1980-81,8,,83,10,24,10,24,0,0,10,11,3,3,6,7,2,0,9,5,30,0.417,0.417,,0.417,0.909,0.52,lestero01
Scott Lloyd,28,DAL,NBA,1980-81,72,,2186,245,547,245,545,0,2,147,205,161,293,454,159,34,25,145,269,637,0.448,0.45,0,0.448,0.717,0.5,lloydsc01
John Long,24,DET,NBA,1980-81,59,,1750,441,957,439,946,2,11,160,184,95,102,197,106,95,22,151,164,1044,0.461,0.464,0.182,0.462,0.87,0.503,longjo01
John Lucas,27,GSW,NBA,1980-81,66,,1919,222,506,218,482,4,24,107,145,34,120,154,464,83,2,185,140,555,0.439,0.452,0.167,0.443,0.738,0.487,lucasjo01
Maurice Lucas,28,NJN,NBA,1980-81,68,,2162,404,835,404,833,0,2,191,254,153,422,575,173,57,59,176,260,999,0.484,0.485,0,0.484,0.752,0.528,lucasma01
Ollie Mack,23,TOT,NBA,1980-81,65,,1682,279,606,279,597,0,9,80,125,92,138,230,163,56,7,70,117,638,0.46,0.467,0,0.46,0.64,0.483,mackol01
Kyle Macy,23,PHO,NBA,1980-81,82,,1469,272,532,260,481,12,51,107,119,44,88,132,160,76,5,95,120,663,0.511,0.541,0.235,0.523,0.899,0.567,macyky01
Rick Mahorn,22,WSB,NBA,1980-81,52,,696,111,219,111,219,0,0,27,40,67,148,215,25,21,44,38,134,249,0.507,0.507,,0.507,0.675,0.526,mahorri01
Moses Malone,25,HOU,NBA,1980-81,80,,3245,806,1545,805,1542,1,3,609,804,474,706,1180,141,83,150,308,223,2222,0.522,0.522,0.333,0.522,0.757,0.585,malonmo01
Wes Matthews,21,TOT,NBA,1980-81,79,,2266,385,779,380,758,5,21,202,252,46,93,139,411,107,17,261,242,977,0.494,0.501,0.238,0.497,0.802,0.549,matthwe01
Cedric Maxwell,25,BOS,NBA,1980-81,81,81,2730,441,750,441,749,0,1,352,450,222,303,525,219,79,68,180,256,1234,0.588,0.589,0,0.588,0.782,0.651,maxwece01
Scott May,26,CHI,NBA,1980-81,63,,815,165,338,165,338,0,0,113,149,62,93,155,63,35,7,71,83,443,0.488,0.488,,0.488,0.758,0.549,maysc01
Bill Mayfield,23,GSW,NBA,1980-81,7,,54,8,18,8,18,0,0,1,2,7,2,9,1,0,1,3,8,17,0.444,0.444,,0.444,0.5,0.45,mayfibi01
Bob McAdoo,29,TOT,NBA,1980-81,16,,321,68,157,68,156,0,1,29,41,17,50,67,30,17,13,32,38,165,0.433,0.436,0,0.433,0.707,0.471,mcadobo01
Andre McCarter,27,WSB,NBA,1980-81,43,,448,51,135,49,127,2,8,18,24,16,23,39,73,14,0,24,36,122,0.378,0.386,0.25,0.385,0.75,0.419,mccaran01
Keith McCord,23,WSB,NBA,1980-81,2,,9,2,4,2,4,0,0,0,0,1,1,2,1,0,0,2,0,4,0.5,0.5,,0.5,,0.5,mccorke01
Jim McElroy,27,ATL,NBA,1980-81,54,,680,78,202,77,194,1,8,48,59,10,38,48,84,20,9,79,62,205,0.386,0.397,0.125,0.389,0.814,0.45,mcelrji01
George McGinnis,30,IND,NBA,1980-81,69,,1845,348,768,348,761,0,7,207,385,164,364,528,210,99,28,221,242,903,0.453,0.457,0,0.453,0.538,0.482,mcginge01
Kevin McHale,23,BOS,NBA,1980-81,82,1,1645,355,666,355,664,0,2,108,159,155,204,359,55,27,151,110,260,818,0.533,0.535,0,0.533,0.679,0.556,mchalke01
Billy McKinney,25,TOT,NBA,1980-81,84,,2166,327,645,325,633,2,12,162,188,36,148,184,360,99,11,158,231,818,0.507,0.513,0.167,0.509,0.862,0.562,mckinbi01
Tom McMillen,28,ATL,NBA,1980-81,79,,1564,253,519,252,513,1,6,80,108,96,199,295,72,23,25,81,165,587,0.487,0.491,0.167,0.488,0.741,0.518,mcmilto01
John Mengelt,31,GSW,NBA,1980-81,2,,11,0,4,0,4,0,0,0,0,0,0,0,2,0,0,0,0,0,0,0,,0,,0,mengejo01
Joe Meriweather,27,KCK,NBA,1980-81,74,,1514,206,415,206,415,0,0,148,213,126,267,393,77,27,80,125,219,560,0.496,0.496,,0.496,0.695,0.55,meriwjo01
Dick Miller,22,TOT,NBA,1980-81,8,,53,4,9,4,8,0,1,0,0,2,5,7,5,4,0,8,5,8,0.444,0.5,0,0.444,,0.444,milledi01
Mike Mitchell,25,CLE,NBA,1980-81,82,,3194,853,1791,849,1782,4,9,302,385,215,287,502,139,63,52,175,199,2012,0.476,0.476,0.444,0.477,0.784,0.513,mitchmi01
Steve Mix,33,PHI,NBA,1980-81,72,,1327,288,575,288,572,0,3,200,240,105,159,264,114,59,18,88,107,776,0.501,0.503,0,0.501,0.833,0.57,mixst01
Paul Mokeski,24,DET,NBA,1980-81,80,,1815,224,458,224,457,0,1,120,200,141,277,418,135,38,73,160,267,568,0.489,0.49,0,0.489,0.6,0.52,mokespa01
Sidney Moncrief,23,MIL,NBA,1980-81,80,,2417,400,739,398,730,2,9,320,398,186,220,406,264,90,37,145,156,1122,0.541,0.545,0.222,0.543,0.804,0.614,moncrsi01
Johnny Moore,22,SAS,NBA,1980-81,82,,1578,249,520,248,501,1,19,105,172,58,138,196,373,120,22,154,178,604,0.479,0.495,0.053,0.48,0.61,0.507,moorejo01
Lowes Moore,23,NJN,NBA,1980-81,71,,1406,212,478,208,451,4,27,69,92,43,125,168,228,61,17,108,179,497,0.444,0.461,0.148,0.448,0.75,0.479,moorelo01
Calvin Murphy,32,HOU,NBA,1980-81,76,,2014,528,1074,524,1057,4,17,206,215,33,54,87,222,111,6,129,209,1266,0.492,0.496,0.235,0.493,0.958,0.542,murphca01
Swen Nater,31,SDC,NBA,1980-81,82,,2809,517,935,517,935,0,0,244,307,295,722,1017,199,49,46,211,295,1278,0.553,0.553,,0.553,0.795,0.597,natersw01
Calvin Natt,24,POR,NBA,1980-81,74,,2111,395,794,391,786,4,8,200,283,149,282,431,159,73,18,163,188,994,0.497,0.497,0.5,0.5,0.707,0.541,nattca01
Kenny Natt,22,IND,NBA,1980-81,19,,149,25,77,23,69,2,8,7,11,9,6,15,10,5,1,10,18,59,0.325,0.333,0.25,0.338,0.636,0.36,nattke01
Mike Newlin,32,NJN,NBA,1980-81,79,,2911,632,1272,622,1242,10,30,414,466,78,141,219,299,87,9,248,237,1688,0.497,0.501,0.333,0.501,0.888,0.571,newlimi01
Carl Nicks,22,TOT,NBA,1980-81,67,,1109,172,359,172,355,0,4,71,126,37,73,110,149,60,3,116,141,415,0.479,0.485,0,0.479,0.563,0.501,nicksca01
Mike Niles,25,PHO,NBA,1980-81,44,,231,48,138,46,134,2,4,17,37,26,32,58,15,8,1,25,41,115,0.348,0.343,0.5,0.355,0.459,0.373,nilesmi01
Norm Nixon,25,LAL,NBA,1980-81,79,,2962,576,1210,574,1198,2,12,196,252,64,168,232,696,146,11,285,226,1350,0.476,0.479,0.167,0.477,0.778,0.511,nixonno01
Mike O'Koren,22,NJN,NBA,1980-81,79,,2473,365,751,360,733,5,18,135,212,179,299,478,252,86,27,146,243,870,0.486,0.491,0.278,0.489,0.637,0.515,okoremi01
Mark Olberding,24,SAS,NBA,1980-81,82,,2408,348,685,347,678,1,7,315,380,146,325,471,277,75,31,202,307,1012,0.508,0.512,0.143,0.509,0.829,0.594,olberma01
Jawann Oldham,23,DEN,NBA,1980-81,4,,21,2,6,2,6,0,0,0,0,3,2,5,0,0,2,2,3,4,0.333,0.333,,0.333,,0.333,oldhaja01
Louis Orr,22,IND,NBA,1980-81,82,,1787,348,709,348,703,0,6,163,202,172,189,361,132,55,25,123,153,859,0.491,0.495,0,0.491,0.807,0.538,orrlo01
Tom Owens,31,POR,NBA,1980-81,79,,1843,322,630,322,626,0,4,191,250,165,291,456,140,36,47,130,273,835,0.511,0.514,0,0.511,0.764,0.564,owensto01
Robert Parish,27,BOS,NBA,1980-81,82,78,2298,635,1166,635,1165,0,1,282,397,245,532,777,144,81,214,191,310,1552,0.545,0.545,0,0.545,0.71,0.579,parisro01
Sonny Parker,25,GSW,NBA,1980-81,73,,1317,191,388,191,388,0,0,94,128,101,93,194,106,67,13,84,112,476,0.492,0.492,,0.492,0.734,0.536,parkeso01
Myles Patrick,26,LAL,NBA,1980-81,3,,9,2,5,2,5,0,0,1,2,1,1,2,1,0,0,1,3,5,0.4,0.4,,0.4,0.5,0.425,patrimy01
Billy Paultz,32,HOU,NBA,1980-81,81,,1659,262,517,262,514,0,3,75,153,111,280,391,105,28,72,89,182,599,0.507,0.51,0,0.507,0.49,0.513,paultbi01
Jim Paxson,23,POR,NBA,1980-81,79,,2701,585,1092,583,1062,2,30,182,248,74,137,211,299,140,9,131,172,1354,0.536,0.549,0.067,0.537,0.734,0.564,paxsoji02
Sam Pellom,29,ATL,NBA,1980-81,77,,1472,186,380,186,379,0,1,81,116,122,234,356,48,50,92,99,228,453,0.489,0.491,0,0.489,0.698,0.525,pellosa01
Roger Phegley,24,CLE,NBA,1980-81,82,,2269,474,965,466,937,8,28,224,267,90,156,246,184,65,15,165,262,1180,0.491,0.497,0.286,0.495,0.839,0.545,pheglro01
Stan Pietkiewicz,24,TOT,NBA,1980-81,42,,461,57,138,38,90,19,48,11,14,13,29,42,77,15,2,22,28,144,0.413,0.422,0.396,0.482,0.786,0.499,pietkst01
Ben Poquette,25,UTA,NBA,1980-81,82,,2808,324,614,321,608,3,6,126,162,160,469,629,161,67,174,122,342,777,0.528,0.528,0.5,0.53,0.778,0.567,poquebe01
Kevin Porter,30,WSB,NBA,1980-81,81,,2577,446,859,443,847,3,12,191,247,35,89,124,734,110,10,251,257,1086,0.519,0.523,0.25,0.521,0.773,0.561,porteke01
Tony Price,24,SDC,NBA,1980-81,5,,29,2,7,2,7,0,0,0,0,0,0,0,3,2,1,2,3,4,0.286,0.286,,0.286,,0.286,priceto01
Wally Rank,22,SDC,NBA,1980-81,25,,153,21,57,21,57,0,0,13,28,17,13,30,17,7,1,26,33,55,0.368,0.368,,0.368,0.464,0.397,rankwa01
Kelvin Ransey,22,POR,NBA,1980-81,80,,2431,525,1162,522,1131,3,31,164,219,42,153,195,555,88,9,232,201,1217,0.452,0.462,0.097,0.453,0.749,0.484,ranseke01
Clifford Ray,32,GSW,NBA,1980-81,66,,838,64,152,64,152,0,0,29,62,73,144,217,52,24,13,74,194,157,0.421,0.421,,0.421,0.468,0.438,raycl01
James Ray,23,DEN,NBA,1980-81,18,,148,15,49,15,48,0,1,7,10,13,24,37,11,4,4,13,31,37,0.306,0.313,0,0.306,0.7,0.346,rayja01
Billy Reid,23,GSW,NBA,1980-81,59,,597,84,185,84,180,0,5,22,39,27,33,60,71,33,5,78,111,190,0.454,0.467,0,0.454,0.564,0.47,reidbi01
Robert Reid,25,HOU,NBA,1980-81,82,,2963,536,1113,536,1109,0,4,229,303,164,419,583,344,163,66,198,325,1301,0.482,0.483,0,0.482,0.756,0.522,reidro01
Kevin Restani,29,SAS,NBA,1980-81,64,,999,192,369,189,361,3,8,62,88,71,103,174,81,16,14,68,103,449,0.52,0.524,0.375,0.524,0.705,0.551,restake01
Clint Richardson,24,PHI,NBA,1980-81,77,,1313,227,464,227,463,0,1,84,108,83,93,176,152,36,10,110,102,538,0.489,0.49,0,0.489,0.778,0.526,richacl01
Micheal Ray Richardson,25,NYK,NBA,1980-81,79,,3175,523,1116,500,1014,23,102,224,338,173,372,545,627,232,35,302,258,1293,0.469,0.493,0.225,0.479,0.663,0.511,richami01
Anthony Roberts,25,WSB,NBA,1980-81,26,,350,54,144,54,144,0,0,19,29,18,50,68,20,11,0,28,52,127,0.375,0.375,,0.375,0.655,0.405,roberan01
Rick Robey,25,BOS,NBA,1980-81,82,4,1569,298,547,298,546,0,1,144,251,132,258,390,126,38,19,141,204,740,0.545,0.546,0,0.545,0.574,0.563,robeyri01
Cliff Robinson,20,NJN,NBA,1980-81,63,,1822,525,1070,524,1069,1,1,178,248,120,361,481,105,58,52,182,216,1229,0.491,0.49,1,0.491,0.718,0.521,robincl01
Truck Robinson,29,PHO,NBA,1980-81,82,,3088,647,1280,647,1280,0,0,249,396,216,573,789,206,68,38,250,220,1543,0.505,0.505,,0.505,0.629,0.531,robintr01
Wayne Robinson,22,DET,NBA,1980-81,81,,1592,234,509,234,503,0,6,175,240,117,177,294,112,46,24,149,186,643,0.46,0.465,0,0.46,0.729,0.523,robinwa01
Bill Robinzine,28,TOT,NBA,1980-81,78,,2016,392,826,391,820,1,6,218,281,168,365,533,118,75,9,187,275,1003,0.475,0.477,0.167,0.475,0.776,0.528,robinbi01
Dave Robisch,31,TOT,NBA,1980-81,84,,2116,330,740,330,740,0,0,200,247,157,342,499,173,37,34,83,173,860,0.446,0.446,,0.446,0.81,0.507,robisda01
John Roche,31,DEN,NBA,1980-81,26,,611,82,179,73,152,9,27,58,77,5,32,37,140,17,8,52,44,231,0.458,0.48,0.333,0.483,0.753,0.543,rochejo01
Tree Rollins,25,ATL,NBA,1980-81,40,,1044,116,210,116,209,0,1,46,57,102,184,286,35,29,117,57,151,278,0.552,0.555,0,0.552,0.807,0.591,rollitr01
Lorenzo Romar,22,GSW,NBA,1980-81,53,,726,87,211,85,205,2,6,43,63,10,46,56,136,27,3,52,64,219,0.412,0.415,0.333,0.417,0.683,0.459,romarlo01
Dan Roundfield,27,ATL,NBA,1980-81,63,,2128,426,808,426,807,0,1,256,355,231,403,634,161,76,119,178,258,1108,0.527,0.528,0,0.527,0.721,0.575,roundda01
Campy Russell,29,NYK,NBA,1980-81,79,,2865,508,1095,500,1069,8,26,268,343,109,244,353,257,99,8,212,248,1292,0.464,0.468,0.308,0.468,0.781,0.518,russeca02
Frankie Sanders,24,KCK,NBA,1980-81,23,,186,34,77,34,77,0,0,20,22,6,15,21,17,16,1,21,20,88,0.442,0.442,,0.442,0.909,0.508,sandefr01
DeWayne Scales,22,NYK,NBA,1980-81,44,,484,94,225,93,219,1,6,26,39,47,85,132,10,12,4,30,54,215,0.418,0.425,0.167,0.42,0.667,0.444,scalede01
Alvin Scott,25,PHO,NBA,1980-81,82,,1423,173,348,172,342,1,6,97,127,101,167,268,114,60,70,77,124,444,0.497,0.503,0.167,0.499,0.764,0.55,scottal01
Craig Shelton,23,ATL,NBA,1980-81,55,,586,100,219,100,218,0,1,35,58,59,79,138,27,18,5,61,128,235,0.457,0.459,0,0.457,0.603,0.481,sheltcr01
Lonnie Shelton,25,SEA,NBA,1980-81,14,,440,73,174,73,174,0,0,36,55,31,47,78,35,22,3,41,48,182,0.42,0.42,,0.42,0.655,0.459,sheltlo01
Purvis Short,23,GSW,NBA,1980-81,79,,2309,549,1157,546,1140,3,17,168,205,151,240,391,249,78,19,143,244,1269,0.475,0.479,0.176,0.476,0.82,0.509,shortpu01
John Shumate,28,TOT,NBA,1980-81,24,,527,56,131,56,131,0,0,55,76,34,54,88,24,21,9,42,49,167,0.427,0.427,,0.427,0.724,0.508,shumajo01
Jerry Sichting,24,IND,NBA,1980-81,47,,450,34,95,34,90,0,5,25,32,11,32,43,70,23,1,28,38,93,0.358,0.378,0,0.358,0.781,0.426,sichtje01
Jack Sikma,25,SEA,NBA,1980-81,82,,2920,595,1311,595,1306,0,5,340,413,184,668,852,248,78,93,201,282,1530,0.454,0.456,0,0.454,0.823,0.512,sikmaja01
James Silas,31,SAS,NBA,1980-81,75,,2055,476,997,476,995,0,2,374,440,44,187,231,285,51,12,159,129,1326,0.477,0.478,0,0.477,0.85,0.557,silasja01
Larry Smith,23,GSW,NBA,1980-81,82,,2578,304,594,304,594,0,0,177,301,433,561,994,93,70,63,146,316,785,0.512,0.512,,0.512,0.588,0.54,smithla01
Phil Smith,28,SDC,NBA,1980-81,76,,2378,519,1057,515,1039,4,18,237,313,49,107,156,372,84,18,176,231,1279,0.491,0.496,0.222,0.493,0.757,0.535,smithph01
Randy Smith,32,CLE,NBA,1980-81,82,,2199,486,1043,485,1015,1,28,221,271,46,147,193,357,113,14,195,132,1194,0.466,0.478,0.036,0.466,0.815,0.514,smithra01
Robert Smith,25,CLE,NBA,1980-81,1,,20,2,5,2,5,0,0,4,4,1,2,3,3,0,0,3,6,8,0.4,0.4,,0.4,1,0.592,smithro01
Ricky Sobers,28,CHI,NBA,1980-81,71,,1803,355,769,338,703,17,66,231,247,46,98,144,284,98,17,206,225,958,0.462,0.481,0.258,0.473,0.935,0.546,soberri01
Jim Spanarkel,23,DAL,NBA,1980-81,82,,2317,404,866,403,856,1,10,375,423,142,155,297,232,117,20,172,230,1184,0.467,0.471,0.1,0.467,0.887,0.563,spanaji01
Rory Sparrow,22,NJN,NBA,1980-81,15,,212,22,63,22,63,0,0,12,16,7,11,18,32,13,3,18,15,56,0.349,0.349,,0.349,0.75,0.4,sparrro01
John Stroud,23,HOU,NBA,1980-81,9,,88,11,34,11,34,0,0,3,4,7,6,13,9,1,0,4,7,25,0.324,0.324,,0.324,0.75,0.35,stroujo01
Brian Taylor,29,SDC,NBA,1980-81,80,,2312,310,591,266,476,44,115,146,185,58,93,151,440,118,23,111,212,810,0.525,0.559,0.383,0.562,0.789,0.602,taylobr01
Carlos Terry,24,WSB,NBA,1980-81,26,,504,80,160,80,154,0,6,28,42,43,73,116,70,27,13,57,68,188,0.5,0.519,0,0.5,0.667,0.527,terryca01
Reggie Theus,23,CHI,NBA,1980-81,82,,2820,543,1097,525,1007,18,90,445,550,124,163,287,426,122,20,259,258,1549,0.495,0.521,0.2,0.503,0.809,0.578,theusre01
David Thompson,26,DEN,NBA,1980-81,77,,2620,734,1451,724,1412,10,39,489,615,107,180,287,231,53,60,250,231,1967,0.506,0.513,0.256,0.509,0.795,0.571,thompda01
Mychal Thompson,26,POR,NBA,1980-81,79,,2790,569,1151,569,1150,0,1,207,323,223,463,686,284,62,170,241,260,1345,0.494,0.495,0,0.494,0.641,0.52,thompmy01
Rudy Tomjanovich,32,HOU,NBA,1980-81,52,,1264,263,563,251,512,12,51,65,82,78,130,208,81,19,6,58,121,603,0.467,0.49,0.235,0.478,0.793,0.503,tomjaru01
Andrew Toney,23,PHI,NBA,1980-81,75,,1768,399,806,390,777,9,29,161,226,32,111,143,273,59,10,219,234,968,0.495,0.502,0.31,0.501,0.712,0.535,toneyan01
Terry Tyler,24,DET,NBA,1980-81,82,,2549,476,895,476,887,0,8,148,250,198,369,567,136,112,180,163,215,1100,0.532,0.537,0,0.532,0.592,0.547,tylerte01
Wes Unseld,34,WSB,NBA,1980-81,63,,2032,225,429,223,425,2,4,55,86,207,466,673,170,52,36,97,171,507,0.524,0.525,0.5,0.527,0.64,0.543,unselwe01
Ronnie Valentine,23,DEN,NBA,1980-81,24,,123,37,98,36,96,1,2,9,19,10,20,30,7,7,4,16,23,84,0.378,0.375,0.5,0.383,0.474,0.395,valenro01
Jan van Breda Kolff,29,NJN,NBA,1980-81,78,,1426,100,245,98,237,2,8,98,117,48,154,202,129,38,50,108,214,300,0.408,0.414,0.25,0.412,0.838,0.506,vanbrja01
Kiki Vandeweghe,22,DEN,NBA,1980-81,51,,1376,229,537,229,530,0,7,130,159,86,184,270,94,29,24,86,116,588,0.426,0.432,0,0.426,0.818,0.484,vandeki01
Brett Vroman,25,UTA,NBA,1980-81,11,,93,10,27,10,26,0,1,14,19,7,18,25,9,5,5,9,26,34,0.37,0.385,0,0.37,0.737,0.481,vromabr01
Foots Walker,29,NJN,NBA,1980-81,41,,1172,72,169,70,160,2,9,88,111,22,80,102,253,52,1,85,105,234,0.426,0.438,0.222,0.432,0.793,0.537,walkefo01
Wally Walker,26,SEA,NBA,1980-81,82,,1796,290,626,290,623,0,3,109,169,105,210,315,122,53,15,115,168,689,0.463,0.465,0,0.463,0.645,0.492,walkewa01
Lloyd Walton,27,KCK,NBA,1980-81,61,,821,90,218,90,217,0,1,26,33,13,35,48,208,32,2,80,45,206,0.413,0.415,0,0.413,0.788,0.443,waltoll01
Kermit Washington,29,POR,NBA,1980-81,73,,2120,325,571,325,570,0,1,181,288,236,450,686,149,85,86,144,258,831,0.569,0.57,0,0.569,0.628,0.596,washike01
Richard Washington,25,TOT,NBA,1980-81,80,,1812,340,747,339,745,1,2,119,159,158,295,453,129,46,61,129,283,800,0.455,0.455,0.5,0.456,0.748,0.49,washiri01
Marvin Webster,28,NYK,NBA,1980-81,82,,1708,159,341,158,337,1,4,104,163,162,303,465,72,27,97,103,187,423,0.466,0.469,0.25,0.468,0.638,0.512,webstma01
Scott Wedman,28,KCK,NBA,1980-81,81,,2902,685,1437,660,1360,25,77,140,204,128,305,433,226,97,46,161,294,1535,0.477,0.485,0.325,0.485,0.686,0.503,wedmasc01
Paul Westphal,30,SEA,NBA,1980-81,36,,1078,221,500,215,475,6,25,153,184,11,57,68,148,46,14,78,70,601,0.442,0.453,0.24,0.448,0.832,0.517,westppa01
Jo Jo White,34,KCK,NBA,1980-81,13,,236,36,82,36,82,0,0,11,18,3,18,21,37,11,1,18,21,83,0.439,0.439,,0.439,0.611,0.462,whitejo01
Rudy White,27,TOT,NBA,1980-81,16,,208,23,65,23,64,0,1,15,16,1,10,11,20,9,1,12,23,61,0.354,0.359,0,0.354,0.938,0.423,whiteru01
Jerome Whitehead,24,TOT,NBA,1980-81,48,,688,83,180,83,179,0,1,28,56,58,156,214,26,20,9,56,122,194,0.461,0.464,0,0.461,0.5,0.474,whiteje01
Hawkeye Whitney,23,KCK,NBA,1980-81,47,,782,149,306,147,300,2,6,50,65,29,77,106,68,47,6,48,98,350,0.487,0.49,0.333,0.49,0.769,0.523,whitnha02
Sidney Wicks,31,SDC,NBA,1980-81,49,,1083,125,286,125,285,0,1,76,150,79,144,223,111,40,40,94,168,326,0.437,0.439,0,0.437,0.507,0.463,wickssi01
Michael Wiley,23,SAS,NBA,1980-81,33,,271,76,138,76,136,0,2,36,48,22,42,64,11,8,6,28,38,188,0.551,0.559,0,0.551,0.75,0.591,wileymi01
Bob Wilkerson,26,CHI,NBA,1980-81,80,,2238,330,715,329,705,1,10,137,163,86,196,282,272,102,23,175,170,798,0.462,0.467,0.1,0.462,0.84,0.507,wilkebo01
Jamaal Wilkes,27,LAL,NBA,1980-81,81,,3028,786,1495,785,1482,1,13,254,335,146,289,435,235,121,29,207,223,1827,0.526,0.53,0.077,0.526,0.758,0.556,wilkeja01
James Wilkes,22,CHI,NBA,1980-81,48,,540,85,184,85,183,0,1,29,42,36,60,96,30,25,12,34,86,199,0.462,0.464,0,0.462,0.69,0.491,wilkeja02
Jeff Wilkins,25,UTA,NBA,1980-81,56,,1058,117,260,117,260,0,0,27,40,62,212,274,40,32,46,59,169,261,0.45,0.45,,0.45,0.675,0.47,wilkije01
Freeman Williams,24,SDC,NBA,1980-81,82,,1976,642,1381,594,1240,48,141,253,297,75,54,129,164,91,5,166,157,1585,0.465,0.479,0.34,0.482,0.852,0.524,willifr01
Ray Williams,26,NYK,NBA,1980-81,79,,2742,616,1335,600,1267,16,68,312,382,122,199,321,432,185,37,235,270,1560,0.461,0.474,0.235,0.467,0.817,0.519,willira01
Sly Williams,23,NYK,NBA,1980-81,67,,1976,349,708,347,700,2,8,185,268,159,257,416,180,116,18,141,199,885,0.493,0.496,0.25,0.494,0.69,0.536,willisl01
John Williamson,29,WSB,NBA,1980-81,9,,112,18,56,17,50,1,6,5,6,0,7,7,17,4,1,12,13,42,0.321,0.34,0.167,0.33,0.833,0.358,willijo01
Bill Willoughby,23,HOU,NBA,1980-81,55,,1145,150,287,150,287,0,0,49,64,74,153,227,64,18,31,74,102,349,0.523,0.523,,0.523,0.766,0.554,willobi01
Brian Winters,28,MIL,NBA,1980-81,69,,1771,331,697,313,646,18,51,119,137,32,108,140,229,70,10,136,185,799,0.475,0.485,0.353,0.488,0.869,0.528,wintebr01
Mike Woodson,22,NYK,NBA,1980-81,81,,949,165,373,164,368,1,5,49,64,33,64,97,75,36,12,54,95,380,0.442,0.446,0.2,0.444,0.766,0.474,woodsmi01
Sam Worthen,23,CHI,NBA,1980-81,64,,945,95,192,95,188,0,4,45,60,22,93,115,115,57,6,91,115,235,0.495,0.505,0,0.495,0.75,0.538,worthsa01
Larry Wright,26,DET,NBA,1980-81,45,,997,140,303,138,296,2,7,53,66,26,62,88,153,42,7,74,114,335,0.462,0.466,0.286,0.465,0.803,0.504,wrighla01
Kareem Abdul-Jabbar,34,LAL,NBA,1981-82,76,76,2677,753,1301,753,1298,0,3,312,442,172,487,659,225,63,207,230,224,1818,0.579,0.58,0,0.579,0.706,0.608,abdulka01
Alvan Adams,27,PHO,NBA,1981-82,79,75,2393,507,1027,507,1026,0,1,182,233,138,448,586,356,114,78,196,269,1196,0.494,0.494,0,0.494,0.781,0.529,adamsal01
Mark Aguirre,22,DAL,NBA,1981-82,51,20,1468,381,820,356,749,25,71,168,247,89,160,249,164,37,22,135,152,955,0.465,0.475,0.352,0.48,0.68,0.514,aguirma01
Danny Ainge,22,BOS,NBA,1981-82,53,1,564,79,221,74,204,5,17,56,65,25,31,56,87,37,3,53,86,219,0.357,0.363,0.294,0.369,0.862,0.439,aingeda01
Tiny Archibald,33,BOS,NBA,1981-82,68,51,2167,308,652,302,636,6,16,236,316,25,91,116,541,52,3,178,131,858,0.472,0.475,0.375,0.477,0.747,0.542,architi01
Dennis Awtrey,33,POR,NBA,1981-82,10,3,121,5,15,5,15,0,0,5,9,7,7,14,8,1,2,6,28,15,0.333,0.333,,0.333,0.556,0.396,awtrede01
Carl Bailey,23,POR,NBA,1981-82,1,0,7,1,1,1,1,0,0,0,0,0,0,0,0,0,0,2,2,2,1,1,,1,,1,baileca01
James Bailey,24,TOT,NBA,1981-82,77,0,1468,261,505,261,505,0,0,137,224,127,264,391,65,42,83,139,270,659,0.517,0.517,,0.517,0.612,0.546,baileja01
Greg Ballard,27,WSB,NBA,1981-82,79,79,2946,621,1307,612,1285,9,22,235,283,136,497,633,250,137,22,119,204,1486,0.475,0.476,0.409,0.479,0.83,0.519,ballagr01
Gene Banks,22,SAS,NBA,1981-82,80,4,1700,311,652,311,644,0,8,145,212,157,254,411,147,55,17,106,199,767,0.477,0.483,0,0.477,0.684,0.515,banksge01
Mike Bantom,30,TOT,NBA,1981-82,82,38,2016,334,712,332,706,2,6,168,267,174,266,440,114,63,61,149,272,838,0.469,0.47,0.333,0.471,0.629,0.505,bantomi01
Billy Ray Bates,25,POR,NBA,1981-82,75,0,1229,327,692,315,651,12,41,166,211,53,55,108,111,41,5,93,100,832,0.473,0.484,0.293,0.481,0.787,0.53,batesbi01
Mel Bennett,27,CLE,NBA,1981-82,3,0,23,2,4,2,4,0,0,1,6,1,2,3,0,1,0,4,2,5,0.5,0.5,,0.5,0.167,0.377,benneme01
Kent Benson,27,DET,NBA,1981-82,75,72,2467,405,802,402,791,3,11,127,158,219,434,653,159,66,98,160,214,940,0.505,0.508,0.273,0.507,0.804,0.539,bensoke01
Larry Bird,25,BOS,NBA,1981-82,77,58,2923,711,1414,700,1362,11,52,328,380,200,637,837,447,143,66,254,244,1761,0.503,0.514,0.212,0.507,0.863,0.557,birdla01
Otis Birdsong,26,NJN,NBA,1981-82,37,22,1025,225,480,225,470,0,10,74,127,30,67,97,124,30,5,64,74,524,0.469,0.479,0,0.469,0.583,0.489,birdsot01
Rolando Blackman,22,DAL,NBA,1981-82,82,16,1979,439,855,438,851,1,4,212,276,97,157,254,105,46,30,113,122,1091,0.513,0.515,0.25,0.514,0.768,0.559,blackro01
Ray Blume,23,CHI,NBA,1981-82,49,2,546,102,222,98,204,4,18,18,28,14,27,41,68,23,2,54,57,226,0.459,0.48,0.222,0.468,0.643,0.482,blumera01
Alex Bradley,22,NYK,NBA,1981-82,39,0,331,54,103,54,102,0,1,29,48,31,34,65,11,12,5,28,37,137,0.524,0.529,0,0.524,0.604,0.552,bradlal02
Charles Bradley,22,BOS,NBA,1981-82,51,1,339,55,122,55,121,0,1,42,62,12,26,38,22,14,6,37,61,152,0.451,0.455,0,0.451,0.677,0.509,bradlch01
Dudley Bradley,24,PHO,NBA,1981-82,64,3,937,125,281,124,277,1,4,74,100,30,57,87,80,78,10,71,115,325,0.445,0.448,0.25,0.447,0.74,0.5,bradldu01
Brad Branson,23,CLE,NBA,1981-82,10,3,176,21,52,21,52,0,0,11,12,14,19,33,6,5,4,13,17,53,0.404,0.404,,0.404,0.917,0.463,bransbr01
Mike Bratz,26,SAS,NBA,1981-82,81,3,1616,230,565,184,427,46,138,119,152,40,126,166,438,65,11,139,183,625,0.407,0.431,0.333,0.448,0.783,0.495,bratzmi01
Jim Brewer,30,LAL,NBA,1981-82,71,9,966,81,175,80,169,1,6,7,19,106,158,264,42,39,46,37,127,170,0.463,0.473,0.167,0.466,0.368,0.464,breweji01
Ron Brewer,26,TOT,NBA,1981-82,72,45,2319,569,1194,561,1163,8,31,211,260,55,106,161,188,82,30,125,151,1357,0.477,0.482,0.258,0.48,0.812,0.519,brewero01
Junior Bridgeman,28,MIL,NBA,1981-82,41,4,924,209,433,205,424,4,9,89,103,37,88,125,109,28,3,64,91,511,0.483,0.483,0.444,0.487,0.864,0.534,bridgju01
Allan Bristow,30,DAL,NBA,1981-82,82,54,2035,218,499,215,481,3,18,134,164,119,220,339,448,65,6,165,222,573,0.437,0.447,0.167,0.44,0.817,0.502,bristal01
Jim Brogan,23,SDC,NBA,1981-82,63,19,1027,165,364,156,332,9,32,61,84,61,59,120,156,49,13,83,123,400,0.453,0.47,0.281,0.466,0.726,0.499,brogaji01
Michael Brooks,23,SDC,NBA,1981-82,82,73,2750,537,1066,537,1059,0,7,202,267,207,417,624,236,113,39,197,285,1276,0.504,0.507,0,0.504,0.757,0.539,brookmi01
Fred Brown,33,SEA,NBA,1981-82,82,2,1785,393,863,368,786,25,77,111,129,42,98,140,238,69,4,96,111,922,0.455,0.468,0.325,0.47,0.86,0.501,brownfr01
Rickey Brown,23,GSW,NBA,1981-82,82,11,1260,192,418,192,418,0,0,86,122,136,228,364,19,36,29,84,243,470,0.459,0.459,,0.459,0.705,0.498,brownri01
Joe Bryant,27,SDC,NBA,1981-82,75,49,1988,341,701,333,671,8,30,194,247,79,195,274,189,78,29,183,250,884,0.486,0.496,0.267,0.492,0.785,0.546,bryanjo01
Quinn Buckner,27,MIL,NBA,1981-82,70,70,2156,396,822,392,807,4,15,110,168,77,173,250,328,174,3,180,218,906,0.482,0.486,0.267,0.484,0.655,0.506,bucknqu01
Roger Burkman,23,CHI,NBA,1981-82,6,0,30,0,4,0,3,0,1,5,6,2,4,6,5,6,2,3,6,5,0,0,0,0,0.833,0.377,burkmro01
David Burns,23,TOT,NBA,1981-82,9,1,87,7,16,7,16,0,0,9,15,1,4,5,15,3,0,13,17,23,0.438,0.438,,0.438,0.6,0.509,burnsda01
Don Buse,31,IND,NBA,1981-82,82,78,2529,312,685,239,496,73,189,100,123,46,177,223,407,164,27,95,176,797,0.455,0.482,0.386,0.509,0.813,0.539,busedo01
Kenny Carr,26,TOT,NBA,1981-82,74,48,1926,348,692,347,682,1,10,198,302,167,364,531,86,64,22,152,249,895,0.503,0.509,0.1,0.504,0.656,0.543,carrke01
M.L. Carr,31,BOS,NBA,1981-82,56,27,1296,184,409,179,392,5,17,82,116,56,94,150,128,67,21,63,136,455,0.45,0.457,0.294,0.456,0.707,0.495,carrml01
Joe Barry Carroll,23,GSW,NBA,1981-82,76,75,2627,527,1016,527,1015,0,1,235,323,210,423,633,64,64,127,206,265,1289,0.519,0.519,0,0.519,0.728,0.557,carrojo01
Butch Carter,23,IND,NBA,1981-82,75,0,1035,188,402,180,377,8,25,58,70,30,49,79,60,34,11,54,110,442,0.468,0.477,0.32,0.478,0.829,0.511,cartebu01
Reggie Carter,24,NYK,NBA,1981-82,75,1,923,119,280,119,280,0,0,64,80,35,60,95,130,36,6,78,124,302,0.425,0.425,,0.425,0.8,0.479,cartere01
Bill Cartwright,24,NYK,NBA,1981-82,72,50,2060,390,694,390,694,0,0,257,337,116,305,421,87,48,65,166,208,1037,0.562,0.562,,0.562,0.763,0.616,cartwbi01
Harvey Catchings,30,MIL,NBA,1981-82,80,9,1603,94,224,94,224,0,0,41,69,129,227,356,97,42,134,94,237,229,0.42,0.42,,0.42,0.594,0.45,catchha01
Bobby Cattage,23,UTA,NBA,1981-82,49,0,337,60,135,60,133,0,2,30,41,22,51,73,7,7,0,18,58,150,0.444,0.451,0,0.444,0.732,0.49,cattabo01
Tom Chambers,22,SDC,NBA,1981-82,81,58,2682,554,1056,554,1054,0,2,284,458,211,350,561,146,58,46,220,341,1392,0.525,0.526,0,0.525,0.62,0.553,chambto01
Maurice Cheeks,25,PHI,NBA,1981-82,79,79,2498,352,676,346,654,6,22,171,220,51,197,248,667,209,33,184,247,881,0.521,0.529,0.273,0.525,0.777,0.57,cheekma01
Jim Chones,32,WSB,NBA,1981-82,59,13,867,74,171,74,171,0,0,36,46,39,146,185,64,15,32,41,114,184,0.433,0.433,,0.433,0.783,0.481,choneji01
Don Collins,23,WSB,NBA,1981-82,79,18,1609,334,653,333,641,1,12,121,169,101,95,196,148,89,24,135,195,790,0.511,0.52,0.083,0.512,0.716,0.543,collido02
Darwin Cook,23,NJN,NBA,1981-82,82,17,2090,387,803,380,772,7,31,118,162,52,103,155,319,146,24,175,196,899,0.482,0.492,0.226,0.486,0.728,0.514,cookda01
Jeff Cook,25,PHO,NBA,1981-82,76,22,1298,151,358,151,356,0,2,89,134,112,189,301,100,37,23,80,174,391,0.422,0.424,0,0.422,0.664,0.469,cookje01
Joe Cooper,24,NJN,NBA,1981-82,1,0,11,1,2,1,2,0,0,0,0,1,1,2,0,0,0,1,2,2,0.5,0.5,,0.5,,0.5,coopejo01
Michael Cooper,25,LAL,NBA,1981-82,76,14,2197,383,741,381,724,2,17,139,171,84,185,269,230,120,61,151,216,907,0.517,0.526,0.118,0.518,0.813,0.556,coopemi01
Wayne Cooper,25,DAL,NBA,1981-82,76,38,1818,281,669,280,661,1,8,119,160,200,350,550,115,37,106,88,285,682,0.42,0.424,0.125,0.421,0.744,0.461,coopewa01
Hollis Copeland,26,NYK,NBA,1981-82,18,0,118,16,38,16,38,0,0,5,6,3,2,5,9,4,2,4,19,37,0.421,0.421,,0.421,0.833,0.455,copelho01
Dave Corzine,25,SAS,NBA,1981-82,82,21,2189,336,648,335,644,1,4,159,213,211,418,629,130,33,126,139,235,832,0.519,0.52,0.25,0.519,0.746,0.561,corzida01
Charlie Criss,33,TOT,NBA,1981-82,55,20,1392,222,498,212,469,10,29,141,159,13,69,82,187,44,6,82,96,595,0.446,0.452,0.345,0.456,0.887,0.524,crissch01
Geoff Crompton,26,MIL,NBA,1981-82,35,1,203,11,32,11,32,0,0,6,15,10,31,41,13,6,12,17,39,28,0.344,0.344,,0.344,0.4,0.363,crompge01
Pat Cummings,25,MIL,NBA,1981-82,78,7,1132,219,430,219,428,0,2,67,91,61,184,245,99,22,9,108,227,505,0.509,0.512,0,0.509,0.736,0.537,cummipa01
Earl Cureton,24,PHI,NBA,1981-82,66,8,956,149,306,149,304,0,2,51,94,90,180,270,32,31,27,44,142,349,0.487,0.49,0,0.487,0.543,0.502,curetea01
Bob Dandridge,34,MIL,NBA,1981-82,11,0,174,21,55,21,55,0,0,10,17,4,13,17,13,5,2,11,25,52,0.382,0.382,,0.382,0.588,0.416,dandrbo01
Adrian Dantley,25,UTA,NBA,1981-82,81,81,3222,904,1586,903,1583,1,3,648,818,231,283,514,324,95,14,299,252,2457,0.57,0.57,0.333,0.57,0.792,0.631,dantlad01
Brad Davis,26,DAL,NBA,1981-82,82,82,2614,397,771,383,722,14,49,185,230,35,191,226,509,73,6,159,218,993,0.515,0.53,0.286,0.524,0.804,0.569,davisbr01
Charles Davis,23,WSB,NBA,1981-82,54,10,575,88,184,88,182,0,2,30,37,54,79,133,31,10,13,43,89,206,0.478,0.484,0,0.478,0.811,0.514,davisch02
Johnny Davis,26,IND,NBA,1981-82,82,70,2664,538,1153,533,1126,5,27,315,394,72,106,178,346,76,11,186,176,1396,0.467,0.473,0.185,0.469,0.799,0.526,davisjo01
Ron Davis,27,SDC,NBA,1981-82,7,0,67,10,25,10,25,0,0,3,6,7,6,13,4,0,0,5,8,23,0.4,0.4,,0.4,0.5,0.416,davisro01
Walter Davis,27,PHO,NBA,1981-82,55,12,1182,350,669,347,653,3,16,91,111,21,82,103,162,46,3,112,104,794,0.523,0.531,0.188,0.525,0.82,0.553,daviswa03
Darryl Dawkins,25,PHI,NBA,1981-82,48,36,1124,207,367,207,365,0,2,114,164,68,237,305,55,19,55,96,193,528,0.564,0.567,0,0.564,0.695,0.601,dawkida01
Larry Demic,24,NYK,NBA,1981-82,48,0,356,39,83,39,82,0,1,14,39,29,50,79,14,4,6,26,65,92,0.47,0.476,0,0.47,0.359,0.459,demicla01
Kenny Dennard,23,KCK,NBA,1981-82,30,3,607,62,121,62,121,0,0,26,40,47,86,133,42,35,8,35,81,150,0.512,0.512,,0.512,0.65,0.541,dennake01
Coby Dietrick,33,CHI,NBA,1981-82,74,0,999,92,200,92,199,0,1,38,54,63,125,188,87,49,30,44,131,222,0.46,0.462,0,0.46,0.704,0.496,dietrco01
Mickey Dillard,23,CLE,NBA,1981-82,33,0,221,29,79,29,75,0,4,15,23,6,9,15,34,8,2,17,40,73,0.367,0.387,0,0.367,0.652,0.41,dillami01
James Donaldson,24,SEA,NBA,1981-82,82,1,1710,255,419,255,419,0,0,151,240,138,352,490,51,27,139,115,186,661,0.609,0.609,,0.609,0.629,0.63,donalja01
John Douglas,25,SDC,NBA,1981-82,64,9,1031,181,389,163,330,18,59,67,102,27,63,90,146,48,9,92,147,447,0.465,0.494,0.305,0.488,0.657,0.515,dougljo01
Leon Douglas,27,KCK,NBA,1981-82,63,17,1093,70,140,70,140,0,0,32,80,111,179,290,35,15,38,55,210,172,0.5,0.5,,0.5,0.4,0.491,douglle01
John Drew,27,ATL,NBA,1981-82,70,51,2040,465,957,461,945,4,12,364,491,169,206,375,96,64,3,178,250,1298,0.486,0.488,0.333,0.488,0.741,0.553,drewjo01
Larry Drew,23,KCK,NBA,1981-82,81,19,1973,358,757,350,730,8,27,150,189,30,119,149,419,110,1,174,150,874,0.473,0.479,0.296,0.478,0.794,0.52,drewla01
Terry Duerod,25,BOS,NBA,1981-82,21,0,146,34,77,34,76,0,1,4,12,6,9,15,12,3,1,2,9,72,0.442,0.447,0,0.442,0.333,0.438,duerote01
Mike Dunleavy,27,HOU,NBA,1981-82,70,15,1315,206,450,173,364,33,86,75,106,24,80,104,227,45,3,80,161,520,0.458,0.475,0.384,0.494,0.708,0.524,dunlemi01
T.R. Dunn,26,DEN,NBA,1981-82,82,80,2519,258,504,258,503,0,1,153,215,211,348,559,188,135,36,123,210,669,0.512,0.513,0,0.512,0.712,0.559,dunntr01
John Duren,23,UTA,NBA,1981-82,79,9,1056,121,268,118,257,3,11,27,37,14,70,84,157,20,4,72,143,272,0.451,0.459,0.273,0.457,0.73,0.478,durenjo01
Craig Dykema,22,PHO,NBA,1981-82,32,0,103,17,37,15,33,2,4,7,9,3,9,12,15,2,0,7,19,43,0.459,0.455,0.5,0.486,0.778,0.525,dykemcr01
Franklin Edwards,22,PHI,NBA,1981-82,42,3,291,65,150,65,141,0,9,20,27,10,17,27,45,16,5,24,37,150,0.433,0.461,0,0.433,0.741,0.463,edwarfr01
James Edwards,26,CLE,NBA,1981-82,77,75,2539,528,1033,528,1029,0,4,232,339,189,392,581,123,24,117,162,347,1288,0.511,0.513,0,0.511,0.684,0.545,edwarja01
Len Elmore,29,NJN,NBA,1981-82,81,70,2100,300,652,300,652,0,0,135,170,167,274,441,100,92,92,136,280,735,0.46,0.46,,0.46,0.794,0.506,elmorle01
Alex English,28,DEN,NBA,1981-82,82,82,3015,855,1553,855,1545,0,8,372,443,210,348,558,433,87,120,261,261,2082,0.551,0.553,0,0.551,0.84,0.596,englial01
Julius Erving,31,PHI,NBA,1981-82,81,81,2789,780,1428,777,1417,3,11,411,539,220,337,557,319,161,141,214,229,1974,0.546,0.548,0.273,0.547,0.763,0.593,ervinju01
Mike Evans,26,TOT,NBA,1981-82,22,0,270,35,86,35,80,0,6,13,20,5,17,22,42,13,0,26,36,83,0.407,0.438,0,0.407,0.65,0.438,evansmi01
Eric Fernsten,28,BOS,NBA,1981-82,43,0,202,19,49,19,49,0,0,19,30,12,30,42,8,5,7,13,23,57,0.388,0.388,,0.388,0.633,0.458,fernser01
Chris Ford,33,BOS,NBA,1981-82,76,53,1591,188,450,168,387,20,63,39,56,52,56,108,142,42,10,52,143,435,0.418,0.434,0.317,0.44,0.696,0.458,fordch01
Don Ford,29,CLE,NBA,1981-82,21,1,201,9,24,9,23,0,1,5,6,14,21,35,11,8,0,15,30,23,0.375,0.391,0,0.375,0.833,0.432,forddo01
Phil Ford,25,KCK,NBA,1981-82,72,65,1952,285,649,278,617,7,32,136,166,24,81,105,451,63,1,194,160,713,0.439,0.451,0.219,0.445,0.819,0.494,fordph01
World B. Free,28,GSW,NBA,1981-82,78,78,2796,650,1452,640,1396,10,56,479,647,118,130,248,419,71,8,208,222,1789,0.448,0.458,0.179,0.451,0.74,0.515,freewo01
Mike Gale,31,GSW,NBA,1981-82,75,70,1793,185,373,185,368,0,5,51,65,37,152,189,261,121,28,126,173,421,0.496,0.503,0,0.496,0.785,0.524,galemi01
Calvin Garrett,25,HOU,NBA,1981-82,51,22,858,105,242,102,232,3,10,17,26,27,67,94,76,32,6,38,94,230,0.434,0.44,0.3,0.44,0.654,0.454,garreca01
George Gervin,29,SAS,NBA,1981-82,79,79,2817,993,1987,983,1951,10,36,555,642,138,254,392,187,77,45,210,215,2551,0.5,0.504,0.278,0.502,0.864,0.562,gervige01
Artis Gilmore,32,CHI,NBA,1981-82,82,82,2796,546,837,545,836,1,1,424,552,224,611,835,136,49,220,227,287,1517,0.652,0.652,1,0.653,0.768,0.702,gilmoar01
Mike Glenn,26,ATL,NBA,1981-82,49,0,833,158,291,157,289,1,2,59,67,5,56,61,87,26,3,27,80,376,0.543,0.543,0.5,0.545,0.881,0.587,glennmi01
Mike Gminski,22,NJN,NBA,1981-82,64,6,740,119,270,119,270,0,0,97,118,70,116,186,41,17,48,56,69,335,0.441,0.441,,0.441,0.822,0.52,gminsmi01
Glen Gondrezick,26,DEN,NBA,1981-82,80,0,1699,250,495,250,492,0,3,160,217,140,283,423,152,92,36,100,229,660,0.505,0.508,0,0.505,0.737,0.559,gondrgl01
Rickey Green,27,UTA,NBA,1981-82,81,73,2822,500,1015,500,1007,0,8,202,264,85,158,243,630,185,9,198,183,1202,0.493,0.497,0,0.493,0.765,0.531,greenri01
Dave Greenwood,24,CHI,NBA,1981-82,82,82,2914,480,1014,480,1011,0,3,240,291,192,594,786,262,70,93,180,292,1200,0.473,0.475,0,0.473,0.825,0.525,greenda01
Kevin Grevey,28,WSB,NBA,1981-82,71,62,2164,376,857,348,775,28,82,165,193,57,138,195,149,44,23,96,151,945,0.439,0.449,0.341,0.455,0.855,0.502,greveke01
Paul Griffin,28,SAS,NBA,1981-82,23,0,459,32,66,32,66,0,0,24,37,29,66,95,54,20,8,40,67,88,0.485,0.485,,0.485,0.649,0.535,griffpa01
Darrell Griffith,23,UTA,NBA,1981-82,80,79,2597,689,1429,674,1377,15,52,189,271,128,177,305,187,95,34,193,213,1582,0.482,0.489,0.288,0.487,0.697,0.511,griffda01
Bob Gross,28,POR,NBA,1981-82,59,24,1377,173,322,170,316,3,6,78,104,101,158,259,125,75,41,88,162,427,0.537,0.538,0.5,0.542,0.75,0.581,grossbo01
Ernie Grunfeld,26,KCK,NBA,1981-82,81,11,1892,420,822,418,808,2,14,188,229,55,127,182,276,72,39,148,191,1030,0.511,0.517,0.143,0.512,0.821,0.558,grunfer01
Petur Gudmundsson,23,POR,NBA,1981-82,68,6,845,83,166,82,165,1,1,52,76,51,135,186,59,13,30,73,163,219,0.5,0.497,1,0.503,0.684,0.549,gudmupe01
Glenn Hagan,26,DET,NBA,1981-82,4,0,25,3,7,3,7,0,0,1,1,2,2,4,8,3,0,1,7,7,0.429,0.429,,0.429,1,0.47,hagangl01
Bill Hanzlik,24,SEA,NBA,1981-82,81,76,1974,167,357,167,353,0,4,138,176,99,167,266,183,81,30,106,250,472,0.468,0.473,0,0.468,0.784,0.543,hanzlbi01
Alan Hardy,24,DET,NBA,1981-82,38,0,310,62,136,62,131,0,5,18,29,14,20,34,20,9,4,20,32,142,0.456,0.473,0,0.456,0.621,0.477,hardyal01
James Hardy,25,UTA,NBA,1981-82,82,17,1814,179,369,179,368,0,1,64,93,153,317,470,110,58,67,78,192,422,0.485,0.486,0,0.485,0.688,0.515,hardyja01
Mike Harper,24,POR,NBA,1981-82,68,38,1433,184,370,184,369,0,1,96,153,127,212,339,54,55,82,92,229,464,0.497,0.499,0,0.497,0.627,0.531,harpemi01
Joe Hassett,26,GSW,NBA,1981-82,68,2,787,144,382,73,168,71,214,31,37,13,40,53,104,30,3,36,94,390,0.377,0.435,0.332,0.47,0.838,0.49,hassejo01
Steve Hawes,31,ATL,NBA,1981-82,49,42,1317,178,370,174,360,4,10,96,126,89,231,320,142,36,34,87,156,456,0.481,0.483,0.4,0.486,0.762,0.536,hawesst01
Elvin Hayes,36,HOU,NBA,1981-82,82,82,3032,519,1100,519,1095,0,5,280,422,267,480,747,144,62,104,208,287,1318,0.472,0.474,0,0.472,0.664,0.513,hayesel01
Steve Hayes,26,TOT,NBA,1981-82,35,0,487,54,111,54,111,0,0,32,53,39,78,117,28,4,20,19,71,140,0.486,0.486,,0.486,0.604,0.521,hayesst01
Spencer Haywood,32,WSB,NBA,1981-82,76,63,2086,395,829,395,826,0,3,219,260,144,278,422,64,45,68,175,249,1009,0.476,0.478,0,0.476,0.842,0.535,haywosp01
Gerald Henderson,26,BOS,NBA,1981-82,82,31,1844,353,705,351,693,2,12,125,172,47,105,152,252,82,11,150,199,833,0.501,0.506,0.167,0.502,0.727,0.534,hendege01
Tom Henderson,30,HOU,NBA,1981-82,75,23,1721,183,403,183,401,0,2,105,150,33,105,138,306,55,7,105,120,471,0.454,0.456,0,0.454,0.7,0.502,hendeto01
Keith Herron,25,CLE,NBA,1981-82,30,0,269,39,106,39,105,0,1,7,8,10,11,21,23,8,2,12,25,85,0.368,0.371,0,0.368,0.875,0.388,herroke01
Kenny Higgs,27,DEN,NBA,1981-82,76,49,1696,202,468,198,447,4,21,161,197,23,121,144,395,72,6,156,263,569,0.432,0.443,0.19,0.436,0.817,0.513,higgske01
Armond Hill,28,TOT,NBA,1981-82,40,18,723,53,126,53,124,0,2,39,55,12,40,52,106,21,5,66,88,145,0.421,0.427,0,0.421,0.709,0.483,hillar01
Brad Holland,25,TOT,NBA,1981-82,14,3,194,27,78,27,75,0,3,3,6,6,7,13,18,11,1,8,13,57,0.346,0.36,0,0.346,0.5,0.353,hollabr01
Lionel Hollins,28,PHI,NBA,1981-82,81,81,2257,380,797,378,781,2,16,132,188,35,152,187,316,103,20,146,198,894,0.477,0.484,0.125,0.478,0.702,0.508,hollili01
Cedrick Hordges,25,DEN,NBA,1981-82,77,1,1372,204,414,201,401,3,13,116,199,119,276,395,65,26,19,111,230,527,0.493,0.501,0.231,0.496,0.583,0.525,hordgce01
Phil Hubbard,25,TOT,NBA,1981-82,83,40,1839,326,665,326,661,0,4,191,280,187,286,473,91,65,19,161,292,843,0.49,0.493,0,0.49,0.682,0.535,hubbaph01
Geoff Huston,24,CLE,NBA,1981-82,78,43,2409,325,672,322,662,3,10,153,200,53,97,150,590,70,11,171,169,806,0.484,0.486,0.3,0.486,0.765,0.53,hustoge01
Dan Issel,33,DEN,NBA,1981-82,81,81,2472,651,1236,647,1230,4,6,546,655,174,434,608,179,67,55,169,245,1852,0.527,0.526,0.667,0.528,0.834,0.608,isselda01
Tracy Jackson,22,TOT,NBA,1981-82,49,0,478,79,172,79,172,0,0,38,49,35,28,63,27,14,3,24,48,196,0.459,0.459,,0.459,0.776,0.506,jackstr01
Clay Johnson,25,LAL,NBA,1981-82,7,0,65,11,20,11,20,0,0,3,6,8,4,12,7,3,3,7,13,25,0.55,0.55,,0.55,0.5,0.552,johnscl02
Clemon Johnson,25,IND,NBA,1981-82,79,42,1979,312,641,312,641,0,0,123,189,184,387,571,127,60,112,138,241,747,0.487,0.487,,0.487,0.651,0.516,johnscl01
Dennis Johnson,27,PHO,NBA,1981-82,80,77,2937,577,1228,569,1186,8,42,399,495,142,268,410,369,105,55,233,253,1561,0.47,0.48,0.19,0.473,0.806,0.54,johnsde01
Eddie Johnson,22,KCK,NBA,1981-82,74,27,1517,295,643,294,632,1,11,99,149,128,194,322,109,50,14,97,210,690,0.459,0.465,0.091,0.46,0.664,0.487,johnsed03
Eddie Johnson,26,ATL,NBA,1981-82,68,57,2314,455,1011,448,981,7,30,294,385,63,128,191,358,102,16,186,188,1211,0.45,0.457,0.233,0.454,0.764,0.513,johnsed02
Frank Johnson,23,WSB,NBA,1981-82,79,29,2027,336,812,319,733,17,79,153,204,34,113,147,380,76,7,160,196,842,0.414,0.435,0.215,0.424,0.75,0.467,johnsfr01
George Johnson,33,SAS,NBA,1981-82,75,62,1578,91,195,91,195,0,0,43,64,152,302,454,79,20,234,92,259,225,0.467,0.467,,0.467,0.672,0.504,johnsge02
George Johnson,25,IND,NBA,1981-82,59,4,720,120,291,120,289,0,2,60,80,72,145,217,40,36,25,68,147,300,0.412,0.415,0,0.412,0.75,0.46,johnsge03
John Johnson,34,SEA,NBA,1981-82,14,1,187,22,45,22,45,0,0,15,20,3,15,18,29,4,3,17,20,59,0.489,0.489,,0.489,0.75,0.548,johnsjo01
Magic Johnson,22,LAL,NBA,1981-82,78,77,2991,556,1036,550,1007,6,29,329,433,252,499,751,743,208,34,286,223,1447,0.537,0.546,0.207,0.54,0.76,0.59,johnsma02
Marques Johnson,25,MIL,NBA,1981-82,60,52,1900,404,760,404,756,0,4,182,260,153,211,364,213,59,35,145,142,990,0.532,0.534,0,0.532,0.7,0.566,johnsma01
Mickey Johnson,29,MIL,NBA,1981-82,76,71,1934,372,757,371,750,1,7,233,291,133,321,454,215,72,45,191,240,978,0.491,0.495,0.143,0.492,0.801,0.553,johnsmi01
Ollie Johnson,32,PHI,NBA,1981-82,26,0,150,27,54,26,51,1,3,6,7,7,15,22,10,13,3,13,28,61,0.5,0.51,0.333,0.509,0.857,0.534,johnsol01
Reggie Johnson,24,TOT,NBA,1981-82,75,48,1904,351,662,351,661,0,1,118,156,140,311,451,73,33,60,100,257,820,0.53,0.531,0,0.53,0.756,0.561,johnsre01
Steve Johnson,24,KCK,NBA,1981-82,78,50,1741,395,644,395,644,0,0,212,330,152,307,459,91,39,89,197,372,1002,0.613,0.613,,0.613,0.642,0.635,johnsst03
Vinnie Johnson,25,TOT,NBA,1981-82,74,15,1295,217,444,214,432,3,12,107,142,82,77,159,171,56,25,96,101,544,0.489,0.495,0.25,0.492,0.754,0.537,johnsvi01
Bobby Jones,30,PHI,NBA,1981-82,76,73,2181,416,737,416,734,0,3,263,333,109,284,393,189,99,112,145,211,1095,0.564,0.567,0,0.564,0.79,0.62,jonesbo01
Caldwell Jones,31,PHI,NBA,1981-82,81,47,2446,231,465,231,462,0,3,179,219,164,544,708,100,38,146,155,301,641,0.497,0.5,0,0.497,0.817,0.571,jonesca01
Dwight Jones,29,CHI,NBA,1981-82,78,18,2040,303,572,302,571,1,1,172,238,156,351,507,114,49,36,155,217,779,0.53,0.529,1,0.531,0.723,0.576,jonesdw01
Edgar Jones,25,DET,NBA,1981-82,48,19,802,142,259,141,257,1,2,90,129,70,137,207,40,28,92,66,149,375,0.548,0.549,0.5,0.55,0.698,0.594,jonesed01
Major Jones,28,HOU,NBA,1981-82,60,6,746,113,213,113,210,0,3,42,77,80,122,202,25,20,29,50,100,268,0.531,0.538,0,0.531,0.545,0.543,jonesma01
Eddie Jordan,27,LAL,NBA,1981-82,58,0,608,89,208,88,199,1,9,43,54,4,39,43,131,62,1,66,98,222,0.428,0.442,0.111,0.43,0.796,0.479,jordaed01
Jeff Judkins,25,DET,NBA,1981-82,30,0,251,31,81,30,71,1,10,16,26,14,20,34,14,6,5,9,33,79,0.383,0.423,0.1,0.389,0.615,0.427,judkije01
Clarence Kea,22,DAL,NBA,1981-82,35,0,248,26,49,26,49,0,0,29,42,26,35,61,14,4,3,16,55,81,0.531,0.531,,0.531,0.69,0.6,keacl01
Rich Kelley,28,PHO,NBA,1981-82,81,39,1892,236,505,236,504,0,1,167,223,168,329,497,293,64,71,244,292,639,0.467,0.468,0,0.467,0.749,0.53,kelleri01
Greg Kelser,24,TOT,NBA,1981-82,60,10,741,116,271,116,268,0,3,105,160,80,113,193,57,18,21,84,131,337,0.428,0.433,0,0.428,0.656,0.494,kelsegr01
Larry Kenon,29,CHI,NBA,1981-82,60,30,1036,192,412,192,412,0,0,50,88,72,108,180,65,30,7,82,71,434,0.466,0.466,,0.466,0.568,0.481,kenonla01
Albert King,22,NJN,NBA,1981-82,76,52,1694,391,812,388,799,3,13,133,171,105,207,312,142,64,36,180,261,918,0.482,0.486,0.231,0.483,0.778,0.517,kingal01
Bernard King,25,GSW,NBA,1981-82,79,77,2861,740,1307,739,1302,1,5,352,499,140,329,469,282,78,23,267,285,1833,0.566,0.568,0.2,0.567,0.705,0.6,kingbe01
Reggie King,24,KCK,NBA,1981-82,80,76,2609,383,752,383,752,0,0,201,285,162,361,523,173,84,29,155,221,967,0.509,0.509,,0.509,0.705,0.551,kingre01
Billy Knight,29,IND,NBA,1981-82,81,19,1803,378,764,369,732,9,32,233,282,97,160,257,118,63,14,137,132,998,0.495,0.504,0.281,0.501,0.826,0.562,knighbi01
Toby Knight,26,NYK,NBA,1981-82,40,0,550,102,183,102,183,0,0,17,25,33,49,82,23,14,11,21,74,221,0.557,0.557,,0.557,0.68,0.57,knighto01
Joel Kramer,26,PHO,NBA,1981-82,56,0,549,55,133,55,133,0,0,33,42,36,72,108,51,19,11,26,62,143,0.414,0.414,,0.414,0.786,0.472,kramejo01
Kevin Kunnert,30,POR,NBA,1981-82,21,0,237,20,48,20,48,0,0,9,17,20,46,66,18,3,6,18,51,49,0.417,0.417,,0.417,0.529,0.442,kunneke01
Mitch Kupchak,27,LAL,NBA,1981-82,26,26,821,153,267,153,267,0,0,65,98,64,146,210,33,12,10,43,80,371,0.573,0.573,,0.573,0.663,0.598,kupchmi01
Sam Lacey,33,TOT,NBA,1981-82,56,7,670,67,154,67,153,0,1,27,37,20,87,107,77,22,38,56,139,161,0.435,0.438,0,0.435,0.73,0.473,laceysa01
Tom LaGarde,26,DAL,NBA,1981-82,47,28,909,113,269,113,267,0,2,86,166,63,147,210,49,17,17,82,138,312,0.42,0.423,0,0.42,0.518,0.456,lagarto01
Bill Laimbeer,24,TOT,NBA,1981-82,80,34,1829,265,536,261,523,4,13,184,232,234,383,617,100,39,64,121,296,718,0.494,0.499,0.308,0.498,0.793,0.563,laimbbi01
John Lambert,29,TOT,NBA,1981-82,63,7,764,86,197,85,190,1,7,34,42,55,123,178,37,18,16,48,123,207,0.437,0.447,0.143,0.439,0.81,0.48,lambejo01
Jeff Lamp,22,POR,NBA,1981-82,54,0,617,100,196,100,195,0,1,50,61,24,40,64,28,16,1,45,83,250,0.51,0.513,0,0.51,0.82,0.561,lampje01
Mark Landsberger,26,LAL,NBA,1981-82,75,1,1134,144,329,144,327,0,2,33,65,164,237,401,32,10,7,49,134,321,0.438,0.44,0,0.438,0.508,0.449,landsma01
Bob Lanier,33,MIL,NBA,1981-82,74,72,1986,407,729,407,727,0,2,182,242,92,296,388,219,72,56,166,211,996,0.558,0.56,0,0.558,0.752,0.596,laniebo01
Allen Leavell,24,HOU,NBA,1981-82,79,61,2150,370,793,361,762,9,31,115,135,49,119,168,457,150,15,153,182,864,0.467,0.474,0.29,0.472,0.852,0.507,leaveal01
Rock Lee,26,SDC,NBA,1981-82,2,0,10,1,2,1,2,0,0,0,4,0,1,1,2,0,0,0,3,2,0.5,0.5,,0.5,0,0.266,leero02
Ron Lee,29,DET,NBA,1981-82,81,7,1467,88,246,70,187,18,59,84,119,35,120,155,312,116,20,123,221,278,0.358,0.374,0.305,0.394,0.706,0.466,leero01
Ronnie Lester,23,CHI,NBA,1981-82,75,74,2252,329,657,325,649,4,8,208,256,75,138,213,362,80,14,185,158,870,0.501,0.501,0.5,0.504,0.813,0.565,lestero01
Alton Lister,23,MIL,NBA,1981-82,80,23,1186,149,287,149,287,0,0,64,123,108,279,387,84,18,118,129,239,362,0.519,0.519,,0.519,0.52,0.531,listeal01
Lewis Lloyd,22,GSW,NBA,1981-82,16,0,95,25,45,25,45,0,0,7,11,9,7,16,6,5,1,14,20,57,0.556,0.556,,0.556,0.636,0.572,lloydle01
Scott Lloyd,29,DAL,NBA,1981-82,74,17,1047,108,285,106,281,2,4,69,91,60,103,163,67,15,7,59,175,287,0.379,0.377,0.5,0.382,0.758,0.441,lloydsc01
Kevin Loder,22,KCK,NBA,1981-82,71,13,1139,208,448,208,437,0,11,77,107,69,126,195,88,35,30,68,147,493,0.464,0.476,0,0.464,0.72,0.498,loderke01
John Long,25,DET,NBA,1981-82,69,66,2211,637,1294,635,1279,2,15,238,275,95,162,257,148,65,25,167,173,1514,0.492,0.496,0.133,0.493,0.865,0.535,longjo01
John Lucas,28,WSB,NBA,1981-82,79,53,1940,263,618,261,596,2,22,138,176,40,126,166,551,95,6,156,105,666,0.426,0.438,0.091,0.427,0.784,0.479,lucasjo01
Maurice Lucas,29,NYK,NBA,1981-82,80,74,2671,505,1001,505,998,0,3,253,349,274,629,903,179,68,70,173,309,1263,0.504,0.506,0,0.504,0.725,0.547,lucasma01
Ollie Mack,24,DAL,NBA,1981-82,13,3,150,19,59,19,57,0,2,6,8,8,10,18,14,5,1,4,6,44,0.322,0.333,0,0.322,0.75,0.352,mackol01
Rudy Macklin,23,ATL,NBA,1981-82,79,32,1516,210,484,210,481,0,3,134,173,113,150,263,47,40,20,112,225,554,0.434,0.437,0,0.434,0.775,0.495,macklru01
Kyle Macy,24,PHO,NBA,1981-82,82,72,2845,486,945,447,845,39,100,152,169,78,183,261,384,143,9,125,185,1163,0.514,0.529,0.39,0.535,0.899,0.57,macyky01
Rick Mahorn,23,WSB,NBA,1981-82,80,80,2664,414,816,414,813,0,3,148,234,149,555,704,150,57,138,162,349,976,0.507,0.509,0,0.507,0.632,0.531,mahorri01
Moses Malone,26,HOU,NBA,1981-82,81,81,3398,945,1822,945,1816,0,6,630,827,558,630,1188,142,76,125,294,208,2520,0.519,0.52,0,0.519,0.762,0.576,malonmo01
Wes Matthews,22,ATL,NBA,1981-82,47,5,837,131,298,129,290,2,8,60,79,19,39,58,139,53,2,63,129,324,0.44,0.445,0.25,0.443,0.759,0.487,matthwe01
Cedric Maxwell,26,BOS,NBA,1981-82,78,73,2590,397,724,397,721,0,3,357,478,218,281,499,183,79,49,174,263,1151,0.548,0.551,0,0.548,0.747,0.616,maxwece01
Scott May,27,MIL,NBA,1981-82,65,7,1187,212,417,212,413,0,4,159,193,85,133,218,133,50,6,92,151,583,0.508,0.513,0,0.508,0.824,0.581,maysc01
Bob McAdoo,30,LAL,NBA,1981-82,41,0,746,151,330,151,325,0,5,90,126,45,114,159,32,22,36,51,109,392,0.458,0.465,0,0.458,0.714,0.509,mcadobo01
John McCullough,25,PHO,NBA,1981-82,8,0,23,9,13,9,13,0,0,3,5,1,3,4,3,2,0,3,3,21,0.692,0.692,,0.692,0.6,0.691,mcculjo01
Hank McDowell,22,GSW,NBA,1981-82,30,1,335,34,84,34,84,0,0,27,41,41,59,100,20,6,8,21,52,95,0.405,0.405,,0.405,0.659,0.466,mcdowha01
Jim McElroy,28,ATL,NBA,1981-82,20,17,349,52,125,51,120,1,5,29,36,6,11,17,39,8,3,22,44,134,0.416,0.425,0.2,0.42,0.806,0.476,mcelrji01
Mike McGee,22,LAL,NBA,1981-82,39,0,352,80,172,80,168,0,4,31,53,34,15,49,16,18,3,34,59,191,0.465,0.476,0,0.465,0.585,0.489,mcgeemi01
George McGinnis,31,IND,NBA,1981-82,76,4,1341,141,378,141,375,0,3,72,159,93,305,398,204,96,28,131,198,354,0.373,0.376,0,0.373,0.453,0.395,mcginge01
Kevin McHale,24,BOS,NBA,1981-82,82,33,2332,465,875,465,875,0,0,187,248,191,365,556,91,30,185,137,264,1117,0.531,0.531,,0.531,0.754,0.568,mchalke01
Kevin McKenna,23,LAL,NBA,1981-82,36,0,237,28,87,28,85,0,2,11,17,18,11,29,14,10,2,20,45,67,0.322,0.329,0,0.322,0.647,0.355,mckenke01
Billy McKinney,26,DEN,NBA,1981-82,81,27,1963,369,699,369,682,0,17,137,170,29,113,142,338,69,16,115,186,875,0.528,0.541,0,0.528,0.806,0.565,mckinbi01
Tom McMillen,29,ATL,NBA,1981-82,73,23,1792,291,572,290,569,1,3,140,170,102,234,336,129,25,24,124,202,723,0.509,0.51,0.333,0.51,0.824,0.559,mcmilto01
Joe Meriweather,28,KCK,NBA,1981-82,18,10,380,47,91,47,91,0,0,31,40,25,63,88,17,13,21,25,68,125,0.516,0.516,,0.516,0.775,0.576,meriwjo01
Mike Mitchell,26,TOT,NBA,1981-82,84,83,3063,753,1477,753,1470,0,7,220,302,244,346,590,82,60,43,153,277,1726,0.51,0.512,0,0.51,0.728,0.536,mitchmi01
Steve Mix,34,PHI,NBA,1981-82,75,0,1235,202,399,201,395,1,4,136,172,92,133,225,93,42,17,67,86,541,0.506,0.509,0.25,0.508,0.791,0.57,mixst01
Paul Mokeski,25,TOT,NBA,1981-82,67,4,868,84,193,84,190,0,3,48,63,59,149,208,35,33,40,55,171,216,0.435,0.442,0,0.435,0.762,0.489,mokespa01
Sidney Moncrief,24,MIL,NBA,1981-82,80,80,2980,556,1063,555,1049,1,14,468,573,221,313,534,382,138,22,208,206,1581,0.523,0.529,0.071,0.524,0.817,0.601,moncrsi01
Johnny Moore,23,SAS,NBA,1981-82,79,78,2294,309,667,308,646,1,21,122,182,62,213,275,762,163,12,175,254,741,0.463,0.477,0.048,0.464,0.67,0.496,moorejo01
Lowes Moore,24,CLE,NBA,1981-82,4,0,70,19,38,18,33,1,5,6,8,1,3,4,15,6,1,5,15,45,0.5,0.545,0.2,0.513,0.75,0.542,moorelo01
Calvin Murphy,33,HOU,NBA,1981-82,64,0,1204,277,648,276,632,1,16,100,110,20,41,61,163,43,1,82,142,655,0.427,0.437,0.063,0.428,0.909,0.47,murphca01
Larry Nance,22,PHO,NBA,1981-82,80,0,1186,227,436,227,435,0,1,75,117,95,161,256,82,42,71,104,169,529,0.521,0.522,0,0.521,0.641,0.543,nancela01
Swen Nater,32,SDC,NBA,1981-82,21,7,575,101,175,100,174,1,1,59,79,46,146,192,30,6,9,48,64,262,0.577,0.575,1,0.58,0.747,0.625,natersw01
Calvin Natt,25,POR,NBA,1981-82,75,71,2599,515,894,513,886,2,8,294,392,193,420,613,150,62,36,140,175,1326,0.576,0.579,0.25,0.577,0.75,0.622,nattca01
Mike Newlin,33,NYK,NBA,1981-82,76,32,1507,286,615,279,592,7,23,126,147,36,55,91,170,33,3,104,194,705,0.465,0.471,0.304,0.471,0.857,0.519,newlimi01
Carl Nicks,23,UTA,NBA,1981-82,80,1,1322,252,555,252,550,0,5,85,150,67,94,161,89,66,4,101,184,589,0.454,0.458,0,0.454,0.567,0.474,nicksca01
Kurt Nimphius,23,DAL,NBA,1981-82,63,27,1085,137,297,137,297,0,0,63,108,92,203,295,61,17,82,56,190,337,0.461,0.461,,0.461,0.583,0.489,nimphku01
Norm Nixon,26,LAL,NBA,1981-82,82,82,3024,628,1274,625,1262,3,12,181,224,38,138,176,652,132,7,238,264,1440,0.493,0.495,0.25,0.494,0.808,0.525,nixonno01
Mike O'Koren,23,NJN,NBA,1981-82,80,32,2018,383,778,375,755,8,23,135,189,111,194,305,192,83,13,147,175,909,0.492,0.497,0.348,0.497,0.714,0.528,okoremi01
Mark Olberding,25,SAS,NBA,1981-82,68,63,2098,333,705,331,693,2,12,273,338,118,321,439,202,57,29,139,253,941,0.472,0.478,0.167,0.474,0.808,0.551,olberma01
Jawann Oldham,24,HOU,NBA,1981-82,22,0,124,13,36,13,36,0,0,8,14,7,17,24,3,2,10,6,28,34,0.361,0.361,,0.361,0.571,0.403,oldhaja01
Louis Orr,23,IND,NBA,1981-82,80,41,1951,357,719,356,711,1,8,203,254,127,204,331,134,56,26,137,182,918,0.497,0.501,0.125,0.497,0.799,0.553,orrlo01
Tom Owens,32,IND,NBA,1981-82,74,40,1599,299,636,298,634,1,2,181,226,142,230,372,127,41,37,137,259,780,0.47,0.47,0.5,0.471,0.801,0.53,owensto01
Robert Parish,28,BOS,NBA,1981-82,80,78,2534,669,1235,669,1235,0,0,252,355,288,578,866,140,68,192,221,267,1590,0.542,0.542,,0.542,0.71,0.571,parisro01
Sonny Parker,26,GSW,NBA,1981-82,71,0,899,116,245,116,245,0,0,48,72,73,104,177,89,39,11,51,101,280,0.473,0.473,,0.473,0.667,0.506,parkeso01
Billy Paultz,33,HOU,NBA,1981-82,65,3,807,89,226,89,226,0,0,34,65,54,126,180,41,15,22,45,99,212,0.394,0.394,,0.394,0.523,0.416,paultbi01
Jim Paxson,24,POR,NBA,1981-82,82,82,2756,662,1258,654,1223,8,35,220,287,75,146,221,276,129,12,144,159,1552,0.526,0.535,0.229,0.529,0.767,0.561,paxsoji02
Sam Pellom,30,ATL,NBA,1981-82,69,4,1037,114,251,114,250,0,1,61,79,90,139,229,28,29,47,57,164,289,0.454,0.456,0,0.454,0.772,0.506,pellosa01
Roger Phegley,25,TOT,NBA,1981-82,81,9,1183,233,507,228,476,5,31,85,109,61,93,154,114,36,8,66,152,556,0.46,0.479,0.161,0.464,0.78,0.501,pheglro01
Ben Poquette,26,UTA,NBA,1981-82,82,56,1698,220,428,217,418,3,10,97,120,117,294,411,94,51,65,69,235,540,0.514,0.519,0.3,0.518,0.808,0.562,poquebe01
Mark Radford,22,SEA,NBA,1981-82,43,0,369,54,100,52,97,2,3,35,69,13,16,29,57,16,2,42,65,145,0.54,0.536,0.667,0.55,0.507,0.556,radfoma01
Ed Rains,25,SAS,NBA,1981-82,49,15,637,77,177,77,175,0,2,38,64,37,43,80,40,18,2,25,74,192,0.435,0.44,0,0.435,0.594,0.468,rainsed01
Kurt Rambis,23,LAL,NBA,1981-82,64,43,1131,118,228,118,227,0,1,59,117,116,232,348,56,60,76,77,167,295,0.518,0.52,0,0.518,0.504,0.528,rambiku01
Kelvin Ransey,23,POR,NBA,1981-82,78,68,2418,504,1095,501,1057,3,38,242,318,39,147,186,555,97,4,229,169,1253,0.46,0.474,0.079,0.462,0.761,0.507,ranseke01
James Ray,24,DEN,NBA,1981-82,40,4,262,51,116,50,115,1,1,21,36,18,47,65,26,10,16,37,59,124,0.44,0.435,1,0.444,0.583,0.47,rayja01
Robert Reid,26,HOU,NBA,1981-82,77,75,2913,437,958,436,948,1,10,160,214,175,336,511,314,115,48,157,297,1035,0.456,0.46,0.1,0.457,0.748,0.492,reidro01
Kevin Restani,30,TOT,NBA,1981-82,47,0,483,32,88,32,86,0,2,10,16,39,73,112,22,11,11,20,56,74,0.364,0.372,0,0.364,0.625,0.389,restake01
Clint Richardson,25,PHI,NBA,1981-82,77,0,1040,140,310,138,308,2,2,69,88,55,63,118,109,36,9,79,109,351,0.452,0.448,1,0.455,0.784,0.503,richacl01
Micheal Ray Richardson,26,NYK,NBA,1981-82,82,79,3044,619,1343,600,1242,19,101,212,303,177,388,565,572,213,41,291,317,1469,0.461,0.483,0.188,0.468,0.7,0.498,richami01
Rick Robey,26,BOS,NBA,1981-82,80,4,1186,185,375,185,373,0,2,84,157,114,181,295,68,27,14,92,183,454,0.493,0.496,0,0.493,0.535,0.511,robeyri01
Cliff Robinson,21,TOT,NBA,1981-82,68,59,2175,518,1143,518,1139,0,4,222,313,174,435,609,120,88,103,149,222,1258,0.453,0.455,0,0.453,0.709,0.491,robincl01
Jackie Robinson,26,CHI,NBA,1981-82,3,0,29,3,9,3,9,0,0,4,4,3,0,3,0,0,0,1,1,10,0.333,0.333,,0.333,1,0.465,robinja01
Truck Robinson,30,PHO,NBA,1981-82,74,72,2745,579,1128,578,1127,1,1,255,371,202,519,721,179,42,28,202,215,1414,0.513,0.513,1,0.514,0.687,0.548,robintr01
Bill Robinzine,29,UTA,NBA,1981-82,56,9,651,131,294,131,294,0,0,61,75,56,88,144,49,37,5,83,156,323,0.446,0.446,,0.446,0.813,0.494,robinbi01
Dave Robisch,32,DEN,NBA,1981-82,12,0,257,48,106,48,106,0,0,48,55,14,49,63,32,3,4,13,29,144,0.453,0.453,,0.453,0.873,0.553,robisda01
John Roche,32,DEN,NBA,1981-82,39,2,501,68,150,45,98,23,52,28,38,4,19,23,89,15,2,29,40,187,0.453,0.459,0.442,0.53,0.737,0.561,rochejo01
Tree Rollins,26,ATL,NBA,1981-82,79,39,2018,202,346,202,346,0,0,79,129,168,443,611,59,35,224,79,285,483,0.584,0.584,,0.584,0.612,0.6,rollitr01
Lorenzo Romar,23,GSW,NBA,1981-82,79,11,1259,203,403,200,388,3,15,79,96,12,86,98,226,60,13,89,103,488,0.504,0.515,0.2,0.507,0.823,0.548,romarlo01
Dan Roundfield,28,ATL,NBA,1981-82,61,58,2217,424,910,423,905,1,5,285,375,227,494,721,162,64,93,183,210,1134,0.466,0.467,0.2,0.466,0.76,0.527,roundda01
Jeff Ruland,23,WSB,NBA,1981-82,82,0,2214,420,749,419,746,1,3,342,455,253,509,762,134,44,58,237,319,1183,0.561,0.562,0.333,0.561,0.752,0.623,rulanje01
Campy Russell,30,NYK,NBA,1981-82,77,63,2358,410,858,385,801,25,57,228,294,86,150,236,284,77,12,195,221,1073,0.478,0.481,0.439,0.492,0.776,0.543,russeca02
DeWayne Scales,23,NYK,NBA,1981-82,3,0,24,1,5,1,5,0,0,1,2,2,3,5,0,1,1,2,3,3,0.2,0.2,,0.2,0.5,0.255,scalede01
Danny Schayes,22,UTA,NBA,1981-82,82,20,1623,252,524,252,523,0,1,140,185,131,296,427,146,46,72,151,292,644,0.481,0.482,0,0.481,0.757,0.532,schayda01
Alvin Scott,26,PHO,NBA,1981-82,81,38,1740,189,380,189,378,0,2,108,148,97,197,294,149,59,70,98,169,486,0.497,0.5,0,0.497,0.73,0.546,scottal01
Craig Shelton,24,ATL,NBA,1981-82,4,0,21,2,6,2,6,0,0,1,2,1,2,3,0,1,0,0,3,5,0.333,0.333,,0.333,0.5,0.363,sheltcr01
Lonnie Shelton,26,SEA,NBA,1981-82,81,81,2667,508,1046,508,1038,0,8,188,240,161,348,509,252,99,43,199,317,1204,0.486,0.489,0,0.486,0.783,0.523,sheltlo01
Purvis Short,24,GSW,NBA,1981-82,76,8,1782,456,935,450,907,6,28,177,221,123,143,266,209,65,10,122,220,1095,0.488,0.496,0.214,0.491,0.801,0.53,shortpu01
Jerry Sichting,25,IND,NBA,1981-82,51,0,800,91,194,90,185,1,9,29,38,14,41,55,117,33,1,42,63,212,0.469,0.486,0.111,0.472,0.763,0.503,sichtje01
Jack Sikma,26,SEA,NBA,1981-82,82,82,3049,581,1212,579,1199,2,13,447,523,223,815,1038,277,102,107,213,268,1611,0.479,0.483,0.154,0.48,0.855,0.559,sikmaja01
James Silas,32,CLE,NBA,1981-82,67,34,1447,251,573,251,568,0,5,246,286,26,83,109,222,40,6,107,109,748,0.438,0.442,0,0.438,0.86,0.535,silasja01
Jim Smith,23,SDC,NBA,1981-82,72,3,858,86,169,86,169,0,0,39,85,72,110,182,46,22,51,47,185,211,0.509,0.509,,0.509,0.459,0.511,smithji01
Larry Smith,24,GSW,NBA,1981-82,74,55,2213,220,412,220,411,0,1,88,159,279,534,813,83,65,54,105,291,528,0.534,0.535,0,0.534,0.553,0.548,smithla01
Phil Smith,29,TOT,NBA,1981-82,74,41,2042,340,761,335,734,5,27,163,223,51,135,186,307,67,27,155,213,848,0.447,0.456,0.185,0.45,0.731,0.494,smithph01
Randy Smith,33,NYK,NBA,1981-82,82,40,2033,348,748,345,737,3,11,122,151,53,102,155,255,91,1,124,199,821,0.465,0.468,0.273,0.467,0.808,0.504,smithra01
Robert Smith,26,MIL,NBA,1981-82,17,1,316,52,110,50,100,2,10,10,12,1,13,14,44,10,1,14,35,116,0.473,0.5,0.2,0.482,0.833,0.503,smithro01
Ricky Sobers,29,CHI,NBA,1981-82,80,6,1938,363,801,344,725,19,76,195,254,37,105,142,301,73,18,217,238,940,0.453,0.474,0.25,0.465,0.768,0.515,soberri01
Jim Spanarkel,24,DAL,NBA,1981-82,82,1,1755,270,564,262,540,8,24,279,327,99,111,210,206,86,9,111,140,827,0.479,0.485,0.333,0.486,0.853,0.584,spanaji01
Rory Sparrow,23,ATL,NBA,1981-82,82,82,2610,366,730,365,715,1,15,124,148,53,171,224,424,87,13,145,240,857,0.501,0.51,0.067,0.502,0.838,0.539,sparrro01
Larry Spriggs,22,HOU,NBA,1981-82,4,0,37,7,11,7,11,0,0,0,2,2,4,6,4,2,0,4,7,14,0.636,0.636,,0.636,0,0.589,sprigla01
Kevin Stacom,30,MIL,NBA,1981-82,7,0,90,14,34,13,32,1,2,1,2,2,5,7,7,1,0,9,6,30,0.412,0.406,0.5,0.426,0.5,0.43,stacoke01
Brian Taylor,30,SDC,NBA,1981-82,41,40,1274,165,328,142,265,23,63,90,110,26,70,96,229,47,9,82,113,443,0.503,0.536,0.365,0.538,0.818,0.588,taylobr01
Carlos Terry,25,WSB,NBA,1981-82,13,0,60,3,15,3,12,0,3,3,4,5,7,12,8,3,1,5,15,9,0.2,0.25,0,0.2,0.75,0.268,terryca01
Reggie Theus,24,CHI,NBA,1981-82,82,82,2838,560,1194,535,1094,25,100,363,449,115,197,312,476,87,16,277,243,1508,0.469,0.489,0.25,0.479,0.808,0.542,theusre01
Isiah Thomas,20,DET,NBA,1981-82,72,72,2433,453,1068,436,1009,17,59,302,429,57,152,209,565,150,17,299,253,1225,0.424,0.432,0.288,0.432,0.704,0.487,thomais01
David Thompson,27,DEN,NBA,1981-82,61,5,1246,313,644,309,630,4,14,276,339,57,91,148,117,34,29,142,149,906,0.486,0.49,0.286,0.489,0.814,0.571,thompda01
Mychal Thompson,27,POR,NBA,1981-82,79,78,3129,681,1303,681,1303,0,0,280,446,258,663,921,319,69,107,245,233,1642,0.523,0.523,,0.523,0.628,0.548,thompmy01
Ray Tolbert,23,TOT,NBA,1981-82,64,0,607,100,202,100,200,0,2,19,35,50,76,126,33,12,16,45,83,219,0.495,0.5,0,0.495,0.543,0.504,tolbera01
Andrew Toney,24,PHI,NBA,1981-82,77,1,1909,511,979,486,920,25,59,227,306,43,91,134,283,64,17,214,269,1274,0.522,0.528,0.424,0.535,0.742,0.572,toneyan01
Raymond Townsend,26,IND,NBA,1981-82,14,0,95,11,41,9,32,2,9,11,20,2,11,13,10,3,0,6,18,35,0.268,0.281,0.222,0.293,0.55,0.351,townsra01
Kelly Tripucka,22,DET,NBA,1981-82,82,82,3077,636,1281,631,1259,5,22,495,621,219,224,443,270,89,16,280,241,1772,0.496,0.501,0.227,0.498,0.797,0.57,tripuke01
Elston Turner,22,DAL,NBA,1981-82,80,62,1996,282,639,282,635,0,4,97,138,143,158,301,189,75,2,116,182,661,0.441,0.444,0,0.441,0.703,0.472,turneel01
Terry Tyler,25,DET,NBA,1981-82,82,0,1989,336,643,335,639,1,4,142,192,154,339,493,126,77,160,121,182,815,0.523,0.524,0.25,0.523,0.74,0.56,tylerte01
Darnell Valentine,22,POR,NBA,1981-82,82,14,1387,187,453,187,444,0,9,152,200,48,101,149,270,94,3,127,187,526,0.413,0.421,0,0.413,0.76,0.486,valenda01
Jan van Breda Kolff,30,NJN,NBA,1981-82,41,0,452,41,82,41,80,0,2,62,76,17,31,48,32,12,13,29,63,144,0.5,0.513,0,0.5,0.816,0.624,vanbrja01
Kiki Vandeweghe,23,DEN,NBA,1981-82,82,78,2775,706,1260,705,1247,1,13,347,405,149,312,461,247,52,29,189,217,1760,0.56,0.565,0.077,0.561,0.857,0.612,vandeki01
Pete Verhoeven,22,POR,NBA,1981-82,71,22,1207,149,296,149,296,0,0,51,72,106,148,254,52,42,22,55,215,349,0.503,0.503,,0.503,0.708,0.533,verhope01
Jay Vincent,22,DAL,NBA,1981-82,81,62,2626,719,1448,718,1444,1,4,293,409,182,383,565,176,89,22,194,308,1732,0.497,0.497,0.25,0.497,0.716,0.532,vinceja01
Danny Vranes,23,SEA,NBA,1981-82,77,1,1075,143,262,143,261,0,1,89,148,71,127,198,56,28,21,68,150,375,0.546,0.548,0,0.546,0.601,0.573,vraneda01
Foots Walker,30,NJN,NBA,1981-82,77,54,1861,156,378,153,369,3,9,141,194,31,119,150,398,120,6,107,179,456,0.413,0.415,0.333,0.417,0.727,0.492,walkefo01
Wally Walker,27,SEA,NBA,1981-82,70,70,1965,302,629,302,627,0,2,90,134,108,197,305,218,36,28,111,215,694,0.48,0.482,0,0.48,0.672,0.504,walkewa01
Kermit Washington,30,POR,NBA,1981-82,20,4,418,38,78,38,78,0,0,24,41,40,77,117,29,9,16,19,56,100,0.487,0.487,,0.487,0.585,0.521,washike01
Richard Washington,26,CLE,NBA,1981-82,18,2,313,50,115,50,113,0,2,9,15,32,43,75,15,8,2,35,51,109,0.435,0.442,0,0.435,0.6,0.448,washiri01
Marvin Webster,29,NYK,NBA,1981-82,82,32,1883,199,405,199,405,0,0,108,170,184,306,490,99,22,91,90,211,506,0.491,0.491,,0.491,0.635,0.527,webstma01
Scott Wedman,29,CLE,NBA,1981-82,54,39,1638,260,589,255,566,5,23,66,90,128,176,304,133,73,14,73,189,591,0.441,0.451,0.217,0.446,0.733,0.47,wedmasc01
Paul Westphal,31,NYK,NBA,1981-82,18,12,451,86,194,84,186,2,8,36,47,9,13,22,100,19,8,47,61,210,0.443,0.452,0.25,0.448,0.766,0.489,westppa01
Jerome Whitehead,25,SDC,NBA,1981-82,72,63,2214,406,726,406,726,0,0,184,241,231,433,664,102,48,44,141,290,996,0.559,0.559,,0.559,0.763,0.599,whiteje01
Hawkeye Whitney,24,KCK,NBA,1981-82,23,4,266,25,71,25,70,0,1,4,7,13,27,40,19,12,1,14,31,54,0.352,0.357,0,0.352,0.571,0.364,whitnha02
Michael Wiley,24,SDC,NBA,1981-82,61,1,1013,203,359,203,354,0,5,98,141,67,115,182,52,40,16,71,127,504,0.565,0.573,0,0.565,0.695,0.599,wileymi01
Bob Wilkerson,27,CLE,NBA,1981-82,65,38,1805,284,679,281,661,3,18,145,185,60,190,250,237,92,25,138,188,716,0.418,0.425,0.167,0.42,0.784,0.471,wilkebo01
Jamaal Wilkes,28,LAL,NBA,1981-82,82,82,2906,744,1417,744,1413,0,4,246,336,153,240,393,143,89,24,164,240,1734,0.525,0.527,0,0.525,0.732,0.554,wilkeja01
James Wilkes,23,CHI,NBA,1981-82,57,22,862,128,266,128,265,0,1,58,80,62,97,159,64,30,18,62,112,314,0.481,0.483,0,0.481,0.725,0.521,wilkeja02
Jeff Wilkins,26,UTA,NBA,1981-82,82,62,2274,314,718,314,715,0,3,137,176,120,491,611,90,32,77,134,248,765,0.437,0.439,0,0.437,0.778,0.481,wilkije01
Buck Williams,21,NJN,NBA,1981-82,82,82,2825,513,881,513,880,0,1,242,388,347,658,1005,107,84,84,235,285,1268,0.582,0.583,0,0.582,0.624,0.603,willibu01
Freeman Williams,25,TOT,NBA,1981-82,60,10,997,276,623,248,529,28,94,140,166,23,39,62,86,29,0,107,103,720,0.443,0.469,0.298,0.465,0.843,0.517,willifr01
Gus Williams,28,SEA,NBA,1981-82,80,80,2876,773,1592,764,1552,9,40,320,436,92,152,244,549,172,36,197,163,1875,0.486,0.492,0.225,0.488,0.734,0.526,willigu01
Herb Williams,23,IND,NBA,1981-82,82,75,2277,407,854,405,847,2,7,126,188,175,430,605,139,53,178,137,200,942,0.477,0.478,0.286,0.478,0.67,0.503,willihe01
Ray Williams,27,NJN,NBA,1981-82,82,69,2732,639,1383,630,1329,9,54,387,465,117,208,325,488,199,43,290,302,1674,0.462,0.474,0.167,0.465,0.832,0.527,willira01
Sam Williams,22,GSW,NBA,1981-82,59,22,1073,154,277,154,277,0,0,49,89,91,217,308,38,45,76,64,156,357,0.556,0.556,,0.556,0.551,0.565,willisa02
Sly Williams,24,NYK,NBA,1981-82,60,27,1521,349,628,347,619,2,9,131,173,100,127,227,142,77,16,114,153,831,0.556,0.561,0.222,0.557,0.757,0.59,willisl01
Bill Willoughby,24,HOU,NBA,1981-82,69,42,1475,240,464,237,457,3,7,56,77,107,157,264,75,31,59,78,146,539,0.517,0.519,0.429,0.52,0.727,0.541,willobi01
Brian Winters,29,MIL,NBA,1981-82,61,13,1829,404,806,368,713,36,93,123,156,51,119,170,253,57,9,118,187,967,0.501,0.516,0.387,0.524,0.788,0.553,wintebr01
Garry Witts,22,WSB,NBA,1981-82,46,0,493,49,84,48,82,1,2,33,40,29,33,62,38,17,4,35,74,132,0.583,0.585,0.5,0.589,0.825,0.65,wittsga01
Al Wood,23,TOT,NBA,1981-82,48,5,930,179,381,176,357,3,24,93,119,51,83,134,58,31,9,71,108,454,0.47,0.493,0.125,0.474,0.782,0.524,woodal01
Howard Wood,22,UTA,NBA,1981-82,42,3,342,55,120,55,119,0,1,34,52,22,43,65,9,8,6,15,37,144,0.458,0.462,0,0.458,0.654,0.504,woodho01
Mike Woodson,23,TOT,NBA,1981-82,83,74,2331,538,1069,531,1044,7,25,221,286,102,145,247,222,142,35,153,220,1304,0.503,0.509,0.28,0.507,0.773,0.546,woodsmi01
Orlando Woolridge,22,CHI,NBA,1981-82,75,12,1188,202,394,202,391,0,3,144,206,82,145,227,81,23,24,107,152,548,0.513,0.517,0,0.513,0.699,0.565,woolror01
Sam Worthen,24,UTA,NBA,1981-82,5,0,22,2,5,2,5,0,0,0,0,1,0,1,3,0,0,2,3,4,0.4,0.4,,0.4,,0.4,worthsa01
Larry Wright,27,DET,NBA,1981-82,1,0,6,0,1,0,1,0,0,0,0,0,0,0,0,0,0,1,2,0,0,0,,0,,0,wrighla01
Rich Yonakor,23,SAS,NBA,1981-82,10,0,70,14,26,14,26,0,0,5,7,13,14,27,3,1,2,2,7,33,0.538,0.538,,0.538,0.714,0.567,yonakri01
Kareem Abdul-Jabbar,35,LAL,NBA,1982-83,79,79,2554,722,1228,722,1226,0,2,278,371,167,425,592,200,61,170,200,220,1722,0.588,0.589,0,0.588,0.749,0.619,abdulka01
Alvan Adams,28,PHO,NBA,1982-83,80,75,2447,477,981,476,978,1,3,180,217,161,387,548,376,114,74,242,287,1135,0.486,0.487,0.333,0.487,0.829,0.527,adamsal01
Mark Aguirre,23,DAL,NBA,1982-83,81,75,2784,767,1589,751,1513,16,76,429,589,191,317,508,332,80,26,261,247,1979,0.483,0.496,0.211,0.488,0.728,0.535,aguirma01
Danny Ainge,23,BOS,NBA,1982-83,80,76,2048,357,720,352,691,5,29,72,97,83,131,214,251,109,6,98,259,791,0.496,0.509,0.172,0.499,0.742,0.519,aingeda01
Dwight Anderson,22,DEN,NBA,1982-83,5,0,33,7,14,7,14,0,0,7,10,0,2,2,3,1,0,5,7,21,0.5,0.5,,0.5,0.7,0.571,anderdw01
J.J. Anderson,22,TOT,NBA,1982-83,65,2,1202,190,379,190,375,0,4,100,175,119,175,294,67,63,21,79,153,480,0.501,0.507,0,0.501,0.571,0.526,anderjj01
Richard Anderson,22,SDC,NBA,1982-83,78,5,1274,174,431,167,412,7,19,48,69,111,161,272,120,57,26,93,170,403,0.404,0.405,0.368,0.412,0.696,0.437,anderri01
Tiny Archibald,34,BOS,NBA,1982-83,66,19,1811,235,553,230,529,5,24,220,296,25,66,91,409,38,4,163,110,695,0.425,0.435,0.208,0.429,0.743,0.509,architi01
John Bagley,22,CLE,NBA,1982-83,68,3,990,161,373,161,359,0,14,64,84,17,79,96,167,54,5,118,74,386,0.432,0.448,0,0.432,0.762,0.471,baglejo01
James Bailey,25,TOT,NBA,1982-83,75,39,1765,385,774,385,773,0,1,226,322,171,303,474,67,43,60,196,271,996,0.497,0.498,0,0.497,0.702,0.544,baileja01
Greg Ballard,28,WSB,NBA,1982-83,78,78,2840,603,1274,590,1237,13,37,182,233,123,385,508,262,135,25,157,176,1401,0.473,0.477,0.351,0.478,0.781,0.509,ballagr01
Gene Banks,23,SAS,NBA,1982-83,81,81,2722,505,919,505,914,0,5,196,278,222,390,612,279,78,21,171,229,1206,0.55,0.553,0,0.55,0.705,0.579,banksge01
Billy Ray Bates,26,TOT,NBA,1982-83,19,3,304,55,145,53,140,2,5,11,22,11,8,19,14,14,3,12,19,123,0.379,0.379,0.4,0.386,0.5,0.398,batesbi01
Dave Batton,26,WSB,NBA,1982-83,54,5,558,85,191,85,188,0,3,8,17,45,74,119,29,15,13,28,56,178,0.445,0.452,0,0.445,0.471,0.448,battoda01
Kent Benson,28,DET,NBA,1982-83,21,15,599,85,182,85,181,0,1,38,50,53,102,155,49,14,17,35,61,208,0.467,0.47,0,0.467,0.76,0.51,bensoke01
Larry Bird,26,BOS,NBA,1982-83,79,79,2982,747,1481,725,1404,22,77,351,418,193,677,870,458,148,71,240,197,1867,0.504,0.516,0.286,0.512,0.84,0.561,birdla01
Otis Birdsong,27,NJN,NBA,1982-83,62,54,1885,426,834,424,828,2,6,82,145,53,97,150,239,85,16,114,155,936,0.511,0.512,0.333,0.512,0.566,0.521,birdsot01
Rolando Blackman,23,DAL,NBA,1982-83,75,62,2349,513,1042,510,1027,3,15,297,381,108,185,293,185,37,29,118,116,1326,0.492,0.497,0.2,0.494,0.78,0.548,blackro01
Charles Bradley,23,BOS,NBA,1982-83,51,5,532,69,176,69,173,0,3,46,90,30,48,78,28,32,27,42,84,184,0.392,0.399,0,0.392,0.511,0.427,bradlch01
Dudley Bradley,25,CHI,NBA,1982-83,58,11,683,82,159,81,154,1,5,36,45,27,78,105,106,49,10,59,91,201,0.516,0.526,0.2,0.519,0.8,0.562,bradldu01
Brad Branson,24,IND,NBA,1982-83,62,2,680,131,308,131,307,0,1,76,108,73,100,173,46,27,26,45,81,338,0.425,0.427,0,0.425,0.704,0.475,bransbr01
Mike Bratz,27,CHI,NBA,1982-83,15,0,140,14,42,13,34,1,8,10,13,3,16,19,23,7,0,14,20,39,0.333,0.382,0.125,0.345,0.769,0.409,bratzmi01
Ron Brewer,27,TOT,NBA,1982-83,74,52,1964,344,807,337,789,7,18,142,170,59,85,144,96,90,25,97,123,837,0.426,0.427,0.389,0.431,0.835,0.475,brewero01
Junior Bridgeman,29,MIL,NBA,1982-83,70,5,1855,421,856,420,843,1,13,164,196,44,202,246,207,40,9,122,155,1007,0.492,0.498,0.077,0.492,0.837,0.534,bridgju01
Allan Bristow,31,DAL,NBA,1982-83,37,0,371,44,99,38,86,6,13,10,14,24,35,59,70,6,1,31,46,104,0.444,0.442,0.462,0.475,0.714,0.494,bristal01
Jim Brogan,24,SDC,NBA,1982-83,58,0,466,91,213,88,200,3,13,34,43,33,29,62,66,26,9,43,79,219,0.427,0.44,0.231,0.434,0.791,0.472,brogaji01
Michael Brooks,24,SDC,NBA,1982-83,82,26,2457,402,830,397,815,5,15,193,277,239,282,521,262,112,39,177,297,1002,0.484,0.487,0.333,0.487,0.697,0.526,brookmi01
Fred Brown,34,SEA,NBA,1982-83,80,1,1432,371,714,357,682,14,32,58,72,32,65,97,242,59,13,110,98,814,0.52,0.523,0.438,0.529,0.806,0.546,brownfr01
Rickey Brown,24,TOT,NBA,1982-83,76,7,1048,167,349,167,346,0,3,65,105,91,175,266,25,13,26,82,172,399,0.479,0.483,0,0.479,0.619,0.505,brownri01
Joe Bryant,28,HOU,NBA,1982-83,81,56,2055,344,768,336,732,8,36,116,165,88,189,277,186,82,30,177,258,812,0.448,0.459,0.222,0.453,0.703,0.483,bryanjo01
Quinn Buckner,28,BOS,NBA,1982-83,72,56,1565,248,561,248,557,0,4,74,117,62,125,187,275,108,5,159,195,570,0.442,0.445,0,0.442,0.632,0.465,bucknqu01
Don Buse,32,POR,NBA,1982-83,41,1,643,72,182,63,147,9,35,41,46,19,35,54,115,44,2,25,60,194,0.396,0.429,0.257,0.42,0.891,0.48,busedo01
Marty Byrnes,26,IND,NBA,1982-83,80,12,1436,157,374,151,348,6,26,71,95,75,116,191,179,41,6,73,149,391,0.42,0.434,0.231,0.428,0.747,0.47,byrnema01
Kenny Carr,27,POR,NBA,1982-83,82,26,2331,362,717,360,711,2,6,255,366,182,407,589,116,62,42,185,306,981,0.505,0.506,0.333,0.506,0.697,0.559,carrke01
M.L. Carr,32,BOS,NBA,1982-83,77,0,883,135,315,132,296,3,19,60,81,51,86,137,71,48,10,79,140,333,0.429,0.446,0.158,0.433,0.741,0.475,carrml01
Joe Barry Carroll,24,GSW,NBA,1982-83,79,79,2988,785,1529,785,1526,0,3,337,469,220,468,688,169,108,155,285,260,1907,0.513,0.514,0,0.513,0.719,0.549,carrojo01
Butch Carter,24,IND,NBA,1982-83,81,28,1716,354,706,337,655,17,51,124,154,62,88,150,194,78,13,118,207,849,0.501,0.515,0.333,0.513,0.805,0.549,cartebu01
Bill Cartwright,25,NYK,NBA,1982-83,82,82,2468,455,804,455,804,0,0,380,511,185,405,590,136,41,127,204,315,1290,0.566,0.566,,0.566,0.744,0.627,cartwbi01
Harvey Catchings,31,MIL,NBA,1982-83,74,33,1554,90,197,90,197,0,0,62,92,132,276,408,77,26,148,83,224,242,0.457,0.457,,0.457,0.674,0.51,catchha01
Tom Chambers,23,SDC,NBA,1982-83,79,79,2665,519,1099,519,1091,0,8,353,488,218,301,519,192,79,57,234,333,1391,0.472,0.476,0,0.472,0.723,0.529,chambto01
Maurice Cheeks,26,PHI,NBA,1982-83,79,79,2465,404,745,403,739,1,6,181,240,53,156,209,543,184,31,179,182,990,0.542,0.545,0.167,0.543,0.754,0.582,cheekma01
Don Collins,24,WSB,NBA,1982-83,65,21,1575,332,635,332,629,0,6,101,136,116,94,210,132,87,30,146,166,765,0.523,0.528,0,0.523,0.743,0.55,collido02
Lester Conner,23,GSW,NBA,1982-83,75,10,1416,145,303,145,299,0,4,79,113,69,152,221,253,116,7,99,141,369,0.479,0.485,0,0.479,0.699,0.523,connele01
Darwin Cook,24,NJN,NBA,1982-83,82,47,2625,443,986,435,948,8,38,186,242,73,167,240,448,194,48,238,213,1080,0.449,0.459,0.211,0.453,0.769,0.494,cookda01
Jeff Cook,26,TOT,NBA,1982-83,75,22,1333,148,304,148,301,0,3,79,104,119,216,335,102,39,31,105,181,375,0.487,0.492,0,0.487,0.76,0.536,cookje01
Joe Cooper,25,TOT,NBA,1982-83,20,4,333,37,72,37,72,0,0,16,29,42,44,86,17,9,20,32,49,90,0.514,0.514,,0.514,0.552,0.531,coopejo01
Michael Cooper,26,LAL,NBA,1982-83,82,3,2148,266,497,261,476,5,21,102,130,82,192,274,315,115,50,128,208,639,0.535,0.548,0.238,0.54,0.785,0.577,coopemi01
Wayne Cooper,26,POR,NBA,1982-83,80,60,2099,320,723,320,718,0,5,135,197,214,397,611,116,27,136,162,318,775,0.443,0.446,0,0.443,0.685,0.479,coopewa01
Dave Corzine,26,CHI,NBA,1982-83,82,71,2496,457,920,457,918,0,2,232,322,243,474,717,154,47,109,228,242,1146,0.497,0.498,0,0.497,0.72,0.54,corzida01
Dave Cowens,34,MIL,NBA,1982-83,40,34,1014,136,306,136,304,0,2,52,63,73,201,274,82,30,15,44,137,324,0.444,0.447,0,0.444,0.825,0.485,cowenda01
Chubby Cox,27,WSB,NBA,1982-83,7,0,78,13,37,13,35,0,2,3,6,7,3,10,6,0,1,9,16,29,0.351,0.371,0,0.351,0.5,0.366,coxch01
Charlie Criss,34,MIL,NBA,1982-83,66,0,922,169,375,163,344,6,31,68,76,14,65,79,127,27,0,44,44,412,0.451,0.474,0.194,0.459,0.895,0.504,crissch01
Geoff Crompton,27,SAS,NBA,1982-83,14,0,148,14,34,14,34,0,0,3,5,18,30,48,7,3,5,5,25,31,0.412,0.412,,0.412,0.6,0.428,crompge01
Pat Cummings,26,DAL,NBA,1982-83,81,71,2317,433,878,433,877,0,1,148,196,225,443,668,144,57,35,162,296,1014,0.493,0.494,0,0.493,0.755,0.526,cummipa01
Terry Cummings,21,SDC,NBA,1982-83,70,69,2531,684,1309,684,1308,0,1,292,412,303,441,744,177,129,62,204,294,1660,0.523,0.523,0,0.523,0.709,0.557,cummite01
Earl Cureton,25,PHI,NBA,1982-83,73,3,987,108,258,108,258,0,0,33,67,84,185,269,43,37,24,76,144,249,0.419,0.419,,0.419,0.493,0.433,curetea01
Quintin Dailey,22,CHI,NBA,1982-83,76,32,2081,470,1008,465,983,5,25,206,282,87,173,260,280,72,10,205,248,1151,0.466,0.473,0.2,0.469,0.73,0.508,dailequ01
Adrian Dantley,26,UTA,NBA,1982-83,22,22,887,233,402,233,402,0,0,210,248,58,82,140,105,20,0,81,62,676,0.58,0.58,,0.58,0.847,0.661,dantlad01
Brad Davis,27,DAL,NBA,1982-83,79,78,2323,359,628,348,585,11,43,186,220,34,164,198,565,80,11,143,176,915,0.572,0.595,0.256,0.58,0.845,0.631,davisbr01
Charles Davis,24,WSB,NBA,1982-83,74,10,1161,251,534,249,524,2,10,56,89,83,130,213,73,32,22,91,122,560,0.47,0.475,0.2,0.472,0.629,0.489,davisch02
Johnny Davis,27,ATL,NBA,1982-83,53,33,1465,258,567,253,549,5,18,164,206,37,91,128,315,43,7,114,100,685,0.455,0.461,0.278,0.459,0.796,0.521,davisjo01
Mike Davis,26,NYK,NBA,1982-83,8,0,28,4,10,4,10,0,0,6,10,3,7,10,0,0,4,0,4,14,0.4,0.4,,0.4,0.6,0.486,davismi03
Walter Davis,28,PHO,NBA,1982-83,80,79,2491,665,1289,658,1266,7,23,184,225,63,134,197,397,117,12,188,186,1521,0.516,0.52,0.304,0.519,0.818,0.548,daviswa03
Darryl Dawkins,26,NJN,NBA,1982-83,81,81,2093,401,669,401,669,0,0,166,257,127,293,420,114,67,152,281,379,968,0.599,0.599,,0.599,0.646,0.619,dawkida01
Kenny Dennard,24,KCK,NBA,1982-83,22,0,224,11,34,11,34,0,0,6,9,20,32,52,6,16,1,5,27,28,0.324,0.324,,0.324,0.667,0.369,dennake01
Coby Dietrick,34,SAS,NBA,1982-83,8,0,34,1,5,1,5,0,0,0,2,2,6,8,6,1,0,1,6,2,0.2,0.2,,0.2,0,0.17,dietrco01
James Donaldson,25,SEA,NBA,1982-83,82,11,1789,289,496,289,496,0,0,150,218,131,370,501,97,19,101,132,171,728,0.583,0.583,,0.583,0.688,0.615,donalja01
John Douglas,26,SDC,NBA,1982-83,3,1,12,1,6,0,4,1,2,2,2,0,1,1,1,0,0,0,0,5,0.167,0,0.5,0.25,1,0.363,dougljo01
Leon Douglas,28,KCK,NBA,1982-83,5,0,46,2,3,2,3,0,0,0,2,3,4,7,0,0,3,1,13,4,0.667,0.667,,0.667,0,0.515,douglle01
John Drew,28,UTA,NBA,1982-83,44,33,1206,318,671,318,666,0,5,296,392,98,137,235,97,35,7,135,152,932,0.474,0.477,0,0.474,0.755,0.552,drewjo01
Larry Drew,24,KCK,NBA,1982-83,75,74,2690,599,1218,597,1202,2,16,310,378,44,163,207,610,126,10,272,207,1510,0.492,0.497,0.125,0.493,0.82,0.545,drewla01
Terry Duerod,26,GSW,NBA,1982-83,5,0,49,9,19,9,19,0,0,0,0,0,3,3,5,2,1,9,5,18,0.474,0.474,,0.474,,0.474,duerote01
Mike Dunleavy,28,SAS,NBA,1982-83,79,9,1619,213,510,146,316,67,194,120,154,18,116,134,437,74,4,160,210,613,0.418,0.462,0.345,0.483,0.779,0.53,dunlemi01
T.R. Dunn,27,DEN,NBA,1982-83,82,80,2640,254,527,254,526,0,1,119,163,231,384,615,189,147,25,113,218,627,0.482,0.483,0,0.482,0.73,0.524,dunntr01
John Duren,24,IND,NBA,1982-83,82,24,1433,163,360,163,347,0,13,43,54,38,69,107,200,66,5,96,203,369,0.453,0.47,0,0.453,0.796,0.481,durenjo01
Mark Eaton,26,UTA,NBA,1982-83,81,32,1528,146,353,146,352,0,1,59,90,86,376,462,112,24,275,140,257,351,0.414,0.415,0,0.414,0.656,0.447,eatonma01
Jerry Eaves,23,UTA,NBA,1982-83,82,7,1588,280,575,279,567,1,8,200,247,34,88,122,210,51,3,152,116,761,0.487,0.492,0.125,0.488,0.81,0.557,eavesje01
Keith Edmonson,22,ATL,NBA,1982-83,32,2,309,48,139,48,137,0,2,16,27,20,19,39,22,11,6,20,41,112,0.345,0.35,0,0.345,0.593,0.371,edmonke01
Franklin Edwards,23,PHI,NBA,1982-83,81,3,1266,228,483,228,475,0,8,86,113,23,62,85,221,81,6,110,119,542,0.472,0.48,0,0.472,0.761,0.509,edwarfr01
James Edwards,27,TOT,NBA,1982-83,31,9,667,128,263,128,263,0,0,69,108,56,99,155,40,12,19,49,110,325,0.487,0.487,,0.487,0.639,0.523,edwarja01
Len Elmore,30,NJN,NBA,1982-83,74,0,975,97,244,97,243,0,1,54,84,81,157,238,39,44,38,83,125,248,0.398,0.399,0,0.398,0.643,0.441,elmorle01
Chris Engler,23,GSW,NBA,1982-83,54,1,369,38,94,38,94,0,0,5,16,43,61,104,11,7,17,24,95,81,0.404,0.404,,0.404,0.313,0.401,englech01
Alex English,29,DEN,NBA,1982-83,82,82,2988,959,1857,957,1845,2,12,406,490,263,338,601,397,116,126,263,235,2326,0.516,0.519,0.167,0.517,0.829,0.561,englial01
Julius Erving,32,PHI,NBA,1982-83,72,72,2421,605,1170,603,1163,2,7,330,435,173,318,491,263,112,131,196,202,1542,0.517,0.518,0.286,0.518,0.759,0.566,ervinju01
Mike Evans,27,DEN,NBA,1982-83,42,5,695,115,243,115,234,0,9,33,41,4,54,58,113,23,3,71,94,263,0.473,0.491,0,0.473,0.805,0.504,evansmi01
Bruce Flowers,25,CLE,NBA,1982-83,53,5,699,110,206,110,204,0,2,41,53,71,109,180,47,19,12,43,99,261,0.534,0.539,0,0.534,0.774,0.569,flowebr01
Sleepy Floyd,22,TOT,NBA,1982-83,76,17,1248,226,527,216,502,10,25,150,180,56,81,137,138,58,17,106,134,612,0.429,0.43,0.4,0.438,0.833,0.505,floydsl01
Phil Ford,26,TOT,NBA,1982-83,77,63,1610,213,445,212,436,1,9,97,123,18,85,103,290,52,3,134,190,524,0.479,0.486,0.111,0.48,0.789,0.525,fordph01
World B. Free,29,TOT,NBA,1982-83,73,69,2638,649,1423,634,1378,15,45,430,583,92,109,201,290,97,15,209,241,1743,0.456,0.46,0.333,0.461,0.738,0.519,freewo01
Bill Garnett,22,DAL,NBA,1982-83,75,13,1411,170,319,170,316,0,3,129,174,141,265,406,103,48,70,81,245,469,0.533,0.538,0,0.533,0.741,0.593,garnebi02
Calvin Garrett,26,HOU,NBA,1982-83,4,0,34,4,11,4,10,0,1,2,2,3,4,7,3,0,0,3,4,10,0.364,0.4,0,0.364,1,0.421,garreca01
George Gervin,30,SAS,NBA,1982-83,78,78,2830,757,1553,745,1520,12,33,517,606,111,246,357,264,88,67,247,243,2043,0.487,0.49,0.364,0.491,0.853,0.561,gervige01
Artis Gilmore,33,SAS,NBA,1982-83,82,82,2797,556,888,556,882,0,6,367,496,299,685,984,126,40,192,254,273,1479,0.626,0.63,0,0.626,0.74,0.668,gilmoar01
Mike Glenn,27,ATL,NBA,1982-83,73,4,1124,230,444,230,443,0,1,74,89,16,74,90,125,30,9,52,132,534,0.518,0.519,0,0.518,0.831,0.553,glennmi01
Mike Gminski,23,NJN,NBA,1982-83,80,1,1255,213,426,213,425,0,1,175,225,154,228,382,61,35,116,126,118,601,0.5,0.501,0,0.5,0.778,0.572,gminsmi01
Glen Gondrezick,27,DEN,NBA,1982-83,76,2,1130,134,294,134,291,0,3,82,114,108,193,301,100,80,9,49,161,350,0.456,0.46,0,0.456,0.719,0.508,gondrgl01
Rickey Green,28,UTA,NBA,1982-83,78,78,2783,464,942,462,929,2,13,185,232,62,161,223,697,220,4,222,154,1115,0.493,0.497,0.154,0.494,0.797,0.534,greenri01
Dave Greenwood,25,CHI,NBA,1982-83,79,61,2355,312,686,312,682,0,4,165,233,217,548,765,151,54,90,154,261,789,0.455,0.457,0,0.455,0.708,0.5,greenda01
John Greig,21,SEA,NBA,1982-83,9,0,26,7,13,7,13,0,0,5,6,2,4,6,0,0,1,2,4,19,0.538,0.538,,0.538,0.833,0.607,greigjo01
Kevin Grevey,29,WSB,NBA,1982-83,41,11,756,114,294,99,256,15,38,54,69,18,31,49,49,18,7,27,61,297,0.388,0.387,0.395,0.413,0.783,0.458,greveke01
Paul Griffin,29,SAS,NBA,1982-83,53,0,956,60,116,60,116,0,0,53,76,77,139,216,86,33,25,68,153,173,0.517,0.517,,0.517,0.697,0.579,griffpa01
Darrell Griffith,24,UTA,NBA,1982-83,77,76,2787,752,1554,714,1422,38,132,167,246,100,204,304,270,138,33,252,184,1709,0.484,0.502,0.288,0.496,0.679,0.514,griffda01
Bob Gross,29,SDC,NBA,1982-83,27,3,373,35,82,34,79,1,3,12,19,32,34,66,34,22,7,24,69,83,0.427,0.43,0.333,0.433,0.632,0.459,grossbo01
Ernie Grunfeld,27,NYK,NBA,1982-83,77,0,1422,167,377,167,373,0,4,81,98,42,121,163,136,40,10,84,172,415,0.443,0.448,0,0.443,0.827,0.494,grunfer01
Bill Hanzlik,25,DEN,NBA,1982-83,82,8,1547,187,437,186,430,1,7,125,160,80,156,236,268,75,15,144,220,500,0.428,0.433,0.143,0.429,0.781,0.493,hanzlbi01
Joe Hassett,27,GSW,NBA,1982-83,6,2,139,19,44,18,35,1,9,0,0,3,8,11,21,2,0,9,14,39,0.432,0.514,0.111,0.443,,0.443,hassejo01
Scott Hastings,22,TOT,NBA,1982-83,31,0,140,13,38,13,35,0,3,11,20,15,26,41,3,6,1,9,34,37,0.342,0.371,0,0.342,0.55,0.395,hastisc01
Steve Hawes,32,TOT,NBA,1982-83,77,4,1416,163,390,158,369,5,21,69,94,81,280,361,95,38,14,107,189,400,0.418,0.428,0.238,0.424,0.734,0.464,hawesst01
Elvin Hayes,37,HOU,NBA,1982-83,81,43,2302,424,890,422,886,2,4,196,287,199,417,616,158,50,81,200,232,1046,0.476,0.476,0.5,0.478,0.683,0.515,hayesel01
Steve Hayes,27,CLE,NBA,1982-83,65,3,1058,104,217,104,216,0,1,29,51,102,134,236,36,17,41,49,215,237,0.479,0.481,0,0.479,0.569,0.495,hayesst01
Spencer Haywood,33,WSB,NBA,1982-83,38,25,775,125,312,125,311,0,1,63,87,77,106,183,30,12,27,67,94,313,0.401,0.402,0,0.401,0.724,0.447,haywosp01
Gerald Henderson,27,BOS,NBA,1982-83,82,9,1551,286,618,283,602,3,16,96,133,57,67,124,195,95,3,128,190,671,0.463,0.47,0.188,0.465,0.722,0.496,hendege01
Tom Henderson,31,HOU,NBA,1982-83,51,2,789,107,263,107,261,0,2,45,57,18,51,69,138,37,2,50,57,259,0.407,0.41,0,0.407,0.789,0.45,hendeto01
Rod Higgins,23,CHI,NBA,1982-83,82,42,2196,313,698,300,657,13,41,209,264,159,207,366,175,66,65,127,248,848,0.448,0.457,0.317,0.458,0.792,0.521,higgiro01
Johnny High,25,PHO,NBA,1982-83,82,2,1155,100,217,99,212,1,5,63,136,45,105,150,153,85,34,106,205,264,0.461,0.467,0.2,0.463,0.463,0.477,highjo01
Armond Hill,29,MIL,NBA,1982-83,14,3,169,14,26,14,26,0,0,18,22,5,15,20,27,9,0,13,20,46,0.538,0.538,,0.538,0.818,0.645,hillar01
Craig Hodges,22,SDC,NBA,1982-83,76,48,2022,318,704,298,614,20,90,94,130,53,69,122,275,82,4,161,192,750,0.452,0.485,0.222,0.466,0.723,0.493,hodgecr01
Lionel Hollins,29,SDC,NBA,1982-83,56,54,1844,313,717,310,696,3,21,129,179,30,98,128,373,111,14,198,155,758,0.437,0.445,0.143,0.439,0.721,0.476,hollili01
Phil Hubbard,26,CLE,NBA,1982-83,82,38,1953,288,597,288,595,0,2,204,296,222,249,471,89,87,8,158,271,780,0.482,0.484,0,0.482,0.689,0.536,hubbaph01
Geoff Huston,25,CLE,NBA,1982-83,80,79,2716,401,832,397,820,4,12,168,245,41,118,159,487,74,4,195,215,974,0.482,0.484,0.333,0.484,0.686,0.518,hustoge01
Marc Iavaroni,26,PHI,NBA,1982-83,80,77,1612,163,353,163,351,0,2,78,113,117,212,329,83,32,44,133,238,404,0.462,0.464,0,0.462,0.69,0.502,iavarma01
Dan Issel,34,DEN,NBA,1982-83,80,80,2431,661,1296,657,1277,4,19,400,479,151,445,596,223,83,43,174,227,1726,0.51,0.514,0.211,0.512,0.835,0.573,isselda01
Tracy Jackson,23,CHI,NBA,1982-83,78,3,1309,199,426,197,413,2,13,92,126,87,92,179,105,64,11,83,132,492,0.467,0.477,0.154,0.469,0.73,0.511,jackstr01
Clay Johnson,26,LAL,NBA,1982-83,48,0,447,53,135,53,133,0,2,38,48,40,29,69,24,22,4,25,62,144,0.393,0.398,0,0.393,0.792,0.461,johnscl02
Clemon Johnson,26,TOT,NBA,1982-83,83,11,1914,299,581,299,580,0,1,111,180,190,334,524,139,67,92,124,221,709,0.515,0.516,0,0.515,0.617,0.537,johnscl01
Dennis Johnson,28,PHO,NBA,1982-83,77,74,2551,398,861,393,830,5,31,292,369,92,243,335,388,97,39,204,204,1093,0.462,0.473,0.161,0.465,0.791,0.534,johnsde01
Eddie Johnson,27,ATL,NBA,1982-83,61,57,1813,389,858,375,817,14,41,186,237,26,98,124,318,61,6,156,138,978,0.453,0.459,0.341,0.462,0.785,0.508,johnsed02
Eddie Johnson,23,KCK,NBA,1982-83,82,82,2933,677,1370,657,1299,20,71,247,317,191,310,501,216,70,20,181,259,1621,0.494,0.506,0.282,0.501,0.779,0.537,johnsed03
Frank Johnson,24,WSB,NBA,1982-83,68,65,2324,321,786,307,725,14,61,196,261,46,132,178,549,110,6,238,170,852,0.408,0.423,0.23,0.417,0.751,0.473,johnsfr01
George Johnson,34,ATL,NBA,1982-83,37,0,461,25,57,25,57,0,0,14,19,44,73,117,17,10,59,19,69,64,0.439,0.439,,0.439,0.737,0.49,johnsge02
George Johnson,26,IND,NBA,1982-83,82,64,2297,409,858,402,820,7,38,126,172,176,369,545,220,77,53,242,279,951,0.477,0.49,0.184,0.481,0.733,0.509,johnsge03
Magic Johnson,23,LAL,NBA,1982-83,79,79,2907,511,933,511,912,0,21,304,380,214,469,683,829,176,47,301,200,1326,0.548,0.56,0,0.548,0.8,0.603,johnsma02
Marques Johnson,26,MIL,NBA,1982-83,80,80,2853,723,1420,719,1400,4,20,264,359,196,366,562,363,100,56,196,211,1714,0.509,0.514,0.2,0.511,0.735,0.543,johnsma01
Mickey Johnson,30,TOT,NBA,1982-83,78,16,2053,391,921,388,885,3,36,312,380,163,331,494,255,82,46,238,288,1097,0.425,0.438,0.083,0.426,0.821,0.504,johnsmi01
Reggie Johnson,25,TOT,NBA,1982-83,79,8,1541,247,509,246,505,1,4,95,130,107,184,291,71,26,43,104,232,590,0.485,0.487,0.25,0.486,0.731,0.521,johnsre01
Steve Johnson,25,KCK,NBA,1982-83,79,21,1544,371,595,371,595,0,0,186,324,140,258,398,95,40,83,180,323,928,0.624,0.624,,0.624,0.574,0.629,johnsst03
Vinnie Johnson,26,DET,NBA,1982-83,82,51,2511,520,1013,509,973,11,40,245,315,167,186,353,301,93,49,152,263,1296,0.513,0.523,0.275,0.519,0.778,0.563,johnsvi01
Jim Johnstone,22,TOT,NBA,1982-83,23,0,191,11,30,11,30,0,0,9,20,15,31,46,11,3,7,15,33,31,0.367,0.367,,0.367,0.45,0.399,johnsji01
Bobby Jones,31,PHI,NBA,1982-83,74,0,1749,250,460,250,459,0,1,165,208,102,242,344,142,85,91,109,199,665,0.543,0.545,0,0.543,0.793,0.603,jonesbo01
Caldwell Jones,32,HOU,NBA,1982-83,82,82,2440,307,677,307,675,0,2,162,206,222,446,668,138,46,131,171,278,776,0.453,0.455,0,0.453,0.786,0.505,jonesca01
Dwight Jones,30,TOT,NBA,1982-83,81,2,1164,148,325,148,324,0,1,79,123,84,225,309,62,31,23,101,172,375,0.455,0.457,0,0.455,0.642,0.495,jonesdw01
Edgar Jones,26,TOT,NBA,1982-83,77,28,1658,237,479,235,470,2,9,201,286,136,312,448,89,42,108,146,267,677,0.495,0.5,0.222,0.497,0.703,0.56,jonesed01
Hutch Jones,23,SDC,NBA,1982-83,9,0,85,17,37,17,37,0,0,6,6,10,7,17,4,3,0,6,14,40,0.459,0.459,,0.459,1,0.505,joneshu01
Major Jones,29,HOU,NBA,1982-83,60,4,878,142,311,142,309,0,2,56,102,114,149,263,39,22,22,83,104,340,0.457,0.46,0,0.457,0.549,0.478,jonesma01
Eddie Jordan,28,LAL,NBA,1982-83,35,0,333,40,132,37,116,3,16,11,17,8,18,26,80,31,1,54,52,94,0.303,0.319,0.188,0.314,0.647,0.337,jordaed01
Jeff Judkins,26,POR,NBA,1982-83,34,0,309,39,88,37,80,2,8,25,30,18,25,43,17,15,2,17,39,105,0.443,0.463,0.25,0.455,0.833,0.519,judkije01
Rich Kelley,29,TOT,NBA,1982-83,70,23,1345,130,293,130,293,0,0,142,175,131,273,404,138,54,39,118,221,402,0.444,0.444,,0.444,0.811,0.543,kelleri01
Clark Kellogg,21,IND,NBA,1982-83,81,81,2761,680,1420,676,1402,4,18,261,352,340,520,860,223,141,43,217,298,1625,0.479,0.482,0.222,0.48,0.741,0.516,kellocl01
Greg Kelser,25,SEA,NBA,1982-83,80,9,1507,247,450,247,447,0,3,173,257,158,245,403,97,52,35,149,243,667,0.549,0.553,0,0.549,0.673,0.592,kelsegr01
Larry Kenon,30,TOT,NBA,1982-83,48,7,770,119,257,119,256,0,1,42,57,66,81,147,39,23,9,47,64,280,0.463,0.465,0,0.463,0.737,0.496,kenonla01
Albert King,23,NJN,NBA,1982-83,79,75,2447,582,1226,576,1203,6,23,176,227,157,299,456,291,95,41,245,278,1346,0.475,0.479,0.261,0.477,0.775,0.508,kingal01
Bernard King,26,NYK,NBA,1982-83,68,68,2207,603,1142,603,1136,0,6,280,388,99,227,326,195,90,13,197,233,1486,0.528,0.531,0,0.528,0.722,0.566,kingbe01
Reggie King,25,KCK,NBA,1982-83,58,5,995,104,225,104,225,0,0,73,96,91,149,240,58,28,11,65,94,281,0.462,0.462,,0.462,0.76,0.526,kingre01
Billy Knight,30,IND,NBA,1982-83,80,54,2262,512,984,509,965,3,19,343,408,152,172,324,192,66,8,193,143,1370,0.52,0.527,0.158,0.522,0.841,0.589,knighbi01
Joe Kopicki,22,WSB,NBA,1982-83,17,1,201,23,51,23,50,0,1,21,25,18,44,62,9,9,2,8,21,67,0.451,0.46,0,0.451,0.84,0.54,kopicjo01
Joel Kramer,27,PHO,NBA,1982-83,54,4,458,44,104,44,103,0,1,14,16,41,47,88,37,15,6,22,63,102,0.423,0.427,0,0.423,0.875,0.459,kramejo01
Sam Lacey,34,CLE,NBA,1982-83,60,33,1232,111,264,109,255,2,9,29,37,62,169,231,118,29,25,98,209,253,0.42,0.427,0.222,0.424,0.784,0.451,laceysa01
Bill Laimbeer,25,DET,NBA,1982-83,82,82,2871,436,877,434,864,2,13,245,310,282,711,993,263,51,118,176,320,1119,0.497,0.502,0.154,0.498,0.79,0.552,laimbbi01
Jeff Lamp,23,POR,NBA,1982-83,59,1,690,107,252,106,246,1,6,42,52,25,51,76,58,20,3,38,67,257,0.425,0.431,0.167,0.427,0.808,0.467,lampje01
Mark Landsberger,27,LAL,NBA,1982-83,39,4,356,43,102,43,102,0,0,12,25,55,73,128,12,8,4,20,48,98,0.422,0.422,,0.422,0.48,0.434,landsma01
Bob Lanier,34,MIL,NBA,1982-83,39,35,978,163,332,163,331,0,1,91,133,58,142,200,105,34,24,82,125,417,0.491,0.492,0,0.491,0.684,0.534,laniebo01
Allen Leavell,25,HOU,NBA,1982-83,79,76,2602,439,1059,397,884,42,175,247,297,64,131,195,530,165,14,198,215,1167,0.415,0.449,0.24,0.434,0.832,0.49,leaveal01
Ronnie Lester,24,CHI,NBA,1982-83,65,38,1437,202,446,202,441,0,5,124,171,46,126,172,332,51,6,134,121,528,0.453,0.458,0,0.453,0.725,0.506,lestero01
Fat Lever,22,POR,NBA,1982-83,81,45,2020,256,594,251,579,5,15,116,159,85,140,225,426,153,15,137,179,633,0.431,0.434,0.333,0.435,0.73,0.477,leverfa01
Cliff Levingston,22,DET,NBA,1982-83,62,5,879,131,270,131,269,0,1,84,147,104,128,232,52,23,36,73,125,346,0.485,0.487,0,0.485,0.571,0.517,levincl01
Steve Lingenfelter,24,WSB,NBA,1982-83,7,0,53,4,6,4,6,0,0,0,4,1,11,12,4,1,3,5,16,8,0.667,0.667,,0.667,0,0.515,lingest01
Alton Lister,24,MIL,NBA,1982-83,80,37,1885,272,514,272,514,0,0,130,242,168,400,568,111,50,177,186,328,674,0.529,0.529,,0.529,0.537,0.543,listeal01
Lewis Lloyd,23,GSW,NBA,1982-83,73,24,1350,293,566,292,562,1,4,100,139,77,183,260,130,61,31,118,109,687,0.518,0.52,0.25,0.519,0.719,0.548,lloydle01
Scott Lloyd,30,DAL,NBA,1982-83,15,0,206,19,50,19,49,0,1,11,17,19,27,46,21,6,6,6,24,49,0.38,0.388,0,0.38,0.647,0.426,lloydsc01
Kevin Loder,23,KCK,NBA,1982-83,66,13,818,138,300,133,291,5,9,53,80,37,88,125,72,29,8,64,98,334,0.46,0.457,0.556,0.468,0.663,0.498,loderke01
John Long,26,DET,NBA,1982-83,70,30,1485,312,692,310,685,2,7,111,146,56,124,180,105,44,12,144,130,737,0.451,0.453,0.286,0.452,0.76,0.487,longjo01
John Lucas,29,WSB,NBA,1982-83,35,0,386,62,131,62,126,0,5,21,42,8,21,29,102,25,1,47,18,145,0.473,0.492,0,0.473,0.5,0.485,lucasjo01
Maurice Lucas,30,PHO,NBA,1982-83,77,71,2586,495,1045,494,1042,1,3,278,356,201,598,799,219,56,43,221,274,1269,0.474,0.474,0.333,0.474,0.781,0.528,lucasma01
Rudy Macklin,24,ATL,NBA,1982-83,73,20,1171,170,360,170,356,0,4,101,131,85,105,190,71,41,10,89,189,441,0.472,0.478,0,0.472,0.771,0.528,macklru01
Kyle Macy,25,PHO,NBA,1982-83,82,9,1836,328,634,305,558,23,76,129,148,41,124,165,278,64,8,90,130,808,0.517,0.547,0.303,0.535,0.872,0.578,macyky01
Dave Magley,23,CLE,NBA,1982-83,14,0,56,4,16,4,15,0,1,4,8,2,8,10,2,2,0,2,5,12,0.25,0.267,0,0.25,0.5,0.307,magleda01
Rick Mahorn,24,WSB,NBA,1982-83,82,82,3023,376,768,376,765,0,3,146,254,171,608,779,115,86,148,170,335,898,0.49,0.492,0,0.49,0.575,0.51,mahorri01
Moses Malone,27,PHI,NBA,1982-83,78,78,2922,654,1305,654,1304,0,1,600,788,445,749,1194,101,89,157,264,206,1908,0.501,0.502,0,0.501,0.761,0.578,malonmo01
Wes Matthews,23,ATL,NBA,1982-83,64,0,1187,171,424,157,376,14,48,86,112,25,66,91,249,60,8,123,129,442,0.403,0.418,0.292,0.42,0.768,0.467,matthwe01
Cedric Maxwell,27,BOS,NBA,1982-83,79,71,2252,331,663,331,662,0,1,280,345,185,237,422,186,65,39,165,202,942,0.499,0.5,0,0.499,0.812,0.578,maxwece01
Scott May,28,DET,NBA,1982-83,9,1,155,21,50,21,50,0,0,17,21,10,16,26,12,5,2,13,24,59,0.42,0.42,,0.42,0.81,0.498,maysc01
Bob McAdoo,31,LAL,NBA,1982-83,47,1,1019,292,562,292,561,0,1,119,163,76,171,247,39,40,40,68,153,703,0.52,0.52,0,0.52,0.73,0.555,mcadobo01
Hank McDowell,23,TOT,NBA,1982-83,56,0,505,58,126,58,124,0,2,47,61,54,65,119,24,8,11,40,84,163,0.46,0.468,0,0.46,0.77,0.533,mcdowha01
Mike McGee,23,LAL,NBA,1982-83,39,7,381,69,163,68,156,1,7,17,23,33,20,53,26,11,5,27,50,156,0.423,0.436,0.143,0.426,0.739,0.451,mcgeemi01
Kevin McHale,25,BOS,NBA,1982-83,82,13,2345,483,893,483,892,0,1,193,269,215,338,553,104,34,192,159,241,1159,0.541,0.541,0,0.541,0.717,0.573,mchalke01
Billy McKinney,27,DEN,NBA,1982-83,68,38,1559,266,546,266,539,0,7,136,167,21,100,121,288,39,5,101,142,668,0.487,0.494,0,0.487,0.814,0.539,mckinbi01
Tom McMillen,30,ATL,NBA,1982-83,61,4,1364,198,424,198,423,0,1,108,133,57,160,217,76,17,24,80,143,504,0.467,0.468,0,0.467,0.812,0.522,mcmilto01
Mark McNamara,23,PHI,NBA,1982-83,36,2,182,29,64,29,64,0,0,20,45,34,42,76,7,3,3,36,42,78,0.453,0.453,,0.453,0.444,0.465,mcnamma01
Joe Meriweather,29,KCK,NBA,1982-83,78,74,1706,258,453,258,453,0,0,102,163,150,274,424,64,47,86,118,285,618,0.57,0.57,,0.57,0.626,0.589,meriwjo01
Mike Mitchell,27,SAS,NBA,1982-83,80,79,2803,686,1342,686,1339,0,3,219,289,188,349,537,98,57,52,126,248,1591,0.511,0.512,0,0.511,0.758,0.541,mitchmi01
Steve Mix,35,TOT,NBA,1982-83,58,20,809,137,283,136,279,1,4,75,88,38,99,137,70,33,3,45,71,350,0.484,0.487,0.25,0.486,0.852,0.544,mixst01
Paul Mokeski,26,TOT,NBA,1982-83,73,19,1128,119,260,119,259,0,1,50,68,76,184,260,49,21,44,67,223,288,0.458,0.459,0,0.458,0.735,0.497,mokespa01
Sidney Moncrief,25,MIL,NBA,1982-83,76,76,2710,606,1156,605,1146,1,10,499,604,192,245,437,300,113,23,197,180,1712,0.524,0.528,0.1,0.525,0.826,0.602,moncrsi01
Johnny Moore,24,SAS,NBA,1982-83,77,73,2552,394,841,389,819,5,22,148,199,65,212,277,753,194,32,226,247,941,0.468,0.475,0.227,0.471,0.744,0.507,moorejo01
Lowes Moore,25,SDC,NBA,1982-83,37,3,642,81,190,75,167,6,23,42,56,15,40,55,73,22,1,46,72,210,0.426,0.449,0.261,0.442,0.75,0.489,moorelo01
Guy Morgan,22,IND,NBA,1982-83,8,0,46,7,24,7,24,0,0,1,4,6,11,17,7,2,0,2,7,15,0.292,0.292,,0.292,0.25,0.291,morgagu01
Calvin Murphy,34,HOU,NBA,1982-83,64,0,1423,337,754,333,740,4,14,138,150,34,40,74,158,59,4,89,163,816,0.447,0.45,0.286,0.45,0.92,0.498,murphca01
Larry Nance,23,PHO,NBA,1982-83,82,82,2914,588,1069,587,1066,1,3,193,287,239,471,710,197,99,217,190,254,1370,0.55,0.551,0.333,0.551,0.672,0.573,nancela01
Swen Nater,33,SDC,NBA,1982-83,7,0,51,6,20,6,20,0,0,4,4,2,11,13,1,1,0,3,1,16,0.3,0.3,,0.3,1,0.368,natersw01
Calvin Natt,26,POR,NBA,1982-83,80,80,2879,644,1187,641,1167,3,20,339,428,214,385,599,171,63,29,203,184,1630,0.543,0.549,0.15,0.544,0.792,0.593,nattca01
Kenny Natt,24,UTA,NBA,1982-83,22,0,210,38,73,38,71,0,2,9,14,6,16,22,28,5,0,22,36,85,0.521,0.535,0,0.521,0.643,0.537,nattke01
Ed Nealy,22,KCK,NBA,1982-83,82,61,1643,147,247,147,247,0,0,70,114,170,315,485,62,68,12,51,247,364,0.595,0.595,,0.595,0.614,0.612,nealyed01
Chuck Nevitt,23,HOU,NBA,1982-83,6,0,64,11,15,11,15,0,0,1,4,6,11,17,0,1,12,7,14,23,0.733,0.733,,0.733,0.25,0.686,nevitch01
Carl Nicks,24,CLE,NBA,1982-83,9,2,148,26,59,26,58,0,1,11,17,8,18,26,11,6,0,11,17,63,0.441,0.448,0,0.441,0.647,0.474,nicksca01
Kurt Nimphius,24,DAL,NBA,1982-83,81,12,1515,174,355,173,354,1,1,77,140,157,247,404,115,24,111,66,287,426,0.49,0.489,1,0.492,0.55,0.511,nimphku01
Norm Nixon,27,LAL,NBA,1982-83,79,79,2711,533,1123,533,1110,0,13,125,168,61,144,205,566,104,4,237,176,1191,0.475,0.48,0,0.475,0.744,0.498,nixonno01
Audie Norris,22,POR,NBA,1982-83,30,0,311,26,63,26,63,0,0,14,30,25,44,69,24,13,2,33,61,66,0.413,0.413,,0.413,0.467,0.433,norriau01
Mike O'Koren,24,NJN,NBA,1982-83,46,14,803,136,259,134,250,2,9,34,48,42,72,114,82,42,11,62,67,308,0.525,0.536,0.222,0.529,0.708,0.55,okoremi01
Mark Olberding,26,CHI,NBA,1982-83,80,31,1817,251,522,249,510,2,12,194,248,108,250,358,131,50,9,152,246,698,0.481,0.488,0.167,0.483,0.782,0.553,olberma01
Jawann Oldham,25,CHI,NBA,1982-83,16,0,171,31,58,31,58,0,0,12,22,18,29,47,5,5,13,13,30,74,0.534,0.534,,0.534,0.545,0.547,oldhaja01
Louis Orr,24,NYK,NBA,1982-83,82,14,1666,274,593,274,591,0,2,140,175,94,134,228,94,64,24,93,134,688,0.462,0.464,0,0.462,0.8,0.513,orrlo01
Tom Owens,33,DET,NBA,1982-83,49,4,725,81,192,81,192,0,0,45,66,66,120,186,44,12,14,48,115,207,0.422,0.422,,0.422,0.682,0.468,owensto01
Robert Parish,29,BOS,NBA,1982-83,78,76,2459,619,1125,619,1124,0,1,271,388,260,567,827,141,79,148,185,222,1509,0.55,0.551,0,0.55,0.698,0.582,parisro01
Billy Paultz,34,TOT,NBA,1982-83,64,0,820,101,227,101,227,0,0,27,59,64,136,200,61,17,18,47,109,229,0.445,0.445,,0.445,0.458,0.453,paultbi01
Jim Paxson,25,POR,NBA,1982-83,81,81,2740,682,1323,678,1298,4,25,388,478,68,106,174,231,140,17,156,160,1756,0.515,0.522,0.16,0.517,0.812,0.573,paxsoji02
Sam Pellom,31,TOT,NBA,1982-83,6,0,29,6,16,6,16,0,0,0,0,2,6,8,1,0,0,2,3,12,0.375,0.375,,0.375,,0.375,pellosa01
Roger Phegley,26,SAS,NBA,1982-83,62,4,599,120,267,117,253,3,14,43,56,39,45,84,60,30,8,49,92,286,0.449,0.462,0.214,0.455,0.768,0.49,pheglro01
Eddie Phillips,21,NJN,NBA,1982-83,48,0,416,56,138,56,136,0,2,40,59,27,50,77,29,14,8,50,58,152,0.406,0.412,0,0.406,0.678,0.464,philled01
Ricky Pierce,23,DET,NBA,1982-83,39,1,265,33,88,32,81,1,7,18,32,15,20,35,14,8,4,18,42,85,0.375,0.395,0.143,0.381,0.563,0.416,piercri01
Charles Pittman,24,PHO,NBA,1982-83,28,0,170,19,40,19,39,0,1,25,37,13,18,31,7,2,7,22,41,63,0.475,0.487,0,0.475,0.676,0.56,pittmch01
Ben Poquette,27,UTA,NBA,1982-83,75,50,2331,329,697,328,692,1,5,166,221,155,366,521,168,64,116,100,264,825,0.472,0.474,0.2,0.473,0.751,0.519,poquebe01
Kevin Porter,32,WSB,NBA,1982-83,11,0,210,21,40,21,40,0,0,5,6,2,3,5,46,10,0,21,30,47,0.525,0.525,,0.525,0.833,0.551,porteke01
Paul Pressey,24,MIL,NBA,1982-83,79,18,1528,213,466,212,457,1,9,105,176,83,198,281,207,99,47,162,174,532,0.457,0.464,0.111,0.458,0.597,0.489,presspa01
Mark Radford,23,SEA,NBA,1982-83,54,2,439,84,172,80,154,4,18,30,73,12,35,47,104,34,4,74,78,202,0.488,0.519,0.222,0.5,0.411,0.495,radfoma01
Ed Rains,26,SAS,NBA,1982-83,34,1,292,33,83,33,82,0,1,29,43,25,19,44,22,10,1,25,35,95,0.398,0.402,0,0.398,0.674,0.466,rainsed01
Kurt Rambis,24,LAL,NBA,1982-83,78,77,1806,235,413,235,411,0,2,114,166,164,367,531,90,105,63,145,233,584,0.569,0.572,0,0.569,0.687,0.601,rambiku01
Kelvin Ransey,24,DAL,NBA,1982-83,76,4,1607,343,746,341,730,2,16,152,199,44,103,147,280,58,4,129,109,840,0.46,0.467,0.125,0.461,0.764,0.504,ranseke01
James Ray,25,DEN,NBA,1982-83,45,3,433,70,153,70,152,0,1,33,51,37,89,126,39,24,19,50,83,173,0.458,0.461,0,0.458,0.647,0.493,rayja01
Clint Richardson,26,PHI,NBA,1982-83,77,1,1755,259,559,259,553,0,6,71,111,98,149,247,168,71,18,99,164,589,0.463,0.468,0,0.463,0.64,0.485,richacl01
Micheal Ray Richardson,27,TOT,NBA,1982-83,64,51,2076,346,815,338,764,8,51,106,163,113,182,295,432,182,24,244,240,806,0.425,0.442,0.157,0.429,0.65,0.454,richami01
Rick Robey,27,BOS,NBA,1982-83,59,6,855,100,214,100,214,0,0,45,78,79,140,219,65,13,8,72,131,245,0.467,0.467,,0.467,0.577,0.493,robeyri01
Cliff Robinson,22,CLE,NBA,1982-83,77,75,2601,587,1230,587,1225,0,5,213,301,190,666,856,145,61,58,224,272,1387,0.477,0.479,0,0.477,0.708,0.509,robincl01
Oliver Robinson,22,SAS,NBA,1982-83,35,0,147,35,97,34,86,1,11,30,45,6,11,17,21,4,2,13,18,101,0.361,0.395,0.091,0.366,0.667,0.432,robinol01
Truck Robinson,31,NYK,NBA,1982-83,81,76,2426,326,706,326,706,0,0,118,201,199,458,657,145,57,24,190,241,770,0.462,0.462,,0.462,0.587,0.485,robintr01
Dave Robisch,33,DEN,NBA,1982-83,61,0,711,96,251,96,250,0,1,92,118,34,117,151,53,10,9,45,61,284,0.382,0.384,0,0.382,0.78,0.469,robisda01
Tree Rollins,27,ATL,NBA,1982-83,80,80,2472,261,512,261,511,0,1,98,135,210,533,743,75,49,343,95,294,620,0.51,0.511,0,0.51,0.726,0.543,rollitr01
Lorenzo Romar,24,GSW,NBA,1982-83,82,64,2130,266,572,256,539,10,33,78,105,23,115,138,455,98,5,141,142,620,0.465,0.475,0.303,0.474,0.743,0.501,romarlo01
Dan Roundfield,29,ATL,NBA,1982-83,77,76,2811,561,1193,556,1166,5,27,337,450,259,621,880,225,60,115,245,239,1464,0.47,0.477,0.185,0.472,0.749,0.526,roundda01
Jeff Ruland,24,WSB,NBA,1982-83,79,47,2862,580,1051,579,1048,1,3,375,544,293,578,871,234,74,77,297,312,1536,0.552,0.552,0.333,0.552,0.689,0.595,rulanje01
Walker Russell,22,DET,NBA,1982-83,68,1,757,67,184,65,166,2,18,47,58,19,54,73,131,16,1,92,71,183,0.364,0.392,0.111,0.37,0.81,0.437,russewa01
Mike Sanders,22,SAS,NBA,1982-83,26,0,393,76,157,76,155,0,2,31,43,31,63,94,19,18,6,28,57,183,0.484,0.49,0,0.484,0.721,0.52,sandemi01
Danny Schayes,23,TOT,NBA,1982-83,82,50,2284,342,749,342,748,0,1,228,295,200,435,635,205,54,98,253,325,912,0.457,0.457,0,0.457,0.773,0.519,schayda01
Russ Schoene,22,TOT,NBA,1982-83,77,7,1222,207,435,206,431,1,4,61,83,96,159,255,59,25,23,81,192,476,0.476,0.478,0.25,0.477,0.735,0.505,schoeru01
Alvin Scott,27,PHO,NBA,1982-83,81,9,1139,124,259,124,257,0,2,81,110,60,164,224,97,48,31,64,133,329,0.479,0.482,0,0.479,0.736,0.535,scottal01
Lonnie Shelton,27,SEA,NBA,1982-83,82,79,2572,437,915,436,909,1,6,141,187,158,337,495,237,75,72,172,310,1016,0.478,0.48,0.167,0.478,0.754,0.509,sheltlo01
Ed Sherod,23,NYK,NBA,1982-83,64,37,1624,171,421,170,408,1,13,52,80,43,106,149,311,96,14,104,112,395,0.406,0.417,0.077,0.407,0.65,0.433,sheroed01
Purvis Short,25,GSW,NBA,1982-83,67,57,2397,589,1209,585,1194,4,15,255,308,145,209,354,228,94,14,194,242,1437,0.487,0.49,0.267,0.489,0.828,0.534,shortpu01
Jerry Sichting,26,IND,NBA,1982-83,78,58,2435,316,661,313,643,3,18,92,107,33,122,155,433,104,2,138,185,727,0.478,0.487,0.167,0.48,0.86,0.513,sichtje01
Jack Sikma,27,SEA,NBA,1982-83,75,71,2564,484,1043,484,1035,0,8,400,478,213,645,858,233,87,65,190,263,1368,0.464,0.468,0,0.464,0.837,0.546,sikmaja01
Jose Slaughter,22,IND,NBA,1982-83,63,1,515,89,238,80,197,9,41,38,59,34,34,68,52,36,7,42,93,225,0.374,0.406,0.22,0.393,0.644,0.426,slaugjo01
Derek Smith,21,GSW,NBA,1982-83,27,0,154,21,51,21,49,0,2,17,25,10,28,38,2,0,4,11,40,59,0.412,0.429,0,0.412,0.68,0.476,smithde02
Jim Smith,24,DET,NBA,1982-83,4,0,18,3,4,3,4,0,0,2,4,0,5,5,0,0,0,0,4,8,0.75,0.75,,0.75,0.5,0.694,smithji01
Larry Smith,25,GSW,NBA,1982-83,49,41,1433,180,306,180,306,0,0,53,99,209,276,485,46,36,20,83,186,413,0.588,0.588,,0.588,0.535,0.591,smithla01
Phil Smith,30,SEA,NBA,1982-83,79,17,1238,175,400,172,392,3,8,101,133,27,103,130,216,44,8,102,113,454,0.438,0.439,0.375,0.441,0.759,0.495,smithph01
Randy Smith,34,TOT,NBA,1982-83,80,16,1406,273,565,270,547,3,18,114,131,37,59,96,206,56,0,98,139,663,0.483,0.494,0.167,0.486,0.87,0.532,smithra01
Robert Smith,27,TOT,NBA,1982-83,12,0,68,7,24,7,22,0,2,9,10,1,5,6,8,5,0,6,13,23,0.292,0.318,0,0.292,0.9,0.405,smithro01
Ricky Sobers,30,WSB,NBA,1982-83,41,39,1438,234,534,211,479,23,55,154,185,35,67,102,218,61,14,147,158,645,0.438,0.441,0.418,0.46,0.832,0.524,soberri01
Jim Spanarkel,25,DAL,NBA,1982-83,48,4,722,91,197,89,187,2,10,88,113,27,57,84,78,27,3,55,59,272,0.462,0.476,0.2,0.467,0.779,0.551,spanaji01
Rory Sparrow,24,TOT,NBA,1982-83,81,58,2428,392,810,387,788,5,22,147,199,61,169,230,397,107,5,197,255,936,0.484,0.491,0.227,0.487,0.739,0.521,sparrro01
Larry Spriggs,23,CHI,NBA,1982-83,9,0,39,8,20,8,20,0,0,5,7,2,7,9,3,1,2,2,3,21,0.4,0.4,,0.4,0.714,0.455,sprigla01
Brook Steppe,23,KCK,NBA,1982-83,62,6,606,84,176,83,169,1,7,76,100,25,48,73,68,26,3,55,92,245,0.477,0.491,0.143,0.48,0.76,0.557,steppbr01
Jeff Taylor,23,HOU,NBA,1982-83,44,5,774,64,160,64,159,0,1,30,46,25,53,78,110,40,15,60,82,158,0.4,0.403,0,0.4,0.652,0.438,tayloje01
Vince Taylor,22,NYK,NBA,1982-83,31,0,321,37,102,37,102,0,0,21,32,19,17,36,41,20,2,30,54,95,0.363,0.363,,0.363,0.656,0.409,taylovi01
Terry Teagle,22,HOU,NBA,1982-83,73,44,1708,332,776,322,747,10,29,87,125,74,120,194,150,53,18,137,171,761,0.428,0.431,0.345,0.434,0.696,0.458,teaglte01
Carlos Terry,26,WSB,NBA,1982-83,55,3,514,39,106,39,104,0,2,10,15,27,72,99,46,24,13,20,79,88,0.368,0.375,0,0.368,0.667,0.391,terryca01
Reggie Theus,25,CHI,NBA,1982-83,82,81,2856,749,1567,728,1476,21,91,434,542,91,209,300,484,143,17,321,281,1953,0.478,0.493,0.231,0.485,0.801,0.541,theusre01
David Thirdkill,22,PHO,NBA,1982-83,49,2,521,74,170,73,163,1,7,45,78,28,44,72,36,19,4,48,93,194,0.435,0.448,0.143,0.438,0.577,0.475,thirdda01
Isiah Thomas,21,DET,NBA,1982-83,81,81,3093,725,1537,689,1412,36,125,368,518,105,223,328,634,199,29,326,318,1854,0.472,0.488,0.288,0.483,0.71,0.525,thomais01
Corny Thompson,22,DAL,NBA,1982-83,44,2,520,43,137,43,137,0,0,36,46,41,79,120,34,12,7,31,92,122,0.314,0.314,,0.314,0.783,0.388,thompco01
David Thompson,28,SEA,NBA,1982-83,75,64,2155,445,925,443,915,2,10,298,380,96,174,270,222,47,33,163,142,1190,0.481,0.484,0.2,0.482,0.784,0.545,thompda01
LaSalle Thompson,21,KCK,NBA,1982-83,71,3,987,147,287,147,286,0,1,89,137,133,242,375,33,40,61,96,186,383,0.512,0.514,0,0.512,0.65,0.551,thompla01
Mychal Thompson,28,POR,NBA,1982-83,80,80,3017,505,1033,505,1032,0,1,249,401,183,570,753,380,68,110,281,213,1259,0.489,0.489,0,0.489,0.621,0.52,thompmy01
Darren Tillis,22,TOT,NBA,1982-83,52,4,526,76,181,76,180,0,1,16,28,41,89,130,18,8,30,22,76,168,0.42,0.422,0,0.42,0.571,0.435,tillida01
Ray Tolbert,24,TOT,NBA,1982-83,73,2,1107,157,314,157,311,0,3,52,103,72,170,242,50,26,47,83,153,366,0.5,0.505,0,0.5,0.505,0.509,tolbera01
Andrew Toney,25,PHI,NBA,1982-83,81,81,2474,626,1250,604,1174,22,76,324,411,42,183,225,365,80,17,271,255,1598,0.501,0.514,0.289,0.51,0.788,0.558,toneyan01
Linton Townes,23,POR,NBA,1982-83,55,0,516,105,234,96,209,9,25,28,38,30,35,65,31,19,5,33,81,247,0.449,0.459,0.36,0.468,0.737,0.493,towneli01
Kelly Tripucka,23,DET,NBA,1982-83,58,58,2252,565,1156,551,1119,14,37,392,464,126,138,264,237,67,20,187,157,1536,0.489,0.492,0.378,0.495,0.845,0.565,tripuke01
Trent Tucker,23,NYK,NBA,1982-83,78,59,1830,299,647,285,617,14,30,43,64,75,141,216,195,56,6,70,235,655,0.462,0.462,0.467,0.473,0.672,0.485,tucketr01
Elston Turner,23,DAL,NBA,1982-83,59,16,879,96,238,94,235,2,3,20,30,68,84,152,88,47,0,59,75,214,0.403,0.4,0.667,0.408,0.667,0.426,turneel01
Terry Tyler,26,DET,NBA,1982-83,82,56,2543,421,880,419,865,2,15,146,196,180,360,540,157,103,160,120,221,990,0.478,0.484,0.133,0.48,0.745,0.512,tylerte01
Darnell Valentine,23,POR,NBA,1982-83,47,36,1298,209,460,209,459,0,1,169,213,34,83,117,293,101,5,131,139,587,0.454,0.455,0,0.454,0.793,0.53,valenda01
Jan van Breda Kolff,31,NJN,NBA,1982-83,13,0,63,5,14,5,14,0,0,5,6,2,11,13,5,2,2,3,9,15,0.357,0.357,,0.357,0.833,0.451,vanbrja01
Kiki Vandeweghe,24,DEN,NBA,1982-83,82,79,2909,841,1537,826,1486,15,51,489,559,124,313,437,203,66,38,177,198,2186,0.547,0.556,0.294,0.552,0.875,0.613,vandeki01
Pete Verhoeven,23,POR,NBA,1982-83,48,0,527,87,171,87,170,0,1,21,31,44,52,96,32,18,9,40,95,195,0.509,0.512,0,0.509,0.677,0.528,verhope01
Jay Vincent,23,DAL,NBA,1982-83,81,73,2726,622,1272,622,1269,0,3,269,343,217,375,592,212,70,45,188,295,1513,0.489,0.49,0,0.489,0.784,0.532,vinceja01
Danny Vranes,24,SEA,NBA,1982-83,82,73,2054,226,429,226,428,0,1,115,209,177,248,425,120,53,49,102,254,567,0.527,0.528,0,0.527,0.55,0.544,vraneda01
Foots Walker,31,NJN,NBA,1982-83,79,10,1388,114,250,112,238,2,12,116,149,30,106,136,264,78,3,104,134,346,0.456,0.471,0.167,0.46,0.779,0.548,walkefo01
Wally Walker,28,HOU,NBA,1982-83,82,59,2251,362,806,361,802,1,4,72,116,137,236,373,199,37,22,144,202,797,0.449,0.45,0.25,0.45,0.621,0.465,walkewa01
Bill Walton,30,SDC,NBA,1982-83,33,32,1099,200,379,200,379,0,0,65,117,75,248,323,120,34,119,105,113,465,0.528,0.528,,0.528,0.556,0.54,waltobi01
Bryan Warrick,23,WSB,NBA,1982-83,43,20,727,65,171,65,166,0,5,42,57,15,54,69,126,21,8,71,103,172,0.38,0.392,0,0.38,0.737,0.439,warribr01
Marvin Webster,30,NYK,NBA,1982-83,82,0,1472,168,331,168,330,0,1,106,180,176,267,443,49,35,131,102,210,442,0.508,0.509,0,0.508,0.589,0.539,webstma01
Scott Wedman,30,TOT,NBA,1982-83,75,35,1793,374,788,364,756,10,32,85,107,98,184,282,117,43,17,126,228,843,0.475,0.481,0.313,0.481,0.794,0.505,wedmasc01
Paul Westphal,32,NYK,NBA,1982-83,80,59,1978,318,693,304,645,14,48,148,184,19,96,115,439,87,16,196,180,798,0.459,0.471,0.292,0.469,0.804,0.516,westppa01
Rory White,23,PHO,NBA,1982-83,65,0,626,127,234,127,233,0,1,70,109,47,58,105,30,16,2,51,54,324,0.543,0.545,0,0.543,0.642,0.575,whitero01
Jerome Whitehead,26,SDC,NBA,1982-83,46,23,905,164,306,164,306,0,0,72,87,105,156,261,42,21,15,65,139,400,0.536,0.536,,0.536,0.828,0.581,whiteje01
Bob Wilkerson,28,CLE,NBA,1982-83,77,11,1702,213,511,213,507,0,4,93,124,62,180,242,189,68,16,160,157,519,0.417,0.42,0,0.417,0.75,0.459,wilkebo01
Jamaal Wilkes,29,LAL,NBA,1982-83,80,80,2552,684,1290,684,1284,0,6,203,268,146,197,343,182,65,17,150,221,1571,0.53,0.533,0,0.53,0.757,0.558,wilkeja01
James Wilkes,24,DET,NBA,1982-83,9,0,129,11,34,11,33,0,1,12,15,9,10,19,10,3,1,5,22,34,0.324,0.333,0,0.324,0.8,0.419,wilkeja02
Dominique Wilkins,23,ATL,NBA,1982-83,82,82,2697,601,1220,599,1209,2,11,230,337,226,252,478,129,84,63,180,210,1434,0.493,0.495,0.182,0.493,0.682,0.524,wilkido01
Jeff Wilkins,27,UTA,NBA,1982-83,81,34,2307,389,816,389,813,0,3,156,200,154,442,596,132,41,42,186,251,934,0.477,0.478,0,0.477,0.78,0.517,wilkije01
Buck Williams,22,NJN,NBA,1982-83,82,82,2961,536,912,536,908,0,4,324,523,365,662,1027,125,91,110,246,270,1396,0.588,0.59,0,0.588,0.62,0.611,willibu01
Freeman Williams,26,UTA,NBA,1982-83,18,3,210,36,101,34,94,2,7,18,25,3,14,17,10,6,1,12,30,92,0.356,0.362,0.286,0.366,0.72,0.411,willifr01
Gus Williams,29,SEA,NBA,1982-83,80,80,2761,660,1384,658,1341,2,43,278,370,72,133,205,643,182,26,230,117,1600,0.477,0.491,0.047,0.478,0.751,0.517,willigu01
Herb Williams,24,IND,NBA,1982-83,78,74,2513,580,1163,580,1156,0,7,155,220,151,432,583,262,54,171,229,230,1315,0.499,0.502,0,0.499,0.705,0.522,willihe01
Ray Williams,28,KCK,NBA,1982-83,72,68,2170,419,1068,404,994,15,74,256,333,93,234,327,569,120,26,335,248,1109,0.392,0.406,0.203,0.399,0.769,0.457,willira01
Rickey Williams,25,UTA,NBA,1982-83,44,0,346,56,135,56,132,0,3,35,53,15,23,38,37,20,4,38,42,147,0.415,0.424,0,0.415,0.66,0.464,williri01
Rob Williams,21,DEN,NBA,1982-83,74,33,1443,191,468,189,453,2,15,131,174,37,99,136,361,89,12,185,221,515,0.408,0.417,0.133,0.41,0.753,0.473,williro02
Sam Williams,23,GSW,NBA,1982-83,75,28,1533,252,479,252,478,0,1,123,171,153,240,393,45,71,89,101,244,627,0.526,0.527,0,0.526,0.719,0.566,willisa02
Sly Williams,25,NYK,NBA,1982-83,68,6,1385,314,647,312,628,2,19,176,259,94,196,290,133,73,3,133,166,806,0.485,0.497,0.105,0.487,0.68,0.53,willisl01
Bill Willoughby,25,TOT,NBA,1982-83,62,0,1146,147,324,141,310,6,14,43,55,63,138,201,64,25,17,61,139,343,0.454,0.455,0.429,0.463,0.782,0.493,willobi01
Brian Winters,30,MIL,NBA,1982-83,57,12,1361,255,587,233,519,22,68,73,85,35,75,110,156,45,4,81,132,605,0.434,0.449,0.324,0.453,0.859,0.484,wintebr01
Al Wood,24,SDC,NBA,1982-83,76,47,1822,343,740,328,690,15,50,124,161,96,140,236,134,55,36,111,188,825,0.464,0.475,0.3,0.474,0.77,0.509,woodal01
Mike Woodson,24,KCK,NBA,1982-83,81,3,2426,584,1154,577,1121,7,33,298,377,84,164,248,254,137,59,174,203,1473,0.506,0.515,0.212,0.509,0.79,0.558,woodsmi01
Orlando Woolridge,23,CHI,NBA,1982-83,57,38,1627,361,622,361,619,0,3,217,340,122,176,298,97,38,44,157,177,939,0.58,0.583,0,0.58,0.638,0.608,woolror01
James Worthy,21,LAL,NBA,1982-83,77,1,1970,447,772,446,768,1,4,138,221,157,242,399,132,91,64,178,221,1033,0.579,0.581,0.25,0.58,0.624,0.594,worthja01
Jim Zoet,29,DET,NBA,1982-83,7,0,30,1,5,1,5,0,0,0,0,3,5,8,1,1,3,4,9,2,0.2,0.2,,0.2,,0.2,zoetji01
Kareem Abdul-Jabbar,36,LAL,NBA,1983-84,80,80,2622,716,1238,716,1237,0,1,285,394,169,418,587,211,55,143,221,211,1717,0.578,0.579,0,0.578,0.723,0.608,abdulka01
Alvan Adams,29,PHO,NBA,1983-84,70,13,1452,269,582,269,578,0,4,132,160,118,201,319,219,73,31,117,195,670,0.462,0.465,0,0.462,0.825,0.513,adamsal01
Mark Aguirre,24,DAL,NBA,1983-84,79,79,2900,925,1765,910,1709,15,56,465,621,161,308,469,358,80,22,285,246,2330,0.524,0.532,0.268,0.528,0.749,0.572,aguirma01
Danny Ainge,24,BOS,NBA,1983-84,71,3,1154,166,361,160,339,6,22,46,56,29,87,116,162,41,4,70,143,384,0.46,0.472,0.273,0.468,0.821,0.498,aingeda01
J.J. Anderson,23,UTA,NBA,1983-84,48,0,311,55,130,55,127,0,3,12,29,38,25,63,22,15,9,20,28,122,0.423,0.433,0,0.423,0.414,0.427,anderjj01
Richard Anderson,23,DEN,NBA,1983-84,78,17,1380,272,638,269,619,3,19,116,150,136,270,406,193,46,28,109,183,663,0.426,0.435,0.158,0.429,0.773,0.471,anderri01
Tiny Archibald,35,MIL,NBA,1983-84,46,46,1038,136,279,132,261,4,18,64,101,16,60,76,160,33,0,78,78,340,0.487,0.506,0.222,0.495,0.634,0.526,architi01
Ken Austin,22,DET,NBA,1983-84,7,0,28,6,13,6,13,0,0,0,0,2,1,3,1,1,1,3,7,12,0.462,0.462,,0.462,,0.462,austike01
John Bagley,23,CLE,NBA,1983-84,76,19,1712,257,607,255,590,2,17,157,198,49,107,156,333,78,4,170,113,673,0.423,0.432,0.118,0.425,0.793,0.485,baglejo01
James Bailey,26,HOU,NBA,1983-84,73,0,1174,254,517,254,516,0,1,138,192,104,190,294,79,33,40,101,197,646,0.491,0.492,0,0.491,0.719,0.537,baileja01
Thurl Bailey,22,UTA,NBA,1983-84,81,54,2009,302,590,302,590,0,0,88,117,115,349,464,129,38,122,105,193,692,0.512,0.512,,0.512,0.752,0.539,baileth01
Greg Ballard,29,WSB,NBA,1983-84,82,82,2701,510,1061,508,1046,2,15,166,208,140,348,488,290,94,35,142,214,1188,0.481,0.486,0.133,0.482,0.798,0.515,ballagr01
Gene Banks,24,SAS,NBA,1983-84,80,66,2600,424,747,423,741,1,6,200,270,204,378,582,254,105,23,166,256,1049,0.568,0.571,0.167,0.568,0.741,0.606,banksge01
Dave Batton,27,SAS,NBA,1983-84,4,0,31,5,10,5,10,0,0,0,0,1,3,4,3,0,3,4,5,10,0.5,0.5,,0.5,,0.5,battoda01
Kent Benson,29,DET,NBA,1983-84,82,58,1734,248,451,248,450,0,1,83,101,117,292,409,130,71,53,79,230,579,0.55,0.551,0,0.55,0.822,0.584,bensoke01
Larry Bird,27,BOS,NBA,1983-84,79,77,3028,758,1542,740,1469,18,73,374,421,181,615,796,520,144,69,237,197,1908,0.492,0.504,0.247,0.497,0.888,0.552,birdla01
Otis Birdsong,28,NJN,NBA,1983-84,69,57,2168,583,1147,578,1127,5,20,194,319,74,96,170,266,86,17,170,180,1365,0.508,0.513,0.25,0.51,0.608,0.53,birdsot01
Rolando Blackman,24,DAL,NBA,1983-84,81,81,3025,721,1320,720,1309,1,11,372,458,124,249,373,288,56,37,169,127,1815,0.546,0.55,0.091,0.547,0.812,0.596,blackro01
Tom Boswell,30,UTA,NBA,1983-84,38,0,261,28,52,27,51,1,1,16,21,28,36,64,16,9,0,13,58,73,0.538,0.529,1,0.548,0.762,0.596,bosweto01
Charles Bradley,24,SEA,NBA,1983-84,8,0,39,3,7,3,7,0,0,5,7,0,3,3,5,0,1,8,6,11,0.429,0.429,,0.429,0.714,0.546,bradlch01
Mike Bratz,28,GSW,NBA,1983-84,82,0,1428,213,521,198,470,15,51,120,137,41,102,143,252,84,6,109,155,561,0.409,0.421,0.294,0.423,0.876,0.483,bratzmi01
Randy Breuer,23,MIL,NBA,1983-84,57,8,472,68,177,68,177,0,0,32,46,48,61,109,17,11,38,35,98,168,0.384,0.384,,0.384,0.696,0.426,breuera01
Ron Brewer,28,TOT,NBA,1983-84,53,8,992,179,403,176,389,3,14,52,67,22,41,63,50,24,21,40,64,413,0.444,0.452,0.214,0.448,0.776,0.477,brewero01
Junior Bridgeman,30,MIL,NBA,1983-84,81,10,2431,509,1094,503,1063,6,31,196,243,80,252,332,265,53,14,148,224,1220,0.465,0.473,0.194,0.468,0.807,0.508,bridgju01
Michael Brooks,25,SDC,NBA,1983-84,47,30,1405,213,445,213,440,0,5,104,151,142,200,342,88,50,14,78,125,530,0.479,0.484,0,0.479,0.689,0.518,brookmi01
Fred Brown,35,SEA,NBA,1983-84,71,1,1129,258,506,249,472,9,34,77,86,14,48,62,194,49,2,70,84,602,0.51,0.528,0.265,0.519,0.895,0.553,brownfr01
Rickey Brown,25,ATL,NBA,1983-84,68,3,785,94,201,94,201,0,0,48,65,67,114,181,29,18,23,53,161,236,0.468,0.468,,0.468,0.738,0.514,brownri01
Wallace Bryant,24,CHI,NBA,1983-84,29,0,317,52,133,52,133,0,0,14,33,37,43,80,13,9,11,16,48,118,0.391,0.391,,0.391,0.424,0.4,bryanwa01
Quinn Buckner,29,BOS,NBA,1983-84,79,0,1249,138,323,138,317,0,6,48,74,41,96,137,214,84,3,100,187,324,0.427,0.435,0,0.427,0.649,0.456,bucknqu01
Don Buse,33,KCK,NBA,1983-84,76,10,1327,150,352,132,293,18,59,63,80,29,87,116,303,86,1,87,62,381,0.426,0.451,0.305,0.452,0.788,0.492,busedo01
Kenny Carr,28,POR,NBA,1983-84,82,57,2455,518,923,518,918,0,5,247,367,208,434,642,157,68,33,202,274,1283,0.561,0.564,0,0.561,0.673,0.592,carrke01
M.L. Carr,33,BOS,NBA,1983-84,60,1,585,70,171,67,156,3,15,42,48,26,49,75,49,17,4,46,67,185,0.409,0.429,0.2,0.418,0.875,0.481,carrml01
Joe Barry Carroll,25,GSW,NBA,1983-84,80,80,2962,663,1390,663,1389,0,1,313,433,235,401,636,198,103,142,268,244,1639,0.477,0.477,0,0.477,0.723,0.519,carrojo01
Butch Carter,25,IND,NBA,1983-84,73,54,2045,413,862,398,816,15,46,136,178,70,83,153,206,128,13,141,211,977,0.479,0.488,0.326,0.488,0.764,0.52,cartebu01
Howard Carter,22,DEN,NBA,1983-84,55,5,688,145,316,140,297,5,19,47,61,38,48,86,71,19,4,42,81,342,0.459,0.471,0.263,0.467,0.77,0.499,carteho01
Bill Cartwright,26,NYK,NBA,1983-84,77,77,2487,453,808,453,807,0,1,404,502,195,454,649,107,44,97,200,262,1310,0.561,0.561,0,0.561,0.805,0.637,cartwbi01
Harvey Catchings,32,MIL,NBA,1983-84,69,3,1156,61,153,61,152,0,1,22,42,89,182,271,43,25,81,57,172,144,0.399,0.401,0,0.399,0.524,0.42,catchha01
Tom Chambers,24,SEA,NBA,1983-84,82,44,2570,554,1110,554,1098,0,12,375,469,219,313,532,133,47,51,192,309,1483,0.499,0.505,0,0.499,0.8,0.563,chambto01
Maurice Cheeks,27,PHI,NBA,1983-84,75,75,2494,386,702,378,682,8,20,170,232,44,161,205,478,171,20,182,196,950,0.55,0.554,0.4,0.556,0.733,0.591,cheekma01
Carlos Clark,23,BOS,NBA,1983-84,31,0,127,19,52,19,50,0,2,16,18,7,10,17,17,8,1,12,13,54,0.365,0.38,0,0.365,0.889,0.451,clarkca01
Don Collins,25,GSW,NBA,1983-84,61,6,957,187,387,186,382,1,5,65,89,62,67,129,67,43,14,80,119,440,0.483,0.487,0.2,0.484,0.73,0.516,collido02
Leroy Combs,23,IND,NBA,1983-84,48,0,446,81,163,81,160,0,3,56,91,19,37,56,38,23,18,46,49,218,0.497,0.506,0,0.497,0.615,0.537,combsle01
Lester Conner,24,GSW,NBA,1983-84,82,82,2573,360,730,359,724,1,6,186,259,132,173,305,401,162,12,143,176,907,0.493,0.496,0.167,0.494,0.718,0.537,connele01
Darwin Cook,25,NJN,NBA,1983-84,82,31,1870,304,687,293,641,11,46,95,126,51,105,156,356,164,36,142,184,714,0.443,0.457,0.239,0.451,0.754,0.481,cookda01
Jeff Cook,27,CLE,NBA,1983-84,81,21,1950,188,387,187,385,1,2,94,130,174,310,484,123,68,47,91,282,471,0.486,0.486,0.5,0.487,0.723,0.53,cookje01
Michael Cooper,27,LAL,NBA,1983-84,82,9,2387,273,549,235,428,38,121,155,185,53,209,262,482,113,67,148,267,739,0.497,0.549,0.314,0.532,0.838,0.586,coopemi01
Wayne Cooper,27,POR,NBA,1983-84,81,38,1662,304,663,304,656,0,7,185,230,176,300,476,76,26,106,110,247,793,0.459,0.463,0,0.459,0.804,0.519,coopewa01
Dave Corzine,27,CHI,NBA,1983-84,82,82,2674,385,824,382,815,3,9,231,275,169,406,575,202,58,120,175,227,1004,0.467,0.469,0.333,0.469,0.84,0.531,corzida01
Charlie Criss,35,TOT,NBA,1983-84,15,0,215,20,52,19,46,1,6,12,16,5,15,20,38,8,0,10,11,53,0.385,0.413,0.167,0.394,0.75,0.449,crissch01
Geoff Crompton,28,CLE,NBA,1983-84,7,0,23,1,8,1,8,0,0,3,6,6,3,9,1,1,1,4,4,5,0.125,0.125,,0.125,0.5,0.235,crompge01
Russell Cross,22,GSW,NBA,1983-84,45,0,354,64,112,64,112,0,0,38,91,35,47,82,22,12,7,19,58,166,0.571,0.571,,0.571,0.418,0.546,crossru01
Pat Cummings,27,DAL,NBA,1983-84,80,80,2492,452,915,452,913,0,2,141,190,151,507,658,158,64,23,146,282,1045,0.494,0.495,0,0.494,0.742,0.523,cummipa01
Terry Cummings,22,SDC,NBA,1983-84,81,80,2907,737,1491,737,1488,0,3,380,528,323,454,777,139,92,57,218,298,1854,0.494,0.495,0,0.494,0.72,0.538,cummite01
Earl Cureton,26,DET,NBA,1983-84,73,0,907,81,177,81,176,0,1,31,59,86,201,287,36,24,31,55,143,193,0.458,0.46,0,0.458,0.525,0.475,curetea01
Quintin Dailey,23,CHI,NBA,1983-84,82,42,2449,583,1229,579,1197,4,32,321,396,61,174,235,254,109,11,220,218,1491,0.474,0.484,0.125,0.476,0.811,0.531,dailequ01
Adrian Dantley,27,UTA,NBA,1983-84,79,79,2984,802,1438,801,1434,1,4,813,946,179,269,448,310,61,4,263,201,2418,0.558,0.559,0.25,0.558,0.859,0.652,dantlad01
Brad Davis,28,DAL,NBA,1983-84,81,81,2665,345,651,338,613,7,38,199,238,41,146,187,561,94,13,166,218,896,0.53,0.551,0.184,0.535,0.836,0.593,davisbr01
Charles Davis,25,WSB,NBA,1983-84,46,0,467,103,218,102,209,1,9,24,39,34,69,103,30,14,10,36,58,231,0.472,0.488,0.111,0.475,0.615,0.491,davisch02
Johnny Davis,28,ATL,NBA,1983-84,75,72,2079,354,800,354,792,0,8,217,256,53,86,139,326,62,6,134,146,925,0.443,0.447,0,0.443,0.848,0.507,davisjo01
Walter Davis,29,PHO,NBA,1983-84,78,70,2546,652,1274,632,1187,20,87,233,270,38,164,202,429,107,12,213,202,1557,0.512,0.532,0.23,0.52,0.863,0.559,daviswa03
Darryl Dawkins,27,NJN,NBA,1983-84,81,80,2417,507,855,505,850,2,5,341,464,159,382,541,123,60,136,231,386,1357,0.593,0.594,0.4,0.594,0.735,0.641,dawkida01
Darren Daye,23,WSB,NBA,1983-84,75,0,1174,180,408,180,402,0,6,95,133,90,98,188,176,38,12,96,154,455,0.441,0.448,0,0.441,0.714,0.488,dayeda01
Kenny Dennard,25,DEN,NBA,1983-84,43,0,413,36,99,33,89,3,10,15,24,37,64,101,45,23,8,29,83,90,0.364,0.371,0.3,0.379,0.625,0.411,dennake01
James Donaldson,26,SDC,NBA,1983-84,82,67,2525,360,604,360,604,0,0,249,327,165,484,649,90,40,139,171,214,969,0.596,0.596,,0.596,0.761,0.648,donalja01
John Drew,29,UTA,NBA,1983-84,81,4,1797,511,1067,505,1045,6,22,402,517,146,192,338,135,88,2,192,208,1430,0.479,0.483,0.273,0.482,0.778,0.552,drewjo01
Larry Drew,25,KCK,NBA,1983-84,73,73,2363,474,1026,471,1016,3,10,243,313,33,113,146,558,121,10,194,170,1194,0.462,0.464,0.3,0.463,0.776,0.513,drewla01
Clyde Drexler,21,POR,NBA,1983-84,82,3,1408,252,559,251,555,1,4,123,169,112,123,235,153,107,29,123,209,628,0.451,0.452,0.25,0.452,0.728,0.496,drexlcl01
Mike Dunleavy,29,MIL,NBA,1983-84,17,12,404,70,127,51,82,19,45,32,40,6,22,28,78,12,1,36,51,191,0.551,0.622,0.422,0.626,0.8,0.66,dunlemi01
T.R. Dunn,28,DEN,NBA,1983-84,80,74,2705,174,370,174,369,0,1,106,145,195,379,574,228,173,32,97,233,454,0.47,0.472,0,0.47,0.731,0.523,dunntr01
Mark Eaton,27,UTA,NBA,1983-84,82,78,2139,194,416,194,415,0,1,73,123,148,447,595,113,25,351,98,303,461,0.466,0.467,0,0.466,0.593,0.49,eatonma01
Jerry Eaves,24,UTA,NBA,1983-84,80,1,1034,132,293,132,287,0,6,92,132,29,56,85,200,33,5,93,90,356,0.451,0.46,0,0.451,0.697,0.507,eavesje01
Keith Edmonson,23,TOT,NBA,1983-84,55,0,622,158,321,158,321,0,0,94,126,46,42,88,34,26,7,61,83,410,0.492,0.492,,0.492,0.746,0.545,edmonke01
Franklin Edwards,24,PHI,NBA,1983-84,60,0,654,84,221,84,220,0,1,34,48,12,47,59,90,31,5,46,78,202,0.38,0.382,0,0.38,0.708,0.417,edwarfr01
James Edwards,28,PHO,NBA,1983-84,72,67,1897,438,817,438,816,0,1,183,254,108,240,348,184,23,30,140,254,1059,0.536,0.537,0,0.536,0.72,0.57,edwarja01
Craig Ehlo,22,HOU,NBA,1983-84,7,0,63,11,27,11,27,0,0,1,1,4,5,9,6,3,0,3,13,23,0.407,0.407,,0.407,1,0.419,ehlocr01
Dale Ellis,23,DAL,NBA,1983-84,67,2,1059,225,493,213,464,12,29,87,121,106,144,250,56,41,9,78,118,549,0.456,0.459,0.414,0.469,0.719,0.503,ellisda01
Len Elmore,31,NYK,NBA,1983-84,65,5,832,64,157,64,157,0,0,27,38,62,103,165,30,29,30,46,153,155,0.408,0.408,,0.408,0.711,0.446,elmorle01
Chris Engler,24,GSW,NBA,1983-84,46,1,360,33,83,33,83,0,0,14,23,27,70,97,11,9,3,24,68,80,0.398,0.398,,0.398,0.609,0.43,englech01
Alex English,30,DEN,NBA,1983-84,82,77,2870,907,1714,906,1707,1,7,352,427,216,248,464,406,83,95,222,252,2167,0.529,0.531,0.143,0.529,0.824,0.57,englial01
Julius Erving,33,PHI,NBA,1983-84,77,77,2683,678,1324,671,1303,7,21,364,483,190,342,532,309,141,139,230,217,1727,0.512,0.515,0.333,0.515,0.754,0.562,ervinju01
Mike Evans,28,DEN,NBA,1983-84,78,5,1687,243,564,211,475,32,89,111,131,23,115,138,288,61,4,117,175,629,0.431,0.444,0.36,0.459,0.847,0.506,evansmi01
Eric Fernsten,30,NYK,NBA,1983-84,32,0,402,29,52,29,52,0,0,25,34,29,57,86,11,16,8,19,49,83,0.558,0.558,,0.558,0.735,0.62,fernser01
Sleepy Floyd,23,GSW,NBA,1983-84,77,73,2555,484,1045,476,1000,8,45,315,386,87,184,271,269,103,31,196,216,1291,0.463,0.476,0.178,0.467,0.816,0.531,floydsl01
Phil Ford,27,HOU,NBA,1983-84,81,55,2020,236,470,234,455,2,15,98,117,28,109,137,410,59,8,135,243,572,0.502,0.514,0.133,0.504,0.838,0.548,fordph01
Rod Foster,23,PHO,NBA,1983-84,80,34,1424,260,580,238,496,22,84,122,155,39,81,120,172,54,9,108,193,664,0.448,0.48,0.262,0.467,0.787,0.512,fostero01
World B. Free,30,CLE,NBA,1983-84,75,71,2375,626,1407,604,1338,22,69,395,504,89,128,217,226,94,8,154,214,1669,0.445,0.451,0.319,0.453,0.784,0.512,freewo01
Bill Garnett,23,DAL,NBA,1983-84,80,34,1529,141,299,141,297,0,2,129,176,123,208,331,128,44,66,68,217,411,0.472,0.475,0,0.472,0.733,0.546,garnebi02
Calvin Garrett,27,LAL,NBA,1983-84,41,0,478,78,152,76,146,2,6,30,39,24,47,71,31,12,2,34,62,188,0.513,0.521,0.333,0.52,0.769,0.556,garreca01
John Garris,24,CLE,NBA,1983-84,33,1,267,52,102,52,102,0,0,27,34,35,42,77,10,8,6,11,40,131,0.51,0.51,,0.51,0.794,0.56,garrijo01
George Gervin,31,SAS,NBA,1983-84,76,76,2584,765,1561,755,1537,10,24,427,507,106,207,313,220,79,47,224,219,1967,0.49,0.491,0.417,0.493,0.842,0.551,gervige01
Mike Gibson,23,WSB,NBA,1983-84,32,0,229,21,55,21,55,0,0,11,17,29,37,66,9,5,7,14,30,53,0.382,0.382,,0.382,0.647,0.424,gibsomi01
Artis Gilmore,34,SAS,NBA,1983-84,64,59,2034,351,556,351,553,0,3,280,390,213,449,662,70,36,132,149,229,982,0.631,0.635,0,0.631,0.718,0.675,gilmoar01
Mike Glenn,28,ATL,NBA,1983-84,81,0,1503,312,554,311,552,1,2,56,70,17,87,104,171,46,5,63,146,681,0.563,0.563,0.5,0.564,0.8,0.582,glennmi01
Mike Gminski,24,NJN,NBA,1983-84,82,2,1655,237,462,237,459,0,3,147,184,161,272,433,92,37,70,120,162,621,0.513,0.516,0,0.513,0.799,0.572,gminsmi01
Stewart Granger,22,CLE,NBA,1983-84,56,13,738,97,226,93,213,4,13,53,70,8,47,55,134,24,0,57,97,251,0.429,0.437,0.308,0.438,0.757,0.489,grangst01
Rickey Green,29,UTA,NBA,1983-84,81,81,2768,439,904,437,887,2,17,192,234,56,174,230,748,215,13,172,155,1072,0.486,0.493,0.118,0.487,0.821,0.532,greenri01
Sidney Green,23,CHI,NBA,1983-84,49,0,667,100,228,100,228,0,0,55,77,58,116,174,25,18,17,60,128,255,0.439,0.439,,0.439,0.714,0.487,greensi02
Dave Greenwood,26,CHI,NBA,1983-84,78,76,2718,369,753,369,752,0,1,213,289,214,572,786,139,67,72,149,265,951,0.49,0.491,0,0.49,0.737,0.54,greenda01
Kevin Grevey,30,MIL,NBA,1983-84,64,3,923,178,395,163,342,15,53,75,84,30,51,81,75,27,4,45,95,446,0.451,0.477,0.283,0.47,0.893,0.516,greveke01
Darrell Griffith,25,UTA,NBA,1983-84,82,82,2650,697,1423,606,1171,91,252,151,217,95,243,338,283,114,23,243,202,1636,0.49,0.518,0.361,0.522,0.696,0.539,griffda01
Ernie Grunfeld,28,NYK,NBA,1983-84,76,6,1119,166,362,164,353,2,9,64,83,24,97,121,108,43,7,71,151,398,0.459,0.465,0.222,0.461,0.771,0.499,grunfer01
Bob Hansen,23,UTA,NBA,1983-84,55,0,419,65,145,65,137,0,8,18,28,13,35,48,44,15,4,35,62,148,0.448,0.474,0,0.448,0.643,0.47,hansebo01
Bill Hanzlik,26,DEN,NBA,1983-84,80,14,1469,132,306,129,294,3,12,167,207,66,139,205,252,68,19,109,255,434,0.431,0.439,0.25,0.436,0.807,0.546,hanzlbi01
Derek Harper,22,DAL,NBA,1983-84,82,1,1712,200,451,197,425,3,26,66,98,53,119,172,239,95,21,111,143,469,0.443,0.464,0.115,0.447,0.673,0.475,harpede01
Scott Hastings,23,ATL,NBA,1983-84,68,8,1135,111,237,110,233,1,4,82,104,96,174,270,46,40,36,66,220,305,0.468,0.472,0.25,0.47,0.788,0.539,hastisc01
Steve Hawes,33,SEA,NBA,1983-84,79,0,1153,114,237,113,233,1,4,61,78,50,170,220,99,24,16,52,144,290,0.481,0.485,0.25,0.483,0.782,0.534,hawesst01
Elvin Hayes,38,HOU,NBA,1983-84,81,4,994,158,389,158,387,0,2,86,132,87,173,260,71,16,28,82,123,402,0.406,0.408,0,0.406,0.652,0.45,hayesel01
Steve Hayes,28,SEA,NBA,1983-84,43,0,253,26,50,26,50,0,0,5,14,19,43,62,13,5,18,13,52,57,0.52,0.52,,0.52,0.357,0.507,hayesst01
Gerald Henderson,28,BOS,NBA,1983-84,78,78,2088,376,718,356,661,20,57,136,177,68,79,147,300,117,14,161,209,908,0.524,0.539,0.351,0.538,0.768,0.57,hendege01
Rod Higgins,24,CHI,NBA,1983-84,78,6,1577,193,432,192,410,1,22,113,156,87,119,206,116,49,29,76,161,500,0.447,0.468,0.045,0.448,0.724,0.499,higgiro01
Johnny High,26,PHO,NBA,1983-84,29,9,512,18,52,18,50,0,2,10,29,16,50,66,51,40,11,38,84,46,0.346,0.36,0,0.346,0.345,0.355,highjo01
Armond Hill,30,ATL,NBA,1983-84,15,2,181,14,46,14,46,0,0,17,21,2,8,10,35,7,0,14,30,45,0.304,0.304,,0.304,0.81,0.407,hillar01
Roy Hinson,22,CLE,NBA,1983-84,80,61,1858,184,371,184,371,0,0,69,117,175,324,499,69,31,145,109,306,437,0.496,0.496,,0.496,0.59,0.517,hinsoro01
Craig Hodges,23,SDC,NBA,1983-84,76,28,1571,258,573,248,527,10,46,66,88,22,64,86,116,58,1,85,166,592,0.45,0.471,0.217,0.459,0.75,0.484,hodgecr01
Lionel Hollins,30,DET,NBA,1983-84,32,0,216,24,63,24,61,0,2,11,13,4,18,22,62,13,1,24,26,59,0.381,0.393,0,0.381,0.846,0.429,hollili01
Phil Hubbard,27,CLE,NBA,1983-84,80,6,1799,321,628,321,627,0,1,221,299,172,208,380,86,71,6,115,244,863,0.511,0.512,0,0.511,0.739,0.568,hubbaph01
Geoff Huston,26,CLE,NBA,1983-84,77,56,2041,348,699,346,688,2,11,110,154,32,64,96,413,38,1,145,126,808,0.498,0.503,0.182,0.499,0.714,0.527,hustoge01
Marc Iavaroni,27,PHI,NBA,1983-84,78,71,1532,149,322,149,320,0,2,97,131,91,219,310,95,36,55,124,222,395,0.463,0.466,0,0.463,0.74,0.52,iavarma01
Dan Issel,35,DEN,NBA,1983-84,76,66,2076,569,1153,565,1134,4,19,364,428,112,401,513,173,60,44,122,182,1506,0.493,0.498,0.211,0.495,0.85,0.561,isselda01
Tracy Jackson,24,IND,NBA,1983-84,2,0,10,1,4,1,4,0,0,4,4,1,0,1,0,0,0,1,3,6,0.25,0.25,,0.25,1,0.521,jackstr01
Clay Johnson,27,SEA,NBA,1983-84,25,0,176,20,50,19,49,1,1,14,22,6,6,12,14,8,2,12,24,55,0.4,0.388,1,0.41,0.636,0.461,johnscl02
Clemon Johnson,27,PHI,NBA,1983-84,80,10,1721,193,412,193,412,0,0,69,113,131,267,398,55,35,65,95,205,455,0.468,0.468,,0.468,0.611,0.493,johnscl01
Dennis Johnson,29,BOS,NBA,1983-84,80,78,2665,384,878,380,846,4,32,281,330,87,193,280,338,93,57,172,251,1053,0.437,0.449,0.125,0.44,0.852,0.515,johnsde01
Eddie Johnson,24,KCK,NBA,1983-84,82,82,2920,753,1552,733,1488,20,64,268,331,165,290,455,296,76,21,213,266,1794,0.485,0.493,0.313,0.492,0.81,0.528,johnsed03
Eddie Johnson,28,ATL,NBA,1983-84,67,43,1893,353,798,337,755,16,43,164,213,31,115,146,374,58,7,173,155,886,0.442,0.446,0.372,0.452,0.77,0.497,johnsed02
Frank Johnson,25,WSB,NBA,1983-84,82,81,2686,392,840,381,797,11,43,187,252,58,126,184,567,96,6,191,174,982,0.467,0.478,0.256,0.473,0.742,0.516,johnsfr01
George Johnson,27,IND,NBA,1983-84,81,20,2073,411,884,400,837,11,47,223,270,139,321,460,195,82,49,186,256,1056,0.465,0.478,0.234,0.471,0.826,0.527,johnsge03
Magic Johnson,24,LAL,NBA,1983-84,67,66,2567,441,780,435,751,6,29,290,358,99,392,491,875,150,49,306,169,1178,0.565,0.579,0.207,0.569,0.81,0.628,johnsma02
Marques Johnson,27,MIL,NBA,1983-84,74,74,2715,646,1288,644,1275,2,13,241,340,173,307,480,315,115,45,180,194,1535,0.502,0.505,0.154,0.502,0.709,0.534,johnsma01
Mickey Johnson,31,GSW,NBA,1983-84,78,25,2122,359,852,354,823,5,29,339,432,198,320,518,219,101,30,216,290,1062,0.421,0.43,0.172,0.424,0.785,0.51,johnsmi01
Reggie Johnson,26,NJN,NBA,1983-84,72,4,818,127,256,127,255,0,1,92,126,53,85,138,40,24,18,59,141,346,0.496,0.498,0,0.496,0.73,0.555,johnsre01
Steve Johnson,26,TOT,NBA,1983-84,81,21,1487,302,540,302,540,0,0,165,287,162,256,418,81,37,69,164,307,769,0.559,0.559,,0.559,0.575,0.577,johnsst03
Vinnie Johnson,27,DET,NBA,1983-84,82,0,1909,426,901,422,882,4,19,207,275,130,107,237,271,44,19,135,196,1063,0.473,0.478,0.211,0.475,0.753,0.52,johnsvi01
Bobby Jones,32,PHI,NBA,1983-84,75,0,1761,226,432,226,431,0,1,167,213,92,231,323,187,107,103,101,199,619,0.523,0.524,0,0.523,0.784,0.589,jonesbo01
Caldwell Jones,33,HOU,NBA,1983-84,81,73,2506,318,633,317,630,1,3,164,196,168,414,582,156,46,80,158,335,801,0.502,0.503,0.333,0.503,0.837,0.557,jonesca01
Charles Jones,26,PHI,NBA,1983-84,1,0,3,0,1,0,1,0,0,1,4,0,0,0,0,0,0,0,1,1,0,0,,0,0.25,0.181,jonesch01
Edgar Jones,27,SAS,NBA,1983-84,81,33,1770,322,644,316,625,6,19,176,242,143,306,449,85,64,107,125,298,826,0.5,0.506,0.316,0.505,0.727,0.55,jonesed01
Hutch Jones,24,SDC,NBA,1983-84,4,0,18,0,3,0,3,0,0,1,4,0,0,0,0,1,0,2,0,1,0,0,,0,0.25,0.105,joneshu01
Major Jones,30,HOU,NBA,1983-84,57,5,473,70,130,70,130,0,0,30,49,33,82,115,28,14,14,30,63,170,0.538,0.538,,0.538,0.612,0.561,jonesma01
Mark Jones,22,NJN,NBA,1983-84,6,0,16,3,6,3,5,0,1,1,2,2,0,2,5,0,0,2,2,7,0.5,0.6,0,0.5,0.5,0.509,jonesma02
Eddie Jordan,29,TOT,NBA,1983-84,16,0,210,17,49,17,46,0,3,8,12,3,14,17,44,25,0,26,37,42,0.347,0.37,0,0.347,0.667,0.387,jordaed01
Rich Kelley,30,UTA,NBA,1983-84,75,30,1674,132,264,132,264,0,0,124,162,140,350,490,157,55,29,148,273,388,0.5,0.5,,0.5,0.765,0.579,kelleri01
Clark Kellogg,22,IND,NBA,1983-84,79,79,2676,619,1193,612,1172,7,21,261,340,230,489,719,234,121,28,218,242,1506,0.519,0.522,0.333,0.522,0.768,0.561,kellocl01
Greg Kelser,26,SDC,NBA,1983-84,80,21,1783,313,603,311,597,2,6,250,356,188,203,391,91,68,31,195,249,878,0.519,0.521,0.333,0.521,0.702,0.578,kelsegr01
Albert King,24,NJN,NBA,1983-84,79,53,2103,465,946,462,924,3,22,232,295,125,263,388,203,91,33,208,258,1165,0.492,0.5,0.136,0.493,0.786,0.541,kingal01
Bernard King,27,NYK,NBA,1983-84,77,76,2667,795,1391,795,1387,0,4,437,561,123,271,394,164,75,17,197,273,2027,0.572,0.573,0,0.572,0.779,0.619,kingbe01
Reggie King,26,SEA,NBA,1983-84,77,42,2086,233,448,233,446,0,2,136,206,134,336,470,179,54,24,127,159,602,0.52,0.522,0,0.52,0.66,0.559,kingre01
Greg Kite,22,BOS,NBA,1983-84,35,1,197,30,66,30,66,0,0,5,16,27,35,62,7,1,5,20,42,65,0.455,0.455,,0.455,0.313,0.445,kitegr01
Billy Knight,31,KCK,NBA,1983-84,75,39,1885,358,729,354,715,4,14,243,283,89,166,255,160,54,6,155,122,963,0.491,0.495,0.286,0.494,0.859,0.564,knighbi01
Joe Kopicki,23,WSB,NBA,1983-84,59,2,678,64,132,63,125,1,7,91,112,64,102,166,46,15,5,39,71,220,0.485,0.504,0.143,0.489,0.813,0.607,kopicjo01
Bruce Kuczenski,22,TOT,NBA,1983-84,15,2,119,10,37,10,37,0,0,8,12,7,16,23,8,1,1,15,18,28,0.27,0.27,,0.27,0.667,0.331,kuczebr01
Mitch Kupchak,29,LAL,NBA,1983-84,34,3,324,41,108,41,107,0,1,22,34,35,52,87,7,4,6,22,46,104,0.38,0.383,0,0.38,0.647,0.423,kupchmi01
Bill Laimbeer,26,DET,NBA,1983-84,82,82,2864,553,1044,553,1033,0,11,316,365,329,674,1003,149,49,84,151,273,1422,0.53,0.535,0,0.53,0.866,0.59,laimbbi01
Jeff Lamp,24,POR,NBA,1983-84,64,0,660,128,261,126,248,2,13,60,67,23,40,63,51,22,4,52,67,318,0.49,0.508,0.154,0.494,0.896,0.547,lampje01
Mark Landsberger,28,ATL,NBA,1983-84,35,0,335,19,51,19,51,0,0,15,26,42,77,119,10,6,3,21,32,53,0.373,0.373,,0.373,0.577,0.424,landsma01
Bob Lanier,35,MIL,NBA,1983-84,72,72,2007,392,685,392,682,0,3,194,274,141,314,455,186,58,51,163,228,978,0.572,0.575,0,0.572,0.708,0.607,laniebo01
Allen Leavell,26,HOU,NBA,1983-84,82,27,2009,349,731,338,660,11,71,238,286,31,86,117,459,107,12,184,199,947,0.477,0.512,0.155,0.485,0.832,0.553,leaveal01
Ronnie Lester,25,CHI,NBA,1983-84,43,3,687,78,188,77,183,1,5,75,87,20,26,46,168,30,6,72,59,232,0.415,0.421,0.2,0.418,0.862,0.513,lestero01
Fat Lever,23,POR,NBA,1983-84,81,22,2010,313,701,310,686,3,15,159,214,96,122,218,372,135,31,125,178,788,0.447,0.452,0.2,0.449,0.743,0.495,leverfa01
Cliff Levingston,23,DET,NBA,1983-84,80,24,1746,229,436,229,433,0,3,125,186,234,311,545,109,44,78,77,281,583,0.525,0.529,0,0.525,0.672,0.563,levincl01
Steve Lingenfelter,25,SAS,NBA,1983-84,3,0,14,1,1,1,1,0,0,0,2,3,1,4,1,0,0,1,6,2,1,1,,1,0,0.532,lingest01
Alton Lister,25,MIL,NBA,1983-84,82,72,1955,256,512,256,512,0,0,114,182,156,447,603,110,41,140,153,327,626,0.5,0.5,,0.5,0.626,0.529,listeal01
Lewis Lloyd,24,HOU,NBA,1983-84,82,82,2578,610,1182,607,1169,3,13,235,298,128,167,295,321,102,44,245,211,1458,0.516,0.519,0.231,0.517,0.789,0.555,lloydle01
Darrell Lockhart,23,SAS,NBA,1983-84,2,0,14,2,2,2,2,0,0,0,0,0,3,3,0,0,0,2,5,4,1,1,,1,,1,lockhda01
Kevin Loder,24,TOT,NBA,1983-84,11,0,137,19,43,18,40,1,3,9,13,7,11,18,14,3,5,11,16,48,0.442,0.45,0.333,0.453,0.692,0.493,loderke01
John Long,27,DET,NBA,1983-84,82,82,2514,545,1155,544,1150,1,5,243,275,139,150,289,205,93,18,143,199,1334,0.472,0.473,0.2,0.472,0.884,0.523,longjo01
Sidney Lowe,24,IND,NBA,1983-84,78,2,1238,107,259,105,241,2,18,108,139,30,92,122,269,93,5,106,112,324,0.413,0.436,0.111,0.417,0.777,0.506,lowesi01
John Lucas,30,SAS,NBA,1983-84,63,39,1807,275,595,256,526,19,69,120,157,23,157,180,673,92,5,147,123,689,0.462,0.487,0.275,0.478,0.764,0.519,lucasjo01
Maurice Lucas,31,PHO,NBA,1983-84,75,69,2309,451,908,451,903,0,5,293,383,208,517,725,203,55,39,177,235,1195,0.497,0.499,0,0.497,0.765,0.555,lucasma01
Rudy Macklin,25,NYK,NBA,1983-84,8,0,65,12,30,12,30,0,0,11,13,5,6,11,3,1,0,6,17,35,0.4,0.4,,0.4,0.846,0.49,macklru01
Kyle Macy,26,PHO,NBA,1983-84,82,45,2402,357,713,334,643,23,70,95,114,49,137,186,353,123,6,116,181,832,0.501,0.519,0.329,0.517,0.833,0.545,macyky01
Rick Mahorn,25,WSB,NBA,1983-84,82,82,2701,307,605,307,605,0,0,125,192,169,569,738,131,62,123,142,358,739,0.507,0.507,,0.507,0.651,0.536,mahorri01
Jeff Malone,22,WSB,NBA,1983-84,81,2,1976,408,918,384,844,24,74,142,172,57,98,155,151,23,13,110,162,982,0.444,0.455,0.324,0.458,0.826,0.494,malonje01
Moses Malone,28,PHI,NBA,1983-84,71,71,2613,532,1101,532,1097,0,4,545,727,352,598,950,96,71,110,250,188,1609,0.483,0.485,0,0.483,0.75,0.566,malonmo01
Pace Mannion,23,GSW,NBA,1983-84,57,0,469,50,126,47,113,3,13,18,23,23,36,59,47,25,2,23,63,121,0.397,0.416,0.231,0.409,0.783,0.444,mannipa01
Wes Matthews,24,TOT,NBA,1983-84,20,5,388,61,131,60,123,1,8,27,36,7,20,27,83,16,3,40,45,150,0.466,0.488,0.125,0.469,0.75,0.511,matthwe01
Cedric Maxwell,28,BOS,NBA,1983-84,80,78,2502,317,596,316,590,1,6,320,425,201,260,461,205,63,24,203,224,955,0.532,0.536,0.167,0.533,0.753,0.61,maxwece01
Bob McAdoo,32,LAL,NBA,1983-84,70,0,1456,352,748,352,743,0,5,212,264,82,207,289,74,42,50,127,182,916,0.471,0.474,0,0.471,0.803,0.53,mcadobo01
Rodney McCray,22,HOU,NBA,1983-84,79,36,2081,335,672,334,668,1,4,182,249,173,277,450,176,53,54,120,205,853,0.499,0.5,0.25,0.499,0.731,0.546,mccraro01
Scooter McCray,23,SEA,NBA,1983-84,47,6,520,47,121,47,121,0,0,35,50,45,70,115,44,11,19,34,73,129,0.388,0.388,,0.388,0.7,0.451,mccrasc01
Hank McDowell,24,SDC,NBA,1983-84,57,0,611,85,197,85,194,0,3,38,56,63,92,155,37,14,2,49,77,208,0.431,0.438,0,0.431,0.679,0.469,mcdowha01
Mike McGee,24,LAL,NBA,1983-84,77,45,1425,347,584,345,572,2,12,61,113,117,76,193,81,49,6,111,176,757,0.594,0.603,0.167,0.596,0.54,0.597,mcgeemi01
Kevin McHale,26,BOS,NBA,1983-84,82,10,2577,587,1055,586,1052,1,3,336,439,208,402,610,104,23,126,150,243,1511,0.556,0.557,0.333,0.557,0.765,0.605,mchalke01
Kevin McKenna,25,IND,NBA,1983-84,61,13,923,152,371,149,354,3,17,80,98,30,65,95,114,46,5,62,133,387,0.41,0.421,0.176,0.414,0.816,0.467,mckenke01
Billy McKinney,28,SDC,NBA,1983-84,80,0,843,136,305,136,303,0,2,39,46,7,47,54,161,27,0,48,84,311,0.446,0.449,0,0.446,0.848,0.478,mckinbi01
Tom McMillen,31,WSB,NBA,1983-84,62,5,1294,222,447,221,441,1,6,127,156,64,135,199,73,14,17,70,162,572,0.497,0.501,0.167,0.498,0.814,0.555,mcmilto01
Mark McNamara,24,SAS,NBA,1983-84,70,3,1037,157,253,157,253,0,0,74,157,137,180,317,31,14,12,89,138,388,0.621,0.621,,0.621,0.471,0.602,mcnamma01
Joe Meriweather,30,KCK,NBA,1983-84,73,31,1501,193,363,193,363,0,0,94,123,111,242,353,51,35,61,83,247,480,0.532,0.532,,0.532,0.764,0.575,meriwjo01
Larry Micheaux,23,KCK,NBA,1983-84,39,0,332,49,90,49,90,0,0,21,39,40,73,113,19,21,11,21,46,119,0.544,0.544,,0.544,0.538,0.555,michela01
Bob Miller,27,SAS,NBA,1983-84,2,0,8,2,3,2,3,0,0,0,0,2,3,5,1,0,1,0,5,4,0.667,0.667,,0.667,,0.667,millebo01
Mike Mitchell,28,SAS,NBA,1983-84,79,79,2853,779,1597,773,1583,6,14,275,353,188,382,570,93,62,73,141,251,1839,0.488,0.488,0.429,0.49,0.779,0.525,mitchmi01
Paul Mokeski,27,MIL,NBA,1983-84,68,4,838,102,213,101,210,1,3,50,72,51,115,166,44,11,29,44,168,255,0.479,0.481,0.333,0.481,0.694,0.521,mokespa01
Sidney Moncrief,26,MIL,NBA,1983-84,79,79,3075,560,1125,555,1107,5,18,529,624,215,313,528,358,108,27,217,204,1654,0.498,0.501,0.278,0.5,0.848,0.591,moncrsi01
Johnny Moore,25,SAS,NBA,1983-84,59,42,1650,231,518,203,431,28,87,105,139,37,141,178,566,123,20,143,168,595,0.446,0.471,0.322,0.473,0.755,0.514,moorejo01
Larry Nance,24,PHO,NBA,1983-84,82,82,2899,601,1044,601,1037,0,7,249,352,227,451,678,214,86,174,177,274,1451,0.576,0.58,0,0.576,0.707,0.605,nancela01
Swen Nater,34,LAL,NBA,1983-84,69,0,829,124,253,124,252,0,1,63,91,81,183,264,27,25,7,68,150,311,0.49,0.492,0,0.49,0.692,0.531,natersw01
Calvin Natt,27,POR,NBA,1983-84,79,74,2638,500,857,498,840,2,17,275,345,166,310,476,179,69,22,166,218,1277,0.583,0.593,0.118,0.585,0.797,0.633,nattca01
Ed Nealy,23,KCK,NBA,1983-84,71,1,960,63,126,63,126,0,0,48,60,73,149,222,50,41,9,33,138,174,0.5,0.5,,0.5,0.8,0.571,nealyed01
Kurt Nimphius,25,DAL,NBA,1983-84,82,46,2284,272,523,271,519,1,4,101,162,182,331,513,176,41,144,98,283,646,0.52,0.522,0.25,0.521,0.623,0.544,nimphku01
Norm Nixon,28,SDC,NBA,1983-84,82,82,3053,587,1270,576,1224,11,46,206,271,56,147,203,914,94,4,257,180,1391,0.462,0.471,0.239,0.467,0.76,0.501,nixonno01
Audie Norris,23,POR,NBA,1983-84,79,1,1157,124,246,124,246,0,0,104,149,82,175,257,76,30,34,114,231,352,0.504,0.504,,0.504,0.698,0.565,norriau01
Mike O'Koren,25,NJN,NBA,1983-84,73,25,1191,186,385,181,357,5,28,53,87,71,104,175,95,34,11,75,148,430,0.483,0.507,0.179,0.49,0.609,0.508,okoremi01
Mark Olberding,27,KCK,NBA,1983-84,81,81,2160,249,504,249,503,0,1,261,318,119,326,445,192,50,28,166,291,759,0.494,0.495,0,0.494,0.821,0.589,olberma01
Jawann Oldham,26,CHI,NBA,1983-84,64,0,870,110,218,110,218,0,0,39,66,75,158,233,33,15,76,83,139,259,0.505,0.505,,0.505,0.591,0.524,oldhaja01
Louis Orr,25,NYK,NBA,1983-84,78,20,1640,262,572,262,572,0,0,173,211,101,127,228,61,66,17,95,142,697,0.458,0.458,,0.458,0.82,0.524,orrlo01
Robert Parish,30,BOS,NBA,1983-84,80,79,2867,623,1140,623,1140,0,0,274,368,243,614,857,139,55,116,184,266,1520,0.546,0.546,,0.546,0.745,0.584,parisro01
Billy Paultz,35,ATL,NBA,1983-84,40,4,486,36,88,36,88,0,0,17,33,35,78,113,18,8,7,22,57,89,0.409,0.409,,0.409,0.515,0.434,paultbi01
Jim Paxson,26,POR,NBA,1983-84,81,81,2686,680,1322,663,1263,17,59,345,410,68,105,173,251,122,10,142,165,1722,0.514,0.525,0.288,0.521,0.841,0.573,paxsoji02
John Paxson,23,SAS,NBA,1983-84,49,0,458,61,137,57,115,4,22,16,26,4,29,33,149,10,2,32,47,142,0.445,0.496,0.182,0.46,0.615,0.478,paxsojo01
Roger Phegley,27,TOT,NBA,1983-84,13,0,87,11,35,9,30,2,5,4,4,2,9,11,11,1,0,6,11,28,0.314,0.3,0.4,0.343,1,0.381,pheglro01
Ricky Pierce,24,SDC,NBA,1983-84,69,35,1280,268,570,268,561,0,9,149,173,59,76,135,60,27,13,81,143,685,0.47,0.478,0,0.47,0.861,0.53,piercri01
John Pinone,22,ATL,NBA,1983-84,7,0,65,7,13,7,13,0,0,6,10,0,10,10,3,2,1,5,11,20,0.538,0.538,,0.538,0.6,0.575,pinonjo01
Tom Piotrowski,23,POR,NBA,1983-84,18,0,78,12,26,12,26,0,0,6,6,6,10,16,5,1,3,6,22,30,0.462,0.462,,0.462,1,0.524,piotrto01
Charles Pittman,25,PHO,NBA,1983-84,69,8,989,126,209,126,207,0,2,69,101,76,138,214,70,16,22,81,129,321,0.603,0.609,0,0.603,0.683,0.633,pittmch01
Ben Poquette,28,CLE,NBA,1983-84,51,4,858,75,171,74,166,1,5,34,43,57,125,182,49,20,33,28,114,185,0.439,0.446,0.2,0.442,0.791,0.487,poquebe01
Paul Pressey,25,MIL,NBA,1983-84,81,18,1730,276,528,274,519,2,9,120,200,102,180,282,252,86,50,157,241,674,0.523,0.528,0.222,0.525,0.6,0.547,presspa01
Kurt Rambis,25,LAL,NBA,1983-84,47,31,743,63,113,63,113,0,0,42,66,82,184,266,34,30,14,56,108,168,0.558,0.558,,0.558,0.636,0.591,rambiku01
Kelvin Ransey,25,NJN,NBA,1983-84,80,50,1937,304,700,297,668,7,32,145,183,28,99,127,483,91,6,141,182,760,0.434,0.445,0.219,0.439,0.792,0.487,ranseke01
Leo Rautins,23,PHI,NBA,1983-84,28,3,196,21,58,21,58,0,0,6,10,9,24,33,29,9,2,19,31,48,0.362,0.362,,0.362,0.6,0.385,rautile01
Robert Reid,28,HOU,NBA,1983-84,64,28,1936,406,857,404,849,2,8,81,123,97,244,341,217,88,30,92,243,895,0.474,0.476,0.25,0.475,0.659,0.491,reidro01
Clint Richardson,27,PHI,NBA,1983-84,69,12,1571,221,473,221,469,0,4,79,103,62,103,165,155,49,23,100,145,521,0.467,0.471,0,0.467,0.767,0.503,richacl01
Micheal Ray Richardson,28,NJN,NBA,1983-84,48,25,1285,243,528,229,470,14,58,76,108,56,116,172,214,103,20,118,156,576,0.46,0.487,0.241,0.473,0.704,0.5,richami01
Doc Rivers,22,ATL,NBA,1983-84,81,47,1938,250,541,248,529,2,12,255,325,72,148,220,314,127,30,174,286,757,0.462,0.469,0.167,0.464,0.785,0.553,riverdo01
Anthony Roberts,28,DEN,NBA,1983-84,19,0,197,34,91,34,91,0,0,13,18,20,31,51,13,5,1,17,43,81,0.374,0.374,,0.374,0.722,0.409,roberan01
Fred Roberts,23,SAS,NBA,1983-84,79,8,1531,214,399,213,395,1,4,144,172,102,202,304,98,52,38,100,219,573,0.536,0.539,0.25,0.538,0.837,0.604,roberfr01
Rick Robey,28,PHO,NBA,1983-84,61,4,856,140,257,139,256,1,1,61,88,80,118,198,65,20,14,77,120,342,0.545,0.543,1,0.547,0.693,0.578,robeyri01
Cliff Robinson,23,CLE,NBA,1983-84,73,70,2402,533,1185,532,1183,1,2,234,334,156,597,753,185,51,32,187,195,1301,0.45,0.45,0.5,0.45,0.701,0.488,robincl01
Truck Robinson,32,NYK,NBA,1983-84,65,63,2135,284,581,284,581,0,0,133,206,171,374,545,94,43,27,160,217,701,0.489,0.489,,0.489,0.646,0.522,robintr01
Dave Robisch,34,TOT,NBA,1983-84,31,0,340,35,96,35,96,0,0,22,26,15,43,58,20,3,2,12,36,92,0.365,0.365,,0.365,0.846,0.428,robisda01
Tree Rollins,28,ATL,NBA,1983-84,77,76,2351,274,529,274,529,0,0,118,190,200,393,593,62,35,277,101,297,666,0.518,0.518,,0.518,0.621,0.544,rollitr01
Lorenzo Romar,25,TOT,NBA,1983-84,68,9,1022,161,351,157,318,4,33,67,94,21,72,93,193,55,8,63,77,393,0.459,0.494,0.121,0.464,0.713,0.501,romarlo01
Dan Roundfield,30,ATL,NBA,1983-84,73,72,2610,503,1038,503,1027,0,11,374,486,206,515,721,184,61,74,205,221,1380,0.485,0.49,0,0.485,0.77,0.551,roundda01
Jeff Ruland,25,WSB,NBA,1983-84,75,75,3082,599,1035,598,1028,1,7,466,636,265,657,922,296,68,72,342,285,1665,0.579,0.582,0.143,0.579,0.733,0.633,rulanje01
Walker Russell,23,DET,NBA,1983-84,16,0,119,14,42,13,40,1,2,12,13,6,13,19,22,4,0,9,25,41,0.333,0.325,0.5,0.345,0.923,0.43,russewa01
Ralph Sampson,23,HOU,NBA,1983-84,82,82,2693,716,1369,715,1365,1,4,287,434,293,620,913,163,70,197,294,339,1720,0.523,0.524,0.25,0.523,0.661,0.551,sampsra01
Mike Sanders,23,PHO,NBA,1983-84,50,0,586,97,203,97,203,0,0,29,42,40,63,103,44,23,12,44,101,223,0.478,0.478,,0.478,0.69,0.503,sandemi01
DeWayne Scales,25,WSB,NBA,1983-84,2,0,13,3,5,3,5,0,0,0,2,0,3,3,0,1,0,2,1,6,0.6,0.6,,0.6,0,0.51,scalede01
Danny Schayes,24,DEN,NBA,1983-84,82,15,1420,183,371,183,369,0,2,215,272,145,288,433,91,32,60,119,308,581,0.493,0.496,0,0.493,0.79,0.592,schayda01
Alvin Scott,28,PHO,NBA,1983-84,65,5,735,55,124,54,122,1,2,56,72,29,71,100,48,19,20,42,85,167,0.444,0.443,0.5,0.448,0.778,0.536,scottal01
Byron Scott,22,LAL,NBA,1983-84,74,49,1637,334,690,326,656,8,34,112,139,50,114,164,177,81,19,116,174,788,0.484,0.497,0.235,0.49,0.806,0.525,scottby01
Lonnie Shelton,28,CLE,NBA,1983-84,79,78,2101,371,779,370,774,1,5,107,140,140,241,381,179,76,55,165,279,850,0.476,0.478,0.2,0.477,0.764,0.506,sheltlo01
Purvis Short,26,GSW,NBA,1983-84,79,76,2945,714,1509,692,1437,22,72,353,445,184,254,438,246,103,11,228,252,1803,0.473,0.482,0.306,0.48,0.793,0.529,shortpu01
Jerry Sichting,27,IND,NBA,1983-84,80,80,2497,397,746,391,726,6,20,117,135,44,127,171,457,90,8,144,179,917,0.532,0.539,0.3,0.536,0.867,0.569,sichtje01
Jack Sikma,28,SEA,NBA,1983-84,82,82,2993,576,1155,576,1153,0,2,411,480,225,686,911,327,95,92,236,301,1563,0.499,0.5,0,0.499,0.856,0.572,sikmaja01
Derek Smith,22,SDC,NBA,1983-84,61,20,1297,238,436,237,430,1,6,123,163,54,116,170,82,33,22,78,165,600,0.546,0.551,0.167,0.547,0.755,0.591,smithde02
Larry Smith,26,GSW,NBA,1983-84,75,63,2091,244,436,244,436,0,0,94,168,282,390,672,72,61,22,124,274,582,0.56,0.56,,0.56,0.56,0.571,smithla01
Ricky Sobers,31,WSB,NBA,1983-84,81,81,2624,508,1115,479,1004,29,111,221,264,51,128,179,377,117,17,222,278,1266,0.456,0.477,0.261,0.469,0.837,0.514,soberri01
Jim Spanarkel,26,DAL,NBA,1983-84,7,0,54,7,16,6,14,1,2,9,13,5,2,7,5,6,0,4,8,24,0.438,0.429,0.5,0.469,0.692,0.552,spanaji01
Rory Sparrow,25,NYK,NBA,1983-84,79,74,2436,350,738,340,699,10,39,108,131,48,141,189,539,100,8,210,230,818,0.474,0.486,0.256,0.481,0.824,0.514,sparrro01
Larry Spriggs,24,LAL,NBA,1983-84,38,0,363,44,82,44,80,0,2,36,50,16,45,61,30,12,4,34,55,124,0.537,0.55,0,0.537,0.72,0.596,sprigla01
Brook Steppe,24,IND,NBA,1983-84,61,13,857,148,314,148,311,0,3,134,161,43,79,122,79,34,6,83,93,430,0.471,0.476,0,0.471,0.832,0.559,steppbr01
Steve Stipanovich,23,IND,NBA,1983-84,81,73,2426,392,816,389,800,3,16,183,243,116,446,562,170,73,67,161,303,970,0.48,0.486,0.188,0.482,0.753,0.526,stipast01
Jon Sundvold,22,SEA,NBA,1983-84,73,2,1284,217,488,208,451,9,37,64,72,23,68,91,239,29,1,81,81,507,0.445,0.461,0.243,0.454,0.889,0.488,sundvjo01
Dane Suttle,22,KCK,NBA,1983-84,40,1,469,109,214,109,211,0,3,40,47,21,25,46,46,20,0,32,46,258,0.509,0.517,0,0.509,0.851,0.55,suttlda01
Terry Teagle,23,HOU,NBA,1983-84,68,0,616,148,315,141,288,7,27,37,44,28,50,78,63,13,4,62,81,340,0.47,0.49,0.259,0.481,0.841,0.508,teaglte01
Reggie Theus,26,TOT,NBA,1983-84,61,35,1498,262,625,255,583,7,42,214,281,50,79,129,352,50,12,156,171,745,0.419,0.437,0.167,0.425,0.762,0.498,theusre01
David Thirdkill,23,DET,NBA,1983-84,46,0,291,31,72,31,71,0,1,15,31,9,22,31,27,10,3,19,44,77,0.431,0.437,0,0.431,0.484,0.45,thirdda01
Isiah Thomas,22,DET,NBA,1983-84,82,82,3007,669,1448,647,1383,22,65,388,529,103,224,327,914,204,33,307,324,1748,0.462,0.468,0.338,0.47,0.733,0.52,thomais01
Jim Thomas,23,IND,NBA,1983-84,72,15,1219,187,403,186,392,1,11,80,110,59,90,149,130,60,6,69,115,455,0.464,0.474,0.091,0.465,0.727,0.504,thomaji01
David Thompson,29,SEA,NBA,1983-84,19,0,349,89,165,89,164,0,1,62,73,18,26,44,13,10,13,27,30,240,0.539,0.543,0,0.539,0.849,0.609,thompda01
LaSalle Thompson,22,KCK,NBA,1983-84,80,38,1915,333,637,333,637,0,0,160,223,260,449,709,86,71,145,168,327,826,0.523,0.523,,0.523,0.717,0.562,thompla01
Mychal Thompson,29,POR,NBA,1983-84,79,74,2648,487,929,487,927,0,2,266,399,235,453,688,308,84,108,235,237,1240,0.524,0.525,0,0.524,0.667,0.561,thompmy01
Paul Thompson,22,CLE,NBA,1983-84,82,10,1731,309,662,300,623,9,39,115,149,120,192,312,122,70,37,73,192,742,0.467,0.482,0.231,0.474,0.772,0.51,thomppa01
Sedale Threatt,22,PHI,NBA,1983-84,45,0,464,62,148,61,140,1,8,23,28,17,23,40,41,13,2,33,65,148,0.419,0.436,0.125,0.422,0.821,0.462,threase01
Darren Tillis,23,GSW,NBA,1983-84,72,1,730,108,254,108,252,0,2,41,63,75,109,184,24,12,60,51,176,257,0.425,0.429,0,0.425,0.651,0.456,tillida01
Ray Tolbert,25,DET,NBA,1983-84,49,0,475,64,121,64,120,0,1,23,45,45,53,98,26,12,20,26,88,151,0.529,0.533,0,0.529,0.511,0.536,tolbera01
Andrew Toney,26,PHI,NBA,1983-84,78,72,2556,593,1125,581,1087,12,38,390,465,57,136,193,373,70,23,297,251,1588,0.527,0.534,0.316,0.532,0.839,0.597,toneyan01
Linton Townes,24,TOT,NBA,1983-84,4,0,19,4,8,4,8,0,0,0,0,0,1,1,1,1,2,1,4,8,0.5,0.5,,0.5,,0.5,towneli01
Kelly Tripucka,24,DET,NBA,1983-84,76,75,2493,595,1296,593,1279,2,17,426,523,119,187,306,228,65,17,190,190,1618,0.459,0.464,0.118,0.46,0.815,0.53,tripuke01
Trent Tucker,24,NYK,NBA,1983-84,63,21,1228,225,450,219,434,6,16,25,33,43,87,130,138,63,8,54,124,481,0.5,0.505,0.375,0.507,0.758,0.518,tucketr01
Elston Turner,24,DAL,NBA,1983-84,47,1,536,54,150,53,141,1,9,28,34,42,51,93,59,26,0,29,40,137,0.36,0.376,0.111,0.363,0.824,0.415,turneel01
Terry Tyler,27,DET,NBA,1983-84,82,7,1602,313,691,311,678,2,13,94,132,104,181,285,76,63,59,78,151,722,0.453,0.459,0.154,0.454,0.712,0.482,tylerte01
Darnell Valentine,24,POR,NBA,1983-84,68,60,1893,251,561,251,558,0,3,194,246,49,78,127,395,107,6,149,179,696,0.447,0.45,0,0.447,0.789,0.52,valenda01
Kiki Vandeweghe,25,DEN,NBA,1983-84,78,71,2734,895,1603,884,1573,11,30,494,580,84,289,373,238,53,50,156,187,2295,0.558,0.562,0.367,0.562,0.852,0.618,vandeki01
Pete Verhoeven,24,POR,NBA,1983-84,43,0,327,50,100,50,99,0,1,17,25,27,34,61,20,22,11,21,75,117,0.5,0.505,0,0.5,0.68,0.527,verhope01
Jay Vincent,24,DAL,NBA,1983-84,61,5,1421,252,579,252,578,0,1,168,215,81,166,247,114,30,10,113,159,672,0.435,0.436,0,0.435,0.781,0.499,vinceja01
Danny Vranes,25,SEA,NBA,1983-84,80,72,2174,258,495,258,494,0,1,153,236,150,245,395,132,51,54,121,263,669,0.521,0.522,0,0.521,0.648,0.559,vraneda01
Granville Waiters,23,IND,NBA,1983-84,78,8,1040,123,238,123,237,0,1,31,51,64,163,227,60,24,85,65,164,277,0.517,0.519,0,0.517,0.608,0.532,waitegr01
Darrell Walker,22,NYK,NBA,1983-84,82,0,1324,216,518,212,503,4,15,208,263,74,93,167,284,127,15,194,202,644,0.417,0.421,0.267,0.421,0.791,0.508,walkeda01
Foots Walker,32,NJN,NBA,1983-84,34,0,378,32,90,30,85,2,5,24,27,8,23,31,81,20,3,31,37,90,0.356,0.353,0.4,0.367,0.889,0.442,walkefo01
Wally Walker,29,HOU,NBA,1983-84,58,18,612,118,241,116,235,2,6,6,18,26,66,92,55,17,4,33,65,244,0.49,0.494,0.333,0.494,0.333,0.49,walkewa01
Bill Walton,31,SDC,NBA,1983-84,55,46,1476,288,518,288,516,0,2,92,154,132,345,477,183,45,88,177,153,668,0.556,0.558,0,0.556,0.597,0.57,waltobi01
Bryan Warrick,24,WSB,NBA,1983-84,32,0,254,27,66,26,63,1,3,8,16,5,17,22,43,9,3,20,37,63,0.409,0.413,0.333,0.417,0.5,0.431,warribr01
Marvin Webster,31,NYK,NBA,1983-84,76,5,1290,112,239,112,239,0,0,66,117,146,220,366,53,34,100,85,187,290,0.469,0.469,,0.469,0.564,0.499,webstma01
Scott Wedman,31,BOS,NBA,1983-84,68,5,916,148,333,146,320,2,13,29,35,41,98,139,67,27,7,43,107,327,0.444,0.456,0.154,0.447,0.829,0.469,wedmasc01
Brant Weidner,23,SAS,NBA,1983-84,8,0,38,2,9,2,9,0,0,4,4,4,7,11,0,0,2,2,5,8,0.222,0.222,,0.222,1,0.372,weidnbr01
Mark West,23,DAL,NBA,1983-84,34,0,202,15,42,15,42,0,0,7,22,19,27,46,13,1,15,12,55,37,0.357,0.357,,0.357,0.318,0.358,westma01
Paul Westphal,33,PHO,NBA,1983-84,59,2,865,144,313,137,287,7,26,117,142,8,35,43,148,41,6,77,69,412,0.46,0.477,0.269,0.471,0.824,0.549,westppa01
Ennis Whatley,21,CHI,NBA,1983-84,80,73,2159,261,556,261,554,0,2,146,200,63,134,197,662,119,17,268,223,668,0.469,0.471,0,0.469,0.73,0.519,whatlen01
Rory White,24,TOT,NBA,1983-84,36,2,372,80,170,80,170,0,0,26,47,37,37,74,15,15,3,24,31,186,0.471,0.471,,0.471,0.553,0.488,whitero01
Jerome Whitehead,27,SDC,NBA,1983-84,70,1,921,144,294,144,294,0,0,88,107,94,151,245,19,17,12,59,159,376,0.49,0.49,,0.49,0.822,0.551,whiteje01
Mitchell Wiggins,24,CHI,NBA,1983-84,82,40,2123,399,890,392,861,7,29,213,287,138,190,328,187,106,11,139,278,1018,0.448,0.455,0.241,0.452,0.742,0.501,wiggimi01
Jamaal Wilkes,30,LAL,NBA,1983-84,75,74,2507,542,1055,540,1047,2,8,208,280,130,210,340,214,72,41,137,205,1294,0.514,0.516,0.25,0.515,0.743,0.549,wilkeja01
Dominique Wilkins,24,ATL,NBA,1983-84,81,81,2961,684,1429,684,1418,0,11,382,496,254,328,582,126,117,87,215,197,1750,0.479,0.482,0,0.479,0.77,0.531,wilkido01
Jeff Wilkins,28,UTA,NBA,1983-84,81,1,1734,249,520,249,517,0,3,134,182,109,346,455,73,27,42,109,205,632,0.479,0.482,0,0.479,0.736,0.527,wilkije01
Buck Williams,23,NJN,NBA,1983-84,81,81,3003,495,926,495,922,0,4,284,498,355,645,1000,130,81,125,237,298,1274,0.535,0.537,0,0.535,0.57,0.556,willibu01
Gus Williams,30,SEA,NBA,1983-84,80,80,2818,598,1306,594,1281,4,25,297,396,67,137,204,675,189,25,232,151,1497,0.458,0.464,0.16,0.459,0.75,0.506,willigu01
Herb Williams,25,IND,NBA,1983-84,69,53,2279,411,860,411,856,0,4,207,295,154,400,554,215,60,108,207,193,1029,0.478,0.48,0,0.478,0.702,0.52,willihe01
Kevin Williams,22,SAS,NBA,1983-84,19,0,200,25,58,25,57,0,1,25,32,4,9,13,43,8,4,22,42,75,0.431,0.439,0,0.431,0.781,0.52,willike01
Ray Williams,29,NYK,NBA,1983-84,76,63,2230,418,939,393,858,25,81,263,318,67,200,267,449,162,26,219,274,1124,0.445,0.458,0.309,0.458,0.827,0.521,willira01
Rob Williams,22,DEN,NBA,1983-84,79,66,1924,309,671,294,624,15,47,171,209,54,140,194,464,84,5,169,268,804,0.461,0.471,0.319,0.472,0.818,0.527,williro02
Sam Williams,24,TOT,NBA,1983-84,77,12,1434,204,431,204,430,0,1,92,140,121,218,339,62,68,106,99,209,500,0.473,0.474,0,0.473,0.657,0.508,willisa02
Sly Williams,26,ATL,NBA,1983-84,13,1,258,34,114,33,105,1,9,36,46,19,31,50,16,14,1,18,33,105,0.298,0.314,0.111,0.303,0.783,0.391,willisl01
Bill Willoughby,26,NJN,NBA,1983-84,67,2,936,124,258,124,251,0,7,55,63,75,118,193,56,23,24,53,106,303,0.481,0.494,0,0.481,0.873,0.53,willobi01
Michael Wilson,24,WSB,NBA,1983-84,6,0,26,0,2,0,1,0,1,1,2,1,0,1,3,0,0,3,5,1,0,0,0,0,0.5,0.174,wilsomi01
Randy Wittman,24,ATL,NBA,1983-84,78,1,1071,160,318,158,313,2,5,28,46,14,57,71,71,17,0,32,82,350,0.503,0.505,0.4,0.506,0.609,0.517,wittmra01
Al Wood,25,SEA,NBA,1983-84,81,81,2236,467,945,464,924,3,21,223,271,94,181,275,166,64,32,126,207,1160,0.494,0.502,0.143,0.496,0.823,0.545,woodal01
Mike Woodson,25,KCK,NBA,1983-84,71,12,1838,389,816,387,808,2,8,247,302,62,113,175,175,83,28,115,174,1027,0.477,0.479,0.25,0.478,0.818,0.541,woodsmi01
Orlando Woolridge,24,CHI,NBA,1983-84,75,74,2544,570,1086,569,1084,1,2,303,424,130,239,369,136,71,60,188,253,1444,0.525,0.525,0.5,0.525,0.715,0.567,woolror01
James Worthy,22,LAL,NBA,1983-84,82,53,2415,495,890,495,884,0,6,195,257,157,358,515,207,77,70,181,244,1185,0.556,0.56,0,0.556,0.759,0.591,worthja01
Kareem Abdul-Jabbar,37,LAL,NBA,1984-85,79,79,2630,723,1207,723,1206,0,1,289,395,162,460,622,249,63,162,197,238,1735,0.599,0.6,0,0.599,0.732,0.628,abdulka01
Alvan Adams,30,PHO,NBA,1984-85,82,69,2136,476,915,476,915,0,0,250,283,153,347,500,308,115,48,197,254,1202,0.52,0.52,,0.52,0.883,0.578,adamsal01
Mark Aguirre,25,DAL,NBA,1984-85,80,79,2699,794,1569,767,1484,27,85,440,580,188,289,477,249,60,24,253,250,2055,0.506,0.517,0.318,0.515,0.759,0.563,aguirma01
Danny Ainge,25,BOS,NBA,1984-85,75,73,2564,419,792,404,736,15,56,118,136,76,192,268,399,122,6,149,228,971,0.529,0.549,0.268,0.539,0.868,0.57,aingeda01
Chuck Aleksinas,25,GSW,NBA,1984-85,74,4,1114,161,337,161,336,0,1,55,75,87,183,270,36,15,15,72,171,377,0.478,0.479,0,0.478,0.733,0.509,aleksch01
J.J. Anderson,24,UTA,NBA,1984-85,44,0,457,61,149,61,147,0,2,27,45,29,53,82,21,29,9,32,70,149,0.409,0.415,0,0.409,0.6,0.441,anderjj01
Ron Anderson,26,CLE,NBA,1984-85,36,7,520,84,195,83,193,1,2,41,50,39,49,88,34,9,7,34,40,210,0.431,0.43,0.5,0.433,0.82,0.484,anderro01
John Bagley,24,CLE,NBA,1984-85,81,65,2401,338,693,335,667,3,26,125,167,54,237,291,697,129,5,207,132,804,0.488,0.502,0.115,0.49,0.749,0.524,baglejo01
James Bailey,27,NYK,NBA,1984-85,74,28,1297,156,349,156,348,0,1,73,108,122,222,344,39,30,50,100,286,385,0.447,0.448,0,0.447,0.676,0.485,baileja01
Thurl Bailey,23,UTA,NBA,1984-85,80,68,2481,507,1034,506,1033,1,1,197,234,153,372,525,138,51,105,152,215,1212,0.49,0.49,1,0.491,0.842,0.533,baileth01
Greg Ballard,30,WSB,NBA,1984-85,82,77,2664,469,978,455,932,14,46,120,151,150,381,531,208,100,33,106,221,1072,0.48,0.488,0.304,0.487,0.795,0.513,ballagr01
Gene Banks,25,SAS,NBA,1984-85,82,41,2091,289,493,288,490,1,3,199,257,133,312,445,234,65,13,140,220,778,0.586,0.588,0.333,0.587,0.774,0.642,banksge01
Ken Bannister,24,NYK,NBA,1984-85,75,50,1404,209,445,209,445,0,0,91,192,108,222,330,39,38,40,141,279,509,0.47,0.47,,0.47,0.474,0.481,bannike01
Charles Barkley,21,PHI,NBA,1984-85,82,60,2347,427,783,426,777,1,6,293,400,266,437,703,155,95,80,209,301,1148,0.545,0.548,0.167,0.546,0.733,0.599,barklch01
Kent Benson,30,DET,NBA,1984-85,72,35,1401,201,397,201,394,0,3,76,94,103,221,324,93,53,44,68,207,478,0.506,0.51,0,0.506,0.809,0.545,bensoke01
Larry Bird,28,BOS,NBA,1984-85,80,77,3161,918,1760,862,1629,56,131,403,457,164,678,842,531,129,98,248,208,2295,0.522,0.529,0.427,0.538,0.882,0.585,birdla01
Otis Birdsong,29,NJN,NBA,1984-85,56,45,1842,495,968,491,947,4,21,161,259,60,88,148,232,84,7,117,145,1155,0.511,0.518,0.19,0.513,0.622,0.534,birdsot01
Rolando Blackman,25,DAL,NBA,1984-85,81,80,2834,625,1230,619,1210,6,20,342,413,107,193,300,289,61,16,162,96,1598,0.508,0.512,0.3,0.511,0.828,0.566,blackro01
Cory Blackwell,21,SEA,NBA,1984-85,60,0,551,87,237,87,235,0,2,28,55,42,54,96,26,25,3,44,55,202,0.367,0.37,0,0.367,0.509,0.387,blackco01
Sam Bowie,23,POR,NBA,1984-85,76,62,2216,299,557,299,557,0,0,160,225,207,449,656,215,55,203,172,278,758,0.537,0.537,,0.537,0.711,0.578,bowiesa01
Dudley Bradley,27,WSB,NBA,1984-85,73,24,1232,142,299,122,235,20,64,54,79,34,100,134,173,96,21,84,152,358,0.475,0.519,0.313,0.508,0.684,0.536,bradldu01
Mike Bratz,29,GSW,NBA,1984-85,56,6,746,106,250,100,224,6,26,69,82,11,47,58,122,47,4,54,76,287,0.424,0.446,0.231,0.436,0.841,0.502,bratzmi01
Randy Breuer,24,MIL,NBA,1984-85,78,0,1083,162,317,162,317,0,0,89,127,92,164,256,40,21,82,63,179,413,0.511,0.511,,0.511,0.701,0.554,breuera01
Ron Brewer,29,TOT,NBA,1984-85,20,0,326,62,118,62,116,0,2,23,25,9,12,21,17,6,6,9,23,147,0.525,0.534,0,0.525,0.92,0.57,brewero01
Frank Brickowski,25,SEA,NBA,1984-85,78,9,1115,150,305,150,301,0,4,85,127,76,184,260,100,34,15,100,171,385,0.492,0.498,0,0.492,0.669,0.533,brickfr01
Junior Bridgeman,31,LAC,NBA,1984-85,80,15,2042,460,990,446,951,14,39,181,206,55,175,230,171,47,18,116,128,1115,0.465,0.469,0.359,0.472,0.879,0.516,bridgju01
Rickey Brown,26,ATL,NBA,1984-85,69,5,814,78,192,78,192,0,0,39,68,76,147,223,25,19,22,51,117,195,0.406,0.406,,0.406,0.574,0.439,brownri01
Tony Brown,24,IND,NBA,1984-85,82,26,1586,214,465,214,459,0,6,116,171,146,142,288,159,59,12,116,212,544,0.46,0.466,0,0.46,0.678,0.503,brownto01
Wallace Bryant,25,DAL,NBA,1984-85,56,35,860,67,148,67,148,0,0,30,44,74,167,241,84,21,24,46,110,164,0.453,0.453,,0.453,0.682,0.49,bryanwa01
Quinn Buckner,30,BOS,NBA,1984-85,75,6,858,74,193,74,192,0,1,32,50,26,61,87,148,63,2,67,142,180,0.383,0.385,0,0.383,0.64,0.419,bucknqu01
Steve Burtt,22,GSW,NBA,1984-85,47,0,418,72,188,72,187,0,1,53,77,10,18,28,20,21,4,33,76,197,0.383,0.385,0,0.383,0.688,0.444,burttst01
Don Buse,34,KCK,NBA,1984-85,65,14,939,82,203,51,116,31,87,23,30,21,40,61,203,38,1,45,75,218,0.404,0.44,0.356,0.48,0.767,0.504,busedo01
Michael Cage,23,LAC,NBA,1984-85,75,41,1610,216,398,216,398,0,0,101,137,126,266,392,51,41,32,81,164,533,0.543,0.543,,0.543,0.737,0.582,cagemi01
Tony Campbell,22,DET,NBA,1984-85,56,0,625,130,262,130,261,0,1,56,70,41,48,89,24,28,3,69,107,316,0.496,0.498,0,0.496,0.8,0.54,campbto01
Rick Carlisle,25,BOS,NBA,1984-85,38,0,179,26,67,26,65,0,2,15,17,8,13,21,25,3,0,19,21,67,0.388,0.4,0,0.388,0.882,0.45,carliri01
Antoine Carr,23,ATL,NBA,1984-85,62,15,1195,198,375,196,369,2,6,101,128,79,153,232,80,29,78,108,219,499,0.528,0.531,0.333,0.531,0.789,0.578,carran01
Kenny Carr,29,POR,NBA,1984-85,48,30,1120,190,363,190,360,0,3,118,164,90,233,323,56,25,17,100,141,498,0.523,0.528,0,0.523,0.72,0.572,carrke01
M.L. Carr,34,BOS,NBA,1984-85,47,0,397,62,149,53,126,9,23,17,17,21,22,43,24,21,6,24,44,150,0.416,0.421,0.391,0.446,1,0.479,carrml01
Butch Carter,26,NYK,NBA,1984-85,69,11,1279,214,476,203,433,11,43,109,134,36,59,95,167,57,5,109,151,548,0.45,0.469,0.256,0.461,0.813,0.512,cartebu01
Howard Carter,23,DAL,NBA,1984-85,11,0,66,4,23,4,20,0,3,1,1,1,2,3,4,1,0,8,4,9,0.174,0.2,0,0.174,1,0.192,carteho01
Harvey Catchings,33,LAC,NBA,1984-85,70,14,1049,72,149,72,148,0,1,59,89,89,173,262,14,15,57,55,162,203,0.483,0.486,0,0.483,0.663,0.539,catchha01
Ron Cavenall,25,NYK,NBA,1984-85,53,2,653,28,86,28,86,0,0,22,39,53,113,166,19,12,42,45,123,78,0.326,0.326,,0.326,0.564,0.378,cavenro01
Tom Chambers,25,SEA,NBA,1984-85,81,60,2923,629,1302,623,1280,6,22,475,571,164,415,579,209,70,57,260,312,1739,0.483,0.487,0.273,0.485,0.832,0.56,chambto01
Maurice Cheeks,28,PHI,NBA,1984-85,78,78,2616,422,741,416,715,6,26,175,199,54,163,217,497,169,24,155,184,1025,0.57,0.582,0.231,0.574,0.879,0.619,cheekma01
Carlos Clark,24,BOS,NBA,1984-85,62,3,562,64,152,64,147,0,5,41,53,29,40,69,48,35,2,42,66,169,0.421,0.435,0,0.421,0.774,0.482,clarkca01
Don Collins,26,WSB,NBA,1984-85,11,0,91,12,34,12,34,0,0,8,9,10,9,19,7,7,4,8,5,32,0.353,0.353,,0.353,0.889,0.421,collido02
Steve Colter,22,POR,NBA,1984-85,78,22,1462,216,477,190,403,26,74,98,130,40,110,150,243,75,9,112,142,556,0.453,0.471,0.351,0.48,0.754,0.52,coltest01
Lester Conner,25,GSW,NBA,1984-85,79,49,2258,246,546,242,526,4,20,144,192,87,159,246,369,161,13,138,136,640,0.451,0.46,0.2,0.454,0.75,0.508,connele01
Darwin Cook,26,NJN,NBA,1984-85,58,9,1063,212,453,210,430,2,23,47,54,21,71,92,160,74,10,75,96,473,0.468,0.488,0.087,0.47,0.87,0.496,cookda01
Jeff Cook,28,TOT,NBA,1984-85,72,5,1288,138,279,138,278,0,1,47,64,122,192,314,62,30,23,48,203,323,0.495,0.496,0,0.495,0.734,0.526,cookje01
Joe Cooper,27,SEA,NBA,1984-85,3,1,45,7,15,7,15,0,0,3,6,3,6,9,2,2,1,0,7,17,0.467,0.467,,0.467,0.5,0.482,coopejo01
Michael Cooper,28,LAL,NBA,1984-85,82,20,2189,276,593,241,470,35,123,115,133,56,199,255,429,93,49,156,208,702,0.465,0.513,0.285,0.495,0.865,0.539,coopemi01
Wayne Cooper,28,DEN,NBA,1984-85,80,78,2031,404,856,404,854,0,2,161,235,229,402,631,86,28,197,149,304,969,0.472,0.473,0,0.472,0.685,0.505,coopewa01
Dave Corzine,28,CHI,NBA,1984-85,82,50,2062,276,568,276,567,0,1,149,200,130,292,422,140,32,64,124,189,701,0.486,0.487,0,0.486,0.745,0.534,corzida01
Charlie Criss,36,ATL,NBA,1984-85,4,2,115,7,17,7,15,0,2,4,6,2,12,14,22,3,0,11,5,18,0.412,0.467,0,0.412,0.667,0.458,crissch01
Pat Cummings,28,NYK,NBA,1984-85,63,63,2069,410,797,410,793,0,4,177,227,139,379,518,109,50,17,166,247,997,0.514,0.517,0,0.514,0.78,0.556,cummipa01
Terry Cummings,23,MIL,NBA,1984-85,79,78,2722,759,1532,759,1531,0,1,343,463,244,472,716,228,117,67,190,264,1861,0.495,0.496,0,0.495,0.741,0.536,cummite01
Earl Cureton,27,DET,NBA,1984-85,81,1,1642,207,428,207,425,0,3,82,144,169,250,419,83,56,42,114,216,496,0.484,0.487,0,0.484,0.569,0.505,curetea01
Quintin Dailey,24,CHI,NBA,1984-85,79,0,2101,525,1111,518,1081,7,30,205,251,57,151,208,191,71,5,154,192,1262,0.473,0.479,0.233,0.476,0.817,0.517,dailequ01
Adrian Dantley,28,UTA,NBA,1984-85,55,46,1971,512,964,512,964,0,0,438,545,148,175,323,186,57,8,171,133,1462,0.531,0.531,,0.531,0.804,0.607,dantlad01
Brad Davis,29,DAL,NBA,1984-85,82,82,2539,310,614,263,499,47,115,158,178,39,154,193,581,91,10,123,219,825,0.505,0.527,0.409,0.543,0.888,0.596,davisbr01
Charles Davis,26,TOT,NBA,1984-85,61,2,774,153,356,152,346,1,10,51,62,59,94,153,51,22,5,54,113,358,0.43,0.439,0.1,0.431,0.823,0.467,davisch02
Johnny Davis,29,CLE,NBA,1984-85,76,30,1920,337,791,325,745,12,46,255,300,35,84,119,426,43,4,152,136,941,0.426,0.436,0.261,0.434,0.85,0.51,davisjo01
Walter Davis,30,PHO,NBA,1984-85,23,9,570,139,309,136,299,3,10,64,73,6,29,35,98,18,0,50,42,345,0.45,0.455,0.3,0.455,0.877,0.506,daviswa03
Darryl Dawkins,28,NJN,NBA,1984-85,39,30,972,192,339,192,338,0,1,143,201,55,126,181,45,14,35,93,171,527,0.566,0.568,0,0.566,0.711,0.616,dawkida01
Darren Daye,24,WSB,NBA,1984-85,80,8,1573,258,504,257,497,1,7,178,249,93,179,272,240,53,19,134,164,695,0.512,0.517,0.143,0.513,0.715,0.566,dayeda01
James Donaldson,27,LAC,NBA,1984-85,82,58,2392,351,551,351,551,0,0,227,303,168,500,668,48,28,130,206,217,929,0.637,0.637,,0.637,0.749,0.679,donalja01
John Drew,30,UTA,NBA,1984-85,19,16,463,107,260,107,256,0,4,94,122,36,46,82,35,22,2,42,65,308,0.412,0.418,0,0.412,0.77,0.491,drewjo01
Larry Drew,26,KCK,NBA,1984-85,72,66,2373,457,913,450,885,7,28,154,194,39,125,164,484,93,8,179,147,1075,0.501,0.508,0.25,0.504,0.794,0.538,drewla01
Clyde Drexler,22,POR,NBA,1984-85,80,43,2555,573,1161,565,1124,8,37,223,294,217,259,476,441,177,68,223,265,1377,0.494,0.503,0.216,0.497,0.759,0.534,drexlcl01
Mike Dunleavy,30,MIL,NBA,1984-85,19,19,433,64,135,48,88,16,47,25,29,6,25,31,85,15,3,40,55,169,0.474,0.545,0.34,0.533,0.862,0.572,dunlemi01
T.R. Dunn,29,DEN,NBA,1984-85,81,81,2290,175,358,175,356,0,2,84,116,169,216,385,153,140,14,65,213,434,0.489,0.492,0,0.489,0.724,0.531,dunntr01
Devin Durrant,24,IND,NBA,1984-85,59,8,756,114,274,114,271,0,3,72,102,49,75,124,80,19,10,77,106,300,0.416,0.421,0,0.416,0.706,0.47,durrade01
Mark Eaton,28,UTA,NBA,1984-85,82,82,2813,302,673,302,673,0,0,190,267,207,720,927,124,36,456,206,312,794,0.449,0.449,,0.449,0.712,0.502,eatonma01
Jerry Eaves,25,ATL,NBA,1984-85,3,0,37,3,6,3,6,0,0,5,6,0,0,0,4,0,0,4,6,11,0.5,0.5,,0.5,0.833,0.637,eavesje01
Kenton Edelin,22,IND,NBA,1984-85,10,1,143,4,13,4,13,0,0,3,8,8,18,26,10,5,4,3,39,11,0.308,0.308,,0.308,0.375,0.333,edelike01
Franklin Edwards,25,LAC,NBA,1984-85,16,0,198,36,66,36,66,0,0,19,24,3,11,14,38,17,0,17,10,91,0.545,0.545,,0.545,0.792,0.594,edwarfr01
James Edwards,29,PHO,NBA,1984-85,70,58,1787,384,766,384,763,0,3,276,370,95,292,387,153,26,52,162,237,1044,0.501,0.503,0,0.501,0.746,0.562,edwarja01
Craig Ehlo,23,HOU,NBA,1984-85,45,0,189,34,69,34,66,0,3,19,30,8,17,25,26,11,3,22,26,87,0.493,0.515,0,0.493,0.633,0.529,ehlocr01
Dale Ellis,24,DAL,NBA,1984-85,72,4,1314,274,603,232,494,42,109,77,104,100,138,238,56,46,7,58,131,667,0.454,0.47,0.385,0.489,0.74,0.514,ellisda01
Chris Engler,25,TOT,NBA,1984-85,11,0,82,8,20,8,20,0,0,5,9,12,18,30,0,2,5,2,5,21,0.4,0.4,,0.4,0.556,0.438,englech01
Alex English,31,DEN,NBA,1984-85,81,81,2924,939,1812,938,1807,1,5,383,462,203,255,458,344,101,46,251,259,2262,0.518,0.519,0.2,0.518,0.829,0.561,englial01
Julius Erving,34,PHI,NBA,1984-85,78,78,2535,610,1236,607,1222,3,14,338,442,172,242,414,233,135,109,208,199,1561,0.494,0.497,0.214,0.495,0.765,0.546,ervinju01
Mike Evans,29,DEN,NBA,1984-85,81,0,1437,323,661,266,504,57,157,113,131,26,93,119,231,65,12,130,174,816,0.489,0.528,0.363,0.532,0.863,0.568,evansmi01
Kenny Fields,22,MIL,NBA,1984-85,51,1,535,84,191,84,191,0,0,27,36,41,43,84,38,9,10,32,84,195,0.44,0.44,,0.44,0.75,0.471,fieldke01
Vern Fleming,22,IND,NBA,1984-85,80,65,2486,433,922,433,918,0,4,260,339,148,175,323,247,99,8,197,232,1126,0.47,0.472,0,0.47,0.767,0.526,flemive01
Sleepy Floyd,24,GSW,NBA,1984-85,82,82,2873,610,1372,568,1229,42,143,336,415,62,140,202,406,134,41,251,226,1598,0.445,0.462,0.294,0.46,0.81,0.514,floydsl01
Phil Ford,28,HOU,NBA,1984-85,25,1,290,14,47,14,43,0,4,16,18,3,24,27,61,6,1,17,33,44,0.298,0.326,0,0.298,0.889,0.401,fordph01
Rod Foster,24,PHO,NBA,1984-85,79,1,1318,286,636,245,510,41,126,83,110,27,53,80,186,61,0,117,171,696,0.45,0.48,0.325,0.482,0.755,0.508,fostero01
World B. Free,31,CLE,NBA,1984-85,71,50,2249,609,1328,538,1135,71,193,308,411,61,150,211,320,75,16,139,163,1597,0.459,0.474,0.368,0.485,0.749,0.529,freewo01
Bill Garnett,24,IND,NBA,1984-85,65,13,1123,149,310,149,308,0,2,120,174,98,188,286,67,28,15,92,196,418,0.481,0.484,0,0.481,0.69,0.541,garnebi02
George Gervin,32,SAS,NBA,1984-85,72,69,2091,600,1182,600,1172,0,10,324,384,79,155,234,178,66,48,198,208,1524,0.508,0.512,0,0.508,0.844,0.564,gervige01
Artis Gilmore,35,SAS,NBA,1984-85,81,81,2756,532,854,532,852,0,2,484,646,231,615,846,131,40,173,241,306,1548,0.623,0.624,0,0.623,0.749,0.68,gilmoar01
Mike Glenn,29,ATL,NBA,1984-85,60,5,1126,228,388,228,386,0,2,62,76,20,61,81,122,27,0,55,74,518,0.588,0.591,0,0.588,0.816,0.615,glennmi01
Mike Gminski,25,NJN,NBA,1984-85,81,54,2418,380,818,380,817,0,1,276,328,229,404,633,158,38,92,136,135,1036,0.465,0.465,0,0.465,0.841,0.538,gminsmi01
Lancaster Gordon,22,LAC,NBA,1984-85,63,1,682,110,287,108,278,2,9,37,49,26,35,61,88,33,6,69,61,259,0.383,0.388,0.222,0.387,0.755,0.42,gordola01
Stewart Granger,23,ATL,NBA,1984-85,9,1,92,6,17,6,16,0,1,4,8,1,5,6,12,2,0,12,13,16,0.353,0.375,0,0.353,0.5,0.39,grangst01
Butch Graves,23,CLE,NBA,1984-85,4,0,11,2,6,2,5,0,1,1,5,0,2,2,1,1,0,1,4,5,0.333,0.4,0,0.333,0.2,0.305,gravebu01
Stuart Gray,21,IND,NBA,1984-85,52,0,391,35,92,35,92,0,0,32,47,29,94,123,15,9,14,51,82,102,0.38,0.38,,0.38,0.681,0.453,grayst01
Rickey Green,30,UTA,NBA,1984-85,77,77,2431,381,798,375,778,6,20,232,267,37,152,189,597,132,3,177,131,1000,0.477,0.482,0.3,0.481,0.869,0.546,greenri01
Sidney Green,24,CHI,NBA,1984-85,48,1,740,108,250,108,246,0,4,79,98,72,174,246,29,11,14,68,102,295,0.432,0.439,0,0.432,0.806,0.503,greensi02
Dave Greenwood,27,CHI,NBA,1984-85,61,28,1523,152,332,152,331,0,1,67,94,108,280,388,78,34,18,63,190,371,0.458,0.459,0,0.458,0.713,0.497,greenda01
Kevin Grevey,31,MIL,NBA,1984-85,78,6,1182,190,424,182,391,8,33,88,107,27,76,103,94,30,2,55,85,476,0.448,0.465,0.242,0.458,0.822,0.505,greveke01
Darrell Griffith,26,UTA,NBA,1984-85,78,78,2776,728,1593,636,1336,92,257,216,298,124,220,344,243,133,30,247,178,1764,0.457,0.476,0.358,0.486,0.725,0.512,griffda01
Ernie Grunfeld,29,NYK,NBA,1984-85,69,0,1061,188,384,186,376,2,8,77,104,41,110,151,105,50,7,40,129,455,0.49,0.495,0.25,0.492,0.74,0.529,grunfer01
Bob Hansen,24,UTA,NBA,1984-85,54,4,646,110,225,109,218,1,7,40,72,20,50,70,75,25,1,49,88,261,0.489,0.5,0.143,0.491,0.556,0.508,hansebo01
Bill Hanzlik,27,DEN,NBA,1984-85,80,1,1673,220,522,219,507,1,15,180,238,88,119,207,210,84,26,115,291,621,0.421,0.432,0.067,0.422,0.756,0.495,hanzlbi01
Derek Harper,23,DAL,NBA,1984-85,82,1,2218,329,633,308,572,21,61,111,154,47,152,199,360,144,37,123,194,790,0.52,0.538,0.344,0.536,0.721,0.564,harpede01
Scott Hastings,24,ATL,NBA,1984-85,64,1,825,89,188,89,188,0,0,63,81,59,100,159,46,24,23,50,135,241,0.473,0.473,,0.473,0.778,0.539,hastisc01
Steve Hayes,29,PHI,NBA,1984-85,11,0,101,10,18,10,18,0,0,2,4,11,23,34,1,1,4,2,19,22,0.556,0.556,,0.556,0.5,0.557,hayesst01
Gerald Henderson,29,SEA,NBA,1984-85,79,78,2648,427,891,418,853,9,38,199,255,71,119,190,559,140,9,231,196,1062,0.479,0.49,0.237,0.484,0.78,0.529,hendege01
Rod Higgins,25,CHI,NBA,1984-85,68,5,942,119,270,109,233,10,37,60,90,55,92,147,73,21,13,49,91,308,0.441,0.468,0.27,0.459,0.667,0.497,higgiro01
Roy Hinson,23,CLE,NBA,1984-85,76,75,2344,465,925,465,922,0,3,271,376,186,410,596,68,51,173,171,311,1201,0.503,0.504,0,0.503,0.721,0.551,hinsoro01
Craig Hodges,24,MIL,NBA,1984-85,82,63,2496,359,732,312,597,47,135,106,130,74,112,186,349,96,1,135,262,871,0.49,0.523,0.348,0.523,0.815,0.552,hodgecr01
Lionel Hollins,31,HOU,NBA,1984-85,80,60,1950,249,540,246,527,3,13,108,136,33,140,173,417,78,10,170,187,609,0.461,0.467,0.231,0.464,0.794,0.508,hollili01
Mike Holton,23,PHO,NBA,1984-85,74,59,1761,257,576,243,531,14,45,96,118,30,102,132,198,59,6,123,141,624,0.446,0.458,0.311,0.458,0.814,0.497,holtomi01
Phil Hubbard,28,CLE,NBA,1984-85,76,55,2249,415,822,415,818,0,4,371,494,214,265,479,114,81,9,178,258,1201,0.505,0.507,0,0.505,0.751,0.578,hubbaph01
Jay Humphries,22,PHO,NBA,1984-85,80,39,2062,279,626,275,606,4,20,141,170,32,132,164,350,107,8,167,209,703,0.446,0.454,0.2,0.449,0.829,0.502,humphja01
Geoff Huston,27,CLE,NBA,1984-85,8,0,93,12,25,12,25,0,0,2,3,0,1,1,23,0,0,8,8,26,0.48,0.48,,0.48,0.667,0.494,hustoge01
Marc Iavaroni,28,TOT,NBA,1984-85,69,43,1334,162,354,162,350,0,4,87,128,95,209,304,119,35,35,119,217,411,0.458,0.463,0,0.458,0.68,0.501,iavarma01
Dan Issel,36,DEN,NBA,1984-85,77,9,1684,363,791,362,784,1,7,257,319,80,251,331,137,65,31,93,171,984,0.459,0.462,0.143,0.46,0.806,0.528,isselda01
Ralph Jackson,22,IND,NBA,1984-85,1,0,12,1,3,1,3,0,0,0,0,1,0,1,4,2,0,1,1,2,0.333,0.333,,0.333,,0.333,jacksra01
Clemon Johnson,28,PHI,NBA,1984-85,58,0,875,117,235,117,234,0,1,36,49,92,129,221,33,15,44,43,112,270,0.498,0.5,0,0.498,0.735,0.526,johnscl01
Dennis Johnson,30,BOS,NBA,1984-85,80,77,2976,493,1066,486,1040,7,26,261,306,91,226,317,543,96,39,212,224,1254,0.462,0.467,0.269,0.466,0.853,0.522,johnsde01
Eddie Johnson,25,KCK,NBA,1984-85,82,81,3029,769,1565,756,1511,13,54,325,373,151,256,407,273,83,22,225,237,1876,0.491,0.5,0.241,0.496,0.871,0.542,johnsed03
Eddie Johnson,29,ATL,NBA,1984-85,73,66,2367,453,946,431,874,22,72,265,332,38,154,192,566,43,7,244,184,1193,0.479,0.493,0.306,0.49,0.798,0.546,johnsed02
Frank Johnson,26,WSB,NBA,1984-85,46,1,925,175,358,169,341,6,17,72,96,23,40,63,143,43,3,59,72,428,0.489,0.496,0.353,0.497,0.75,0.535,johnsfr01
George Johnson,28,PHI,NBA,1984-85,55,3,756,107,263,106,253,1,10,49,56,48,116,164,38,31,16,49,99,264,0.407,0.419,0.1,0.409,0.875,0.459,johnsge03
George Johnson,36,NJN,NBA,1984-85,65,0,800,42,79,41,78,1,1,22,27,74,111,185,22,19,78,39,151,107,0.532,0.526,1,0.538,0.815,0.589,johnsge02
Magic Johnson,25,LAL,NBA,1984-85,77,77,2781,504,899,497,862,7,37,391,464,90,386,476,968,113,25,305,155,1406,0.561,0.577,0.189,0.565,0.843,0.637,johnsma02
Marques Johnson,28,LAC,NBA,1984-85,72,68,2448,494,1094,491,1081,3,13,190,260,188,240,428,248,72,30,176,193,1181,0.452,0.454,0.231,0.453,0.731,0.489,johnsma01
Mickey Johnson,32,GSW,NBA,1984-85,66,9,1565,304,714,297,684,7,30,260,316,149,247,396,149,70,35,142,221,875,0.426,0.434,0.233,0.431,0.823,0.513,johnsmi01
Steve Johnson,27,CHI,NBA,1984-85,74,54,1659,281,516,281,513,0,3,181,252,146,291,437,64,37,62,151,265,743,0.545,0.548,0,0.545,0.718,0.593,johnsst03
Vinnie Johnson,28,DET,NBA,1984-85,82,16,2093,428,942,423,915,5,27,190,247,134,118,252,325,71,20,135,205,1051,0.454,0.462,0.185,0.457,0.769,0.5,johnsvi01
Bobby Jones,33,PHI,NBA,1984-85,80,8,1633,207,385,207,381,0,4,186,216,105,192,297,155,84,50,118,183,600,0.538,0.543,0,0.538,0.861,0.625,jonesbo01
Caldwell Jones,34,CHI,NBA,1984-85,42,32,885,53,115,53,113,0,2,36,47,49,162,211,34,12,31,40,125,142,0.461,0.469,0,0.461,0.766,0.523,jonesca01
Charles Jones,23,PHO,NBA,1984-85,78,14,1565,236,454,236,450,0,4,182,281,139,255,394,128,45,61,143,149,654,0.52,0.524,0,0.52,0.648,0.566,jonesch02
Charles Jones,27,TOT,NBA,1984-85,31,4,667,67,127,67,127,0,0,40,58,71,113,184,26,22,79,25,107,174,0.528,0.528,,0.528,0.69,0.57,jonesch01
Earl Jones,24,LAL,NBA,1984-85,2,0,7,0,1,0,1,0,0,0,0,0,0,0,0,0,0,1,0,0,0,0,,0,,0,jonesea01
Edgar Jones,28,TOT,NBA,1984-85,44,5,769,130,275,130,271,0,4,82,111,50,121,171,29,20,29,61,123,342,0.473,0.48,0,0.473,0.739,0.528,jonesed01
Major Jones,31,DET,NBA,1984-85,47,0,418,48,87,48,87,0,0,33,51,48,80,128,15,9,14,35,58,129,0.552,0.552,,0.552,0.647,0.589,jonesma01
Ozell Jones,24,SAS,NBA,1984-85,67,6,888,106,180,106,179,0,1,33,83,65,173,238,56,30,57,61,139,245,0.589,0.592,0,0.589,0.398,0.566,jonesoz01
Michael Jordan,21,CHI,NBA,1984-85,82,82,3144,837,1625,828,1573,9,52,630,746,167,367,534,481,196,69,291,285,2313,0.515,0.526,0.173,0.518,0.845,0.592,jordami01
Rich Kelley,31,UTA,NBA,1984-85,77,34,1276,103,216,103,214,0,2,84,112,118,232,350,120,42,30,124,227,290,0.477,0.481,0,0.477,0.75,0.547,kelleri01
Clark Kellogg,23,IND,NBA,1984-85,77,65,2449,562,1112,555,1098,7,14,301,396,224,500,724,244,86,26,231,247,1432,0.505,0.505,0.5,0.509,0.76,0.557,kellocl01
Greg Kelser,27,IND,NBA,1984-85,10,0,114,21,53,21,52,0,1,20,28,6,13,19,13,7,0,12,16,62,0.396,0.404,0,0.396,0.714,0.475,kelsegr01
Jerome Kersey,22,POR,NBA,1984-85,77,0,958,178,372,178,369,0,3,117,181,95,111,206,63,49,29,66,147,473,0.478,0.482,0,0.478,0.646,0.524,kerseje01
Albert King,25,NJN,NBA,1984-85,42,7,860,226,460,226,452,0,8,85,104,70,89,159,58,41,9,65,110,537,0.491,0.5,0,0.491,0.817,0.531,kingal01
Bernard King,28,NYK,NBA,1984-85,55,55,2063,691,1303,690,1293,1,10,426,552,114,203,317,204,71,15,204,191,1809,0.53,0.534,0.1,0.531,0.772,0.585,kingbe01
Reggie King,27,SEA,NBA,1984-85,60,5,860,63,149,63,149,0,0,41,59,44,78,122,53,28,11,42,74,167,0.423,0.423,,0.423,0.695,0.477,kingre01
Greg Kite,23,BOS,NBA,1984-85,55,4,424,33,88,33,88,0,0,22,32,38,51,89,17,3,10,29,84,88,0.375,0.375,,0.375,0.688,0.431,kitegr01
Billy Knight,32,TOT,NBA,1984-85,68,1,800,156,354,145,329,11,25,64,73,50,68,118,80,16,2,70,62,387,0.441,0.441,0.44,0.456,0.877,0.501,knighbi01
Joe Kopicki,24,DEN,NBA,1984-85,42,0,308,50,95,48,92,2,3,43,54,29,57,86,29,13,1,28,58,145,0.526,0.522,0.667,0.537,0.796,0.61,kopicjo01
Mitch Kupchak,30,LAL,NBA,1984-85,58,3,716,123,244,123,244,0,0,60,91,68,116,184,21,19,20,48,104,306,0.504,0.504,,0.504,0.659,0.539,kupchmi01
Tom LaGarde,29,NJN,NBA,1984-85,1,0,8,0,1,0,1,0,0,1,2,1,1,2,0,0,0,1,2,1,0,0,,0,0.5,0.266,lagarto01
Bill Laimbeer,27,DET,NBA,1984-85,82,82,2892,595,1177,591,1159,4,18,244,306,295,718,1013,154,69,71,129,308,1438,0.506,0.51,0.222,0.507,0.797,0.548,laimbbi01
Allen Leavell,27,HOU,NBA,1984-85,42,0,536,88,209,80,172,8,37,44,57,8,29,37,102,23,4,51,61,228,0.421,0.465,0.216,0.44,0.772,0.487,leaveal01
Ronnie Lester,26,LAL,NBA,1984-85,32,1,278,34,82,34,81,0,1,21,31,4,22,26,80,15,3,32,25,89,0.415,0.42,0,0.415,0.677,0.465,lestero01
Fat Lever,24,DEN,NBA,1984-85,82,82,2559,424,985,418,961,6,24,197,256,147,264,411,613,202,30,203,226,1051,0.43,0.435,0.25,0.434,0.77,0.479,leverfa01
Cliff Levingston,24,ATL,NBA,1984-85,74,53,2017,291,552,291,550,0,2,145,222,230,336,566,104,70,69,133,231,727,0.527,0.529,0,0.527,0.653,0.56,levincl01
Alton Lister,26,MIL,NBA,1984-85,81,80,2091,322,598,322,597,0,1,154,262,219,428,647,127,49,167,183,287,798,0.538,0.539,0,0.538,0.588,0.559,listeal01
Lewis Lloyd,25,HOU,NBA,1984-85,82,58,2128,457,869,455,861,2,8,161,220,98,133,231,280,73,28,177,196,1077,0.526,0.528,0.25,0.527,0.732,0.558,lloydle01
John Long,28,DET,NBA,1984-85,66,55,1820,431,885,426,870,5,15,106,123,81,109,190,130,71,14,98,139,973,0.487,0.49,0.333,0.49,0.862,0.518,longjo01
Sidney Lowe,25,TOT,NBA,1984-85,21,0,190,10,27,10,26,0,1,8,8,4,12,16,50,11,0,13,28,28,0.37,0.385,0,0.37,1,0.459,lowesi01
John Lucas,31,HOU,NBA,1984-85,47,21,1158,206,446,185,380,21,66,103,129,21,64,85,318,62,2,102,78,536,0.462,0.487,0.318,0.485,0.798,0.533,lucasjo01
Maurice Lucas,32,PHO,NBA,1984-85,63,22,1670,346,727,346,723,0,4,150,200,138,419,557,145,39,17,151,183,842,0.476,0.479,0,0.476,0.75,0.517,lucasma01
Kyle Macy,27,PHO,NBA,1984-85,65,52,2018,282,582,259,497,23,85,127,140,33,146,179,380,85,3,111,128,714,0.485,0.521,0.271,0.504,0.907,0.555,macyky01
Rick Mahorn,26,WSB,NBA,1984-85,77,63,2072,206,413,206,413,0,0,71,104,150,458,608,121,59,104,133,308,483,0.499,0.499,,0.499,0.683,0.526,mahorri01
Jeff Malone,23,WSB,NBA,1984-85,76,61,2613,605,1213,590,1141,15,72,211,250,60,146,206,184,52,9,107,176,1436,0.499,0.517,0.208,0.505,0.844,0.543,malonje01
Moses Malone,29,PHI,NBA,1984-85,79,79,2957,602,1284,602,1282,0,2,737,904,385,646,1031,130,67,123,286,216,1941,0.469,0.47,0,0.469,0.815,0.577,malonmo01
Pace Mannion,24,UTA,NBA,1984-85,34,0,190,27,63,27,62,0,1,16,23,12,11,23,27,16,3,18,17,70,0.429,0.435,0,0.429,0.696,0.479,mannipa01
Wes Matthews,25,CHI,NBA,1984-85,78,38,1523,191,386,189,370,2,16,59,85,16,51,67,354,73,12,124,133,443,0.495,0.511,0.125,0.497,0.694,0.523,matthwe01
Cedric Maxwell,29,BOS,NBA,1984-85,57,51,1495,201,377,201,375,0,2,231,278,98,144,242,102,36,15,98,140,633,0.533,0.536,0,0.533,0.831,0.634,maxwece01
Bob McAdoo,33,LAL,NBA,1984-85,66,0,1254,284,546,284,545,0,1,122,162,79,216,295,67,18,53,95,170,690,0.52,0.521,0,0.52,0.753,0.559,mcadobo01
Tim McCormick,22,SEA,NBA,1984-85,78,27,1584,269,483,269,482,0,1,188,263,146,252,398,78,18,33,114,207,726,0.557,0.558,0,0.557,0.715,0.606,mccorti01
Rodney McCray,23,HOU,NBA,1984-85,82,82,3001,476,890,476,884,0,6,231,313,201,338,539,355,90,75,178,215,1183,0.535,0.538,0,0.535,0.738,0.576,mccraro01
Scooter McCray,24,SEA,NBA,1984-85,6,0,93,6,10,6,10,0,0,3,4,6,11,17,7,1,3,10,13,15,0.6,0.6,,0.6,0.75,0.638,mccrasc01
Hank McDowell,25,HOU,NBA,1984-85,34,0,132,20,42,20,41,0,1,7,10,7,15,22,9,3,5,8,22,47,0.476,0.488,0,0.476,0.7,0.506,mcdowha01
Mike McGee,25,LAL,NBA,1984-85,76,3,1170,329,612,307,551,22,61,94,160,97,68,165,71,39,7,81,147,774,0.538,0.557,0.361,0.556,0.588,0.567,mcgeemi01
Kevin McHale,27,BOS,NBA,1984-85,79,31,2653,605,1062,605,1056,0,6,355,467,229,483,712,141,28,120,157,234,1565,0.57,0.573,0,0.57,0.76,0.617,mchalke01
Kevin McKenna,26,NJN,NBA,1984-85,29,7,535,61,134,56,121,5,13,38,43,20,29,49,58,30,7,32,63,165,0.455,0.463,0.385,0.474,0.884,0.539,mckenke01
Tom McMillen,32,WSB,NBA,1984-85,69,21,1547,252,534,252,529,0,5,112,135,64,146,210,52,8,17,44,163,616,0.472,0.476,0,0.472,0.83,0.519,mcmilto01
Mark McNamara,25,TOT,NBA,1984-85,45,0,273,40,76,40,76,0,0,32,62,31,43,74,6,7,8,19,27,112,0.526,0.526,,0.526,0.516,0.542,mcnamma01
Joe Meriweather,31,KCK,NBA,1984-85,76,4,1061,121,243,120,241,1,2,96,124,94,169,263,27,17,28,50,181,339,0.498,0.498,0.5,0.5,0.774,0.57,meriwjo01
Larry Micheaux,24,TOT,NBA,1984-85,57,0,565,91,157,91,154,0,3,29,43,62,81,143,30,20,21,36,75,211,0.58,0.591,0,0.58,0.674,0.6,michela01
Mike Mitchell,29,SAS,NBA,1984-85,82,82,2853,775,1558,770,1535,5,23,269,346,145,272,417,151,61,27,144,219,1824,0.497,0.502,0.217,0.499,0.777,0.533,mitchmi01
Paul Mokeski,28,MIL,NBA,1984-85,79,6,1586,205,429,205,427,0,2,81,116,107,303,410,99,28,35,85,266,491,0.478,0.48,0,0.478,0.698,0.511,mokespa01
Sidney Moncrief,27,MIL,NBA,1984-85,73,72,2734,561,1162,552,1129,9,33,454,548,149,242,391,382,117,39,184,197,1585,0.483,0.489,0.273,0.487,0.828,0.565,moncrsi01
Johnny Moore,26,SAS,NBA,1984-85,82,82,2689,416,910,391,821,25,89,189,248,94,284,378,816,229,18,236,247,1046,0.457,0.476,0.281,0.471,0.762,0.513,moorejo01
Jay Murphy,22,LAC,NBA,1984-85,23,0,149,8,50,8,49,0,1,12,21,6,35,41,4,1,2,8,21,28,0.16,0.163,0,0.16,0.571,0.236,murphja01
Larry Nance,25,PHO,NBA,1984-85,61,55,2202,515,877,514,875,1,2,180,254,195,341,536,159,88,104,136,185,1211,0.587,0.587,0.5,0.588,0.709,0.612,nancela01
Calvin Natt,28,DEN,NBA,1984-85,78,76,2657,685,1255,685,1252,0,3,447,564,209,401,610,238,75,33,190,182,1817,0.546,0.547,0,0.546,0.793,0.604,nattca01
Kenny Natt,26,TOT,NBA,1984-85,8,0,29,2,6,2,6,0,0,2,4,2,1,3,3,2,0,3,3,6,0.333,0.333,,0.333,0.5,0.387,nattke01
Ed Nealy,24,KCK,NBA,1984-85,22,0,225,26,44,26,44,0,0,10,19,15,29,44,18,3,1,12,26,62,0.591,0.591,,0.591,0.526,0.592,nealyed01
Chuck Nevitt,25,LAL,NBA,1984-85,11,0,59,5,17,5,17,0,0,2,8,5,15,20,3,0,15,10,20,12,0.294,0.294,,0.294,0.25,0.292,nevitch01
Kurt Nimphius,26,DAL,NBA,1984-85,82,40,2010,196,434,196,428,0,6,108,140,136,272,408,183,30,126,95,262,500,0.452,0.458,0,0.452,0.771,0.504,nimphku01
Norm Nixon,29,LAC,NBA,1984-85,81,81,2894,596,1281,563,1182,33,99,170,218,55,163,218,711,95,4,273,175,1395,0.465,0.476,0.333,0.478,0.78,0.507,nixonno01
Audie Norris,24,POR,NBA,1984-85,78,13,1117,133,245,133,242,0,3,135,203,90,160,250,47,42,33,100,221,401,0.543,0.55,0,0.543,0.665,0.6,norriau01
Mike O'Koren,26,NJN,NBA,1984-85,43,29,1119,194,393,186,372,8,21,42,67,46,120,166,102,32,16,51,115,438,0.494,0.5,0.381,0.504,0.627,0.518,okoremi01
Hakeem Olajuwon,22,HOU,NBA,1984-85,82,82,2914,677,1258,677,1258,0,0,338,551,440,534,974,111,99,220,234,344,1692,0.538,0.538,,0.538,0.613,0.564,olajuha01
Mark Olberding,28,KCK,NBA,1984-85,81,62,2277,265,528,265,525,0,3,293,352,139,374,513,243,56,11,185,298,823,0.502,0.505,0,0.502,0.832,0.603,olberma01
Jawann Oldham,27,CHI,NBA,1984-85,63,0,993,89,192,89,191,0,1,34,50,79,157,236,31,11,127,58,166,212,0.464,0.466,0,0.464,0.68,0.495,oldhaja01
Louis Orr,26,NYK,NBA,1984-85,79,31,2452,372,766,371,756,1,10,262,334,171,220,391,134,100,27,138,195,1007,0.486,0.491,0.1,0.486,0.784,0.552,orrlo01
Robert Parish,31,BOS,NBA,1984-85,79,78,2850,551,1016,551,1016,0,0,292,393,263,577,840,125,56,101,186,223,1394,0.542,0.542,,0.542,0.743,0.586,parisro01
Billy Paultz,36,UTA,NBA,1984-85,62,0,370,32,87,32,87,0,0,18,28,24,72,96,16,6,11,30,51,82,0.368,0.368,,0.368,0.643,0.413,paultbi01
Jim Paxson,27,POR,NBA,1984-85,68,57,2253,508,988,502,949,6,39,196,248,69,153,222,264,101,5,108,115,1218,0.514,0.529,0.154,0.517,0.79,0.555,paxsoji02
John Paxson,24,SAS,NBA,1984-85,78,1,1259,196,385,186,351,10,34,84,100,19,49,68,215,45,3,81,117,486,0.509,0.53,0.294,0.522,0.84,0.566,paxsojo01
Sam Perkins,23,DAL,NBA,1984-85,82,42,2317,347,736,338,700,9,36,200,244,189,416,605,135,63,63,102,236,903,0.471,0.483,0.25,0.478,0.82,0.535,perkisa01
Jim Petersen,22,HOU,NBA,1984-85,60,0,714,70,144,70,144,0,0,50,66,44,103,147,29,14,32,71,125,190,0.486,0.486,,0.486,0.758,0.549,peterji01
Ricky Pierce,25,MIL,NBA,1984-85,44,3,882,165,307,164,303,1,4,102,124,49,68,117,94,34,5,63,117,433,0.537,0.541,0.25,0.539,0.823,0.599,piercri01
Charles Pittman,26,PHO,NBA,1984-85,68,3,1001,107,227,107,225,0,2,109,146,90,137,227,69,20,21,100,144,323,0.471,0.476,0,0.471,0.747,0.555,pittmch01
Gary Plummer,22,GSW,NBA,1984-85,66,0,702,92,232,91,228,1,4,65,92,54,80,134,26,15,14,50,127,250,0.397,0.399,0.25,0.399,0.707,0.459,plummga01
David Pope,22,KCK,NBA,1984-85,22,0,129,17,53,17,52,0,1,7,13,9,9,18,5,3,3,7,30,41,0.321,0.327,0,0.321,0.538,0.349,popeda01
Ben Poquette,29,CLE,NBA,1984-85,79,6,1656,210,457,207,440,3,17,109,137,148,325,473,79,47,58,70,220,532,0.46,0.47,0.176,0.463,0.796,0.514,poquebe01
Paul Pressey,26,MIL,NBA,1984-85,80,80,2876,480,928,473,908,7,20,317,418,149,280,429,543,129,56,247,258,1284,0.517,0.521,0.35,0.521,0.758,0.577,presspa01
Kurt Rambis,26,LAL,NBA,1984-85,82,46,1617,181,327,181,327,0,0,68,103,164,364,528,69,82,47,97,211,430,0.554,0.554,,0.554,0.66,0.577,rambiku01
Kelvin Ransey,26,NJN,NBA,1984-85,81,29,1689,300,654,298,643,2,11,122,142,40,90,130,355,87,7,113,134,724,0.459,0.463,0.182,0.46,0.859,0.505,ranseke01
Leo Rautins,24,ATL,NBA,1984-85,4,0,12,0,2,0,2,0,0,0,0,1,1,2,3,0,0,1,3,0,0,0,,0,,0,rautile01
Robert Reid,29,HOU,NBA,1984-85,82,0,1763,312,648,311,632,1,16,88,126,81,192,273,171,48,22,101,196,713,0.481,0.492,0.063,0.482,0.698,0.507,reidro01
Clint Richardson,28,PHI,NBA,1984-85,74,20,1531,183,404,182,401,1,3,76,89,60,95,155,157,37,15,78,143,443,0.453,0.454,0.333,0.454,0.854,0.5,richacl01
Micheal Ray Richardson,29,NJN,NBA,1984-85,82,82,3127,690,1470,661,1355,29,115,240,313,156,301,457,669,243,22,249,277,1649,0.469,0.488,0.252,0.479,0.767,0.513,richami01
Doc Rivers,23,ATL,NBA,1984-85,69,58,2126,334,701,319,665,15,36,291,378,66,148,214,410,163,53,176,250,974,0.476,0.48,0.417,0.487,0.77,0.561,riverdo01
Fred Roberts,24,TOT,NBA,1984-85,74,0,1178,208,418,207,417,1,1,150,182,78,108,186,87,28,22,89,141,567,0.498,0.496,1,0.499,0.824,0.569,roberfr01
Alvin Robertson,22,SAS,NBA,1984-85,79,9,1685,299,600,295,589,4,11,124,169,116,149,265,275,127,24,167,217,726,0.498,0.501,0.364,0.502,0.734,0.538,roberal01
Rick Robey,29,PHO,NBA,1984-85,4,0,48,2,9,2,9,0,0,1,2,3,5,8,5,2,0,8,7,5,0.222,0.222,,0.222,0.5,0.253,robeyri01
Cliff Robinson,24,WSB,NBA,1984-85,60,37,1870,422,896,421,893,1,3,158,213,141,405,546,149,51,47,161,187,1003,0.471,0.471,0.333,0.472,0.742,0.507,robincl01
Truck Robinson,33,NYK,NBA,1984-85,2,1,35,2,5,2,5,0,0,0,2,6,3,9,3,2,3,5,3,4,0.4,0.4,,0.4,0,0.34,robintr01
Tree Rollins,29,ATL,NBA,1984-85,70,60,1750,186,339,186,339,0,0,67,93,113,329,442,52,35,167,80,213,439,0.549,0.549,,0.549,0.72,0.578,rollitr01
Lorenzo Romar,26,TOT,NBA,1984-85,9,0,51,3,16,3,13,0,3,5,5,0,0,0,12,4,0,5,7,11,0.188,0.231,0,0.188,1,0.302,romarlo01
Dan Roundfield,31,DET,NBA,1984-85,56,43,1492,236,505,236,503,0,2,139,178,175,278,453,102,26,54,123,147,611,0.467,0.469,0,0.467,0.781,0.524,roundda01
Jeff Ruland,26,WSB,NBA,1984-85,37,36,1436,250,439,250,437,0,2,200,292,127,283,410,162,31,27,179,128,700,0.569,0.572,0,0.569,0.685,0.617,rulanje01
Campy Russell,33,CLE,NBA,1984-85,3,0,24,2,7,2,6,0,1,2,3,0,5,5,3,0,0,5,3,6,0.286,0.333,0,0.286,0.667,0.361,russeca02
Walker Russell,24,ATL,NBA,1984-85,21,2,377,34,63,33,62,1,1,14,17,8,32,40,66,17,4,40,37,83,0.54,0.532,1,0.548,0.824,0.589,russewa01
Ralph Sampson,24,HOU,NBA,1984-85,82,82,3086,753,1499,753,1493,0,6,303,448,227,626,853,224,81,168,326,306,1809,0.502,0.504,0,0.502,0.676,0.533,sampsra01
Mike Sanders,24,PHO,NBA,1984-85,21,11,418,85,175,85,175,0,0,45,59,38,51,89,29,23,4,34,59,215,0.486,0.486,,0.486,0.763,0.535,sandemi01
Wayne Sappleton,24,NJN,NBA,1984-85,33,0,298,41,87,41,87,0,0,14,34,28,47,75,7,7,4,21,50,96,0.471,0.471,,0.471,0.412,0.471,sapplwa01
Danny Schayes,25,DEN,NBA,1984-85,56,0,542,60,129,60,129,0,0,79,97,48,96,144,38,20,25,44,98,199,0.465,0.465,,0.465,0.814,0.58,schayda01
Tom Scheffler,30,POR,NBA,1984-85,39,0,268,21,51,21,51,0,0,10,20,18,58,76,11,8,11,15,48,52,0.412,0.412,,0.412,0.5,0.435,schefto01
John Schweitz,24,SEA,NBA,1984-85,19,0,110,25,74,25,70,0,4,7,10,6,15,21,18,0,1,14,12,57,0.338,0.357,0,0.338,0.7,0.364,schwejo01
Alvin Scott,29,PHO,NBA,1984-85,77,18,1238,111,259,110,254,1,5,53,74,46,115,161,127,39,25,60,125,276,0.429,0.433,0.2,0.431,0.716,0.473,scottal01
Byron Scott,23,LAL,NBA,1984-85,81,65,2305,541,1003,515,943,26,60,187,228,57,153,210,244,100,17,138,197,1295,0.539,0.546,0.433,0.552,0.82,0.587,scottby01
Tom Sewell,22,WSB,NBA,1984-85,21,0,87,9,36,9,34,0,2,2,4,2,2,4,6,3,1,7,13,20,0.25,0.265,0,0.25,0.5,0.265,sewelto01
Lonnie Shelton,29,CLE,NBA,1984-85,57,14,1244,158,363,158,358,0,5,51,77,82,185,267,96,44,18,74,187,367,0.435,0.441,0,0.435,0.662,0.462,sheltlo01
Purvis Short,27,GSW,NBA,1984-85,78,77,3081,819,1780,772,1630,47,150,501,613,157,241,398,234,116,27,241,255,2186,0.46,0.474,0.313,0.473,0.817,0.533,shortpu01
Jerry Sichting,28,IND,NBA,1984-85,70,25,1808,325,624,316,587,9,37,112,128,24,90,114,264,47,4,102,116,771,0.521,0.538,0.243,0.528,0.875,0.567,sichtje01
Jack Sikma,29,SEA,NBA,1984-85,68,68,2402,461,943,459,933,2,10,335,393,164,559,723,285,83,91,160,239,1259,0.489,0.492,0.2,0.49,0.852,0.564,sikmaja01
Charlie Sitton,22,DAL,NBA,1984-85,43,0,304,39,94,39,92,0,2,13,25,24,36,60,26,7,6,19,50,91,0.415,0.424,0,0.415,0.52,0.433,sittoch01
Tom Sluby,22,DAL,NBA,1984-85,31,0,151,30,58,30,56,0,2,13,21,5,7,12,16,3,0,11,18,73,0.517,0.536,0,0.517,0.619,0.543,slubyto01
Derek Smith,23,LAC,NBA,1984-85,80,80,2762,682,1271,679,1252,3,19,400,504,174,253,427,216,77,52,230,317,1767,0.537,0.542,0.158,0.538,0.794,0.592,smithde02
Larry Smith,27,GSW,NBA,1984-85,80,78,2497,366,690,366,690,0,0,155,256,405,464,869,96,78,54,160,285,887,0.53,0.53,,0.53,0.605,0.553,smithla01
Robert Smith,29,CLE,NBA,1984-85,7,0,48,4,17,4,13,0,4,8,10,0,4,4,7,2,0,3,6,16,0.235,0.308,0,0.235,0.8,0.374,smithro01
Ricky Sobers,32,SEA,NBA,1984-85,71,12,1490,280,628,272,600,8,28,132,162,27,76,103,252,49,9,158,156,700,0.446,0.453,0.286,0.452,0.815,0.501,soberri01
Rory Sparrow,26,NYK,NBA,1984-85,79,41,2292,326,662,319,631,7,31,122,141,38,131,169,557,81,9,150,200,781,0.492,0.506,0.226,0.498,0.865,0.539,sparrro01
Larry Spriggs,25,LAL,NBA,1984-85,75,32,1292,194,354,194,351,0,3,112,146,77,150,227,132,47,13,115,195,500,0.548,0.553,0,0.548,0.767,0.598,sprigla01
Terence Stansbury,23,IND,NBA,1984-85,74,14,1278,210,458,206,433,4,25,102,126,39,75,114,127,47,12,80,205,526,0.459,0.476,0.16,0.463,0.81,0.512,stanste01
Brook Steppe,25,DET,NBA,1984-85,54,0,486,83,178,83,177,0,1,87,104,25,32,57,36,16,4,43,61,253,0.466,0.469,0,0.466,0.837,0.565,steppbr01
Steve Stipanovich,24,IND,NBA,1984-85,82,66,2315,414,871,413,860,1,11,297,372,141,473,614,199,71,78,184,265,1126,0.475,0.48,0.091,0.476,0.798,0.544,stipast01
John Stockton,22,UTA,NBA,1984-85,82,5,1490,157,333,155,322,2,11,142,193,26,79,105,415,109,11,150,203,458,0.471,0.481,0.182,0.474,0.736,0.548,stockjo01
Jon Sundvold,23,SEA,NBA,1984-85,73,1,1150,170,400,158,362,12,38,48,59,17,53,70,206,36,1,85,87,400,0.425,0.436,0.316,0.44,0.814,0.47,sundvjo01
Dane Suttle,23,KCK,NBA,1984-85,6,0,24,6,13,6,12,0,1,2,2,0,3,3,2,1,0,1,3,14,0.462,0.5,0,0.462,1,0.504,suttlda01
Terry Teagle,24,TOT,NBA,1984-85,21,3,349,74,137,72,133,2,4,25,35,22,21,43,14,13,5,15,36,175,0.54,0.541,0.5,0.547,0.714,0.574,teaglte01
Reggie Theus,27,KCK,NBA,1984-85,82,80,2543,501,1029,496,991,5,38,334,387,106,164,270,656,95,18,307,250,1341,0.487,0.501,0.132,0.489,0.863,0.559,theusre01
Peter Thibeaux,23,GSW,NBA,1984-85,51,1,461,94,195,94,193,0,2,43,67,29,40,69,17,11,17,34,85,231,0.482,0.487,0,0.482,0.642,0.515,thibepe01
David Thirdkill,24,TOT,NBA,1984-85,18,3,183,20,38,20,37,0,1,11,19,10,7,17,4,5,3,14,22,51,0.526,0.541,0,0.526,0.579,0.55,thirdda01
Isiah Thomas,23,DET,NBA,1984-85,81,81,3089,646,1410,617,1297,29,113,399,493,114,247,361,1123,187,25,302,288,1720,0.458,0.476,0.257,0.468,0.809,0.529,thomais01
Jim Thomas,24,IND,NBA,1984-85,80,52,2059,347,726,339,684,8,42,183,234,74,187,261,234,76,5,131,195,885,0.478,0.496,0.19,0.483,0.782,0.534,thomaji01
Bernard Thompson,22,POR,NBA,1984-85,59,0,535,79,212,79,204,0,8,39,51,37,39,76,52,31,10,35,79,197,0.373,0.387,0,0.373,0.765,0.42,thompbe01
LaSalle Thompson,23,KCK,NBA,1984-85,82,77,2458,369,695,369,695,0,0,227,315,274,580,854,130,98,128,202,328,965,0.531,0.531,,0.531,0.721,0.579,thompla01
Mychal Thompson,30,POR,NBA,1984-85,79,55,2616,572,1111,572,1111,0,0,307,449,211,407,618,205,78,104,231,216,1451,0.515,0.515,,0.515,0.684,0.554,thompmy01
Paul Thompson,23,TOT,NBA,1984-85,49,27,942,189,459,183,429,6,30,69,87,57,101,158,78,56,25,57,119,453,0.412,0.427,0.2,0.418,0.793,0.455,thomppa01
Otis Thorpe,22,KCK,NBA,1984-85,82,23,1918,411,685,411,683,0,2,230,371,187,369,556,111,34,37,187,256,1052,0.6,0.602,0,0.6,0.62,0.62,thorpot01
Sedale Threatt,23,PHI,NBA,1984-85,82,0,1304,188,416,184,394,4,22,66,90,21,78,99,175,80,16,99,171,446,0.452,0.467,0.182,0.457,0.733,0.489,threase01
Andrew Toney,27,PHI,NBA,1984-85,70,65,2237,450,914,411,809,39,105,306,355,35,142,177,363,65,24,224,211,1245,0.492,0.508,0.371,0.514,0.862,0.582,toneyan01
Linton Townes,25,SAS,NBA,1984-85,1,0,8,0,6,0,6,0,0,2,2,1,0,1,0,0,0,0,1,2,0,0,,0,1,0.145,towneli01
Kelly Tripucka,25,DET,NBA,1984-85,55,43,1675,396,831,394,826,2,5,255,288,66,152,218,135,49,14,118,118,1049,0.477,0.477,0.4,0.478,0.885,0.548,tripuke01
Trent Tucker,25,NYK,NBA,1984-85,77,46,1819,293,606,264,534,29,72,38,48,74,114,188,199,75,15,64,195,653,0.483,0.494,0.403,0.507,0.792,0.521,tucketr01
Elston Turner,25,DEN,NBA,1984-85,81,2,1491,181,388,180,382,1,6,51,65,88,128,216,158,96,7,70,152,414,0.466,0.471,0.167,0.468,0.785,0.497,turneel01
Jeff Turner,22,NJN,NBA,1984-85,72,36,1429,171,377,171,374,0,3,79,92,88,130,218,108,29,7,90,243,421,0.454,0.457,0,0.454,0.859,0.504,turneje01
Melvin Turpin,24,CLE,NBA,1984-85,79,45,1949,363,711,363,711,0,0,109,139,155,297,452,36,38,87,118,211,835,0.511,0.511,,0.511,0.784,0.541,turpime01
Terry Tyler,28,DET,NBA,1984-85,82,53,2004,422,855,422,847,0,8,106,148,148,275,423,63,49,90,76,192,950,0.494,0.498,0,0.494,0.716,0.516,tylerte01
Darnell Valentine,25,POR,NBA,1984-85,75,59,2278,321,679,321,677,0,2,230,290,54,165,219,522,143,5,194,189,872,0.473,0.474,0,0.473,0.793,0.541,valenda01
Kiki Vandeweghe,26,POR,NBA,1984-85,72,69,2502,618,1158,607,1125,11,33,369,412,74,154,228,106,37,22,116,116,1616,0.534,0.54,0.333,0.538,0.896,0.603,vandeki01
Pete Verhoeven,25,KCK,NBA,1984-85,54,0,366,51,108,51,108,0,0,21,25,28,35,63,17,15,7,20,85,123,0.472,0.472,,0.472,0.84,0.517,verhope01
Jay Vincent,25,DAL,NBA,1984-85,79,47,2543,545,1138,545,1134,0,4,351,420,185,519,704,169,48,22,170,226,1441,0.479,0.481,0,0.479,0.836,0.545,vinceja01
Danny Vranes,26,SEA,NBA,1984-85,76,70,2163,186,402,185,398,1,4,67,127,154,282,436,152,76,57,119,256,440,0.463,0.465,0.25,0.464,0.528,0.48,vraneda01
Granville Waiters,24,IND,NBA,1984-85,62,5,703,85,190,85,189,0,1,29,50,57,113,170,30,16,44,55,107,199,0.447,0.45,0,0.447,0.58,0.469,waitegr01
Darrell Walker,23,NYK,NBA,1984-85,82,66,2489,430,989,430,972,0,17,243,347,128,150,278,408,167,21,204,244,1103,0.435,0.442,0,0.435,0.7,0.483,walkeda01
Bill Walton,32,LAC,NBA,1984-85,67,37,1647,269,516,269,514,0,2,138,203,168,432,600,156,50,140,174,184,676,0.521,0.523,0,0.521,0.68,0.558,waltobi01
Bryan Warrick,25,LAC,NBA,1984-85,58,1,713,85,173,84,169,1,4,44,57,10,48,58,153,23,6,70,85,215,0.491,0.497,0.25,0.494,0.772,0.543,warribr01
Scott Wedman,32,BOS,NBA,1984-85,78,5,1127,220,460,203,426,17,34,42,55,57,102,159,94,23,10,47,111,499,0.478,0.477,0.5,0.497,0.764,0.515,wedmasc01
Mark West,24,TOT,NBA,1984-85,66,25,888,106,194,106,193,0,1,43,87,90,161,251,15,13,49,59,197,255,0.546,0.549,0,0.546,0.494,0.549,westma01
Ennis Whatley,22,CHI,NBA,1984-85,70,44,1385,140,313,139,304,1,9,68,86,34,67,101,381,66,10,144,141,349,0.447,0.457,0.111,0.449,0.791,0.497,whatlen01
Rory White,25,LAC,NBA,1984-85,80,14,1106,144,279,144,279,0,0,90,130,94,101,195,34,35,20,87,115,378,0.516,0.516,,0.516,0.692,0.562,whitero01
Willie White,22,DEN,NBA,1984-85,39,0,234,52,124,48,113,4,11,21,31,15,21,36,29,5,2,30,24,129,0.419,0.425,0.364,0.435,0.677,0.469,whitewi01
Jerome Whitehead,28,GSW,NBA,1984-85,79,78,2536,421,825,421,825,0,0,184,235,219,403,622,53,45,43,141,322,1026,0.51,0.51,,0.51,0.783,0.553,whiteje01
Mitchell Wiggins,25,HOU,NBA,1984-85,82,24,1575,318,657,312,634,6,23,96,131,110,125,235,119,83,13,90,195,738,0.484,0.492,0.261,0.489,0.733,0.516,wiggimi01
Jamaal Wilkes,31,LAL,NBA,1984-85,42,8,761,148,303,148,302,0,1,51,66,35,59,94,41,19,3,49,65,347,0.488,0.49,0,0.488,0.773,0.523,wilkeja01
Dominique Wilkins,25,ATL,NBA,1984-85,81,81,3023,853,1891,828,1810,25,81,486,603,226,331,557,200,135,54,225,170,2217,0.451,0.457,0.309,0.458,0.806,0.514,wilkido01
Eddie Lee Wilkins,22,NYK,NBA,1984-85,54,16,917,116,233,116,231,0,2,66,122,86,176,262,16,21,16,64,155,298,0.498,0.502,0,0.498,0.541,0.52,wilkied01
Jeff Wilkins,29,UTA,NBA,1984-85,79,0,1505,285,582,285,581,0,1,61,80,78,288,366,81,35,18,91,173,631,0.49,0.491,0,0.49,0.763,0.511,wilkije01
Dale Wilkinson,24,TOT,NBA,1984-85,12,0,45,4,16,4,15,0,1,6,7,1,3,4,2,0,0,4,10,14,0.25,0.267,0,0.25,0.857,0.367,wilkida01
Buck Williams,24,NJN,NBA,1984-85,82,82,3182,577,1089,576,1085,1,4,336,538,323,682,1005,167,63,110,238,293,1491,0.53,0.531,0.25,0.53,0.625,0.562,willibu01
Gus Williams,31,WSB,NBA,1984-85,79,78,2960,638,1483,587,1307,51,176,251,346,72,123,195,608,178,32,213,159,1578,0.43,0.449,0.29,0.447,0.725,0.482,willigu01
Guy Williams,24,WSB,NBA,1984-85,21,0,119,29,63,28,59,1,4,2,5,15,12,27,9,5,2,8,17,61,0.46,0.475,0.25,0.468,0.4,0.468,willigu02
Herb Williams,26,IND,NBA,1984-85,75,70,2557,575,1211,574,1202,1,9,224,341,154,480,634,252,54,134,265,218,1375,0.475,0.478,0.111,0.475,0.657,0.505,willihe01
Kevin Williams,23,CLE,NBA,1984-85,46,4,413,58,134,58,129,0,5,47,64,19,44,63,61,22,4,49,86,163,0.433,0.45,0,0.433,0.734,0.503,willike01
Ray Williams,30,BOS,NBA,1984-85,23,5,459,55,143,49,120,6,23,31,46,16,41,57,90,30,5,42,56,147,0.385,0.408,0.261,0.406,0.674,0.45,willira01
Sam Williams,25,PHI,NBA,1984-85,46,8,488,58,148,58,147,0,1,28,47,38,68,106,11,26,26,44,92,144,0.392,0.395,0,0.392,0.596,0.427,willisa02
Sly Williams,27,ATL,NBA,1984-85,34,20,867,167,380,163,365,4,15,79,123,45,123,168,94,28,8,78,83,417,0.439,0.447,0.267,0.445,0.642,0.48,willisl01
Kevin Willis,22,ATL,NBA,1984-85,82,19,1785,322,690,320,681,2,9,119,181,177,345,522,36,31,49,104,226,765,0.467,0.47,0.222,0.468,0.657,0.497,willike02
Michael Wilson,25,TOT,NBA,1984-85,19,0,267,36,77,36,77,0,0,27,36,14,17,31,35,14,5,20,21,99,0.468,0.468,,0.468,0.75,0.533,wilsomi01
Othell Wilson,23,GSW,NBA,1984-85,74,23,1260,134,291,131,275,3,16,54,76,35,96,131,217,77,12,95,122,325,0.46,0.476,0.188,0.466,0.711,0.501,wilsoot01
Randy Wittman,25,ATL,NBA,1984-85,41,22,1168,187,352,185,345,2,7,30,41,16,57,73,125,28,7,57,58,406,0.531,0.536,0.286,0.534,0.732,0.549,wittmra01
Al Wood,26,SEA,NBA,1984-85,80,79,2545,515,1061,508,1028,7,33,166,214,99,180,279,236,84,52,120,187,1203,0.485,0.494,0.212,0.489,0.776,0.521,woodal01
Leon Wood,22,PHI,NBA,1984-85,38,1,269,50,134,46,104,4,30,18,26,3,15,18,45,8,0,25,17,122,0.373,0.442,0.133,0.388,0.692,0.419,woodle01
Mike Woodson,26,KCK,NBA,1984-85,78,3,1998,530,1068,525,1047,5,21,264,330,69,129,198,143,117,28,139,216,1329,0.496,0.501,0.238,0.499,0.8,0.548,woodsmi01
Orlando Woolridge,25,CHI,NBA,1984-85,77,76,2816,679,1225,679,1220,0,5,409,521,158,277,435,135,58,38,178,185,1767,0.554,0.557,0,0.554,0.785,0.608,woolror01
James Worthy,23,LAL,NBA,1984-85,80,76,2696,610,1066,610,1059,0,7,190,245,169,342,511,201,87,67,198,196,1410,0.572,0.576,0,0.572,0.776,0.601,worthja01
Danny Young,22,SEA,NBA,1984-85,3,0,26,2,10,2,9,0,1,0,0,0,3,3,2,3,0,2,2,4,0.2,0.222,0,0.2,,0.2,youngda01
Michael Young,24,PHO,NBA,1984-85,2,0,11,2,6,2,5,0,1,0,0,1,1,2,0,0,0,0,0,4,0.333,0.4,0,0.333,,0.333,youngmi01
Kareem Abdul-Jabbar,38,LAL,NBA,1985-86,79,79,2629,755,1338,755,1336,0,2,336,439,133,345,478,280,67,130,203,248,1846,0.564,0.565,0,0.564,0.765,0.603,abdulka01
Alvan Adams,31,PHO,NBA,1985-86,78,45,2005,341,679,341,677,0,2,159,203,148,329,477,324,103,46,206,272,841,0.502,0.504,0,0.502,0.783,0.547,adamsal01
Michael Adams,23,SAC,NBA,1985-86,18,0,139,16,44,16,41,0,3,8,12,2,4,6,22,9,1,11,9,40,0.364,0.39,0,0.364,0.667,0.406,adamsmi01
Mark Aguirre,26,DAL,NBA,1985-86,74,73,2501,668,1327,652,1271,16,56,318,451,177,268,445,339,62,14,252,229,1670,0.503,0.513,0.286,0.509,0.705,0.547,aguirma01
Danny Ainge,26,BOS,NBA,1985-86,80,78,2407,353,701,327,628,26,73,123,136,47,188,235,405,94,7,129,204,855,0.504,0.521,0.356,0.522,0.904,0.562,aingeda01
Ron Anderson,27,TOT,NBA,1985-86,77,30,1676,310,628,308,619,2,9,85,127,130,144,274,144,56,6,82,125,707,0.494,0.498,0.222,0.495,0.669,0.517,anderro01
John Bagley,25,CLE,NBA,1985-86,78,77,2472,366,865,357,828,9,37,170,215,76,199,275,735,122,10,239,165,911,0.423,0.431,0.243,0.428,0.791,0.475,baglejo01
James Bailey,28,NYK,NBA,1985-86,48,36,1245,202,443,202,439,0,4,129,167,102,232,334,50,33,40,99,207,533,0.456,0.46,0,0.456,0.772,0.516,baileja01
Thurl Bailey,24,UTA,NBA,1985-86,82,13,2358,483,1077,483,1070,0,7,230,277,148,345,493,153,42,114,144,160,1196,0.448,0.451,0,0.448,0.83,0.499,baileth01
Greg Ballard,31,GSW,NBA,1985-86,75,14,1792,272,570,255,535,17,35,101,126,132,285,417,83,65,8,54,174,662,0.477,0.477,0.486,0.492,0.802,0.529,ballagr01
Gene Banks,26,CHI,NBA,1985-86,82,33,2139,356,688,356,669,0,19,183,255,178,182,360,251,81,10,139,212,895,0.517,0.532,0,0.517,0.718,0.559,banksge01
Ken Bannister,25,NYK,NBA,1985-86,70,15,1405,235,479,235,478,0,1,131,249,89,233,322,42,42,24,129,208,601,0.491,0.492,0,0.491,0.526,0.511,bannike01
Charles Barkley,22,PHI,NBA,1985-86,80,80,2952,595,1041,578,966,17,75,396,578,354,672,1026,312,173,125,350,333,1603,0.572,0.598,0.227,0.58,0.685,0.619,barklch01
John Battle,23,ATL,NBA,1985-86,64,0,639,101,222,101,215,0,7,75,103,12,50,62,74,23,3,47,80,277,0.455,0.47,0,0.455,0.728,0.518,battljo01
Benoit Benjamin,21,LAC,NBA,1985-86,79,37,2088,324,661,323,658,1,3,229,307,161,439,600,79,64,206,145,286,878,0.49,0.491,0.333,0.491,0.746,0.551,benjabe01
Kent Benson,31,DET,NBA,1985-86,72,51,1344,201,415,200,413,1,2,66,83,118,258,376,80,58,51,58,196,469,0.484,0.484,0.5,0.486,0.795,0.519,bensoke01
Larry Bird,29,BOS,NBA,1985-86,82,81,3113,796,1606,714,1412,82,194,441,492,190,615,805,557,166,51,266,182,2115,0.496,0.506,0.423,0.521,0.896,0.58,birdla01
Otis Birdsong,30,NJN,NBA,1985-86,77,74,2395,542,1056,534,1034,8,22,122,210,88,114,202,261,85,17,179,228,1214,0.513,0.516,0.364,0.517,0.581,0.529,birdsot01
Uwe Blab,23,DAL,NBA,1985-86,48,0,409,44,94,44,94,0,0,36,67,25,66,91,17,3,12,28,65,124,0.468,0.468,,0.468,0.537,0.502,blabuw01
Rolando Blackman,26,DAL,NBA,1985-86,82,81,2787,677,1318,673,1289,4,29,404,483,88,203,291,271,79,25,189,138,1762,0.514,0.522,0.138,0.515,0.836,0.576,blackro01
Manute Bol,23,WSB,NBA,1985-86,80,60,2090,128,278,128,277,0,1,42,86,123,354,477,23,28,397,65,255,298,0.46,0.462,0,0.46,0.488,0.472,bolma01
Sam Bowie,24,POR,NBA,1985-86,38,34,1132,167,345,167,345,0,0,114,161,93,234,327,99,21,96,88,142,448,0.484,0.484,,0.484,0.708,0.539,bowiesa01
Dudley Bradley,28,WSB,NBA,1985-86,70,7,842,73,209,56,141,17,68,32,56,24,71,95,107,85,3,44,101,195,0.349,0.397,0.25,0.39,0.571,0.417,bradldu01
Mike Bratz,30,SAC,NBA,1985-86,33,0,269,26,70,22,56,4,14,14,18,2,21,23,39,13,0,17,43,70,0.371,0.393,0.286,0.4,0.778,0.449,bratzmi01
Randy Breuer,25,MIL,NBA,1985-86,82,63,1792,272,570,272,569,0,1,141,198,159,299,458,114,50,116,122,214,685,0.477,0.478,0,0.477,0.712,0.521,breuera01
Ron Brewer,30,TOT,NBA,1985-86,44,3,570,86,224,81,207,5,17,34,38,14,39,53,40,17,6,23,44,211,0.384,0.391,0.294,0.395,0.895,0.438,brewero01
Frank Brickowski,26,SEA,NBA,1985-86,40,2,311,30,58,30,58,0,0,18,27,16,38,54,21,11,7,23,74,78,0.517,0.517,,0.517,0.667,0.558,brickfr01
Junior Bridgeman,32,LAC,NBA,1985-86,58,14,1161,199,451,193,433,6,18,106,119,29,94,123,108,31,8,68,81,510,0.441,0.446,0.333,0.448,0.891,0.507,bridgju01
Mike Brittain,22,SAS,NBA,1985-86,32,2,219,22,43,22,43,0,0,10,19,10,39,49,5,3,12,20,54,54,0.512,0.512,,0.512,0.526,0.526,brittmi01
Tony Brown,25,CHI,NBA,1985-86,10,0,132,18,41,18,39,0,2,9,13,5,11,16,14,5,1,4,16,45,0.439,0.462,0,0.439,0.692,0.482,brownto01
Wallace Bryant,26,TOT,NBA,1985-86,17,8,218,15,48,15,48,0,0,11,19,17,36,53,15,5,5,9,38,41,0.313,0.313,,0.313,0.579,0.364,bryanwa01
Quinn Buckner,31,IND,NBA,1985-86,32,3,419,49,104,49,103,0,1,19,27,9,42,51,86,40,3,55,80,117,0.471,0.476,0,0.471,0.704,0.505,bucknqu01
Michael Cage,24,LAC,NBA,1985-86,78,12,1566,204,426,204,423,0,3,113,174,168,249,417,81,62,34,106,176,521,0.479,0.482,0,0.479,0.649,0.518,cagemi01
Tony Campbell,23,DET,NBA,1985-86,82,1,1292,294,608,292,599,2,9,58,73,83,153,236,45,62,7,86,164,648,0.484,0.487,0.222,0.485,0.795,0.506,campbto01
Rick Carlisle,26,BOS,NBA,1985-86,77,1,760,92,189,92,179,0,10,15,23,22,55,77,104,19,4,50,92,199,0.487,0.514,0,0.487,0.652,0.5,carliri01
Antoine Carr,24,ATL,NBA,1985-86,17,0,258,49,93,49,93,0,0,18,27,16,36,52,14,7,15,14,51,116,0.527,0.527,,0.527,0.667,0.553,carran01
Kenny Carr,30,POR,NBA,1985-86,55,31,1557,232,466,232,462,0,4,149,217,146,346,492,70,38,30,106,203,613,0.498,0.502,0,0.498,0.687,0.546,carrke01
Joe Barry Carroll,27,GSW,NBA,1985-86,79,79,2801,650,1404,650,1402,0,2,377,501,193,477,670,176,101,143,275,277,1677,0.463,0.464,0,0.463,0.752,0.516,carrojo01
Butch Carter,27,TOT,NBA,1985-86,9,0,67,7,24,7,23,0,1,6,7,2,2,4,4,1,0,7,14,20,0.292,0.304,0,0.292,0.857,0.369,cartebu01
Bill Cartwright,28,NYK,NBA,1985-86,2,0,36,3,7,3,7,0,0,6,10,2,8,10,5,1,1,6,6,12,0.429,0.429,,0.429,0.6,0.526,cartwbi01
Terry Catledge,22,PHI,NBA,1985-86,64,7,1092,202,431,202,427,0,4,90,139,107,165,272,21,31,8,69,127,494,0.469,0.473,0,0.469,0.647,0.502,catlete01
Bobby Cattage,27,NJN,NBA,1985-86,29,1,185,28,83,27,78,1,5,35,44,15,19,34,4,6,0,13,23,92,0.337,0.346,0.2,0.343,0.795,0.449,cattabo01
Tom Chambers,26,SEA,NBA,1985-86,66,26,2019,432,928,419,880,13,48,346,414,126,305,431,132,55,37,194,248,1223,0.466,0.476,0.271,0.473,0.836,0.551,chambto01
Lorenzo Charles,22,ATL,NBA,1985-86,36,0,273,49,88,49,88,0,0,24,36,13,26,39,8,2,6,18,37,122,0.557,0.557,,0.557,0.667,0.587,charllo01
Maurice Cheeks,29,PHI,NBA,1985-86,82,82,3270,490,913,486,896,4,17,282,335,55,180,235,753,207,27,238,160,1266,0.537,0.542,0.235,0.539,0.842,0.597,cheekma01
Fred Cofield,24,NYK,NBA,1985-86,45,1,469,75,184,72,169,3,15,12,20,6,40,46,82,20,3,49,65,165,0.408,0.426,0.2,0.416,0.6,0.428,cofiefr01
Steve Colter,23,POR,NBA,1985-86,81,51,1868,272,597,245,514,27,83,135,164,41,136,177,257,113,10,115,188,706,0.456,0.477,0.325,0.478,0.823,0.528,coltest01
Lester Conner,26,GSW,NBA,1985-86,36,0,413,51,136,49,129,2,7,40,54,25,37,62,43,24,1,15,23,144,0.375,0.38,0.286,0.382,0.741,0.451,connele01
Darwin Cook,27,NJN,NBA,1985-86,79,33,1965,267,627,256,574,11,53,84,111,51,126,177,390,156,22,132,172,629,0.426,0.446,0.208,0.435,0.757,0.465,cookda01
Jeff Cook,29,TOT,NBA,1985-86,36,0,373,31,73,31,72,0,1,27,42,33,53,86,21,13,11,14,65,89,0.425,0.431,0,0.425,0.643,0.486,cookje01
David Cooke,22,SAC,NBA,1985-86,6,0,38,2,11,2,11,0,0,5,10,5,5,10,1,4,0,2,5,9,0.182,0.182,,0.182,0.5,0.292,cookeda01
Michael Cooper,29,LAL,NBA,1985-86,82,15,2269,274,606,211,443,63,163,147,170,44,200,244,466,89,43,151,238,758,0.452,0.476,0.387,0.504,0.865,0.557,coopemi01
Wayne Cooper,29,DEN,NBA,1985-86,78,78,2112,422,906,419,899,3,7,174,219,190,420,610,81,42,227,117,315,1021,0.466,0.466,0.429,0.467,0.795,0.509,coopewa01
Tyrone Corbin,23,SAS,NBA,1985-86,16,0,174,27,64,27,63,0,1,10,14,11,14,25,11,11,2,12,21,64,0.422,0.429,0,0.422,0.714,0.456,corbity01
Dave Corzine,29,CHI,NBA,1985-86,67,4,1709,255,519,252,507,3,12,127,171,132,301,433,150,28,53,104,133,640,0.491,0.497,0.25,0.494,0.743,0.539,corzida01
Ron Crevier,27,TOT,NBA,1985-86,3,0,4,0,3,0,3,0,0,0,2,1,0,1,0,0,0,0,2,0,0,0,,0,0,0,creviro01
Jeff Cross,24,LAC,NBA,1985-86,21,0,128,6,24,6,24,0,0,14,25,9,21,30,1,2,3,6,38,26,0.25,0.25,,0.25,0.56,0.371,crossje01
Pat Cummings,29,NYK,NBA,1985-86,31,30,1007,195,408,195,406,0,2,97,139,92,188,280,47,27,12,87,136,487,0.478,0.48,0,0.478,0.698,0.519,cummipa01
Terry Cummings,24,MIL,NBA,1985-86,82,82,2669,681,1438,681,1436,0,2,265,404,222,472,694,193,121,51,191,283,1627,0.474,0.474,0,0.474,0.656,0.503,cummite01
Earl Cureton,28,DET,NBA,1985-86,80,19,2017,285,564,285,562,0,2,117,211,198,306,504,137,58,58,150,239,687,0.505,0.507,0,0.505,0.555,0.523,curetea01
Quintin Dailey,25,CHI,NBA,1985-86,35,0,723,203,470,203,462,0,8,163,198,20,48,68,67,22,5,67,86,569,0.432,0.439,0,0.432,0.823,0.511,dailequ01
Adrian Dantley,29,UTA,NBA,1985-86,76,75,2744,818,1453,817,1442,1,11,630,796,178,217,395,264,64,4,231,206,2267,0.563,0.567,0.091,0.563,0.791,0.629,dantlad01
Brad Davis,30,DAL,NBA,1985-86,82,43,1971,267,502,235,413,32,89,198,228,26,120,146,467,57,15,110,174,764,0.532,0.569,0.36,0.564,0.868,0.634,davisbr01
Charles Davis,27,MIL,NBA,1985-86,57,7,873,188,397,185,373,3,24,61,75,60,110,170,55,26,7,50,113,440,0.474,0.496,0.125,0.477,0.813,0.512,davisch02
Johnny Davis,30,TOT,NBA,1985-86,66,7,1014,148,344,145,331,3,13,118,138,8,47,55,217,37,4,78,76,417,0.43,0.438,0.231,0.435,0.855,0.515,davisjo01
Walter Davis,31,PHO,NBA,1985-86,70,62,2239,624,1287,606,1211,18,76,257,305,54,149,203,361,99,3,219,153,1523,0.485,0.5,0.237,0.492,0.843,0.536,daviswa03
Darryl Dawkins,29,NJN,NBA,1985-86,51,3,1207,284,441,284,440,0,1,210,297,85,166,251,77,16,59,124,227,778,0.644,0.645,0,0.644,0.707,0.68,dawkida01
Darren Daye,25,WSB,NBA,1985-86,64,4,1075,198,399,197,396,1,3,159,237,71,112,183,109,46,11,98,121,556,0.496,0.497,0.333,0.497,0.671,0.552,dayeda01
James Donaldson,28,TOT,NBA,1985-86,83,78,2682,256,459,256,459,0,0,204,254,171,624,795,96,28,139,123,189,716,0.558,0.558,,0.558,0.803,0.627,donalja01
Larry Drew,27,SAC,NBA,1985-86,75,31,1971,376,776,366,745,10,31,128,161,25,100,125,338,66,2,133,134,890,0.485,0.491,0.323,0.491,0.795,0.525,drewla01
Clyde Drexler,23,POR,NBA,1985-86,75,58,2576,542,1142,530,1082,12,60,293,381,171,250,421,600,197,46,282,270,1389,0.475,0.49,0.2,0.48,0.769,0.53,drexlcl01
Joe Dumars,22,DET,NBA,1985-86,82,45,1957,287,597,282,581,5,16,190,238,60,59,119,390,66,11,158,200,769,0.481,0.485,0.313,0.485,0.798,0.548,dumarjo01
T.R. Dunn,30,DEN,NBA,1985-86,82,82,2401,172,379,172,378,0,1,68,88,143,234,377,171,155,16,51,228,412,0.454,0.455,0,0.454,0.773,0.493,dunntr01
Devin Durrant,25,PHO,NBA,1985-86,4,0,51,8,21,8,21,0,0,1,4,2,6,8,5,3,0,4,10,17,0.381,0.381,,0.381,0.25,0.373,durrade01
Mark Eaton,29,UTA,NBA,1985-86,80,80,2551,277,589,277,589,0,0,122,202,172,503,675,101,33,369,157,282,676,0.47,0.47,,0.47,0.604,0.499,eatonma01
Franklin Edwards,26,LAC,NBA,1985-86,73,19,1491,262,577,261,568,1,9,132,151,24,62,86,259,89,4,137,87,657,0.454,0.46,0.111,0.455,0.874,0.511,edwarfr01
James Edwards,30,PHO,NBA,1985-86,52,51,1314,318,587,318,587,0,0,212,302,79,222,301,74,23,29,128,200,848,0.542,0.542,,0.542,0.702,0.589,edwarja01
Craig Ehlo,24,HOU,NBA,1985-86,36,0,199,36,84,33,75,3,9,23,29,17,29,46,29,11,4,15,22,98,0.429,0.44,0.333,0.446,0.793,0.506,ehlocr01
Dale Ellis,25,DAL,NBA,1985-86,72,1,1086,193,470,130,297,63,173,59,82,86,82,168,37,40,9,38,78,508,0.411,0.438,0.364,0.478,0.72,0.502,ellisda01
Alex English,32,DEN,NBA,1985-86,81,81,3024,951,1888,950,1883,1,5,511,593,192,213,405,320,73,29,249,235,2414,0.504,0.505,0.2,0.504,0.862,0.562,englial01
Julius Erving,35,PHI,NBA,1985-86,74,74,2474,521,1085,512,1053,9,32,289,368,169,201,370,248,113,82,214,196,1340,0.48,0.486,0.281,0.484,0.785,0.537,ervinju01
Mike Evans,30,DEN,NBA,1985-86,81,1,1389,304,715,265,539,39,176,126,149,30,71,101,177,61,1,124,159,773,0.425,0.492,0.222,0.452,0.846,0.495,evansmi01
Patrick Ewing,23,NYK,NBA,1985-86,50,50,1771,386,814,386,809,0,5,226,306,124,327,451,102,54,103,172,191,998,0.474,0.477,0,0.474,0.739,0.526,ewingpa01
Kenny Fields,23,MIL,NBA,1985-86,78,3,1120,204,398,204,394,0,4,91,132,59,144,203,79,51,15,77,170,499,0.513,0.518,0,0.513,0.689,0.547,fieldke01
Vern Fleming,23,IND,NBA,1985-86,80,77,2870,436,862,435,856,1,6,263,353,102,284,386,505,131,5,208,230,1136,0.506,0.508,0.167,0.506,0.745,0.558,flemive01
Sleepy Floyd,25,GSW,NBA,1985-86,82,82,2764,510,1007,471,888,39,119,351,441,76,221,297,746,157,16,290,199,1410,0.506,0.53,0.328,0.526,0.796,0.587,floydsl01
Rod Foster,25,PHO,NBA,1985-86,48,0,704,85,218,76,186,9,32,23,32,9,49,58,121,22,1,61,77,202,0.39,0.409,0.281,0.411,0.719,0.435,fostero01
World B. Free,32,CLE,NBA,1985-86,75,75,2535,652,1433,581,1264,71,169,379,486,72,146,218,314,91,19,172,186,1754,0.455,0.46,0.42,0.48,0.78,0.533,freewo01
Bill Garnett,25,IND,NBA,1985-86,80,2,1197,112,239,112,237,0,2,116,162,106,169,275,95,39,22,91,174,340,0.469,0.473,0,0.469,0.716,0.548,garnebi02
George Gervin,33,CHI,NBA,1985-86,82,75,2065,519,1100,515,1081,4,19,283,322,78,137,215,144,49,23,161,210,1325,0.472,0.476,0.211,0.474,0.879,0.534,gervige01
Mike Gibson,25,DET,NBA,1985-86,32,0,161,20,51,20,51,0,0,8,11,15,25,40,5,8,4,6,35,48,0.392,0.392,,0.392,0.727,0.43,gibsomi01
Artis Gilmore,36,SAS,NBA,1985-86,71,71,2395,423,684,423,683,0,1,338,482,166,434,600,102,39,108,186,239,1184,0.618,0.619,0,0.618,0.701,0.661,gilmoar01
Mike Glenn,30,MIL,NBA,1985-86,38,1,573,94,190,94,190,0,0,47,49,4,53,57,39,9,3,18,42,235,0.495,0.495,,0.495,0.959,0.555,glennmi01
Georgi Glouchkov,26,PHO,NBA,1985-86,49,16,772,84,209,83,208,1,1,70,122,31,132,163,32,26,25,76,124,239,0.402,0.399,1,0.404,0.574,0.455,gloucge01
Mike Gminski,26,NJN,NBA,1985-86,81,78,2525,491,949,491,948,0,1,351,393,206,462,668,133,56,71,140,163,1333,0.517,0.518,0,0.517,0.893,0.594,gminsmi01
Lancaster Gordon,23,LAC,NBA,1985-86,60,1,704,130,345,123,317,7,28,45,56,24,44,68,60,33,10,62,91,312,0.377,0.388,0.25,0.387,0.804,0.422,gordola01
Stuart Gray,22,IND,NBA,1985-86,67,3,423,54,108,54,108,0,0,47,74,45,73,118,15,8,11,32,94,155,0.5,0.5,,0.5,0.635,0.551,grayst01
A.C. Green,22,LAL,NBA,1985-86,82,1,1542,209,388,208,382,1,6,102,167,160,221,381,54,49,49,99,229,521,0.539,0.545,0.167,0.54,0.611,0.564,greenac01
Ken Green,26,NYK,NBA,1985-86,7,0,72,13,27,13,27,0,0,5,9,12,15,27,2,4,0,1,8,31,0.481,0.481,,0.481,0.556,0.501,greenke01
Kenny Green,21,TOT,NBA,1985-86,41,0,453,83,192,83,191,0,1,35,49,27,46,73,9,5,9,35,53,201,0.432,0.435,0,0.432,0.714,0.471,greenke02
Rickey Green,31,UTA,NBA,1985-86,80,44,2012,357,758,352,729,5,29,213,250,32,103,135,411,106,6,132,130,932,0.471,0.483,0.172,0.474,0.852,0.537,greenri01
Sidney Green,25,CHI,NBA,1985-86,80,68,2307,407,875,407,867,0,8,262,335,208,450,658,139,70,37,220,292,1076,0.465,0.469,0,0.465,0.782,0.526,greensi02
Dave Greenwood,28,SAS,NBA,1985-86,68,24,1910,198,388,198,387,0,1,142,184,151,380,531,90,37,52,113,207,538,0.51,0.512,0,0.51,0.772,0.574,greenda01
Claude Gregory,27,WSB,NBA,1985-86,2,0,2,1,2,1,2,0,0,0,0,2,0,2,0,1,0,2,1,2,0.5,0.5,,0.5,,0.5,gregocl01
Ernie Grunfeld,30,NYK,NBA,1985-86,76,0,1402,148,355,122,294,26,61,90,108,42,164,206,119,39,13,50,192,412,0.417,0.415,0.426,0.454,0.833,0.512,grunfer01
Petur Gudmundsson,27,LAL,NBA,1985-86,8,2,128,20,37,20,37,0,0,18,27,17,21,38,3,3,4,11,25,58,0.541,0.541,,0.541,0.667,0.593,gudmupe01
Bob Hansen,25,UTA,NBA,1985-86,82,82,2032,299,628,282,578,17,50,95,132,82,162,244,193,74,9,126,205,710,0.476,0.488,0.34,0.49,0.72,0.517,hansebo01
Bill Hanzlik,28,DEN,NBA,1985-86,79,0,1982,331,741,323,700,8,41,318,405,88,176,264,316,107,16,165,277,988,0.447,0.461,0.195,0.452,0.785,0.537,hanzlbi01
Derek Harper,24,DAL,NBA,1985-86,79,39,2150,390,730,378,679,12,51,171,229,75,151,226,416,153,23,144,166,963,0.534,0.557,0.235,0.542,0.747,0.58,harpede01
Steve Harris,22,HOU,NBA,1985-86,57,0,482,103,233,102,228,1,5,50,54,25,32,57,50,21,4,34,55,257,0.442,0.447,0.2,0.444,0.926,0.5,harrist01
Scott Hastings,25,ATL,NBA,1985-86,62,0,650,65,159,62,155,3,4,60,70,44,80,124,26,14,8,40,118,193,0.409,0.4,0.75,0.418,0.857,0.508,hastisc01
Steve Hayes,30,UTA,NBA,1985-86,58,0,397,39,87,39,87,0,0,11,36,32,45,77,7,5,19,16,81,89,0.448,0.448,,0.448,0.306,0.433,hayesst01
Gerald Henderson,30,SEA,NBA,1985-86,82,82,2568,434,900,416,848,18,52,185,223,89,98,187,487,138,11,184,230,1071,0.482,0.491,0.346,0.492,0.83,0.537,hendege01
Jerome Henderson,26,LAL,NBA,1985-86,1,0,3,2,3,2,3,0,0,0,0,0,1,1,0,0,0,0,1,4,0.667,0.667,,0.667,,0.667,hendeje01
Carl Henry,25,SAC,NBA,1985-86,28,0,149,31,67,27,57,4,10,12,17,8,11,19,4,5,0,9,11,78,0.463,0.474,0.4,0.493,0.706,0.524,henryca01
Rod Higgins,26,TOT,NBA,1985-86,30,0,332,39,106,38,97,1,9,19,27,14,37,51,24,9,11,13,49,98,0.368,0.392,0.111,0.373,0.704,0.416,higgiro01
Roy Hinson,24,CLE,NBA,1985-86,82,82,2834,621,1167,621,1163,0,4,364,506,167,472,639,102,62,112,188,316,1606,0.532,0.534,0,0.532,0.719,0.578,hinsoro01
Craig Hodges,25,MIL,NBA,1985-86,66,66,1739,284,568,211,406,73,162,75,86,39,78,117,229,74,2,89,157,716,0.5,0.52,0.451,0.564,0.872,0.591,hodgecr01
Mike Holton,24,TOT,NBA,1985-86,28,0,512,77,175,76,163,1,12,28,44,11,22,33,55,25,0,27,47,183,0.44,0.466,0.083,0.443,0.636,0.471,holtomi01
Phil Hubbard,29,CLE,NBA,1985-86,23,21,640,93,198,93,197,0,1,76,112,48,72,120,29,20,3,66,78,262,0.47,0.472,0,0.47,0.679,0.53,hubbaph01
Alfredrick Hughes,23,SAS,NBA,1985-86,68,0,866,152,372,149,355,3,17,49,84,49,64,113,61,26,5,63,79,356,0.409,0.42,0.176,0.413,0.583,0.435,hugheri01
Jay Humphries,23,PHO,NBA,1985-86,82,82,2733,352,735,348,706,4,29,197,257,56,204,260,526,132,9,190,222,905,0.479,0.493,0.138,0.482,0.767,0.534,humphja01
Geoff Huston,28,GSW,NBA,1985-86,82,0,1208,140,273,138,267,2,6,63,92,10,55,65,342,38,4,83,67,345,0.513,0.517,0.333,0.516,0.685,0.55,hustoge01
Marc Iavaroni,29,TOT,NBA,1985-86,68,9,1014,110,244,110,242,0,2,76,115,63,146,209,82,32,17,72,163,296,0.451,0.455,0,0.451,0.661,0.502,iavarma01
Clemon Johnson,29,PHI,NBA,1985-86,75,2,1069,105,223,105,223,0,0,51,81,106,149,255,15,23,62,38,129,261,0.471,0.471,,0.471,0.63,0.505,johnscl01
Dennis Johnson,31,BOS,NBA,1985-86,78,78,2732,482,1060,476,1018,6,42,243,297,69,199,268,456,110,35,173,206,1213,0.455,0.468,0.143,0.458,0.818,0.509,johnsde01
Eddie Johnson,26,SAC,NBA,1985-86,82,30,2514,623,1311,619,1291,4,20,280,343,173,246,419,214,54,17,191,237,1530,0.475,0.479,0.2,0.477,0.816,0.523,johnsed03
Eddie Johnson,30,TOT,NBA,1985-86,71,9,1477,284,621,255,536,29,85,112,155,30,91,121,333,18,2,150,128,709,0.457,0.476,0.341,0.481,0.723,0.514,johnsed02
Frank Johnson,27,WSB,NBA,1985-86,14,9,402,69,154,69,151,0,3,38,54,7,21,28,76,11,1,29,30,176,0.448,0.457,0,0.448,0.704,0.495,johnsfr01
George Johnson,37,SEA,NBA,1985-86,41,0,264,12,23,12,23,0,0,11,16,26,34,60,13,6,37,14,46,35,0.522,0.522,,0.522,0.688,0.583,johnsge02
George Johnson,29,WSB,NBA,1985-86,2,0,7,1,3,1,3,0,0,2,2,1,1,2,0,0,0,1,1,4,0.333,0.333,,0.333,1,0.515,johnsge03
Ken Johnson,23,POR,NBA,1985-86,64,0,815,113,214,113,214,0,0,37,85,90,153,243,19,13,22,59,147,263,0.528,0.528,,0.528,0.435,0.523,johnske01
Magic Johnson,26,LAL,NBA,1985-86,72,70,2578,483,918,473,875,10,43,378,434,85,341,426,907,113,16,273,133,1354,0.526,0.541,0.233,0.532,0.871,0.61,johnsma02
Marques Johnson,29,LAC,NBA,1985-86,75,75,2605,613,1201,612,1186,1,15,298,392,156,260,416,283,107,50,183,214,1525,0.51,0.516,0.067,0.511,0.76,0.555,johnsma01
Mickey Johnson,33,NJN,NBA,1985-86,79,4,1574,214,507,209,483,5,24,183,233,98,234,332,217,67,25,165,248,616,0.422,0.433,0.208,0.427,0.785,0.505,johnsmi01
Steve Johnson,28,SAS,NBA,1985-86,71,55,1828,362,573,362,573,0,0,259,373,143,319,462,95,44,66,191,291,983,0.632,0.632,,0.632,0.694,0.667,johnsst03
Vinnie Johnson,29,DET,NBA,1985-86,79,12,1978,465,996,463,983,2,13,165,214,119,107,226,269,80,23,88,180,1097,0.467,0.471,0.154,0.468,0.771,0.503,johnsvi01
Bobby Jones,34,PHI,NBA,1985-86,70,42,1519,189,338,189,337,0,1,114,145,49,120,169,126,48,50,90,159,492,0.559,0.561,0,0.559,0.786,0.612,jonesbo01
Caldwell Jones,35,POR,NBA,1985-86,80,19,1437,126,254,126,247,0,7,124,150,105,250,355,74,38,61,102,244,376,0.496,0.51,0,0.496,0.827,0.588,jonesca01
Charles Jones,28,WSB,NBA,1985-86,81,58,1609,129,254,129,253,0,1,54,86,122,199,321,76,57,133,71,235,312,0.508,0.51,0,0.508,0.628,0.535,jonesch01
Charles Jones,24,PHO,NBA,1985-86,43,18,742,75,164,75,163,0,1,50,98,65,128,193,52,32,25,57,87,200,0.457,0.46,0,0.457,0.51,0.483,jonesch02
Earl Jones,25,MIL,NBA,1985-86,12,0,43,5,12,5,12,0,0,3,4,4,6,10,4,0,1,7,13,13,0.417,0.417,,0.417,0.75,0.472,jonesea01
Edgar Jones,29,CLE,NBA,1985-86,53,6,1011,187,370,180,347,7,23,132,178,71,136,207,45,30,38,64,142,513,0.505,0.519,0.304,0.515,0.742,0.572,jonesed01
Ozell Jones,25,LAC,NBA,1985-86,3,0,18,0,2,0,2,0,0,0,0,0,2,2,0,2,1,3,5,0,0,0,,0,,0,jonesoz01
Michael Jordan,22,CHI,NBA,1985-86,18,7,451,150,328,147,310,3,18,105,125,23,41,64,53,37,21,45,46,408,0.457,0.474,0.167,0.462,0.84,0.533,jordami01
Yvon Joseph,28,NJN,NBA,1985-86,1,0,5,0,0,0,0,0,0,2,2,0,0,0,0,0,0,0,1,2,,,,,1,1.136,josepyv01
Harold Keeling,22,DAL,NBA,1985-86,20,0,75,17,39,17,39,0,0,10,14,3,3,6,10,7,0,7,9,44,0.436,0.436,,0.436,0.714,0.487,keeliha01
Rich Kelley,32,SAC,NBA,1985-86,37,0,324,28,49,28,47,0,2,18,22,29,52,81,43,10,3,22,62,74,0.571,0.596,0,0.571,0.818,0.631,kelleri01
Clark Kellogg,24,IND,NBA,1985-86,19,12,568,139,294,135,281,4,13,53,69,51,117,168,57,28,8,61,59,335,0.473,0.48,0.308,0.48,0.768,0.516,kellocl01
Jerome Kersey,23,POR,NBA,1985-86,79,2,1217,258,470,258,464,0,6,156,229,137,156,293,83,85,32,113,208,672,0.549,0.556,0,0.549,0.681,0.589,kerseje01
Albert King,26,NJN,NBA,1985-86,73,69,1998,438,961,434,938,4,23,167,203,116,250,366,181,58,24,181,205,1047,0.456,0.463,0.174,0.458,0.823,0.498,kingal01
Greg Kite,24,BOS,NBA,1985-86,64,2,464,34,91,34,90,0,1,15,39,35,93,128,17,3,28,32,81,83,0.374,0.378,0,0.374,0.385,0.384,kitegr01
Joe Kleine,24,SAC,NBA,1985-86,80,18,1180,160,344,160,344,0,0,94,130,113,260,373,46,24,34,107,224,414,0.465,0.465,,0.465,0.723,0.516,kleinjo01
Jon Koncak,22,ATL,NBA,1985-86,82,15,1695,263,519,263,518,0,1,156,257,171,296,467,55,37,69,111,296,682,0.507,0.508,0,0.507,0.607,0.539,koncajo01
Mitch Kupchak,31,LAL,NBA,1985-86,55,0,783,124,257,124,256,0,1,84,112,69,122,191,17,12,7,64,102,332,0.482,0.484,0,0.482,0.75,0.542,kupchmi01
Bill Laimbeer,28,DET,NBA,1985-86,82,82,2891,545,1107,541,1093,4,14,266,319,305,770,1075,146,59,65,133,291,1360,0.492,0.495,0.286,0.494,0.834,0.545,laimbbi01
Jeff Lamp,26,TOT,NBA,1985-86,74,2,1321,245,514,238,484,7,30,111,133,53,147,200,117,39,4,68,155,608,0.477,0.492,0.233,0.483,0.835,0.531,lampje01
Allen Leavell,28,HOU,NBA,1985-86,74,12,1190,212,458,188,391,24,67,135,158,6,61,67,234,58,8,88,126,583,0.463,0.481,0.358,0.489,0.854,0.553,leaveal01
Keith Lee,23,CLE,NBA,1985-86,58,38,1197,177,380,175,371,2,9,75,96,116,235,351,67,29,37,78,204,431,0.466,0.472,0.222,0.468,0.781,0.51,leeke01
Ronnie Lester,27,LAL,NBA,1985-86,27,0,222,26,52,26,49,0,3,15,19,0,10,10,54,9,3,42,27,67,0.5,0.531,0,0.5,0.789,0.555,lestero01
Fat Lever,25,DEN,NBA,1985-86,78,77,2616,468,1061,456,1023,12,38,132,182,136,284,420,584,178,15,210,204,1080,0.441,0.446,0.316,0.447,0.725,0.473,leverfa01
Cliff Levingston,25,ATL,NBA,1985-86,81,35,1945,294,551,294,550,0,1,164,242,193,341,534,72,76,39,113,260,752,0.534,0.535,0,0.534,0.678,0.572,levincl01
Alton Lister,27,MIL,NBA,1985-86,81,19,1812,318,577,318,575,0,2,160,266,199,393,592,101,49,142,161,300,796,0.551,0.553,0,0.551,0.602,0.573,listeal01
Lewis Lloyd,26,HOU,NBA,1985-86,82,82,2444,592,1119,589,1104,3,15,199,236,155,169,324,300,102,24,194,216,1386,0.529,0.534,0.2,0.53,0.843,0.567,lloydle01
John Long,29,DET,NBA,1985-86,62,30,1176,264,548,261,532,3,16,89,104,47,51,98,82,41,13,59,92,620,0.482,0.491,0.188,0.484,0.856,0.522,longjo01
John Lucas,32,HOU,NBA,1985-86,65,65,2120,365,818,320,672,45,146,231,298,33,110,143,571,77,5,149,124,1006,0.446,0.476,0.308,0.474,0.775,0.53,lucasjo01
Maurice Lucas,33,LAL,NBA,1985-86,77,8,1750,302,653,301,651,1,2,180,230,164,402,566,84,45,24,121,253,785,0.462,0.462,0.5,0.463,0.783,0.52,lucasma01
Kyle Macy,28,CHI,NBA,1985-86,82,79,2426,286,592,228,451,58,141,73,90,41,137,178,446,81,11,117,201,703,0.483,0.506,0.411,0.532,0.811,0.557,macyky01
Rick Mahorn,27,DET,NBA,1985-86,80,12,1442,157,345,157,344,0,1,81,119,121,291,412,64,40,61,109,261,395,0.455,0.456,0,0.455,0.681,0.497,mahorri01
Jeff Malone,24,WSB,NBA,1985-86,80,80,2992,735,1522,732,1505,3,17,322,371,66,222,288,191,70,12,168,180,1795,0.483,0.486,0.176,0.484,0.868,0.533,malonje01
Karl Malone,22,UTA,NBA,1985-86,81,76,2475,504,1016,504,1014,0,2,195,405,174,544,718,236,105,44,279,295,1203,0.496,0.497,0,0.496,0.481,0.504,malonka01
Moses Malone,30,PHI,NBA,1985-86,74,74,2706,571,1246,571,1245,0,1,617,784,339,533,872,90,67,71,261,194,1759,0.458,0.459,0,0.458,0.787,0.553,malonmo01
Pace Mannion,25,UTA,NBA,1985-86,57,0,673,97,214,89,172,8,42,53,82,26,56,82,55,32,5,41,68,255,0.453,0.517,0.19,0.472,0.646,0.51,mannipa01
Bill Martin,23,IND,NBA,1985-86,66,0,691,143,298,143,290,0,8,46,54,42,60,102,52,21,7,58,108,332,0.48,0.493,0,0.48,0.852,0.516,martibi01
Brian Martin,23,TOT,NBA,1985-86,8,0,21,3,7,3,7,0,0,0,2,1,3,4,0,0,1,2,7,6,0.429,0.429,,0.429,0,0.381,martibr01
Wes Matthews,26,SAS,NBA,1985-86,75,46,1853,320,603,316,578,4,25,173,211,30,101,131,476,87,32,232,168,817,0.531,0.547,0.16,0.534,0.82,0.587,matthwe01
Cedric Maxwell,30,LAC,NBA,1985-86,76,72,2458,314,661,314,658,0,3,447,562,241,383,624,215,61,29,206,252,1075,0.475,0.477,0,0.475,0.795,0.592,maxwece01
Bob McAdoo,34,PHI,NBA,1985-86,29,0,609,116,251,116,251,0,0,62,81,25,78,103,35,10,18,49,64,294,0.462,0.462,,0.462,0.765,0.513,mcadobo01
Dwayne McClain,22,IND,NBA,1985-86,45,4,461,69,180,68,171,1,9,18,35,14,16,30,67,38,4,40,61,157,0.383,0.398,0.111,0.386,0.514,0.402,mccladw01
Tim McCormick,23,SEA,NBA,1985-86,77,42,1705,253,444,252,442,1,2,174,244,140,263,403,83,19,28,110,219,681,0.57,0.57,0.5,0.571,0.713,0.618,mccorti01
Rodney McCray,24,HOU,NBA,1985-86,82,82,2610,338,629,338,626,0,3,171,222,159,361,520,292,50,58,130,197,847,0.537,0.54,0,0.537,0.77,0.583,mccraro01
Xavier McDaniel,22,SEA,NBA,1985-86,82,80,2706,576,1176,574,1166,2,10,250,364,307,348,655,193,101,37,248,305,1404,0.49,0.492,0.2,0.491,0.687,0.525,mcdanxa01
Ben McDonald,23,CLE,NBA,1985-86,21,0,266,28,58,28,57,0,1,5,8,15,23,38,9,7,1,10,30,61,0.483,0.491,0,0.483,0.625,0.496,mcdonbe01
Hank McDowell,26,HOU,NBA,1985-86,22,0,204,24,42,24,41,0,1,17,25,12,37,49,6,1,3,10,25,65,0.571,0.585,0,0.571,0.68,0.613,mcdowha01
Mike McGee,26,LAL,NBA,1985-86,71,19,1213,252,544,211,430,41,114,42,64,51,89,140,83,53,7,70,131,587,0.463,0.491,0.36,0.501,0.656,0.513,mcgeemi01
Kevin McHale,28,BOS,NBA,1985-86,68,62,2397,561,978,561,978,0,0,326,420,171,380,551,181,29,134,149,192,1448,0.574,0.574,,0.574,0.776,0.623,mchalke01
Kevin McKenna,27,WSB,NBA,1985-86,30,1,430,61,166,34,91,27,75,25,30,9,27,36,23,29,2,18,54,174,0.367,0.374,0.36,0.449,0.833,0.485,mckenke01
Billy McKinney,30,CHI,NBA,1985-86,9,0,83,10,23,10,23,0,0,2,2,1,4,5,13,3,0,2,9,22,0.435,0.435,,0.435,1,0.461,mckinbi01
Tom McMillen,33,WSB,NBA,1985-86,56,1,863,131,285,131,282,0,3,64,79,44,69,113,35,9,10,34,85,326,0.46,0.465,0,0.46,0.81,0.51,mcmilto01
Chris McNealy,24,NYK,NBA,1985-86,30,6,627,70,144,70,144,0,0,31,47,62,141,203,41,38,12,35,88,171,0.486,0.486,,0.486,0.66,0.519,mcneach01
Dirk Minniefield,25,CLE,NBA,1985-86,76,2,1131,167,347,157,310,10,37,73,93,43,88,131,269,65,1,108,165,417,0.481,0.506,0.27,0.496,0.785,0.537,minnidi01
Mike Mitchell,30,SAS,NBA,1985-86,82,82,2970,802,1697,802,1685,0,12,317,392,134,275,409,188,56,25,184,175,1921,0.473,0.476,0,0.473,0.809,0.514,mitchmi01
Paul Mokeski,29,MIL,NBA,1985-86,45,0,521,59,139,59,139,0,0,25,34,36,103,139,30,6,6,25,92,143,0.424,0.424,,0.424,0.735,0.464,mokespa01
Sidney Moncrief,28,MIL,NBA,1985-86,73,72,2567,470,962,437,859,33,103,498,580,115,219,334,357,103,18,174,178,1471,0.489,0.509,0.32,0.506,0.859,0.604,moncrsi01
Johnny Moore,27,SAS,NBA,1985-86,28,23,856,150,303,146,281,4,22,59,86,25,61,86,252,70,6,81,78,363,0.495,0.52,0.182,0.502,0.686,0.533,moorejo01
Perry Moss,27,TOT,NBA,1985-86,72,0,1012,116,292,109,260,7,32,65,89,34,81,115,108,56,15,79,132,304,0.397,0.419,0.219,0.409,0.73,0.459,mosspe01
Chris Mullin,22,GSW,NBA,1985-86,55,30,1391,287,620,282,593,5,27,189,211,42,73,115,105,70,23,75,130,768,0.463,0.476,0.185,0.467,0.896,0.539,mullich01
Jay Murphy,23,LAC,NBA,1985-86,14,0,100,16,45,16,43,0,2,9,14,7,8,15,3,4,3,5,12,41,0.356,0.372,0,0.356,0.643,0.401,murphja01
Larry Nance,26,PHO,NBA,1985-86,73,69,2484,582,1001,582,993,0,8,310,444,169,449,618,240,70,130,210,247,1474,0.581,0.586,0,0.581,0.698,0.616,nancela01
Calvin Natt,29,DEN,NBA,1985-86,69,62,2007,469,930,467,924,2,6,278,347,125,311,436,164,58,13,130,143,1218,0.504,0.505,0.333,0.505,0.801,0.562,nattca01
Chuck Nevitt,26,TOT,NBA,1985-86,29,0,126,15,43,15,43,0,0,19,26,13,19,32,7,4,19,12,35,49,0.349,0.349,,0.349,0.731,0.45,nevitch01
Kurt Nimphius,27,TOT,NBA,1985-86,80,66,2226,351,694,351,691,0,3,194,262,152,301,453,62,33,105,120,267,896,0.506,0.508,0,0.506,0.74,0.554,nimphku01
Norm Nixon,30,LAC,NBA,1985-86,67,62,2138,403,921,361,800,42,121,131,162,45,135,180,576,84,3,190,143,979,0.438,0.451,0.347,0.46,0.809,0.493,nixonno01
Mike O'Koren,27,NJN,NBA,1985-86,67,11,1031,160,336,153,309,7,27,23,39,33,102,135,118,29,9,54,134,350,0.476,0.495,0.259,0.487,0.59,0.496,okoremi01
Charles Oakley,22,CHI,NBA,1985-86,77,30,1772,281,541,281,538,0,3,178,269,255,409,664,133,68,30,175,250,740,0.519,0.522,0,0.519,0.662,0.561,oaklech01
Hakeem Olajuwon,23,HOU,NBA,1985-86,68,68,2467,625,1188,625,1188,0,0,347,538,333,448,781,137,134,231,195,271,1597,0.526,0.526,,0.526,0.645,0.56,olajuha01
Mark Olberding,29,SAC,NBA,1985-86,81,64,2157,225,403,225,401,0,2,162,210,113,310,423,266,43,23,148,276,612,0.558,0.561,0,0.558,0.771,0.618,olberma01
Jawann Oldham,28,CHI,NBA,1985-86,52,47,1276,167,323,167,322,0,1,53,91,112,194,306,37,28,134,86,206,387,0.517,0.519,0,0.517,0.582,0.533,oldhaja01
Louis Orr,27,NYK,NBA,1985-86,74,64,2237,330,741,330,737,0,4,218,278,123,189,312,179,61,26,118,177,878,0.445,0.448,0,0.445,0.784,0.509,orrlo01
Robert Parish,32,BOS,NBA,1985-86,81,80,2567,530,966,530,966,0,0,245,335,246,524,770,145,65,116,187,215,1305,0.549,0.549,,0.549,0.731,0.586,parisro01
Jim Paxson,28,POR,NBA,1985-86,75,31,1931,372,792,352,730,20,62,217,244,42,106,148,278,94,5,112,156,981,0.47,0.482,0.323,0.482,0.889,0.545,paxsoji02
John Paxson,25,CHI,NBA,1985-86,75,3,1570,153,328,138,278,15,50,74,92,18,76,94,274,55,2,63,172,395,0.466,0.496,0.3,0.489,0.804,0.536,paxsojo01
Sam Perkins,24,DAL,NBA,1985-86,80,79,2626,458,910,447,877,11,33,307,377,195,490,685,153,75,94,145,212,1234,0.503,0.51,0.333,0.509,0.814,0.573,perkisa01
Jim Petersen,23,HOU,NBA,1985-86,82,20,1664,196,411,196,408,0,3,113,160,149,247,396,85,38,54,84,231,505,0.477,0.48,0,0.477,0.706,0.525,peterji01
Michael Phelps,24,SEA,NBA,1985-86,70,18,880,117,286,116,274,1,12,44,74,29,60,89,71,45,1,62,86,279,0.409,0.423,0.083,0.411,0.595,0.438,phelpmi01
Ricky Pierce,26,MIL,NBA,1985-86,81,8,2147,429,798,426,775,3,23,266,310,94,137,231,177,83,6,107,252,1127,0.538,0.55,0.13,0.539,0.858,0.603,piercri01
Ed Pinckney,22,PHO,NBA,1985-86,80,24,1602,255,457,255,455,0,2,171,254,95,213,308,90,71,37,148,190,681,0.558,0.56,0,0.558,0.673,0.599,pincked01
Charles Pittman,27,PHO,NBA,1985-86,69,17,1132,127,218,127,218,0,0,99,141,99,147,246,58,37,23,107,140,353,0.583,0.583,,0.583,0.702,0.63,pittmch01
David Pope,23,SEA,NBA,1985-86,11,0,74,9,20,8,19,1,1,2,4,6,5,11,4,2,1,2,11,21,0.45,0.421,1,0.475,0.5,0.483,popeda01
Ben Poquette,30,CLE,NBA,1985-86,81,3,1496,166,348,164,338,2,10,72,100,121,252,373,78,33,32,68,187,406,0.477,0.485,0.2,0.48,0.72,0.518,poquebe01
Terry Porter,22,POR,NBA,1985-86,79,3,1214,212,447,199,405,13,42,125,155,35,82,117,198,81,1,106,136,562,0.474,0.491,0.31,0.489,0.806,0.545,portete01
Paul Pressey,27,MIL,NBA,1985-86,80,80,2704,411,843,403,799,8,44,316,392,127,272,399,623,168,71,240,247,1146,0.488,0.504,0.182,0.492,0.806,0.564,presspa01
Kurt Rambis,27,LAL,NBA,1985-86,74,74,1573,160,269,160,269,0,0,88,122,156,361,517,69,66,33,97,198,408,0.595,0.595,,0.595,0.721,0.632,rambiku01
Kelvin Ransey,27,NJN,NBA,1985-86,79,15,1504,231,505,228,481,3,24,121,148,34,82,116,252,51,4,114,128,586,0.457,0.474,0.125,0.46,0.818,0.514,ranseke01
Blair Rasmussen,23,DEN,NBA,1985-86,48,1,330,61,150,61,150,0,0,31,39,37,60,97,16,3,10,40,63,153,0.407,0.407,,0.407,0.795,0.458,rasmubl01
Robert Reid,30,HOU,NBA,1985-86,82,5,2157,409,881,403,848,6,33,162,214,67,234,301,222,91,16,96,231,986,0.464,0.475,0.182,0.468,0.757,0.506,reidro01
Jerry Reynolds,23,MIL,NBA,1985-86,55,8,508,72,162,71,160,1,2,58,104,37,43,80,86,43,19,52,57,203,0.444,0.444,0.5,0.448,0.558,0.489,reynoje01
Clint Richardson,29,IND,NBA,1985-86,82,61,2224,335,736,334,727,1,9,123,147,69,182,251,372,58,8,136,153,794,0.455,0.459,0.111,0.456,0.837,0.496,richacl01
Micheal Ray Richardson,30,NJN,NBA,1985-86,47,39,1604,296,661,292,634,4,27,141,179,77,173,250,340,125,11,150,163,737,0.448,0.461,0.148,0.451,0.788,0.498,richami01
Doc Rivers,24,ATL,NBA,1985-86,53,50,1571,220,464,220,448,0,16,172,283,49,113,162,443,120,13,141,185,612,0.474,0.491,0,0.474,0.608,0.52,riverdo01
Fred Roberts,25,UTA,NBA,1985-86,58,0,469,74,167,73,165,1,2,67,87,31,49,80,27,8,6,53,72,216,0.443,0.442,0.5,0.446,0.77,0.526,roberfr01
Alvin Robertson,23,SAS,NBA,1985-86,82,82,2878,562,1093,554,1064,8,29,260,327,184,332,516,448,301,40,256,296,1392,0.514,0.521,0.276,0.518,0.795,0.563,roberal01
Rick Robey,30,PHO,NBA,1985-86,46,1,629,72,191,72,188,0,3,33,48,40,108,148,58,19,5,66,92,177,0.377,0.383,0,0.377,0.688,0.417,robeyri01
Cliff Robinson,25,WSB,NBA,1985-86,78,78,2563,595,1255,594,1251,1,4,269,353,180,500,680,186,98,44,206,217,1460,0.474,0.475,0.25,0.475,0.762,0.518,robincl01
Tree Rollins,30,ATL,NBA,1985-86,74,61,1781,173,347,173,346,0,1,69,90,131,327,458,41,38,167,91,239,415,0.499,0.5,0,0.499,0.767,0.537,rollitr01
Dan Roundfield,32,WSB,NBA,1985-86,79,21,2321,322,660,322,654,0,6,273,362,210,432,642,167,36,51,187,194,917,0.488,0.492,0,0.488,0.754,0.56,roundda01
Derrick Rowland,26,MIL,NBA,1985-86,2,0,9,1,3,1,3,0,0,1,2,0,1,1,1,0,0,0,1,3,0.333,0.333,,0.333,0.5,0.387,rowlade01
Jeff Ruland,27,WSB,NBA,1985-86,30,24,1114,212,383,212,379,0,4,145,200,107,213,320,159,23,25,121,100,569,0.554,0.559,0,0.554,0.725,0.604,rulanje01
Walker Russell,25,DET,NBA,1985-86,1,0,2,0,1,0,1,0,0,0,0,0,0,0,1,0,0,0,0,0,0,0,,0,,0,russewa01
Ralph Sampson,25,HOU,NBA,1985-86,79,76,2864,624,1280,622,1265,2,15,241,376,258,621,879,283,99,129,285,308,1491,0.488,0.492,0.133,0.488,0.641,0.516,sampsra01
Mike Sanders,25,PHO,NBA,1985-86,82,5,1644,347,676,344,661,3,15,208,257,104,169,273,150,76,31,143,236,905,0.513,0.52,0.2,0.516,0.809,0.573,sandemi01
Danny Schayes,26,DEN,NBA,1985-86,80,13,1654,221,440,221,439,0,1,216,278,154,285,439,79,42,63,105,298,658,0.502,0.503,0,0.502,0.777,0.585,schayda01
Detlef Schrempf,23,DAL,NBA,1985-86,64,12,969,142,315,139,308,3,7,110,152,70,128,198,88,23,10,84,166,397,0.451,0.451,0.429,0.456,0.724,0.52,schrede01
Byron Scott,24,LAL,NBA,1985-86,76,62,2190,507,989,485,928,22,61,138,176,55,134,189,164,85,15,110,167,1174,0.513,0.523,0.361,0.524,0.784,0.55,scottby01
Carey Scurry,23,UTA,NBA,1985-86,78,0,1168,142,301,141,290,1,11,78,126,97,145,242,85,78,66,96,171,363,0.472,0.486,0.091,0.473,0.619,0.509,scurrca01
Lonnie Shelton,30,CLE,NBA,1985-86,44,1,682,92,188,92,186,0,2,14,16,38,105,143,61,21,4,48,128,198,0.489,0.495,0,0.489,0.875,0.508,sheltlo01
Purvis Short,28,GSW,NBA,1985-86,64,63,2427,633,1313,618,1264,15,49,351,406,126,203,329,237,92,22,184,229,1632,0.482,0.489,0.306,0.488,0.865,0.547,shortpu01
Jerry Sichting,29,BOS,NBA,1985-86,82,7,1596,235,412,229,396,6,16,61,66,27,77,104,188,50,0,73,118,537,0.57,0.578,0.375,0.578,0.924,0.609,sichtje01
Jack Sikma,30,SEA,NBA,1985-86,80,78,2790,508,1100,508,1087,0,13,355,411,146,602,748,301,92,73,214,293,1371,0.462,0.467,0,0.462,0.864,0.535,sikmaja01
Derek Smith,24,LAC,NBA,1985-86,11,9,339,100,181,99,179,1,2,58,84,20,21,41,31,9,13,33,35,259,0.552,0.553,0.5,0.555,0.69,0.594,smithde02
Larry Smith,28,GSW,NBA,1985-86,77,74,2441,314,586,314,585,0,1,112,227,384,472,856,95,62,50,135,286,740,0.536,0.537,0,0.536,0.493,0.539,smithla01
Mike Smrek,23,CHI,NBA,1985-86,38,5,408,46,122,46,120,0,2,16,29,46,64,110,19,6,23,29,95,108,0.377,0.383,0,0.377,0.552,0.401,smrekmi01
Ricky Sobers,33,SEA,NBA,1985-86,78,0,1279,240,541,227,498,13,43,110,125,29,70,99,180,44,2,85,139,603,0.444,0.456,0.302,0.456,0.88,0.506,soberri01
Rory Sparrow,27,NYK,NBA,1985-86,74,74,2344,345,723,340,703,5,20,101,127,50,120,170,472,85,14,154,182,796,0.477,0.484,0.25,0.481,0.795,0.511,sparrro01
Larry Spriggs,26,LAL,NBA,1985-86,43,7,471,88,192,88,191,0,1,38,49,28,53,81,49,18,9,54,78,214,0.458,0.461,0,0.458,0.776,0.501,sprigla01
Terence Stansbury,24,IND,NBA,1985-86,74,17,1331,191,441,182,388,9,53,107,132,29,110,139,206,59,8,139,200,498,0.433,0.469,0.17,0.443,0.811,0.499,stanste01
Steve Stipanovich,25,IND,NBA,1985-86,79,65,2397,416,885,414,875,2,10,242,315,173,450,623,206,75,69,146,261,1076,0.47,0.473,0.2,0.471,0.768,0.526,stipast01
Alex Stivrins,23,SEA,NBA,1985-86,3,0,14,1,4,1,4,0,0,1,4,3,0,3,1,0,0,3,2,3,0.25,0.25,,0.25,0.25,0.26,stivral01
John Stockton,23,UTA,NBA,1985-86,82,38,1935,228,466,226,451,2,15,172,205,33,146,179,610,157,10,168,227,630,0.489,0.501,0.133,0.491,0.839,0.566,stockjo01
Greg Stokes,22,PHI,NBA,1985-86,31,13,350,56,119,56,118,0,1,14,21,27,30,57,17,14,11,19,56,126,0.471,0.475,0,0.471,0.667,0.491,stokegr01
Jon Sundvold,24,SAS,NBA,1985-86,70,4,1150,220,476,199,416,21,60,39,48,22,58,80,261,34,0,85,110,500,0.462,0.478,0.35,0.484,0.813,0.503,sundvjo01
Terry Teagle,25,GSW,NBA,1985-86,82,52,2158,475,958,471,933,4,25,211,265,96,139,235,115,71,34,136,241,1165,0.496,0.505,0.16,0.498,0.796,0.542,teaglte01
Reggie Theus,28,SAC,NBA,1985-86,82,82,2919,546,1137,540,1102,6,35,405,490,73,231,304,788,112,20,327,231,1503,0.48,0.49,0.171,0.483,0.827,0.556,theusre01
Peter Thibeaux,24,GSW,NBA,1985-86,42,8,531,100,233,98,228,2,5,29,48,28,47,75,28,23,15,39,82,231,0.429,0.43,0.4,0.433,0.604,0.455,thibepe01
David Thirdkill,25,BOS,NBA,1985-86,49,0,385,54,110,54,109,0,1,55,88,27,43,70,15,11,3,19,55,163,0.491,0.495,0,0.491,0.625,0.548,thirdda01
Isiah Thomas,24,DET,NBA,1985-86,77,77,2790,609,1248,583,1164,26,84,365,462,83,194,277,830,171,20,289,245,1609,0.488,0.501,0.31,0.498,0.79,0.554,thomais01
Jim Thomas,25,LAC,NBA,1985-86,6,0,69,6,15,6,15,0,0,1,2,3,5,8,12,5,1,9,12,13,0.4,0.4,,0.4,0.5,0.409,thomaji01
Bernard Thompson,23,PHO,NBA,1985-86,61,20,1281,195,399,195,397,0,2,127,157,58,83,141,132,51,10,90,151,517,0.489,0.491,0,0.489,0.809,0.552,thompbe01
LaSalle Thompson,24,SAC,NBA,1985-86,80,64,2377,411,794,411,793,0,1,202,276,252,518,770,168,71,109,184,295,1024,0.518,0.518,0,0.518,0.732,0.559,thompla01
Mychal Thompson,31,POR,NBA,1985-86,82,78,2569,503,1011,503,1011,0,0,198,309,181,427,608,176,76,35,196,267,1204,0.498,0.498,,0.498,0.641,0.525,thompmy01
Paul Thompson,24,PHI,NBA,1985-86,23,8,432,70,194,68,182,2,12,37,43,27,36,63,24,15,17,30,49,179,0.361,0.374,0.167,0.366,0.86,0.42,thomppa01
Bob Thornton,23,NYK,NBA,1985-86,71,23,1323,125,274,125,274,0,0,86,162,113,177,290,43,30,7,83,209,336,0.456,0.456,,0.456,0.531,0.487,thornbo01
Otis Thorpe,23,SAC,NBA,1985-86,75,18,1675,289,492,289,492,0,0,164,248,137,283,420,84,35,34,123,233,742,0.587,0.587,,0.587,0.661,0.617,thorpot01
Sedale Threatt,24,PHI,NBA,1985-86,70,27,1754,310,684,309,660,1,24,75,90,21,100,121,193,93,5,102,157,696,0.453,0.468,0.042,0.454,0.833,0.481,threase01
Wayman Tisdale,21,IND,NBA,1985-86,81,60,2277,516,1002,516,1000,0,2,160,234,191,393,584,79,32,44,188,290,1192,0.515,0.516,0,0.515,0.684,0.539,tisdawa01
Andrew Toney,28,PHI,NBA,1985-86,6,0,84,11,36,11,34,0,2,3,8,2,3,5,12,2,0,7,8,25,0.306,0.324,0,0.306,0.375,0.316,toneyan01
Sedric Toney,23,TOT,NBA,1985-86,13,0,230,28,66,25,56,3,10,21,31,3,22,25,26,6,0,22,24,80,0.424,0.446,0.3,0.447,0.677,0.502,toneyse01
Kelly Tripucka,26,DET,NBA,1985-86,81,81,2626,615,1236,603,1211,12,25,380,444,116,232,348,265,93,10,183,167,1622,0.498,0.498,0.48,0.502,0.856,0.567,tripuke01
Trent Tucker,26,NYK,NBA,1985-86,77,23,1788,349,740,308,649,41,91,79,100,70,99,169,192,65,8,70,167,818,0.472,0.475,0.451,0.499,0.79,0.522,tucketr01
Elston Turner,26,DEN,NBA,1985-86,73,0,1324,165,379,165,370,0,9,39,53,64,137,201,165,70,6,80,150,369,0.435,0.446,0,0.435,0.736,0.459,turneel01
Jeff Turner,23,NJN,NBA,1985-86,53,1,650,84,171,84,170,0,1,58,78,45,92,137,14,21,3,49,125,226,0.491,0.494,0,0.491,0.744,0.55,turneje01
Melvin Turpin,25,CLE,NBA,1985-86,80,69,2292,456,838,456,834,0,4,185,228,182,374,556,55,65,106,134,260,1097,0.544,0.547,0,0.544,0.811,0.585,turpime01
Terry Tyler,29,SAC,NBA,1985-86,71,52,1651,295,649,295,646,0,3,84,112,109,204,313,94,64,108,94,159,674,0.455,0.457,0,0.455,0.75,0.483,tylerte01
Darnell Valentine,26,TOT,NBA,1985-86,62,29,1217,161,388,157,374,4,14,130,175,32,93,125,246,72,2,115,123,456,0.415,0.42,0.286,0.42,0.743,0.49,valenda01
Kiki Vandeweghe,27,POR,NBA,1985-86,79,76,2791,719,1332,718,1324,1,8,523,602,92,124,216,187,54,17,177,161,1962,0.54,0.542,0.125,0.54,0.869,0.614,vandeki01
Nick Vanos,22,PHO,NBA,1985-86,11,0,202,23,72,23,72,0,0,8,23,21,39,60,16,2,5,20,34,54,0.319,0.319,,0.319,0.348,0.329,vanosni01
Pete Verhoeven,26,GSW,NBA,1985-86,61,5,749,90,167,89,165,1,2,25,43,65,95,160,29,29,17,30,141,206,0.539,0.539,0.5,0.542,0.581,0.554,verhope01
Jay Vincent,26,DAL,NBA,1985-86,80,3,1994,442,919,442,916,0,3,222,274,107,261,368,180,66,21,145,193,1106,0.481,0.483,0,0.481,0.81,0.532,vinceja01
Sam Vincent,22,BOS,NBA,1985-86,57,0,432,59,162,58,158,1,4,65,70,11,37,48,69,17,4,49,59,184,0.364,0.367,0.25,0.367,0.929,0.477,vincesa01
Danny Vranes,27,SEA,NBA,1985-86,80,19,1569,131,284,131,280,0,4,39,75,115,166,281,68,63,31,58,218,301,0.461,0.468,0,0.461,0.52,0.475,vraneda01
Granville Waiters,25,HOU,NBA,1985-86,43,0,156,13,39,13,38,0,1,1,6,15,13,28,8,4,10,11,30,27,0.333,0.342,0,0.333,0.167,0.324,waitegr01
Darrell Walker,24,NYK,NBA,1985-86,81,35,2023,324,753,324,743,0,10,190,277,100,120,220,337,146,36,192,216,838,0.43,0.436,0,0.43,0.686,0.479,walkeda01
Bill Walton,33,BOS,NBA,1985-86,80,2,1546,231,411,231,411,0,0,144,202,136,408,544,165,38,106,151,210,606,0.562,0.562,,0.562,0.713,0.606,waltobi01
Bryan Warrick,26,TOT,NBA,1985-86,36,5,685,85,182,82,170,3,12,54,68,10,59,69,115,27,2,53,79,227,0.467,0.482,0.25,0.475,0.794,0.536,warribr01
Spud Webb,22,ATL,NBA,1985-86,79,8,1229,199,412,197,401,2,11,216,275,27,96,123,337,82,5,159,164,616,0.483,0.491,0.182,0.485,0.785,0.578,webbsp01
Scott Wedman,33,BOS,NBA,1985-86,79,19,1402,286,605,269,557,17,48,45,68,66,126,192,83,38,22,54,127,634,0.473,0.483,0.354,0.487,0.662,0.499,wedmasc01
Bill Wennington,22,DAL,NBA,1985-86,56,3,562,72,153,72,149,0,4,45,62,32,100,132,21,11,22,21,83,189,0.471,0.483,0,0.471,0.726,0.524,wennibi01
Mark West,25,CLE,NBA,1985-86,67,26,1172,113,209,113,209,0,0,54,103,97,225,322,20,27,62,91,235,280,0.541,0.541,,0.541,0.524,0.55,westma01
Ennis Whatley,23,TOT,NBA,1985-86,14,1,107,15,35,15,35,0,0,5,10,4,10,14,23,5,1,10,10,35,0.429,0.429,,0.429,0.5,0.444,whatlen01
Rory White,26,LAC,NBA,1985-86,75,30,1761,355,684,354,675,1,9,164,222,82,99,181,74,74,8,95,161,875,0.519,0.524,0.111,0.52,0.739,0.56,whitero01
Willie White,23,DEN,NBA,1985-86,43,4,343,74,168,68,147,6,21,19,23,17,27,44,53,18,2,25,24,173,0.44,0.463,0.286,0.458,0.826,0.486,whitewi01
Jerome Whitehead,29,GSW,NBA,1985-86,81,3,1079,126,294,126,294,0,0,60,97,94,234,328,19,18,19,64,176,312,0.429,0.429,,0.429,0.619,0.463,whiteje01
Mitchell Wiggins,26,HOU,NBA,1985-86,78,0,1198,222,489,221,477,1,12,86,118,87,72,159,101,59,5,62,155,531,0.454,0.463,0.083,0.455,0.729,0.491,wiggimi01
Jamaal Wilkes,32,LAC,NBA,1985-86,13,1,195,26,65,25,62,1,3,22,27,13,16,29,15,7,2,16,19,75,0.4,0.403,0.333,0.408,0.815,0.488,wilkeja01
Dominique Wilkins,26,ATL,NBA,1985-86,78,78,3049,888,1897,875,1827,13,70,577,705,261,357,618,206,138,49,251,170,2366,0.468,0.479,0.186,0.472,0.818,0.536,wilkido01
Gerald Wilkins,22,NYK,NBA,1985-86,81,53,2025,437,934,430,909,7,25,132,237,92,116,208,161,68,9,157,155,1013,0.468,0.473,0.28,0.472,0.557,0.488,wilkige01
Jeff Wilkins,30,TOT,NBA,1985-86,75,4,1126,147,374,147,374,0,0,58,93,74,198,272,46,11,21,52,157,352,0.393,0.393,,0.393,0.624,0.424,wilkije01
Buck Williams,25,NJN,NBA,1985-86,82,82,3070,500,956,500,954,0,2,301,445,329,657,986,131,73,96,244,294,1301,0.523,0.524,0,0.523,0.676,0.565,willibu01
Freeman Williams,29,WSB,NBA,1985-86,9,0,110,25,67,18,53,7,14,12,17,4,8,12,7,7,1,13,10,69,0.373,0.34,0.5,0.425,0.706,0.463,willifr01
Gus Williams,32,WSB,NBA,1985-86,77,67,2284,434,1013,404,897,30,116,138,188,52,114,166,453,96,15,160,113,1036,0.428,0.45,0.259,0.443,0.734,0.473,willigu01
Guy Williams,25,GSW,NBA,1985-86,5,0,25,2,5,2,5,0,0,3,6,0,6,6,0,1,2,0,7,7,0.4,0.4,,0.4,0.5,0.458,willigu02
Herb Williams,27,IND,NBA,1985-86,78,74,2770,627,1275,626,1263,1,12,294,403,172,538,710,174,50,184,210,244,1549,0.492,0.496,0.083,0.492,0.73,0.533,willihe01
Pete Williams,20,DEN,NBA,1985-86,53,11,573,67,111,67,111,0,0,17,40,47,99,146,14,19,23,19,68,151,0.604,0.604,,0.604,0.425,0.587,willipe01
Ray Williams,31,TOT,NBA,1985-86,47,21,827,117,306,111,287,6,19,115,126,35,51,86,187,61,4,101,124,355,0.382,0.387,0.316,0.392,0.913,0.491,willira01
Sly Williams,28,BOS,NBA,1985-86,6,0,54,5,21,5,17,0,4,7,12,7,8,15,2,1,1,7,15,17,0.238,0.294,0,0.238,0.583,0.323,willisl01
Kevin Willis,23,ATL,NBA,1985-86,82,59,2300,419,811,419,805,0,6,172,263,243,461,704,45,66,44,177,294,1010,0.517,0.52,0,0.517,0.654,0.545,willike02
Voise Winters,23,PHI,NBA,1985-86,4,0,17,3,13,3,12,0,1,0,0,1,2,3,0,1,0,2,1,6,0.231,0.25,0,0.231,,0.231,wintevo01
Randy Wittman,26,ATL,NBA,1985-86,81,79,2760,467,881,462,865,5,16,104,135,51,119,170,306,81,14,114,118,1043,0.53,0.534,0.313,0.533,0.77,0.555,wittmra01
Al Wood,27,SEA,NBA,1985-86,78,34,1749,355,817,350,780,5,37,187,239,80,164,244,114,57,19,107,171,902,0.435,0.449,0.135,0.438,0.782,0.489,woodal01
Leon Wood,23,TOT,NBA,1985-86,68,1,1198,184,466,143,352,41,114,123,155,25,65,90,182,34,0,74,70,532,0.395,0.406,0.36,0.439,0.794,0.498,woodle01
Mike Woodson,27,SAC,NBA,1985-86,81,51,2417,510,1073,508,1060,2,13,242,289,94,132,226,197,92,37,145,215,1264,0.475,0.479,0.154,0.476,0.837,0.527,woodsmi01
Orlando Woolridge,26,CHI,NBA,1985-86,70,59,2248,540,1090,536,1067,4,23,364,462,150,200,350,213,49,47,174,186,1448,0.495,0.502,0.174,0.497,0.788,0.56,woolror01
James Worthy,24,LAL,NBA,1985-86,75,73,2454,629,1086,629,1073,0,13,242,314,136,251,387,201,82,77,149,195,1500,0.579,0.586,0,0.579,0.771,0.613,worthja01
Danny Young,23,SEA,NBA,1985-86,82,29,1901,227,449,203,375,24,74,90,106,29,91,120,303,110,9,92,113,568,0.506,0.541,0.324,0.532,0.849,0.573,youngda01
Michael Young,25,PHI,NBA,1985-86,2,0,2,0,2,0,2,0,0,0,0,0,0,0,0,0,0,0,0,0,0,0,,0,,0,youngmi01
Kareem Abdul-Jabbar,39,LAL,NBA,1986-87,78,78,2441,560,993,559,990,1,3,245,343,152,371,523,203,49,97,186,245,1366,0.564,0.565,0.333,0.564,0.714,0.597,abdulka01
Alvan Adams,32,PHO,NBA,1986-87,68,40,1690,311,618,311,617,0,1,134,170,91,247,338,223,62,37,139,207,756,0.503,0.504,0,0.503,0.788,0.546,adamsal01
Michael Adams,24,WSB,NBA,1986-87,63,0,1303,160,393,132,291,28,102,105,124,38,85,123,244,85,6,81,88,453,0.407,0.454,0.275,0.443,0.847,0.506,adamsmi01
Rafael Addison,22,PHO,NBA,1986-87,62,12,711,146,331,130,281,16,50,51,64,41,65,106,45,27,7,54,75,359,0.441,0.463,0.32,0.465,0.797,0.5,addisra01
Mark Aguirre,27,DAL,NBA,1986-87,80,80,2663,787,1590,734,1440,53,150,429,557,181,246,427,254,84,30,217,243,2056,0.495,0.51,0.353,0.512,0.77,0.56,aguirma01
Danny Ainge,27,BOS,NBA,1986-87,71,66,2499,410,844,325,652,85,192,148,165,49,193,242,400,101,14,141,189,1053,0.486,0.498,0.443,0.536,0.897,0.574,aingeda01
Mark Alarie,23,DEN,NBA,1986-87,64,25,1110,217,443,215,434,2,9,67,101,73,141,214,74,22,28,56,138,503,0.49,0.495,0.222,0.492,0.663,0.516,alarima01
Richard Anderson,26,HOU,NBA,1986-87,51,0,312,59,139,55,123,4,16,22,29,24,55,79,33,7,3,19,37,144,0.424,0.447,0.25,0.439,0.759,0.474,anderri01
Ron Anderson,28,IND,NBA,1986-87,63,0,721,139,294,139,289,0,5,85,108,73,78,151,54,31,3,55,65,363,0.473,0.481,0,0.473,0.787,0.531,anderro01
John Bagley,26,CLE,NBA,1986-87,72,67,2182,312,732,281,629,31,103,113,136,55,197,252,379,91,7,163,114,768,0.426,0.447,0.301,0.447,0.831,0.485,baglejo01
James Bailey,29,NJN,NBA,1986-87,34,2,542,112,239,112,239,0,0,58,80,48,89,137,20,12,23,54,119,282,0.469,0.469,,0.469,0.725,0.514,baileja01
Thurl Bailey,25,UTA,NBA,1986-87,81,2,2155,463,1036,463,1034,0,2,190,236,145,287,432,102,38,88,123,150,1116,0.447,0.448,0,0.447,0.805,0.49,baileth01
Greg Ballard,32,GSW,NBA,1986-87,82,7,1579,248,564,233,524,15,40,68,91,99,241,340,108,50,15,70,167,579,0.44,0.445,0.375,0.453,0.747,0.479,ballagr01
Gene Banks,27,CHI,NBA,1986-87,63,39,1822,249,462,249,457,0,5,112,146,115,193,308,170,52,17,113,173,610,0.539,0.545,0,0.539,0.767,0.58,banksge01
Charles Barkley,23,PHI,NBA,1986-87,68,62,2740,557,937,536,833,21,104,429,564,390,604,994,331,119,104,322,252,1564,0.594,0.643,0.202,0.606,0.761,0.66,barklch01
John Battle,24,ATL,NBA,1986-87,64,8,804,144,315,144,305,0,10,93,126,16,44,60,124,29,5,60,76,381,0.457,0.472,0,0.457,0.738,0.514,battljo01
William Bedford,23,PHO,NBA,1986-87,50,18,979,142,358,142,357,0,1,50,86,79,167,246,57,18,37,85,125,334,0.397,0.398,0,0.397,0.581,0.422,bedfowi01
Benoit Benjamin,22,LAC,NBA,1986-87,72,61,2230,320,713,320,711,0,2,188,263,134,452,586,135,60,187,184,251,828,0.449,0.45,0,0.449,0.715,0.5,benjabe01
Kent Benson,32,UTA,NBA,1986-87,73,2,895,140,316,138,309,2,7,47,58,80,151,231,39,39,28,45,138,329,0.443,0.447,0.286,0.446,0.81,0.482,bensoke01
Walter Berry,22,TOT,NBA,1986-87,63,45,1586,407,766,407,763,0,3,187,288,136,173,309,105,38,40,153,196,1001,0.531,0.533,0,0.531,0.649,0.561,berrywa01
Joe Binion,25,POR,NBA,1986-87,11,0,51,4,10,4,10,0,0,6,10,8,10,18,1,2,2,3,5,14,0.4,0.4,,0.4,0.6,0.486,biniojo01
Larry Bird,30,BOS,NBA,1986-87,74,73,3005,786,1497,696,1272,90,225,414,455,124,558,682,566,135,70,240,185,2076,0.525,0.547,0.4,0.555,0.91,0.612,birdla01
Otis Birdsong,31,NJN,NBA,1986-87,7,6,127,19,42,19,41,0,1,6,9,3,4,7,17,3,0,9,16,44,0.452,0.463,0,0.452,0.667,0.479,birdsot01
Uwe Blab,24,DAL,NBA,1986-87,30,0,160,20,51,20,51,0,0,13,28,11,25,36,13,4,9,15,33,53,0.392,0.392,,0.392,0.464,0.419,blabuw01
Rolando Blackman,27,DAL,NBA,1986-87,80,80,2758,626,1264,621,1249,5,15,419,474,96,182,278,266,64,21,174,142,1676,0.495,0.497,0.333,0.497,0.884,0.569,blackro01
Manute Bol,24,WSB,NBA,1986-87,82,12,1552,103,231,103,230,0,1,45,67,84,278,362,11,20,302,61,189,251,0.446,0.448,0,0.446,0.672,0.482,bolma01
Sam Bowie,25,POR,NBA,1986-87,5,5,163,30,66,30,66,0,0,20,30,14,19,33,9,1,10,15,19,80,0.455,0.455,,0.455,0.667,0.505,bowiesa01
Dudley Bradley,29,MIL,NBA,1986-87,68,2,900,76,213,63,163,13,50,47,58,31,71,102,66,105,8,34,118,212,0.357,0.387,0.26,0.387,0.81,0.444,bradldu01
Adrian Branch,23,LAL,NBA,1986-87,32,0,219,48,96,48,94,0,2,42,54,23,30,53,16,16,3,24,39,138,0.5,0.511,0,0.5,0.778,0.576,brancad01
Randy Breuer,26,MIL,NBA,1986-87,76,10,1467,241,497,241,497,0,0,118,202,129,221,350,47,56,61,100,229,600,0.485,0.485,,0.485,0.584,0.512,breuera01
Frank Brickowski,27,TOT,NBA,1986-87,44,0,487,63,124,63,120,0,4,50,70,48,68,116,17,20,6,32,118,176,0.508,0.525,0,0.508,0.714,0.568,brickfr01
Junior Bridgeman,33,MIL,NBA,1986-87,34,4,418,79,171,78,165,1,6,16,20,14,38,52,35,10,2,15,50,175,0.462,0.473,0.167,0.465,0.8,0.487,bridgju01
Mike Brittain,23,SAS,NBA,1986-87,6,0,29,4,9,4,9,0,0,1,2,2,2,4,2,1,0,2,3,9,0.444,0.444,,0.444,0.5,0.455,brittmi01
Michael Brooks,28,IND,NBA,1986-87,10,0,148,13,37,13,37,0,0,7,10,9,19,28,11,9,0,11,19,33,0.351,0.351,,0.351,0.7,0.399,brookmi01
Mike Brown,23,CHI,NBA,1986-87,62,3,818,106,201,106,201,0,0,46,72,71,143,214,24,20,7,59,129,258,0.527,0.527,,0.527,0.639,0.554,brownmi01
Tony Brown,26,NJN,NBA,1986-87,77,67,2339,358,810,353,790,5,20,152,206,84,135,219,259,89,14,153,273,873,0.442,0.447,0.25,0.445,0.738,0.485,brownto01
Michael Cage,25,LAC,NBA,1986-87,80,76,2922,457,878,457,875,0,3,341,467,354,568,922,131,99,67,171,221,1255,0.521,0.522,0,0.521,0.73,0.579,cagemi01
Tony Campbell,24,DET,NBA,1986-87,40,0,332,57,145,57,142,0,3,24,39,21,37,58,19,12,1,34,40,138,0.393,0.401,0,0.393,0.615,0.426,campbto01
Rick Carlisle,27,BOS,NBA,1986-87,42,0,297,30,92,25,76,5,16,15,20,8,22,30,35,8,0,25,28,80,0.326,0.329,0.313,0.353,0.75,0.397,carliri01
Antoine Carr,25,ATL,NBA,1986-87,65,2,695,134,265,133,262,1,3,73,103,60,96,156,34,14,48,40,146,342,0.506,0.508,0.333,0.508,0.709,0.551,carran01
Kenny Carr,31,POR,NBA,1986-87,49,43,1443,201,399,201,397,0,2,126,169,131,368,499,83,29,13,103,159,528,0.504,0.506,0,0.504,0.746,0.558,carrke01
Joe Barry Carroll,28,GSW,NBA,1986-87,81,81,2724,690,1461,690,1461,0,0,340,432,173,416,589,214,92,123,226,255,1720,0.472,0.472,,0.472,0.787,0.521,carrojo01
Bill Cartwright,29,NYK,NBA,1986-87,58,50,1989,335,631,335,631,0,0,346,438,132,313,445,96,40,26,128,188,1016,0.531,0.531,,0.531,0.79,0.617,cartwbi01
Terry Catledge,23,WSB,NBA,1986-87,78,77,2149,413,835,413,831,0,4,199,335,248,312,560,56,43,14,145,195,1025,0.495,0.497,0,0.495,0.594,0.522,catlete01
Tom Chambers,27,SEA,NBA,1986-87,82,82,3018,660,1446,606,1301,54,145,535,630,163,382,545,245,81,50,268,307,1909,0.456,0.466,0.372,0.475,0.849,0.554,chambto01
Maurice Cheeks,30,PHI,NBA,1986-87,68,68,2624,415,788,411,771,4,17,227,292,47,168,215,538,180,15,173,109,1061,0.527,0.533,0.235,0.529,0.777,0.579,cheekma01
Fred Cofield,25,CHI,NBA,1986-87,5,0,27,2,11,2,10,0,1,0,0,1,4,5,4,2,0,1,1,4,0.182,0.2,0,0.182,,0.182,cofiefr01
Ben Coleman,25,NJN,NBA,1986-87,68,7,1029,182,313,182,312,0,1,88,121,99,189,288,37,32,31,94,200,452,0.581,0.583,0,0.581,0.727,0.617,colembe01
Don Collins,28,MIL,NBA,1986-87,6,0,57,10,28,10,28,0,0,5,7,11,4,15,2,2,1,5,11,25,0.357,0.357,,0.357,0.714,0.402,collido02
Steve Colter,24,TOT,NBA,1986-87,70,31,1322,169,397,165,380,4,17,82,107,23,85,108,210,56,12,70,99,424,0.426,0.434,0.235,0.431,0.766,0.477,coltest01
Darwin Cook,28,WSB,NBA,1986-87,82,2,1420,265,622,263,599,2,23,82,103,46,99,145,151,98,17,96,136,614,0.426,0.439,0.087,0.428,0.796,0.46,cookda01
Michael Cooper,30,LAL,NBA,1986-87,82,2,2253,322,736,233,505,89,231,126,148,58,196,254,373,78,43,102,199,859,0.438,0.461,0.385,0.498,0.851,0.536,coopemi01
Wayne Cooper,30,DEN,NBA,1986-87,69,64,1561,235,524,235,521,0,3,79,109,162,311,473,68,13,101,78,257,549,0.448,0.451,0,0.448,0.725,0.48,coopewa01
Tyrone Corbin,24,TOT,NBA,1986-87,63,15,1170,156,381,155,377,1,4,91,124,88,127,215,97,55,5,66,129,404,0.409,0.411,0.25,0.411,0.734,0.464,corbity01
Dave Corzine,30,CHI,NBA,1986-87,82,39,2287,294,619,294,614,0,5,95,129,199,341,540,209,38,87,114,202,683,0.475,0.479,0,0.475,0.736,0.505,corzida01
Pat Cummings,30,NYK,NBA,1986-87,49,11,1056,172,382,172,382,0,0,79,110,123,189,312,38,26,7,85,145,423,0.45,0.45,,0.45,0.718,0.491,cummipa01
Terry Cummings,25,MIL,NBA,1986-87,82,77,2770,729,1426,729,1423,0,3,249,376,214,486,700,229,129,81,172,296,1707,0.511,0.512,0,0.511,0.662,0.536,cummite01
Earl Cureton,29,TOT,NBA,1986-87,78,47,1973,243,510,243,508,0,2,82,152,212,240,452,122,33,56,80,188,568,0.476,0.478,0,0.476,0.539,0.492,curetea01
Dell Curry,22,UTA,NBA,1986-87,67,0,636,139,326,122,266,17,60,30,38,30,48,78,58,27,4,44,86,325,0.426,0.459,0.283,0.452,0.789,0.474,curryde01
Quintin Dailey,26,LAC,NBA,1986-87,49,5,924,200,491,199,481,1,10,119,155,34,49,83,79,43,8,71,113,520,0.407,0.414,0.1,0.408,0.768,0.465,dailequ01
Adrian Dantley,30,DET,NBA,1986-87,81,81,2736,601,1126,600,1120,1,6,539,664,104,228,332,162,63,7,181,193,1742,0.534,0.536,0.167,0.534,0.812,0.614,dantlad01
Brad Daugherty,21,CLE,NBA,1986-87,80,80,2695,487,905,487,905,0,0,279,401,152,495,647,304,49,63,248,248,1253,0.538,0.538,,0.538,0.696,0.579,daughbr01
Brad Davis,31,DAL,NBA,1986-87,82,6,1582,199,436,167,330,32,106,147,171,27,87,114,373,63,10,114,159,577,0.456,0.506,0.302,0.493,0.86,0.564,davisbr01
Walter Davis,32,PHO,NBA,1986-87,79,79,2646,779,1515,758,1434,21,81,288,334,90,154,244,364,96,5,226,184,1867,0.514,0.529,0.259,0.521,0.862,0.562,daviswa03
Darryl Dawkins,30,NJN,NBA,1986-87,6,2,106,20,32,20,32,0,0,17,24,9,10,19,2,2,3,15,25,57,0.625,0.625,,0.625,0.708,0.67,dawkida01
Johnny Dawkins,23,SAS,NBA,1986-87,81,14,1682,334,764,320,717,14,47,153,191,56,113,169,290,67,3,120,118,835,0.437,0.446,0.298,0.446,0.801,0.492,dawkijo01
Darren Daye,26,TOT,NBA,1986-87,62,2,731,101,202,101,202,0,0,34,65,37,88,125,76,25,7,57,100,236,0.5,0.5,,0.5,0.523,0.512,dayeda01
James Donaldson,29,DAL,NBA,1986-87,82,82,3028,311,531,311,531,0,0,267,329,295,678,973,63,51,136,104,191,889,0.586,0.586,,0.586,0.812,0.658,donalja01
Bruce Douglas,22,SAC,NBA,1986-87,8,1,98,7,24,7,23,0,1,0,4,5,9,14,17,9,0,9,9,14,0.292,0.304,0,0.292,0,0.272,douglbr01
Greg Dreiling,24,IND,NBA,1986-87,24,0,128,16,37,16,37,0,0,10,12,12,31,43,7,2,2,7,42,42,0.432,0.432,,0.432,0.833,0.497,dreilgr01
Larry Drew,28,LAC,NBA,1986-87,60,22,1566,295,683,283,611,12,72,139,166,26,77,103,326,60,2,151,107,741,0.432,0.463,0.167,0.441,0.837,0.49,drewla01
Clyde Drexler,24,POR,NBA,1986-87,82,82,3114,707,1408,696,1361,11,47,357,470,227,291,518,566,204,71,253,281,1782,0.502,0.511,0.234,0.506,0.76,0.552,drexlcl01
Kevin Duckworth,22,TOT,NBA,1986-87,65,1,875,130,273,130,272,0,1,92,134,76,147,223,29,21,21,78,192,352,0.476,0.478,0,0.476,0.687,0.53,duckwke01
Joe Dumars,23,DET,NBA,1986-87,79,75,2439,369,749,360,727,9,22,184,246,50,117,167,352,83,5,171,194,931,0.493,0.495,0.409,0.499,0.748,0.543,dumarjo01
T.R. Dunn,31,DEN,NBA,1986-87,81,53,1932,118,276,118,274,0,2,36,55,91,174,265,147,100,21,33,160,272,0.428,0.431,0,0.428,0.655,0.453,dunntr01
Mark Eaton,30,UTA,NBA,1986-87,79,79,2505,234,585,234,585,0,0,140,213,211,486,697,105,43,321,142,273,608,0.4,0.4,,0.4,0.657,0.448,eatonma01
Jerry Eaves,27,SAC,NBA,1986-87,3,0,26,1,8,1,8,0,0,2,2,1,0,1,0,1,0,2,6,4,0.125,0.125,,0.125,1,0.225,eavesje01
Franklin Edwards,27,SAC,NBA,1986-87,8,0,122,9,32,9,28,0,4,10,14,2,8,10,29,5,0,17,7,28,0.281,0.321,0,0.281,0.714,0.367,edwarfr01
James Edwards,31,PHO,NBA,1986-87,14,9,304,57,110,57,110,0,0,54,70,20,40,60,19,6,7,15,42,168,0.518,0.518,,0.518,0.771,0.597,edwarja01
Craig Ehlo,25,CLE,NBA,1986-87,44,15,890,99,239,94,210,5,29,70,99,55,106,161,92,40,30,61,80,273,0.414,0.448,0.172,0.425,0.707,0.483,ehlocr01
Dale Ellis,26,SEA,NBA,1986-87,82,76,3073,785,1520,699,1280,86,240,385,489,187,260,447,238,104,32,238,267,2041,0.516,0.546,0.358,0.545,0.787,0.588,ellisda01
Chris Engler,27,TOT,NBA,1986-87,30,0,195,23,51,23,51,0,0,12,16,23,34,57,8,5,11,12,33,58,0.451,0.451,,0.451,0.75,0.5,englech01
Alex English,33,DEN,NBA,1986-87,82,82,3085,965,1920,961,1905,4,15,411,487,146,198,344,422,73,21,214,216,2345,0.503,0.504,0.267,0.504,0.844,0.549,englial01
Julius Erving,36,PHI,NBA,1986-87,60,60,1918,400,850,386,797,14,53,191,235,115,149,264,191,76,94,158,137,1005,0.471,0.484,0.264,0.479,0.813,0.527,ervinju01
Mike Evans,31,DEN,NBA,1986-87,81,4,1567,334,729,281,560,53,169,96,123,36,92,128,185,79,12,107,149,817,0.458,0.502,0.314,0.495,0.78,0.522,evansmi01
Patrick Ewing,24,NYK,NBA,1986-87,63,63,2206,530,1053,530,1046,0,7,296,415,157,398,555,104,89,147,229,248,1356,0.503,0.507,0,0.503,0.713,0.549,ewingpa01
Dave Feitl,24,HOU,NBA,1986-87,62,1,498,88,202,88,201,0,1,53,71,39,78,117,22,9,4,38,83,229,0.436,0.438,0,0.436,0.746,0.491,feitlda01
Kenny Fields,24,TOT,NBA,1986-87,48,17,883,159,352,156,340,3,12,73,94,63,85,148,61,32,11,53,123,394,0.452,0.459,0.25,0.456,0.777,0.501,fieldke01
Vern Fleming,24,IND,NBA,1986-87,82,82,2549,370,727,368,717,2,10,238,302,109,225,334,473,109,18,167,222,980,0.509,0.513,0.2,0.51,0.788,0.57,flemive01
Sleepy Floyd,26,GSW,NBA,1986-87,82,82,3064,503,1030,430,840,73,190,462,537,56,212,268,848,146,18,280,199,1541,0.488,0.512,0.384,0.524,0.86,0.608,floydsl01
World B. Free,33,PHI,NBA,1986-87,20,2,285,39,123,37,114,2,9,36,47,5,14,19,30,5,4,18,26,116,0.317,0.325,0.222,0.325,0.766,0.404,freewo01
Kenny Gattison,22,PHO,NBA,1986-87,77,14,1104,148,311,148,308,0,3,108,171,87,183,270,36,24,33,88,178,404,0.476,0.481,0,0.476,0.632,0.523,gattike01
Artis Gilmore,37,SAS,NBA,1986-87,82,74,2405,346,580,346,580,0,0,242,356,185,394,579,150,39,95,178,235,934,0.597,0.597,,0.597,0.68,0.634,gilmoar01
Mike Glenn,31,MIL,NBA,1986-87,4,0,34,5,13,5,13,0,0,5,7,0,2,2,1,1,0,0,3,15,0.385,0.385,,0.385,0.714,0.466,glennmi01
Mike Gminski,27,NJN,NBA,1986-87,72,66,2272,433,947,433,947,0,0,313,370,192,438,630,99,52,69,129,159,1179,0.457,0.457,,0.457,0.846,0.531,gminsmi01
Grant Gondrezick,24,PHO,NBA,1986-87,64,1,836,135,300,131,283,4,17,75,107,47,63,110,81,25,4,56,91,349,0.45,0.463,0.235,0.457,0.701,0.503,gondrgr01
Lancaster Gordon,24,LAC,NBA,1986-87,70,4,1130,221,545,207,497,14,48,70,95,64,62,126,139,61,13,102,106,526,0.406,0.416,0.292,0.418,0.737,0.448,gordola01
Stewart Granger,25,NYK,NBA,1986-87,15,0,166,20,54,20,51,0,3,9,11,6,11,17,27,7,1,22,17,49,0.37,0.392,0,0.37,0.818,0.416,grangst01
Stuart Gray,23,IND,NBA,1986-87,55,1,456,41,101,41,101,0,0,28,39,39,90,129,26,10,28,36,93,110,0.406,0.406,,0.406,0.718,0.465,grayst01
A.C. Green,23,LAL,NBA,1986-87,79,72,2240,316,587,316,582,0,5,220,282,210,405,615,84,70,80,102,171,852,0.538,0.543,0,0.538,0.78,0.599,greenac01
Kenny Green,22,PHI,NBA,1986-87,19,0,172,25,70,25,70,0,0,14,19,6,22,28,7,4,2,15,8,64,0.357,0.357,,0.357,0.737,0.408,greenke02
Rickey Green,32,UTA,NBA,1986-87,81,80,2090,301,644,294,625,7,19,172,208,38,125,163,541,110,2,133,108,781,0.467,0.47,0.368,0.473,0.827,0.531,greenri01
Sidney Green,26,DET,NBA,1986-87,80,69,1792,256,542,256,540,0,2,119,177,196,457,653,62,41,50,127,197,631,0.472,0.474,0,0.472,0.672,0.509,greensi02
Dave Greenwood,29,SAS,NBA,1986-87,79,78,2587,336,655,333,649,3,6,241,307,256,527,783,237,71,50,161,248,916,0.513,0.513,0.5,0.515,0.785,0.58,greenda01
Darrell Griffith,28,UTA,NBA,1986-87,76,10,1843,463,1038,396,838,67,200,149,212,81,146,227,129,97,29,135,167,1142,0.446,0.473,0.335,0.478,0.703,0.505,griffda01
Bob Hansen,26,UTA,NBA,1986-87,72,72,1453,272,601,256,556,16,45,136,179,84,119,203,102,44,6,77,146,696,0.453,0.46,0.356,0.466,0.76,0.512,hansebo01
Bill Hanzlik,29,DEN,NBA,1986-87,73,10,1990,307,746,285,666,22,80,316,402,79,177,256,280,87,28,132,245,952,0.412,0.428,0.275,0.426,0.786,0.516,hanzlbi01
Derek Harper,25,DAL,NBA,1986-87,77,76,2556,497,993,421,781,76,212,160,234,51,148,199,609,167,25,138,195,1230,0.501,0.539,0.358,0.539,0.684,0.561,harpede01
Ron Harper,23,CLE,NBA,1986-87,82,82,3064,734,1614,714,1520,20,94,386,564,169,223,392,394,209,84,345,247,1874,0.455,0.47,0.213,0.461,0.684,0.503,harpero01
Steve Harris,23,HOU,NBA,1986-87,74,3,1174,251,599,251,591,0,8,111,130,71,99,170,100,37,16,74,111,613,0.419,0.425,0,0.419,0.854,0.467,harrist01
Scott Hastings,26,ATL,NBA,1986-87,40,0,256,23,68,21,56,2,12,23,29,16,54,70,13,10,7,13,35,71,0.338,0.375,0.167,0.353,0.793,0.44,hastisc01
Cedric Henderson,21,TOT,NBA,1986-87,8,0,16,4,8,4,8,0,0,3,3,3,5,8,0,0,0,4,2,11,0.5,0.5,,0.5,1,0.59,hendece01
Gerald Henderson,31,TOT,NBA,1986-87,74,59,2045,298,674,279,597,19,77,190,230,50,125,175,471,101,11,172,208,805,0.442,0.467,0.247,0.456,0.826,0.519,hendege01
Jerome Henderson,27,MIL,NBA,1986-87,6,0,36,4,13,4,13,0,0,4,4,2,5,7,0,1,1,6,12,12,0.308,0.308,,0.308,1,0.407,hendeje01
Kevin Henderson,22,GSW,NBA,1986-87,5,0,45,3,8,3,8,0,0,2,2,1,2,3,11,1,0,4,9,8,0.375,0.375,,0.375,1,0.45,hendeke01
Conner Henry,23,TOT,NBA,1986-87,54,0,323,46,136,33,94,13,42,17,27,7,27,34,35,9,1,26,34,122,0.338,0.351,0.31,0.386,0.63,0.412,henryco01
Rod Higgins,27,GSW,NBA,1986-87,73,28,1497,214,412,211,395,3,17,200,240,72,165,237,96,40,21,76,145,631,0.519,0.534,0.176,0.523,0.833,0.61,higgiro01
Roy Hinson,25,PHI,NBA,1986-87,76,58,2489,393,823,393,822,0,1,273,360,150,338,488,60,45,161,149,281,1059,0.478,0.478,0,0.478,0.758,0.54,hinsoro01
Craig Hodges,26,MIL,NBA,1986-87,78,43,2147,315,682,230,454,85,228,131,147,48,92,140,240,76,7,124,189,846,0.462,0.507,0.373,0.524,0.891,0.567,hodgecr01
Mike Holton,25,POR,NBA,1986-87,58,1,479,70,171,63,148,7,23,44,55,9,29,38,73,16,2,41,51,191,0.409,0.426,0.304,0.43,0.8,0.489,holtomi01
Jeff Hornacek,23,PHO,NBA,1986-87,80,3,1561,159,350,147,307,12,43,94,121,41,143,184,361,70,5,153,130,424,0.454,0.479,0.279,0.471,0.777,0.526,hornaje01
Phil Hubbard,30,CLE,NBA,1986-87,68,68,2083,321,605,321,601,0,4,162,272,178,210,388,136,66,7,156,224,804,0.531,0.534,0,0.531,0.596,0.555,hubbaph01
Jay Humphries,24,PHO,NBA,1986-87,82,82,2579,359,753,354,726,5,27,200,260,62,198,260,632,112,9,195,239,923,0.477,0.488,0.185,0.48,0.769,0.532,humphja01
Geoff Huston,29,LAC,NBA,1986-87,19,8,428,55,121,54,119,1,2,18,34,6,11,17,101,14,0,45,28,129,0.455,0.454,0.5,0.459,0.529,0.474,hustoge01
Marc Iavaroni,30,UTA,NBA,1986-87,78,0,845,100,215,100,211,0,4,78,116,64,109,173,36,16,11,56,154,278,0.465,0.474,0,0.465,0.672,0.522,iavarma01
Myron Jackson,22,DAL,NBA,1986-87,8,0,22,2,9,2,9,0,0,7,8,1,2,3,6,1,0,5,1,11,0.222,0.222,,0.222,0.875,0.439,jacksmy01
Buck Johnson,23,HOU,NBA,1986-87,60,3,520,94,201,94,200,0,1,40,58,38,50,88,40,17,15,37,81,228,0.468,0.47,0,0.468,0.69,0.503,johnsbu01
Clemon Johnson,30,SEA,NBA,1986-87,78,7,1051,88,178,88,176,0,2,70,110,106,171,277,21,21,42,36,137,246,0.494,0.5,0,0.494,0.636,0.543,johnscl01
Dennis Johnson,32,BOS,NBA,1986-87,79,78,2933,423,953,416,891,7,62,209,251,45,216,261,594,87,38,177,201,1062,0.444,0.467,0.113,0.448,0.833,0.499,johnsde01
Eddie Johnson,27,SAC,NBA,1986-87,81,30,2457,606,1309,569,1191,37,118,267,322,146,207,353,251,42,19,163,218,1516,0.463,0.478,0.314,0.477,0.829,0.523,johnsed03
Eddie Johnson,31,SEA,NBA,1986-87,24,0,508,85,186,80,171,5,15,42,55,11,35,46,115,12,1,41,36,217,0.457,0.468,0.333,0.47,0.764,0.516,johnsed02
Frank Johnson,28,WSB,NBA,1986-87,18,10,399,59,128,59,127,0,1,35,49,10,20,30,58,21,0,31,31,153,0.461,0.465,0,0.461,0.714,0.512,johnsfr01
Magic Johnson,27,LAL,NBA,1986-87,80,80,2904,683,1308,675,1269,8,39,535,631,122,382,504,977,138,36,300,168,1909,0.522,0.532,0.205,0.525,0.848,0.602,johnsma02
Marques Johnson,30,LAC,NBA,1986-87,10,10,302,68,155,68,149,0,6,30,42,9,24,33,28,12,5,17,24,166,0.439,0.456,0,0.439,0.714,0.478,johnsma01
Steffond Johnson,24,LAC,NBA,1986-87,29,0,234,27,64,27,61,0,3,20,38,15,28,43,5,9,2,18,55,74,0.422,0.443,0,0.422,0.526,0.458,johnsst02
Steve Johnson,29,POR,NBA,1986-87,79,74,2345,494,889,494,889,0,0,342,490,194,372,566,155,49,76,276,340,1330,0.556,0.556,,0.556,0.698,0.602,johnsst03
Vinnie Johnson,30,DET,NBA,1986-87,78,8,2166,533,1154,529,1140,4,14,158,201,123,134,257,300,92,16,133,159,1228,0.462,0.464,0.286,0.464,0.786,0.494,johnsvi01
Anthony Jones,24,TOT,NBA,1986-87,65,4,858,133,322,126,302,7,20,50,65,40,64,104,73,42,19,49,79,323,0.413,0.417,0.35,0.424,0.769,0.461,jonesan01
Caldwell Jones,36,POR,NBA,1986-87,78,37,1578,111,224,111,222,0,2,97,124,114,341,455,64,23,77,87,227,319,0.496,0.5,0,0.496,0.782,0.573,jonesca01
Charles Jones,29,WSB,NBA,1986-87,79,64,1609,118,249,118,248,0,1,48,76,144,212,356,80,67,165,77,252,284,0.474,0.476,0,0.474,0.632,0.503,jonesch01
Michael Jordan,23,CHI,NBA,1986-87,82,82,3281,1098,2279,1086,2213,12,66,833,972,166,264,430,377,236,125,272,237,3041,0.482,0.491,0.182,0.484,0.857,0.562,jordami01
Clark Kellogg,25,IND,NBA,1986-87,4,4,60,8,22,7,20,1,2,3,4,7,4,11,6,5,0,4,12,20,0.364,0.35,0.5,0.386,0.75,0.421,kellocl01
Tim Kempton,23,LAC,NBA,1986-87,66,6,936,97,206,97,205,0,1,95,137,70,124,194,53,38,12,49,162,289,0.471,0.473,0,0.471,0.693,0.543,kemptti01
Jerome Kersey,24,POR,NBA,1986-87,82,8,2088,373,733,372,710,1,23,262,364,201,295,496,194,122,77,149,328,1009,0.509,0.524,0.043,0.51,0.72,0.565,kerseje01
Albert King,27,NJN,NBA,1986-87,61,15,1291,244,573,231,541,13,32,81,100,82,132,214,103,34,28,103,177,582,0.426,0.427,0.406,0.437,0.81,0.472,kingal01
Bernard King,30,NYK,NBA,1986-87,6,4,214,52,105,52,105,0,0,32,43,13,19,32,19,2,0,15,14,136,0.495,0.495,,0.495,0.744,0.549,kingbe01
Curtis Kitchen,23,SEA,NBA,1986-87,6,0,31,3,6,3,5,0,1,3,4,4,5,9,1,2,3,0,4,9,0.5,0.6,0,0.5,0.75,0.58,kitchcu01
Greg Kite,25,BOS,NBA,1986-87,74,1,745,47,110,47,109,0,1,29,76,61,108,169,27,17,46,34,148,123,0.427,0.431,0,0.427,0.382,0.429,kitegr01
Joe Kleine,25,SAC,NBA,1986-87,79,31,1658,256,543,256,542,0,1,110,140,173,310,483,71,35,30,90,213,622,0.471,0.472,0,0.471,0.786,0.514,kleinjo01
Jon Koncak,23,ATL,NBA,1986-87,82,19,1684,169,352,169,351,0,1,125,191,153,340,493,31,52,76,92,262,463,0.48,0.481,0,0.48,0.654,0.531,koncajo01
Larry Krystkowiak,22,SAS,NBA,1986-87,68,2,1004,170,373,169,361,1,12,110,148,77,162,239,85,22,12,67,141,451,0.456,0.468,0.083,0.457,0.743,0.515,krystla01
Bill Laimbeer,29,DET,NBA,1986-87,82,82,2854,506,1010,500,989,6,21,245,274,243,712,955,151,72,69,120,283,1263,0.501,0.506,0.286,0.504,0.894,0.559,laimbbi01
Jim Lampley,26,PHI,NBA,1986-87,1,0,16,1,3,1,3,0,0,1,2,1,4,5,0,1,0,1,0,3,0.333,0.333,,0.333,0.5,0.387,lamplji01
Allen Leavell,29,HOU,NBA,1986-87,53,11,1175,147,358,129,301,18,57,100,119,14,47,61,224,53,10,64,126,412,0.411,0.429,0.316,0.436,0.84,0.502,leaveal01
Keith Lee,24,CLE,NBA,1986-87,67,1,870,170,374,170,373,0,1,72,101,93,158,251,69,25,40,85,147,412,0.455,0.456,0,0.455,0.713,0.492,leeke01
Fat Lever,26,DEN,NBA,1986-87,82,82,3054,643,1370,621,1278,22,92,244,312,216,513,729,654,201,34,167,219,1552,0.469,0.486,0.239,0.477,0.782,0.515,leverfa01
Cliff Levingston,26,ATL,NBA,1986-87,82,10,1848,251,496,251,493,0,3,155,212,219,314,533,40,48,68,72,261,657,0.506,0.509,0,0.506,0.731,0.557,levincl01
Alton Lister,28,SEA,NBA,1986-87,75,75,2288,346,687,346,686,0,1,179,265,223,482,705,110,32,180,169,289,871,0.504,0.504,0,0.504,0.675,0.542,listeal01
Lewis Lloyd,27,HOU,NBA,1986-87,32,14,688,165,310,164,303,1,7,65,86,13,35,48,90,19,5,52,69,396,0.532,0.541,0.143,0.534,0.756,0.569,lloydle01
John Long,30,IND,NBA,1986-87,80,68,2265,490,1170,471,1103,19,67,219,246,75,142,217,258,96,8,153,167,1218,0.419,0.427,0.284,0.427,0.89,0.476,longjo01
John Lucas,33,MIL,NBA,1986-87,43,40,1358,285,624,239,498,46,126,137,174,29,96,125,290,71,6,89,82,753,0.457,0.48,0.365,0.494,0.787,0.537,lucasjo01
Maurice Lucas,34,SEA,NBA,1986-87,63,0,1120,175,388,175,383,0,5,150,187,88,219,307,65,34,21,75,171,500,0.451,0.457,0,0.451,0.802,0.532,lucasma01
Kyle Macy,29,IND,NBA,1986-87,76,0,1250,164,341,150,295,14,46,34,41,25,88,113,197,59,7,58,136,376,0.481,0.508,0.304,0.501,0.829,0.524,macyky01
Rick Mahorn,28,DET,NBA,1986-87,63,6,1278,144,322,144,322,0,0,96,117,93,282,375,38,32,50,73,221,384,0.447,0.447,,0.447,0.821,0.514,mahorri01
Jeff Malone,25,WSB,NBA,1986-87,80,79,2763,689,1509,685,1483,4,26,376,425,50,168,218,298,75,13,182,154,1758,0.457,0.462,0.154,0.458,0.885,0.518,malonje01
Karl Malone,23,UTA,NBA,1986-87,82,82,2857,728,1422,728,1415,0,7,323,540,278,577,855,158,104,60,237,323,1779,0.512,0.514,0,0.512,0.598,0.536,malonka01
Moses Malone,31,WSB,NBA,1986-87,73,70,2488,595,1311,595,1300,0,11,570,692,340,484,824,120,59,92,202,139,1760,0.454,0.458,0,0.454,0.824,0.545,malonmo01
Pace Mannion,26,NJN,NBA,1986-87,23,3,284,31,94,28,85,3,9,18,31,10,29,39,45,18,4,23,32,83,0.33,0.329,0.333,0.346,0.581,0.386,mannipa01
Bill Martin,24,NYK,NBA,1986-87,8,0,68,9,25,9,25,0,0,7,8,2,5,7,0,4,2,7,5,25,0.36,0.36,,0.36,0.875,0.438,martibi01
Fernando Martin,24,POR,NBA,1986-87,24,0,146,9,31,9,30,0,1,4,11,8,20,28,9,7,1,20,24,22,0.29,0.3,0,0.29,0.364,0.307,martife01
Maurice Martin,22,DEN,NBA,1986-87,43,0,286,51,135,48,120,3,15,42,66,12,29,41,35,13,6,33,48,147,0.378,0.4,0.2,0.389,0.636,0.448,martima01
Wes Matthews,27,LAL,NBA,1986-87,50,0,532,89,187,88,184,1,3,29,36,13,34,47,100,23,4,51,53,208,0.476,0.478,0.333,0.479,0.806,0.513,matthwe01
Cedric Maxwell,31,TOT,NBA,1986-87,81,31,1968,253,477,253,476,0,1,303,391,175,260,435,197,39,14,136,178,809,0.53,0.532,0,0.53,0.775,0.623,maxwece01
Tim McCormick,24,PHI,NBA,1986-87,81,79,2817,391,718,391,714,0,4,251,349,180,431,611,114,36,64,153,270,1033,0.545,0.548,0,0.545,0.719,0.593,mccorti01
Rodney McCray,25,HOU,NBA,1986-87,81,81,3136,432,783,432,774,0,9,306,393,190,388,578,434,88,53,208,172,1170,0.552,0.558,0,0.552,0.779,0.612,mccraro01
Scooter McCray,26,CLE,NBA,1986-87,24,2,279,30,65,30,65,0,0,20,41,19,39,58,23,9,4,24,28,80,0.462,0.462,,0.462,0.488,0.482,mccrasc01
Xavier McDaniel,23,SEA,NBA,1986-87,82,82,3031,806,1583,803,1569,3,14,275,395,338,367,705,207,115,52,234,300,1890,0.509,0.512,0.214,0.51,0.696,0.538,mcdanxa01
Ben McDonald,24,GSW,NBA,1986-87,63,34,1284,164,360,163,352,1,8,24,38,63,120,183,84,27,8,43,200,353,0.456,0.463,0.125,0.457,0.632,0.469,mcdonbe01
Hank McDowell,27,MIL,NBA,1986-87,7,0,70,8,17,8,17,0,0,6,7,9,10,19,2,2,0,3,14,22,0.471,0.471,,0.471,0.857,0.548,mcdowha01
Mike McGee,27,ATL,NBA,1986-87,76,6,1420,311,677,225,448,86,229,80,137,71,88,159,149,61,2,104,156,788,0.459,0.502,0.376,0.523,0.584,0.534,mcgeemi01
Kevin McHale,29,BOS,NBA,1986-87,77,77,3060,790,1307,790,1303,0,4,428,512,247,516,763,198,38,172,197,240,2008,0.604,0.606,0,0.604,0.836,0.655,mchalke01
Kevin McKenna,28,NJN,NBA,1986-87,56,3,942,153,337,101,213,52,124,43,57,21,56,77,93,54,7,53,141,401,0.454,0.474,0.419,0.531,0.754,0.554,mckenke01
Forrest McKenzie,23,SAS,NBA,1986-87,6,0,42,7,28,6,26,1,2,2,2,2,5,7,1,1,0,3,9,17,0.25,0.231,0.5,0.268,1,0.294,mckenfo01
Nate McMillan,22,SEA,NBA,1986-87,71,50,1972,143,301,143,294,0,7,87,141,101,230,331,583,125,45,155,238,373,0.475,0.486,0,0.475,0.617,0.514,mcmilna01
Mark McNamara,27,PHI,NBA,1986-87,11,1,113,14,30,14,30,0,0,7,19,17,19,36,2,1,0,8,17,35,0.467,0.467,,0.467,0.368,0.456,mcnamma01
Chris McNealy,25,NYK,NBA,1986-87,59,16,972,88,179,88,179,0,0,52,80,74,153,227,46,36,16,64,136,228,0.492,0.492,,0.492,0.65,0.532,mcneach01
Cozell McQueen,25,DET,NBA,1986-87,3,0,7,3,3,3,3,0,0,0,0,3,5,8,0,0,1,0,1,6,1,1,,1,,1,mcqueco01
Dirk Minniefield,26,TOT,NBA,1986-87,74,52,1600,218,482,207,443,11,39,62,90,29,111,140,348,72,7,157,174,509,0.452,0.467,0.282,0.464,0.689,0.488,minnidi01
Mike Mitchell,31,SAS,NBA,1986-87,40,18,922,208,478,207,476,1,2,92,112,38,65,103,38,19,9,51,68,509,0.435,0.435,0.5,0.436,0.821,0.483,mitchmi01
Paul Mokeski,30,MIL,NBA,1986-87,62,3,626,52,129,52,128,0,1,46,64,45,93,138,22,18,13,22,126,150,0.403,0.406,0,0.403,0.719,0.477,mokespa01
Sidney Moncrief,29,MIL,NBA,1986-87,39,30,992,158,324,150,293,8,31,136,162,57,70,127,121,27,10,63,73,460,0.488,0.512,0.258,0.5,0.84,0.582,moncrsi01
Johnny Moore,28,SAS,NBA,1986-87,55,27,1234,198,448,176,369,22,79,56,70,32,68,100,250,83,3,102,97,474,0.442,0.477,0.278,0.467,0.8,0.495,moorejo01
Perry Moss,28,GSW,NBA,1986-87,64,0,698,91,207,90,193,1,14,49,69,29,66,95,90,42,3,57,96,232,0.44,0.466,0.071,0.442,0.71,0.489,mosspe01
Chris Mullin,23,GSW,NBA,1986-87,82,82,2377,477,928,458,865,19,63,269,326,39,142,181,261,98,36,154,217,1242,0.514,0.529,0.302,0.524,0.825,0.58,mullich01
Jay Murphy,24,WSB,NBA,1986-87,21,0,141,31,72,31,72,0,0,9,16,17,22,39,5,3,2,6,21,71,0.431,0.431,,0.431,0.563,0.449,murphja01
Pete Myers,23,CHI,NBA,1986-87,29,0,155,19,52,19,46,0,6,28,43,8,9,17,21,14,2,10,25,66,0.365,0.413,0,0.365,0.651,0.465,myerspe01
Larry Nance,27,PHO,NBA,1986-87,69,67,2569,585,1062,584,1057,1,5,381,493,188,411,599,233,86,148,149,223,1552,0.551,0.553,0.2,0.551,0.773,0.607,nancela01
Calvin Natt,30,DEN,NBA,1986-87,1,1,20,4,10,4,10,0,0,2,2,2,3,5,2,1,0,1,2,10,0.4,0.4,,0.4,1,0.46,nattca01
Ed Nealy,26,SAS,NBA,1986-87,60,7,980,84,192,80,161,4,31,51,69,96,188,284,83,40,11,36,144,223,0.438,0.497,0.129,0.448,0.739,0.501,nealyed01
Chuck Nevitt,27,DET,NBA,1986-87,41,0,267,31,63,31,63,0,0,14,24,36,47,83,4,7,30,21,73,76,0.492,0.492,,0.492,0.583,0.517,nevitch01
Johnny Newman,23,CLE,NBA,1986-87,59,0,630,113,275,112,253,1,22,66,76,36,34,70,27,20,7,46,67,293,0.411,0.443,0.045,0.413,0.868,0.475,newmajo01
Kurt Nimphius,28,TOT,NBA,1986-87,66,11,1088,155,330,155,326,0,4,81,120,80,107,187,25,20,54,63,156,391,0.47,0.475,0,0.47,0.675,0.511,nimphku01
Dennis Nutt,23,DAL,NBA,1986-87,25,0,91,16,40,11,23,5,17,20,22,1,7,8,16,7,0,10,6,57,0.4,0.478,0.294,0.463,0.909,0.574,nuttde01
Mike O'Koren,28,WSB,NBA,1986-87,15,0,123,16,42,16,40,0,2,0,2,6,8,14,13,2,0,6,10,32,0.381,0.4,0,0.381,0,0.373,okoremi01
Charles Oakley,23,CHI,NBA,1986-87,82,81,2980,468,1052,457,1022,11,30,245,357,299,775,1074,296,85,36,299,315,1192,0.445,0.447,0.367,0.45,0.686,0.493,oaklech01
Hakeem Olajuwon,24,HOU,NBA,1986-87,75,75,2760,677,1332,676,1327,1,5,400,570,315,543,858,220,140,254,228,294,1755,0.508,0.509,0.2,0.509,0.702,0.554,olajuha01
Mark Olberding,30,SAC,NBA,1986-87,76,0,1002,69,165,69,164,0,1,116,131,50,135,185,91,18,9,56,144,254,0.418,0.421,0,0.418,0.885,0.57,olberma01
Jawann Oldham,29,NYK,NBA,1986-87,44,9,776,71,174,71,173,0,1,31,57,51,128,179,19,22,71,48,95,173,0.408,0.41,0,0.408,0.544,0.434,oldhaja01
Louis Orr,28,NYK,NBA,1986-87,65,8,1440,166,389,165,384,1,5,125,172,102,130,232,110,47,18,70,123,458,0.427,0.43,0.2,0.428,0.727,0.493,orrlo01
Robert Parish,33,BOS,NBA,1986-87,80,80,2995,588,1057,588,1056,0,1,227,309,254,597,851,173,64,144,191,266,1403,0.556,0.557,0,0.556,0.735,0.588,parisro01
Jim Paxson,29,POR,NBA,1986-87,72,1,1798,337,733,311,635,26,98,174,216,41,98,139,237,76,12,108,134,874,0.46,0.49,0.265,0.477,0.806,0.528,paxsoji02
John Paxson,26,CHI,NBA,1986-87,82,64,2689,386,793,334,653,52,140,106,131,22,117,139,467,66,8,105,207,930,0.487,0.511,0.371,0.52,0.809,0.547,paxsojo01
Sam Perkins,25,DAL,NBA,1986-87,80,80,2687,461,957,442,903,19,54,245,296,197,419,616,146,109,77,132,269,1186,0.482,0.489,0.352,0.492,0.828,0.545,perkisa01
Chuck Person,22,IND,NBA,1986-87,82,78,2956,635,1358,586,1220,49,138,222,297,168,509,677,295,90,16,211,310,1541,0.468,0.48,0.355,0.486,0.747,0.518,persoch01
Jim Petersen,24,HOU,NBA,1986-87,82,56,2403,386,755,386,751,0,4,152,209,177,380,557,127,43,102,152,268,924,0.511,0.514,0,0.511,0.727,0.545,peterji01
Michael Phelps,25,SEA,NBA,1986-87,60,6,469,75,176,74,166,1,10,31,44,16,34,50,64,21,2,32,60,182,0.426,0.446,0.1,0.429,0.705,0.466,phelpmi01
Ricky Pierce,27,MIL,NBA,1986-87,79,31,2505,575,1077,572,1049,3,28,387,440,117,149,266,144,64,24,120,222,1540,0.534,0.545,0.107,0.535,0.88,0.606,piercri01
Ed Pinckney,23,PHO,NBA,1986-87,80,65,2250,290,497,290,495,0,2,257,348,179,401,580,116,86,54,135,196,837,0.584,0.586,0,0.584,0.739,0.644,pincked01
Dwayne Polee,23,LAC,NBA,1986-87,1,0,6,1,4,1,1,0,3,0,0,0,0,0,0,1,0,1,3,2,0.25,1,0,0.25,,0.25,poleedw01
Ben Poquette,31,TOT,NBA,1986-87,58,2,604,62,122,62,118,0,4,40,50,30,71,101,35,9,34,21,77,164,0.508,0.525,0,0.508,0.8,0.569,poquebe01
Terry Porter,23,POR,NBA,1986-87,80,80,2714,376,770,363,710,13,60,280,334,70,267,337,715,159,9,255,192,1045,0.488,0.511,0.217,0.497,0.838,0.57,portete01
Paul Pressey,28,MIL,NBA,1986-87,61,60,2057,294,616,278,561,16,55,242,328,98,198,296,441,110,47,186,213,846,0.477,0.496,0.291,0.49,0.738,0.556,presspa01
Harold Pressley,23,SAC,NBA,1986-87,67,23,913,134,317,127,289,7,28,35,48,68,108,176,120,40,21,63,96,310,0.423,0.439,0.25,0.434,0.729,0.458,pressha01
Mark Price,22,CLE,NBA,1986-87,67,0,1217,173,424,150,354,23,70,95,114,33,84,117,202,43,4,105,75,464,0.408,0.424,0.329,0.435,0.833,0.489,pricema01
Kurt Rambis,28,LAL,NBA,1986-87,78,10,1514,163,313,163,313,0,0,120,157,159,294,453,63,74,41,104,201,446,0.521,0.521,,0.521,0.764,0.584,rambiku01
Blair Rasmussen,24,DEN,NBA,1986-87,74,23,1421,268,570,268,570,0,0,169,231,183,282,465,60,24,58,79,224,705,0.47,0.47,,0.47,0.732,0.525,rasmubl01
Robert Reid,31,HOU,NBA,1986-87,75,63,2594,420,1006,367,844,53,162,136,177,47,242,289,323,75,21,104,232,1029,0.417,0.435,0.327,0.444,0.768,0.475,reidro01
Jerry Reynolds,24,MIL,NBA,1986-87,58,24,963,140,356,134,338,6,18,118,184,72,101,173,106,50,30,82,91,404,0.393,0.396,0.333,0.402,0.641,0.462,reynoje01
Clint Richardson,30,IND,NBA,1986-87,78,14,1396,218,467,212,450,6,17,59,74,51,92,143,241,49,7,85,106,501,0.467,0.471,0.353,0.473,0.797,0.501,richacl01
Doc Rivers,25,ATL,NBA,1986-87,82,82,2590,342,758,338,737,4,21,365,441,83,216,299,823,171,30,217,287,1053,0.451,0.459,0.19,0.454,0.828,0.553,riverdo01
Fred Roberts,26,BOS,NBA,1986-87,73,11,1079,139,270,139,267,0,3,124,153,54,136,190,62,22,20,89,129,402,0.515,0.521,0,0.515,0.81,0.596,roberfr01
Alvin Robertson,24,SAS,NBA,1986-87,81,78,2697,589,1264,576,1216,13,48,244,324,186,238,424,421,260,35,243,264,1435,0.466,0.474,0.271,0.471,0.753,0.51,roberal01
Cliff Robinson,26,PHI,NBA,1986-87,55,30,1586,338,729,338,725,0,4,139,184,86,221,307,89,86,30,123,150,815,0.464,0.466,0,0.464,0.755,0.503,robincl01
Dennis Rodman,25,DET,NBA,1986-87,77,1,1155,213,391,213,390,0,1,74,126,163,169,332,56,38,48,93,166,500,0.545,0.546,0,0.545,0.587,0.56,rodmade01
Johnny Rogers,23,SAC,NBA,1986-87,45,15,468,90,185,90,180,0,5,9,15,30,47,77,26,9,8,20,66,189,0.486,0.5,0,0.486,0.6,0.493,rogerjo01
Tree Rollins,31,ATL,NBA,1986-87,75,58,1764,171,313,171,313,0,0,63,87,155,333,488,22,43,140,61,240,405,0.546,0.546,,0.546,0.724,0.576,rollitr01
Dan Roundfield,33,WSB,NBA,1986-87,36,0,669,90,220,89,215,1,5,57,72,64,106,170,39,11,16,49,77,238,0.409,0.414,0.2,0.411,0.792,0.473,roundda01
Ron Rowan,24,POR,NBA,1986-87,7,0,16,4,9,3,8,1,1,3,4,1,0,1,1,4,0,3,1,12,0.444,0.375,1,0.5,0.75,0.558,rowanro01
Jeff Ruland,28,PHI,NBA,1986-87,5,2,116,19,28,19,28,0,0,9,12,12,16,28,10,0,4,10,13,47,0.679,0.679,,0.679,0.75,0.706,rulanje01
Walker Russell,26,IND,NBA,1986-87,48,0,511,64,165,62,149,2,16,27,37,18,37,55,129,20,5,60,62,157,0.388,0.416,0.125,0.394,0.73,0.433,russewa01
John Salley,22,DET,NBA,1986-87,82,2,1463,163,290,163,289,0,1,105,171,108,188,296,54,44,125,74,256,431,0.562,0.564,0,0.562,0.614,0.59,sallejo01
Ralph Sampson,26,HOU,NBA,1986-87,43,32,1326,277,566,277,563,0,3,118,189,88,284,372,120,40,58,126,169,672,0.489,0.492,0,0.489,0.624,0.518,sampsra01
Mike Sanders,26,PHO,NBA,1986-87,82,4,1655,357,722,355,705,2,17,143,183,101,170,271,126,61,23,105,210,859,0.494,0.504,0.118,0.496,0.781,0.535,sandemi01
Danny Schayes,27,DEN,NBA,1986-87,76,41,1556,210,405,210,405,0,0,229,294,120,260,380,85,20,74,95,266,649,0.519,0.519,,0.519,0.779,0.607,schayda01
Russ Schoene,26,SEA,NBA,1986-87,63,0,579,71,190,69,177,2,13,29,46,52,65,117,27,20,11,42,94,173,0.374,0.39,0.154,0.379,0.63,0.411,schoeru01
Detlef Schrempf,24,DAL,NBA,1986-87,81,5,1711,265,561,232,492,33,69,193,260,87,216,303,161,50,16,110,224,756,0.472,0.472,0.478,0.502,0.742,0.56,schrede01
John Schweitz,26,DET,NBA,1986-87,3,0,7,0,1,0,1,0,0,0,0,0,1,1,0,0,0,2,2,0,0,0,,0,,0,schwejo01
Byron Scott,25,LAL,NBA,1986-87,82,82,2729,554,1134,489,985,65,149,224,251,63,223,286,281,125,18,144,163,1397,0.489,0.496,0.436,0.517,0.892,0.561,scottby01
Carey Scurry,24,UTA,NBA,1986-87,69,5,753,123,247,119,234,4,13,94,134,97,101,198,57,55,54,56,124,344,0.498,0.509,0.308,0.506,0.701,0.562,scurrca01
Brad Sellers,24,CHI,NBA,1986-87,80,17,1751,276,606,274,596,2,10,126,173,155,218,373,102,44,68,84,194,680,0.455,0.46,0.2,0.457,0.728,0.498,sellebr01
Purvis Short,29,GSW,NBA,1986-87,34,15,950,240,501,236,484,4,17,137,160,55,82,137,86,45,7,68,103,621,0.479,0.488,0.235,0.483,0.856,0.543,shortpu01
Jerry Sichting,30,BOS,NBA,1986-87,78,15,1566,202,398,195,372,7,26,37,42,22,69,91,187,40,1,61,124,448,0.508,0.524,0.269,0.516,0.881,0.538,sichtje01
Jack Sikma,31,MIL,NBA,1986-87,82,82,2536,390,842,390,840,0,2,265,313,208,614,822,203,88,90,160,328,1045,0.463,0.464,0,0.463,0.847,0.533,sikmaja01
McKinley Singleton,25,NYK,NBA,1986-87,2,0,10,2,3,2,2,0,1,0,0,0,0,0,1,0,0,0,1,4,0.667,1,0,0.667,,0.667,singlmc01
Scott Skiles,22,MIL,NBA,1986-87,13,0,205,18,62,15,48,3,14,10,12,6,20,26,45,5,1,21,18,49,0.29,0.313,0.214,0.315,0.833,0.364,skilesc01
Clinton Smith,23,GSW,NBA,1986-87,41,0,341,50,117,50,115,0,2,27,36,26,30,56,45,13,1,26,36,127,0.427,0.435,0,0.427,0.75,0.478,smithcl01
Derek Smith,25,SAC,NBA,1986-87,52,42,1658,338,757,329,724,9,33,178,228,60,122,182,204,46,23,126,184,863,0.446,0.454,0.273,0.452,0.781,0.503,smithde02
Keith Smith,22,MIL,NBA,1986-87,42,4,461,57,150,54,141,3,9,21,28,13,19,32,43,25,3,30,74,138,0.38,0.383,0.333,0.39,0.75,0.425,smithke03
Larry Smith,29,GSW,NBA,1986-87,80,78,2374,297,544,297,543,0,1,113,197,366,551,917,95,71,56,135,295,707,0.546,0.547,0,0.546,0.574,0.561,smithla01
Otis Smith,23,DEN,NBA,1986-87,28,0,168,33,79,33,77,0,2,12,21,17,17,34,22,1,1,19,30,78,0.418,0.429,0,0.418,0.571,0.442,smithot01
Mike Smrek,24,LAL,NBA,1986-87,35,3,233,30,60,30,60,0,0,16,25,13,24,37,5,4,13,19,70,76,0.5,0.5,,0.5,0.64,0.535,smrekmi01
Rory Sparrow,28,NYK,NBA,1986-87,80,30,1951,263,590,252,548,11,42,71,89,29,86,115,432,67,6,140,160,608,0.446,0.46,0.262,0.455,0.798,0.483,sparrro01
Terence Stansbury,25,SEA,NBA,1986-87,44,0,375,67,156,56,127,11,29,31,50,8,16,24,57,13,0,29,78,176,0.429,0.441,0.379,0.465,0.62,0.494,stanste01
Brook Steppe,27,SAC,NBA,1986-87,34,7,665,95,199,92,190,3,9,73,88,21,40,61,81,18,3,54,56,266,0.477,0.484,0.333,0.485,0.83,0.559,steppbr01
Steve Stipanovich,26,IND,NBA,1986-87,81,81,2761,382,760,381,756,1,4,307,367,184,486,670,180,106,97,130,304,1072,0.503,0.504,0.25,0.503,0.837,0.582,stipast01
John Stockton,24,UTA,NBA,1986-87,82,2,1858,231,463,224,424,7,39,179,229,32,119,151,670,177,14,164,224,648,0.499,0.528,0.179,0.506,0.782,0.575,stockjo01
Jon Sundvold,25,SAS,NBA,1986-87,76,42,1765,365,751,315,602,50,149,70,84,20,78,98,315,35,0,97,109,850,0.486,0.523,0.336,0.519,0.833,0.539,sundvjo01
Roy Tarpley,22,DAL,NBA,1986-87,75,1,1405,233,499,232,496,1,3,94,139,180,353,533,52,56,79,101,232,561,0.467,0.468,0.333,0.468,0.676,0.501,tarplro01
Jeff Taylor,27,DET,NBA,1986-87,12,0,44,6,10,6,10,0,0,9,10,1,3,4,3,2,1,8,4,21,0.6,0.6,,0.6,0.9,0.729,tayloje01
Terry Teagle,26,GSW,NBA,1986-87,82,0,1650,370,808,370,798,0,10,182,234,68,107,175,105,68,13,117,190,922,0.458,0.464,0,0.458,0.778,0.506,teaglte01
Reggie Theus,29,SAC,NBA,1986-87,79,76,2872,577,1223,560,1145,17,78,429,495,86,180,266,692,78,16,289,208,1600,0.472,0.489,0.218,0.479,0.867,0.555,theusre01
David Thirdkill,26,BOS,NBA,1986-87,17,0,89,10,24,10,23,0,1,5,16,5,14,19,2,2,0,5,12,25,0.417,0.435,0,0.417,0.313,0.403,thirdda01
Isiah Thomas,25,DET,NBA,1986-87,81,81,3013,626,1353,607,1255,19,98,400,521,82,237,319,813,153,20,343,251,1671,0.463,0.484,0.194,0.47,0.768,0.528,thomais01
Bernard Thompson,24,PHO,NBA,1986-87,24,2,331,42,105,42,102,0,3,27,33,20,11,31,18,11,5,16,53,111,0.4,0.412,0,0.4,0.818,0.464,thompbe01
Billy Thompson,23,LAL,NBA,1986-87,59,0,762,142,261,142,260,0,1,48,74,69,102,171,60,15,30,61,148,332,0.544,0.546,0,0.544,0.649,0.565,thompbi01
LaSalle Thompson,25,SAC,NBA,1986-87,82,53,2166,362,752,362,747,0,5,188,255,237,450,687,122,69,126,143,290,912,0.481,0.485,0,0.481,0.737,0.528,thompla01
Mychal Thompson,32,TOT,NBA,1986-87,82,7,1890,359,797,358,795,1,2,219,297,138,274,412,115,45,71,134,202,938,0.45,0.45,0.5,0.451,0.737,0.506,thompmy01
Bob Thornton,24,NYK,NBA,1986-87,33,4,282,29,67,29,66,0,1,13,20,18,38,56,8,4,3,24,48,71,0.433,0.439,0,0.433,0.65,0.468,thornbo01
Otis Thorpe,24,SAC,NBA,1986-87,82,82,2956,567,1050,567,1047,0,3,413,543,259,560,819,201,46,60,189,292,1547,0.54,0.542,0,0.54,0.761,0.6,thorpot01
Sedale Threatt,25,TOT,NBA,1986-87,68,8,1446,239,534,232,502,7,32,95,119,26,82,108,259,74,13,89,164,580,0.448,0.462,0.219,0.454,0.798,0.495,threase01
Wayman Tisdale,22,IND,NBA,1986-87,81,15,2159,458,892,458,890,0,2,258,364,217,258,475,117,50,26,139,293,1174,0.513,0.515,0,0.513,0.709,0.558,tisdawa01
Andrew Toney,29,PHI,NBA,1986-87,52,12,1058,197,437,175,370,22,67,133,167,16,69,85,188,18,8,112,78,549,0.451,0.473,0.328,0.476,0.796,0.538,toneyan01
Kelly Tripucka,27,UTA,NBA,1986-87,79,76,1865,291,621,272,569,19,52,197,226,54,188,242,243,85,11,167,147,798,0.469,0.478,0.365,0.484,0.872,0.554,tripuke01
Trent Tucker,27,NYK,NBA,1986-87,70,15,1691,325,691,257,530,68,161,77,101,49,86,135,166,116,13,78,169,795,0.47,0.485,0.422,0.52,0.762,0.54,tucketr01
Andre Turner,22,BOS,NBA,1986-87,3,0,18,2,5,2,4,0,1,0,0,1,1,2,1,0,0,5,1,4,0.4,0.5,0,0.4,,0.4,turnean01
Elston Turner,27,CHI,NBA,1986-87,70,4,936,112,252,111,244,1,8,23,31,34,81,115,102,30,4,31,97,248,0.444,0.455,0.125,0.446,0.742,0.467,turneel01
Jeff Turner,24,NJN,NBA,1986-87,76,22,1003,151,325,151,324,0,1,76,104,80,117,197,60,33,13,81,200,378,0.465,0.466,0,0.465,0.731,0.51,turneje01
Melvin Turpin,26,CLE,NBA,1986-87,64,1,801,169,366,169,366,0,0,55,77,62,128,190,33,11,40,63,90,393,0.462,0.462,,0.462,0.714,0.491,turpime01
Terry Tyler,30,SAC,NBA,1986-87,82,48,1930,329,664,328,661,1,3,101,140,116,212,328,73,55,78,78,151,760,0.495,0.496,0.333,0.496,0.721,0.524,tylerte01
Darnell Valentine,27,LAC,NBA,1986-87,65,52,1759,275,671,262,615,13,56,163,200,38,112,150,447,116,10,167,148,726,0.41,0.426,0.232,0.42,0.815,0.478,valenda01
Kiki Vandeweghe,28,POR,NBA,1986-87,79,79,3029,808,1545,769,1464,39,81,467,527,86,165,251,220,52,17,139,137,2122,0.523,0.525,0.481,0.536,0.886,0.597,vandeki01
Nick Vanos,23,PHO,NBA,1986-87,57,14,640,65,158,65,156,0,2,38,59,67,113,180,43,19,23,48,94,168,0.411,0.417,0,0.411,0.644,0.457,vanosni01
Pete Verhoeven,27,IND,NBA,1986-87,5,0,44,5,14,5,14,0,0,0,0,2,5,7,2,2,1,0,11,10,0.357,0.357,,0.357,,0.357,verhope01
Jay Vincent,27,WSB,NBA,1986-87,51,17,1386,274,613,274,610,0,3,130,169,69,141,210,85,40,17,77,127,678,0.447,0.449,0,0.447,0.769,0.493,vinceja01
Sam Vincent,23,BOS,NBA,1986-87,46,5,374,60,136,60,136,0,0,51,55,5,22,27,59,13,1,33,33,171,0.441,0.441,,0.441,0.927,0.534,vincesa01
Danny Vranes,28,PHI,NBA,1986-87,58,6,817,59,138,58,133,1,5,21,45,51,95,146,30,35,25,26,127,140,0.428,0.436,0.2,0.431,0.467,0.444,vraneda01
Granville Waiters,26,CHI,NBA,1986-87,44,26,534,40,93,40,92,0,1,5,9,38,49,87,22,10,31,16,83,85,0.43,0.435,0,0.43,0.556,0.438,waitegr01
Darrell Walker,25,DEN,NBA,1986-87,81,25,2020,358,742,358,738,0,4,272,365,157,170,327,282,120,37,187,229,988,0.482,0.485,0,0.482,0.745,0.547,walkeda01
Kenny Walker,22,NYK,NBA,1986-87,68,64,1719,285,581,285,577,0,4,140,185,118,220,338,75,49,49,75,236,710,0.491,0.494,0,0.491,0.757,0.536,walkeke01
Bill Walton,34,BOS,NBA,1986-87,10,0,112,10,26,10,26,0,0,8,15,11,20,31,9,1,10,15,23,28,0.385,0.385,,0.385,0.533,0.429,waltobi01
Chris Washburn,21,GSW,NBA,1986-87,35,2,385,57,145,57,144,0,1,18,51,36,65,101,16,6,8,39,51,132,0.393,0.396,0,0.393,0.353,0.394,washbch01
Pearl Washington,23,NJN,NBA,1986-87,72,61,1600,257,538,253,514,4,24,98,125,37,92,129,301,92,7,175,184,616,0.478,0.492,0.167,0.481,0.784,0.519,washipe01
Spud Webb,23,ATL,NBA,1986-87,33,0,532,71,162,70,156,1,6,80,105,6,54,60,167,34,2,70,65,223,0.438,0.449,0.167,0.441,0.762,0.536,webbsp01
Marvin Webster,34,MIL,NBA,1986-87,15,0,102,10,19,9,18,1,1,6,8,12,14,26,3,3,7,8,17,27,0.526,0.5,1,0.553,0.75,0.599,webstma01
Scott Wedman,34,BOS,NBA,1986-87,6,2,78,9,27,8,25,1,2,1,2,3,6,9,6,2,2,3,6,20,0.333,0.32,0.5,0.352,0.5,0.359,wedmasc01
Bill Wennington,23,DAL,NBA,1986-87,58,0,560,56,132,56,130,0,2,45,60,53,76,129,24,13,10,39,95,157,0.424,0.431,0,0.424,0.75,0.496,wennibi01
Mark West,26,CLE,NBA,1986-87,78,13,1333,209,385,209,383,0,2,89,173,126,213,339,41,22,81,106,229,507,0.543,0.546,0,0.543,0.514,0.55,westma01
Ennis Whatley,24,WSB,NBA,1986-87,73,72,1816,246,515,246,513,0,2,126,165,58,136,194,392,92,10,138,172,618,0.478,0.48,0,0.478,0.764,0.526,whatlen01
Rory White,27,LAC,NBA,1986-87,68,35,1545,265,552,265,549,0,3,94,144,90,104,194,79,47,19,73,159,624,0.48,0.483,0,0.48,0.653,0.507,whitero01
Jerome Whitehead,30,GSW,NBA,1986-87,73,1,937,147,327,147,326,0,1,79,113,110,152,262,24,16,12,50,175,373,0.45,0.451,0,0.45,0.699,0.495,whiteje01
Mitchell Wiggins,27,HOU,NBA,1986-87,32,19,788,153,350,153,345,0,5,49,65,74,59,133,76,44,3,50,82,355,0.437,0.443,0,0.437,0.754,0.469,wiggimi01
Dominique Wilkins,27,ATL,NBA,1986-87,79,79,2969,828,1787,797,1681,31,106,607,742,210,284,494,261,117,51,215,149,2294,0.463,0.474,0.292,0.472,0.818,0.543,wilkido01
Eddie Lee Wilkins,24,NYK,NBA,1986-87,24,10,454,56,127,56,126,0,1,27,58,45,62,107,6,9,2,28,67,139,0.441,0.444,0,0.441,0.466,0.456,wilkied01
Gerald Wilkins,23,NYK,NBA,1986-87,80,73,2758,633,1302,607,1228,26,74,235,335,120,174,294,354,88,18,214,165,1527,0.486,0.494,0.351,0.496,0.701,0.527,wilkige01
Buck Williams,26,NJN,NBA,1986-87,82,82,2976,521,936,521,935,0,1,430,588,322,701,1023,129,78,91,280,315,1472,0.557,0.557,0,0.557,0.731,0.616,willibu01
Gus Williams,33,ATL,NBA,1986-87,33,0,481,53,146,48,128,5,18,27,40,8,32,40,139,17,5,54,53,138,0.363,0.375,0.278,0.38,0.675,0.422,willigu01
Herb Williams,28,IND,NBA,1986-87,74,67,2526,451,939,451,930,0,9,199,269,143,400,543,174,59,93,145,255,1101,0.48,0.485,0,0.48,0.74,0.521,willihe01
Hot Rod Williams,24,CLE,NBA,1986-87,80,80,2714,435,897,435,896,0,1,298,400,222,407,629,154,58,167,139,197,1168,0.485,0.485,0,0.485,0.745,0.544,williho01
John Williams,20,WSB,NBA,1986-87,78,6,1773,283,624,275,588,8,36,144,223,130,236,366,191,129,30,122,173,718,0.454,0.468,0.222,0.46,0.646,0.497,willijo02
Kevin Williams,25,SEA,NBA,1986-87,65,0,703,132,296,132,289,0,7,55,66,47,36,83,66,45,8,63,154,319,0.446,0.457,0,0.446,0.833,0.491,willike01
Pete Williams,21,DEN,NBA,1986-87,5,0,10,1,2,1,2,0,0,0,0,0,1,1,1,0,0,1,1,2,0.5,0.5,,0.5,,0.5,willipe01
Ray Williams,32,NJN,NBA,1986-87,32,14,800,131,290,124,262,7,28,49,60,26,49,75,185,38,9,94,111,318,0.452,0.473,0.25,0.464,0.817,0.503,willira01
Kevin Willis,24,ATL,NBA,1986-87,81,81,2626,538,1003,537,999,1,4,227,320,321,528,849,62,65,61,173,313,1304,0.536,0.538,0.25,0.537,0.709,0.57,willike02
Michael Wilson,27,TOT,NBA,1986-87,7,0,45,3,10,3,10,0,0,2,2,1,3,4,7,1,0,5,10,8,0.3,0.3,,0.3,1,0.368,wilsomi01
Othell Wilson,25,SAC,NBA,1986-87,53,2,789,82,185,79,167,3,18,43,54,28,53,81,207,42,4,77,67,210,0.443,0.473,0.167,0.451,0.796,0.503,wilsoot01
David Wingate,23,PHI,NBA,1986-87,77,9,1612,259,602,246,550,13,52,149,201,70,86,156,155,93,19,128,169,680,0.43,0.447,0.25,0.441,0.741,0.492,wingada01
Randy Wittman,27,ATL,NBA,1986-87,71,65,2049,398,792,394,780,4,12,100,127,30,94,124,211,39,16,88,107,900,0.503,0.505,0.333,0.505,0.787,0.531,wittmra01
Al Wood,28,DAL,NBA,1986-87,54,0,657,121,310,114,285,7,25,109,139,39,55,94,34,19,11,34,83,358,0.39,0.4,0.28,0.402,0.784,0.482,woodal01
Leon Wood,24,NJN,NBA,1986-87,76,7,1733,187,501,127,301,60,200,123,154,23,97,120,370,48,3,108,126,557,0.373,0.422,0.3,0.433,0.799,0.49,woodle01
Mike Woodson,28,LAC,NBA,1986-87,74,66,2126,494,1130,460,1007,34,123,240,290,68,94,162,196,100,16,168,201,1262,0.437,0.457,0.276,0.452,0.828,0.502,woodsmi01
Orlando Woolridge,27,NJN,NBA,1986-87,75,53,2638,556,1067,555,1059,1,8,438,564,118,249,367,261,54,86,213,243,1551,0.521,0.524,0.125,0.522,0.777,0.59,woolror01
James Worthy,25,LAL,NBA,1986-87,82,82,2819,651,1207,651,1194,0,13,292,389,158,308,466,226,108,83,168,206,1594,0.539,0.545,0,0.539,0.751,0.578,worthja01
Brad Wright,24,NYK,NBA,1986-87,14,0,138,20,46,20,45,0,1,12,28,25,28,53,1,3,6,13,20,52,0.435,0.444,0,0.435,0.429,0.446,wrighbr01
Danny Young,24,SEA,NBA,1986-87,73,26,1482,132,288,103,209,29,79,59,71,23,90,113,353,74,3,85,72,352,0.458,0.493,0.367,0.509,0.831,0.551,youngda01
Perry Young,23,TOT,NBA,1986-87,9,0,72,6,21,6,21,0,0,1,2,3,5,8,7,5,1,4,14,13,0.286,0.286,,0.286,0.5,0.297,youngpe01
Kareem Abdul-Jabbar,40,LAL,NBA,1987-88,80,80,2308,480,903,480,902,0,1,205,269,118,360,478,135,48,92,159,216,1165,0.532,0.532,0,0.532,0.762,0.57,abdulka01
Mark Acres,25,BOS,NBA,1987-88,79,5,1151,108,203,108,203,0,0,71,111,105,165,270,42,29,27,54,198,287,0.532,0.532,,0.532,0.64,0.57,acresma01
Alvan Adams,33,PHO,NBA,1987-88,82,25,1646,251,506,250,504,1,2,108,128,118,247,365,183,82,41,140,245,611,0.496,0.496,0.5,0.497,0.844,0.543,adamsal01
Michael Adams,25,DEN,NBA,1987-88,82,75,2778,416,927,277,548,139,379,166,199,40,183,223,503,168,16,144,138,1137,0.449,0.505,0.367,0.524,0.834,0.56,adamsmi01
Mark Aguirre,28,DAL,NBA,1987-88,77,77,2610,746,1571,694,1399,52,172,388,504,182,252,434,278,70,57,203,223,1932,0.475,0.496,0.302,0.491,0.77,0.539,aguirma01
Danny Ainge,28,BOS,NBA,1987-88,81,81,3018,482,982,334,625,148,357,158,180,59,190,249,503,115,17,153,203,1270,0.491,0.534,0.415,0.566,0.878,0.598,aingeda01
Mark Alarie,24,WSB,NBA,1987-88,63,0,769,144,300,140,282,4,18,35,49,70,90,160,39,10,12,50,107,327,0.48,0.496,0.222,0.487,0.714,0.508,alarima01
Steve Alford,23,DAL,NBA,1987-88,28,0,197,21,55,20,47,1,8,16,17,3,20,23,23,17,3,12,23,59,0.382,0.426,0.125,0.391,0.941,0.472,alforst01
Greg Anderson,23,SAS,NBA,1987-88,82,45,1984,379,756,378,751,1,5,198,328,161,352,513,79,54,122,143,228,957,0.501,0.503,0.2,0.502,0.604,0.531,andergr01
Richard Anderson,27,TOT,NBA,1987-88,74,3,1350,171,439,123,289,48,150,58,77,91,212,303,112,51,16,61,137,448,0.39,0.426,0.32,0.444,0.753,0.474,anderri01
Ron Anderson,29,IND,NBA,1987-88,74,1,1097,217,436,217,434,0,2,108,141,89,127,216,78,41,6,73,98,542,0.498,0.5,0,0.498,0.766,0.544,anderro01
Joe Arlauckas,22,SAC,NBA,1987-88,9,0,85,14,43,14,43,0,0,6,8,6,7,13,8,3,4,4,16,34,0.326,0.326,,0.326,0.75,0.365,arlaujo01
Vincent Askew,21,PHI,NBA,1987-88,14,2,234,22,74,22,74,0,0,8,11,6,16,22,33,10,6,12,12,52,0.297,0.297,,0.297,0.727,0.33,askewvi01
John Bagley,27,NJN,NBA,1987-88,82,74,2774,393,896,346,735,47,161,148,180,61,196,257,479,110,10,201,162,981,0.439,0.471,0.292,0.465,0.822,0.503,baglejo01
James Bailey,30,PHO,NBA,1987-88,65,0,869,109,241,109,237,0,4,70,89,73,137,210,42,17,28,70,180,288,0.452,0.46,0,0.452,0.787,0.514,baileja01
Thurl Bailey,26,UTA,NBA,1987-88,82,10,2804,633,1286,632,1283,1,3,337,408,134,397,531,158,49,125,190,186,1604,0.492,0.493,0.333,0.493,0.826,0.547,baileth01
Charles Barkley,24,PHI,NBA,1987-88,80,80,3170,753,1283,709,1126,44,157,714,951,385,566,951,254,100,103,304,278,2264,0.587,0.63,0.28,0.604,0.751,0.665,barklch01
John Battle,25,ATL,NBA,1987-88,67,1,1227,278,613,262,572,16,41,141,188,26,87,113,158,31,5,75,84,713,0.454,0.458,0.39,0.467,0.75,0.512,battljo01
William Bedford,24,DET,NBA,1987-88,38,0,298,44,101,44,101,0,0,13,23,27,38,65,4,8,17,19,47,101,0.436,0.436,,0.436,0.565,0.454,bedfowi01
Benoit Benjamin,23,LAC,NBA,1987-88,66,59,2171,340,693,340,685,0,8,180,255,112,418,530,172,50,225,223,203,860,0.491,0.496,0,0.491,0.706,0.534,benjabe01
Kent Benson,33,CLE,NBA,1987-88,2,0,12,2,2,2,2,0,0,1,2,0,1,1,0,1,1,2,2,5,1,1,,1,0.5,0.868,bensoke01
Walter Berry,23,SAS,NBA,1987-88,73,56,1922,540,960,540,960,0,0,192,320,176,219,395,110,55,63,162,207,1272,0.563,0.563,,0.563,0.6,0.578,berrywa01
Larry Bird,31,BOS,NBA,1987-88,76,75,2965,881,1672,783,1435,98,237,415,453,108,595,703,467,125,57,213,157,2275,0.527,0.546,0.414,0.556,0.916,0.608,birdla01
Otis Birdsong,32,NJN,NBA,1987-88,67,59,1882,337,736,328,711,9,25,47,92,73,94,167,222,54,11,129,143,730,0.458,0.461,0.36,0.464,0.511,0.47,birdsot01
Uwe Blab,25,DAL,NBA,1987-88,73,1,658,58,132,58,132,0,0,46,65,52,82,134,35,8,29,49,108,162,0.439,0.439,,0.439,0.708,0.504,blabuw01
Rolando Blackman,28,DAL,NBA,1987-88,71,69,2580,497,1050,497,1045,0,5,331,379,82,164,246,262,64,18,144,112,1325,0.473,0.476,0,0.473,0.873,0.544,blackro01
Nate Blackwell,22,SAS,NBA,1987-88,10,0,112,15,41,13,30,2,11,5,6,2,4,6,18,3,0,8,16,37,0.366,0.433,0.182,0.39,0.833,0.424,blackna01
Muggsy Bogues,23,WSB,NBA,1987-88,79,14,1628,166,426,163,410,3,16,58,74,35,101,136,404,127,3,101,138,393,0.39,0.398,0.188,0.393,0.784,0.429,boguemu01
Manute Bol,25,WSB,NBA,1987-88,77,4,1136,75,165,75,164,0,1,26,49,72,203,275,13,11,208,35,160,176,0.455,0.457,0,0.455,0.531,0.472,bolma01
Dudley Bradley,30,TOT,NBA,1987-88,65,15,1437,156,365,119,263,37,102,74,97,25,102,127,151,114,43,88,172,423,0.427,0.452,0.363,0.478,0.763,0.519,bradldu01
Adrian Branch,24,NJN,NBA,1987-88,20,3,308,56,134,55,129,1,5,20,23,20,28,48,16,16,11,29,41,133,0.418,0.426,0.2,0.422,0.87,0.461,brancad01
Randy Breuer,27,MIL,NBA,1987-88,81,73,2258,390,788,390,788,0,0,188,286,191,360,551,103,46,107,107,198,968,0.495,0.495,,0.495,0.657,0.53,breuera01
Frank Brickowski,28,SAS,NBA,1987-88,70,68,2227,425,805,424,800,1,5,268,349,167,316,483,266,74,36,207,275,1119,0.528,0.53,0.2,0.529,0.768,0.584,brickfr01
Michael Brooks,29,DEN,NBA,1987-88,16,0,133,20,49,20,49,0,0,3,4,19,25,44,13,4,1,12,21,43,0.408,0.408,,0.408,0.75,0.424,brookmi01
Mike Brown,24,CHI,NBA,1987-88,46,27,591,78,174,78,173,0,1,41,71,66,93,159,28,11,4,38,85,197,0.448,0.451,0,0.448,0.577,0.48,brownmi01
Steve Burtt,25,LAC,NBA,1987-88,19,0,312,62,138,62,134,0,4,47,69,6,21,27,38,10,5,40,56,171,0.449,0.463,0,0.449,0.681,0.508,burttst01
Michael Cage,26,LAC,NBA,1987-88,72,70,2660,360,766,360,765,0,1,326,474,371,567,938,110,91,58,160,194,1046,0.47,0.471,0,0.47,0.688,0.537,cagemi01
Tony Campbell,25,LAL,NBA,1987-88,13,1,242,57,101,56,98,1,3,28,39,8,19,27,15,11,2,26,41,143,0.564,0.571,0.333,0.569,0.718,0.605,campbto01
Rick Carlisle,28,NYK,NBA,1987-88,26,0,204,29,67,23,50,6,17,10,11,6,7,13,32,11,4,22,39,74,0.433,0.46,0.353,0.478,0.909,0.515,carliri01
Antoine Carr,26,ATL,NBA,1987-88,80,2,1483,281,517,280,513,1,4,142,182,94,195,289,103,38,83,116,272,705,0.544,0.546,0.25,0.544,0.78,0.59,carran01
Joe Barry Carroll,29,TOT,NBA,1987-88,77,30,2004,402,924,402,922,0,2,172,225,131,358,489,113,50,106,164,195,976,0.435,0.436,0,0.435,0.764,0.477,carrojo01
Bill Cartwright,30,NYK,NBA,1987-88,82,4,1676,287,528,287,528,0,0,340,426,127,257,384,85,43,43,135,234,914,0.544,0.544,,0.544,0.798,0.639,cartwbi01
Terry Catledge,24,WSB,NBA,1987-88,70,40,1610,296,585,296,583,0,2,154,235,180,217,397,63,33,9,101,172,746,0.506,0.508,0,0.506,0.655,0.542,catlete01
Tom Chambers,28,SEA,NBA,1987-88,82,82,2680,611,1364,578,1255,33,109,419,519,135,355,490,212,87,53,209,297,1674,0.448,0.461,0.303,0.46,0.807,0.526,chambto01
Maurice Cheeks,31,PHI,NBA,1987-88,79,79,2871,428,865,425,843,3,22,227,275,59,194,253,635,167,22,160,116,1086,0.495,0.504,0.136,0.497,0.825,0.551,cheekma01
Ben Coleman,26,TOT,NBA,1987-88,70,24,1498,226,453,226,450,0,3,141,185,116,234,350,62,43,41,127,230,593,0.499,0.502,0,0.499,0.762,0.555,colembe01
Norris Coleman,26,LAC,NBA,1987-88,29,11,431,66,191,65,189,1,2,20,36,36,45,81,13,11,6,16,51,153,0.346,0.344,0.5,0.348,0.556,0.37,colemno01
Steve Colter,25,TOT,NBA,1987-88,68,53,1513,203,441,200,431,3,10,75,95,58,115,173,261,62,14,88,132,484,0.46,0.464,0.3,0.464,0.789,0.501,coltest01
Dallas Comegys,23,NJN,NBA,1987-88,75,17,1122,156,363,156,362,0,1,106,150,54,164,218,65,36,70,116,175,418,0.43,0.431,0,0.43,0.707,0.487,comegda01
Lester Conner,28,HOU,NBA,1987-88,52,3,399,50,108,50,101,0,7,32,41,20,18,38,59,38,1,33,31,132,0.463,0.495,0,0.463,0.78,0.524,connele01
Jeff Cook,31,PHO,NBA,1987-88,33,0,359,14,59,14,58,0,1,23,28,37,69,106,14,9,8,14,64,51,0.237,0.241,0,0.237,0.821,0.358,cookje01
Michael Cooper,31,LAL,NBA,1987-88,61,8,1793,189,482,132,304,57,178,97,113,50,178,228,289,66,26,101,136,532,0.392,0.434,0.32,0.451,0.858,0.5,coopemi01
Wayne Cooper,31,DEN,NBA,1987-88,45,32,865,118,270,118,269,0,1,50,67,98,172,270,30,12,94,59,145,286,0.437,0.439,0,0.437,0.746,0.477,coopewa01
Tyrone Corbin,25,TOT,NBA,1987-88,84,5,1739,257,525,256,519,1,6,110,138,127,223,350,115,72,18,104,181,625,0.49,0.493,0.167,0.49,0.797,0.534,corbity01
Dave Corzine,31,CHI,NBA,1987-88,80,32,2328,344,715,343,706,1,9,115,153,170,357,527,154,36,95,109,149,804,0.481,0.486,0.111,0.482,0.752,0.514,corzida01
Winston Crite,22,PHO,NBA,1987-88,29,0,258,34,68,34,68,0,0,19,25,27,37,64,15,5,8,25,42,87,0.5,0.5,,0.5,0.76,0.551,critewi01
Pat Cummings,31,NYK,NBA,1987-88,62,9,946,140,307,140,306,0,1,59,80,82,153,235,37,20,10,65,143,339,0.456,0.458,0,0.456,0.738,0.495,cummipa01
Terry Cummings,26,MIL,NBA,1987-88,76,76,2629,675,1392,674,1389,1,3,270,406,184,369,553,181,78,46,170,274,1621,0.485,0.485,0.333,0.485,0.665,0.516,cummite01
Earl Cureton,30,LAC,NBA,1987-88,69,11,1128,133,310,133,307,0,3,33,63,97,174,271,63,32,36,58,135,299,0.429,0.433,0,0.429,0.524,0.443,curetea01
Dell Curry,23,CLE,NBA,1987-88,79,8,1499,340,742,312,661,28,81,79,101,43,123,166,149,94,22,108,128,787,0.458,0.472,0.346,0.477,0.782,0.5,curryde01
Quintin Dailey,27,LAC,NBA,1987-88,67,7,1282,328,755,326,743,2,12,243,313,62,92,154,109,69,4,123,128,901,0.434,0.439,0.167,0.436,0.776,0.505,dailequ01
Adrian Dantley,31,DET,NBA,1987-88,69,50,2144,444,863,444,861,0,2,492,572,84,143,227,171,39,10,135,144,1380,0.514,0.516,0,0.514,0.86,0.619,dantlad01
Brad Daugherty,22,CLE,NBA,1987-88,79,78,2957,551,1081,551,1079,0,2,378,528,151,514,665,333,48,56,267,235,1480,0.51,0.511,0,0.51,0.716,0.563,daughbr01
Brad Davis,32,DAL,NBA,1987-88,75,12,1480,208,415,178,341,30,74,91,108,18,84,102,303,51,18,91,149,537,0.501,0.522,0.405,0.537,0.843,0.581,davisbr01
Charles Davis,29,TOT,NBA,1987-88,21,0,226,48,115,47,98,1,17,7,10,16,25,41,20,2,4,18,29,104,0.417,0.48,0.059,0.422,0.7,0.436,davisch02
Walter Davis,33,PHO,NBA,1987-88,68,48,1951,488,1031,452,935,36,96,205,231,32,127,159,278,86,3,126,131,1217,0.473,0.483,0.375,0.491,0.887,0.537,daviswa03
Darryl Dawkins,31,TOT,NBA,1987-88,6,0,33,2,9,2,9,0,0,6,15,2,3,5,2,0,2,7,14,10,0.222,0.222,,0.222,0.4,0.321,dawkida01
Johnny Dawkins,24,SAS,NBA,1987-88,65,61,2179,405,835,386,774,19,61,198,221,66,138,204,480,88,2,154,95,1027,0.485,0.499,0.311,0.496,0.896,0.551,dawkijo01
Darren Daye,27,BOS,NBA,1987-88,47,8,655,112,217,112,216,0,1,59,87,30,46,76,71,29,4,44,68,283,0.516,0.519,0,0.516,0.678,0.554,dayeda01
James Donaldson,30,DAL,NBA,1987-88,81,81,2523,212,380,212,380,0,0,147,189,247,508,755,66,40,104,113,175,571,0.558,0.558,,0.558,0.778,0.616,donalja01
Billy Donovan,22,NYK,NBA,1987-88,44,0,364,44,109,44,102,0,7,17,21,5,20,25,87,16,1,42,33,105,0.404,0.431,0,0.404,0.81,0.444,donovbi01
Greg Dreiling,25,IND,NBA,1987-88,20,0,74,8,17,8,17,0,0,18,26,3,14,17,5,2,4,11,19,34,0.471,0.471,,0.471,0.692,0.598,dreilgr01
Larry Drew,29,LAC,NBA,1987-88,74,51,2024,328,720,302,630,26,90,83,108,21,98,119,383,65,0,152,114,765,0.456,0.479,0.289,0.474,0.769,0.498,drewla01
Clyde Drexler,25,POR,NBA,1987-88,81,80,3060,849,1679,838,1627,11,52,476,587,261,272,533,467,203,52,236,250,2185,0.506,0.515,0.212,0.509,0.811,0.564,drexlcl01
Kevin Duckworth,23,POR,NBA,1987-88,78,50,2223,450,907,450,907,0,0,331,430,224,352,576,66,31,32,177,280,1231,0.496,0.496,,0.496,0.77,0.561,duckwke01
Chris Dudley,22,CLE,NBA,1987-88,55,1,513,65,137,65,137,0,0,40,71,74,70,144,23,13,19,31,87,170,0.474,0.474,,0.474,0.563,0.505,dudlech02
Joe Dumars,24,DET,NBA,1987-88,82,82,2732,453,960,449,941,4,19,251,308,63,137,200,387,87,15,172,155,1161,0.472,0.477,0.211,0.474,0.815,0.53,dumarjo01
T.R. Dunn,32,DEN,NBA,1987-88,82,1,1534,70,156,70,155,0,1,40,52,110,130,240,87,101,11,26,152,180,0.449,0.452,0,0.449,0.769,0.503,dunntr01
Mark Eaton,31,UTA,NBA,1987-88,82,82,2731,226,541,226,541,0,0,119,191,230,487,717,55,41,304,131,320,571,0.418,0.418,,0.418,0.623,0.457,eatonma01
Franklin Edwards,28,SAC,NBA,1987-88,16,11,414,54,115,54,113,0,2,24,32,4,15,19,92,10,1,47,10,132,0.47,0.478,0,0.47,0.75,0.511,edwarfr01
James Edwards,32,TOT,NBA,1987-88,69,44,1705,302,643,302,642,0,1,210,321,119,293,412,78,16,37,130,216,814,0.47,0.47,0,0.47,0.654,0.519,edwarja01
Craig Ehlo,26,CLE,NBA,1987-88,79,27,1709,226,485,204,421,22,64,89,132,86,188,274,206,82,30,107,182,563,0.466,0.485,0.344,0.489,0.674,0.518,ehlocr01
Dale Ellis,27,SEA,NBA,1987-88,75,73,2790,764,1519,657,1260,107,259,303,395,167,173,340,197,74,11,172,221,1938,0.503,0.521,0.413,0.538,0.767,0.572,ellisda01
Chris Engler,28,NJN,NBA,1987-88,54,0,399,36,88,36,88,0,0,31,35,32,66,98,15,9,6,29,73,103,0.409,0.409,,0.409,0.886,0.498,englech01
Alex English,34,DEN,NBA,1987-88,80,80,2818,843,1704,843,1698,0,6,314,379,166,207,373,377,70,23,181,193,2000,0.495,0.496,0,0.495,0.828,0.535,englial01
Mike Evans,32,DEN,NBA,1987-88,56,0,656,139,307,103,216,36,91,30,37,9,39,48,81,34,6,43,78,344,0.453,0.477,0.396,0.511,0.811,0.532,evansmi01
Patrick Ewing,25,NYK,NBA,1987-88,82,82,2546,656,1183,656,1180,0,3,341,476,245,431,676,125,104,245,287,332,1653,0.555,0.556,0,0.555,0.716,0.594,ewingpa01
Jim Farmer,23,DAL,NBA,1987-88,30,0,157,26,69,26,63,0,6,9,10,9,9,18,16,3,1,22,18,61,0.377,0.413,0,0.377,0.9,0.416,farmeji01
Dave Feitl,25,GSW,NBA,1987-88,70,19,1128,182,404,182,400,0,4,94,134,83,252,335,53,15,9,87,146,458,0.45,0.455,0,0.45,0.701,0.495,feitlda01
Kenny Fields,25,LAC,NBA,1987-88,7,0,154,16,36,16,36,0,0,20,26,13,16,29,10,5,2,19,17,52,0.444,0.444,,0.444,0.769,0.548,fieldke01
Vern Fleming,25,IND,NBA,1987-88,80,80,2733,442,845,442,832,0,13,227,283,106,258,364,568,115,11,175,225,1111,0.523,0.531,0,0.523,0.802,0.573,flemive01
Sleepy Floyd,27,TOT,NBA,1987-88,77,73,2514,420,969,406,897,14,72,301,354,77,219,296,544,95,12,223,190,1155,0.433,0.453,0.194,0.441,0.85,0.513,floydsl01
Tellis Frank,22,GSW,NBA,1987-88,78,29,1597,242,565,242,564,0,1,150,207,95,235,330,111,53,23,109,267,634,0.428,0.429,0,0.428,0.725,0.483,frankte01
World B. Free,34,HOU,NBA,1987-88,58,0,682,143,350,135,315,8,35,80,100,14,30,44,60,20,3,49,74,374,0.409,0.429,0.229,0.42,0.8,0.475,freewo01
Kevin Gamble,22,POR,NBA,1987-88,9,0,19,0,3,0,2,0,1,0,0,2,1,3,1,2,0,2,2,0,0,0,0,0,,0,gamblke01
Winston Garland,23,GSW,NBA,1987-88,67,62,2122,340,775,327,736,13,39,138,157,68,159,227,429,116,7,167,188,831,0.439,0.444,0.333,0.447,0.879,0.492,garlawi01
Armen Gilliam,23,PHO,NBA,1987-88,55,53,1807,342,720,342,720,0,0,131,193,134,300,434,72,58,29,123,143,815,0.475,0.475,,0.475,0.679,0.506,gilliar01
Artis Gilmore,38,TOT,NBA,1987-88,71,27,893,99,181,99,181,0,0,67,128,69,142,211,21,15,30,67,148,265,0.547,0.547,,0.547,0.523,0.558,gilmoar01
Mike Gminski,28,TOT,NBA,1987-88,81,81,2961,505,1126,505,1124,0,2,355,392,245,569,814,139,64,118,177,176,1365,0.448,0.449,0,0.448,0.906,0.526,gminsmi01
Lancaster Gordon,25,LAC,NBA,1987-88,8,0,65,11,31,11,31,0,0,6,6,2,2,4,7,1,2,4,8,28,0.355,0.355,,0.355,1,0.416,gordola01
Horace Grant,22,CHI,NBA,1987-88,81,6,1827,254,507,254,505,0,2,114,182,155,292,447,89,51,53,86,221,622,0.501,0.503,0,0.501,0.626,0.53,grantho01
Stuart Gray,24,IND,NBA,1987-88,74,0,807,90,193,90,192,0,1,44,73,70,180,250,44,11,32,50,152,224,0.466,0.469,0,0.466,0.603,0.498,grayst01
A.C. Green,24,LAL,NBA,1987-88,82,64,2636,322,640,322,638,0,2,293,379,245,465,710,93,87,45,120,204,937,0.503,0.505,0,0.503,0.773,0.581,greenac01
Rickey Green,33,UTA,NBA,1987-88,81,3,1116,157,370,153,351,4,19,75,83,14,66,80,300,57,1,94,83,393,0.424,0.436,0.211,0.43,0.904,0.483,greenri01
Sidney Green,27,NYK,NBA,1987-88,82,65,2049,258,585,258,583,0,2,126,190,221,421,642,93,65,32,148,318,642,0.441,0.443,0,0.441,0.663,0.48,greensi02
Dave Greenwood,30,SAS,NBA,1987-88,45,40,1236,151,328,151,326,0,2,83,111,92,208,300,97,33,22,74,134,385,0.46,0.463,0,0.46,0.748,0.511,greenda01
Claude Gregory,29,LAC,NBA,1987-88,23,2,313,61,134,61,133,0,1,12,36,37,58,95,16,9,13,22,37,134,0.455,0.459,0,0.455,0.333,0.447,gregocl01
Darrell Griffith,29,UTA,NBA,1987-88,52,11,1052,251,585,223,483,28,102,59,92,36,91,127,91,52,5,67,102,589,0.429,0.462,0.275,0.453,0.641,0.471,griffda01
Petur Gudmundsson,29,SAS,NBA,1987-88,69,9,1017,139,280,139,279,0,1,117,145,93,230,323,86,18,61,103,197,395,0.496,0.498,0,0.496,0.807,0.574,gudmupe01
Bob Hansen,27,UTA,NBA,1987-88,81,51,1796,316,611,284,514,32,97,113,152,64,123,187,175,65,5,91,193,777,0.517,0.553,0.33,0.543,0.743,0.573,hansebo01
Bill Hanzlik,30,DEN,NBA,1987-88,77,0,1334,109,287,106,271,3,16,129,163,39,132,171,166,64,17,95,185,350,0.38,0.391,0.188,0.385,0.791,0.488,hanzlbi01
Derek Harper,26,DAL,NBA,1987-88,82,82,3032,536,1167,476,975,60,192,261,344,71,175,246,634,168,35,190,164,1393,0.459,0.488,0.313,0.485,0.759,0.528,harpede01
Ron Harper,24,CLE,NBA,1987-88,57,52,1830,340,732,337,712,3,20,196,278,64,159,223,281,122,52,158,157,879,0.464,0.473,0.15,0.467,0.705,0.514,harpero01
Steve Harris,24,TOT,NBA,1987-88,58,26,1084,223,487,223,480,0,7,89,113,53,73,126,87,50,8,56,89,535,0.458,0.465,0,0.458,0.788,0.498,harrist01
Scott Hastings,27,ATL,NBA,1987-88,55,0,403,40,82,35,70,5,12,25,27,27,70,97,16,8,10,14,67,110,0.488,0.5,0.417,0.518,0.926,0.586,hastisc01
Dave Henderson,23,PHI,NBA,1987-88,22,1,351,47,116,47,115,0,1,32,47,11,24,35,34,12,5,40,41,126,0.405,0.409,0,0.405,0.681,0.461,hendeda01
Gerald Henderson,32,TOT,NBA,1987-88,75,5,1505,194,453,125,290,69,163,138,170,27,80,107,231,69,5,133,187,595,0.428,0.431,0.423,0.504,0.812,0.564,hendege01
Kevin Henderson,23,TOT,NBA,1987-88,17,2,190,21,53,21,52,0,1,15,26,9,12,21,23,8,0,17,26,57,0.396,0.404,0,0.396,0.577,0.442,hendeke01
Conner Henry,24,TOT,NBA,1987-88,39,2,433,62,150,42,105,20,45,39,47,13,36,49,67,12,5,39,37,183,0.413,0.4,0.444,0.48,0.83,0.536,henryco01
Rod Higgins,28,GSW,NBA,1987-88,68,67,2188,381,725,362,686,19,39,273,322,94,199,293,188,70,31,111,188,1054,0.526,0.528,0.487,0.539,0.848,0.608,higgiro01
Roy Hinson,26,TOT,NBA,1987-88,77,57,2592,453,930,453,928,0,2,272,351,159,358,517,99,69,140,169,275,1178,0.487,0.488,0,0.487,0.775,0.543,hinsoro01
Craig Hodges,27,TOT,NBA,1987-88,66,0,1445,242,523,156,348,86,175,59,71,19,59,78,153,46,2,77,118,629,0.463,0.448,0.491,0.545,0.831,0.567,hodgecr01
Mike Holton,26,POR,NBA,1987-88,82,2,1279,163,353,160,338,3,15,107,129,50,99,149,211,41,10,86,154,436,0.462,0.473,0.2,0.466,0.829,0.532,holtomi01
Dave Hoppen,23,TOT,NBA,1987-88,39,8,642,84,183,84,182,0,1,54,62,58,116,174,32,13,6,37,87,222,0.459,0.462,0,0.459,0.871,0.528,hoppeda01
Dennis Hopson,22,NJN,NBA,1987-88,61,19,1365,222,549,210,504,12,45,131,177,63,80,143,118,57,25,119,145,587,0.404,0.417,0.267,0.415,0.74,0.468,hopsode01
Jeff Hornacek,24,PHO,NBA,1987-88,82,49,2243,306,605,289,547,17,58,152,185,71,191,262,540,107,10,156,151,781,0.506,0.528,0.293,0.52,0.822,0.569,hornaje01
Phil Hubbard,31,CLE,NBA,1987-88,78,59,1631,237,485,237,480,0,5,182,243,117,164,281,81,50,7,118,167,656,0.489,0.494,0,0.489,0.749,0.554,hubbaph01
Eddie Hughes,27,UTA,NBA,1987-88,11,0,42,5,13,4,7,1,6,6,6,3,1,4,8,0,0,6,5,17,0.385,0.571,0.167,0.423,1,0.543,hugheed01
Jay Humphries,25,TOT,NBA,1987-88,68,33,1809,284,538,281,520,3,18,112,153,49,125,174,395,81,5,127,177,683,0.528,0.54,0.167,0.531,0.732,0.564,humphja01
Marc Iavaroni,31,UTA,NBA,1987-88,81,71,1238,143,308,143,306,0,2,78,99,94,174,268,67,23,25,83,162,364,0.464,0.467,0,0.464,0.788,0.518,iavarma01
Mark Jackson,22,NYK,NBA,1987-88,82,80,3249,438,1013,406,887,32,126,206,266,120,276,396,868,205,6,258,244,1114,0.432,0.458,0.254,0.448,0.774,0.493,jacksma01
Michael Jackson,23,SAC,NBA,1987-88,58,0,760,64,171,58,146,6,25,23,32,17,42,59,179,20,5,58,81,157,0.374,0.397,0.24,0.392,0.719,0.424,jacksmi02
Buck Johnson,24,HOU,NBA,1987-88,70,2,879,155,298,154,290,1,8,67,91,77,91,168,49,30,26,54,127,378,0.52,0.531,0.125,0.522,0.736,0.559,johnsbu01
Clemon Johnson,31,SEA,NBA,1987-88,74,26,723,49,105,49,105,0,0,22,32,66,108,174,17,13,24,29,104,120,0.467,0.467,,0.467,0.688,0.504,johnscl01
Dennis Johnson,33,BOS,NBA,1987-88,77,74,2670,352,803,340,757,12,46,255,298,62,178,240,598,93,29,195,204,971,0.438,0.449,0.261,0.446,0.856,0.52,johnsde01
Eddie Johnson,28,PHO,NBA,1987-88,73,59,2177,533,1110,509,1016,24,94,204,240,121,197,318,180,33,9,139,190,1294,0.48,0.501,0.255,0.491,0.85,0.532,johnsed03
Frank Johnson,29,WSB,NBA,1987-88,75,17,1258,216,498,215,489,1,9,121,149,39,82,121,188,70,4,99,120,554,0.434,0.44,0.111,0.435,0.812,0.492,johnsfr01
Kannard Johnson,22,CLE,NBA,1987-88,4,0,12,1,3,1,3,0,0,0,0,0,0,0,0,1,0,2,1,2,0.333,0.333,,0.333,,0.333,johnska01
Kevin Johnson,21,TOT,NBA,1987-88,80,28,1917,275,596,270,572,5,24,177,211,36,155,191,437,103,24,146,155,732,0.461,0.472,0.208,0.466,0.839,0.531,johnske02
Magic Johnson,28,LAL,NBA,1987-88,72,70,2637,490,996,479,940,11,56,417,489,88,361,449,858,114,13,269,147,1408,0.492,0.51,0.196,0.497,0.853,0.581,johnsma02
Steve Johnson,30,POR,NBA,1987-88,43,33,1050,258,488,258,487,0,1,146,249,84,158,242,57,17,32,122,151,662,0.529,0.53,0,0.529,0.586,0.554,johnsst03
Vinnie Johnson,31,DET,NBA,1987-88,82,1,1935,425,959,420,935,5,24,147,217,90,141,231,267,58,18,152,164,1002,0.443,0.449,0.208,0.446,0.677,0.475,johnsvi01
Caldwell Jones,37,POR,NBA,1987-88,79,77,1778,128,263,128,259,0,4,78,106,105,303,408,81,29,99,82,251,334,0.487,0.494,0,0.487,0.736,0.539,jonesca01
Charles Jones,30,WSB,NBA,1987-88,69,49,1313,72,177,72,176,0,1,53,75,106,219,325,59,53,113,57,226,197,0.407,0.409,0,0.407,0.707,0.469,jonesch01
Charles Jones,26,POR,NBA,1987-88,37,0,186,16,40,16,39,0,1,19,33,11,20,31,8,3,6,12,28,51,0.4,0.41,0,0.4,0.576,0.468,jonesch02
Michael Jordan,24,CHI,NBA,1987-88,82,82,3311,1069,1998,1062,1945,7,53,723,860,139,310,449,485,259,131,252,270,2868,0.535,0.546,0.132,0.537,0.841,0.603,jordami01
Jerome Kersey,25,POR,NBA,1987-88,79,75,2888,611,1225,608,1210,3,15,291,396,211,446,657,243,127,65,161,302,1516,0.499,0.502,0.2,0.5,0.735,0.542,kerseje01
Albert King,28,PHI,NBA,1987-88,72,44,1593,211,540,194,491,17,49,78,103,71,145,216,109,39,18,93,219,517,0.391,0.395,0.347,0.406,0.757,0.442,kingal01
Bernard King,31,WSB,NBA,1987-88,69,38,2044,470,938,469,932,1,6,247,324,86,194,280,192,49,10,211,202,1188,0.501,0.503,0.167,0.502,0.762,0.55,kingbe01
Greg Kite,26,TOT,NBA,1987-88,53,19,1063,92,205,92,204,0,1,40,79,85,179,264,47,19,58,73,153,224,0.449,0.451,0,0.449,0.506,0.467,kitegr01
Joe Kleine,26,SAC,NBA,1987-88,82,60,1999,324,686,324,686,0,0,153,188,179,400,579,93,28,59,107,228,801,0.472,0.472,,0.472,0.814,0.521,kleinjo01
Bart Kofoed,23,UTA,NBA,1987-88,36,0,225,18,48,16,41,2,7,8,13,4,11,15,23,6,1,18,42,46,0.375,0.39,0.286,0.396,0.615,0.428,kofoeba01
Jon Koncak,24,ATL,NBA,1987-88,49,22,1073,98,203,98,201,0,2,83,136,103,230,333,19,36,56,53,161,279,0.483,0.488,0,0.483,0.61,0.531,koncajo01
Larry Krystkowiak,23,MIL,NBA,1987-88,50,7,1050,128,266,128,263,0,3,103,127,88,143,231,50,18,8,57,137,359,0.481,0.487,0,0.481,0.811,0.558,krystla01
Bill Laimbeer,30,DET,NBA,1987-88,82,82,2897,455,923,442,884,13,39,187,214,165,667,832,199,66,78,136,284,1110,0.493,0.5,0.333,0.5,0.874,0.546,laimbbi01
Jeff Lamp,28,LAL,NBA,1987-88,3,0,7,0,0,0,0,0,0,2,2,0,0,0,0,0,0,0,1,2,,,,,1,1.136,lampje01
Allen Leavell,30,HOU,NBA,1987-88,80,54,2150,291,666,272,578,19,88,218,251,22,126,148,405,124,9,130,162,819,0.437,0.471,0.216,0.451,0.869,0.527,leaveal01
Fat Lever,27,DEN,NBA,1987-88,82,82,3061,643,1360,631,1303,12,57,248,316,203,462,665,639,223,21,182,214,1546,0.473,0.484,0.211,0.477,0.785,0.516,leverfa01
Cliff Levingston,27,ATL,NBA,1987-88,82,32,2135,314,564,313,562,1,2,190,246,228,276,504,71,52,84,94,287,819,0.557,0.557,0.5,0.558,0.772,0.609,levincl01
Ralph Lewis,24,DET,NBA,1987-88,50,0,310,27,87,27,86,0,1,29,48,17,34,51,14,13,4,19,36,83,0.31,0.314,0,0.31,0.604,0.384,lewisra01
Reggie Lewis,22,BOS,NBA,1987-88,49,0,405,90,193,90,189,0,4,40,57,28,35,63,26,16,15,30,54,220,0.466,0.476,0,0.466,0.702,0.504,lewisre01
Alton Lister,29,SEA,NBA,1987-88,82,55,1812,173,343,172,341,1,2,114,188,200,427,627,58,27,140,90,319,461,0.504,0.504,0.5,0.506,0.606,0.541,listeal01
Brad Lohaus,23,BOS,NBA,1987-88,70,4,718,122,246,119,233,3,13,50,62,46,92,138,49,20,41,59,123,297,0.496,0.511,0.231,0.502,0.806,0.543,lohaubr01
John Long,31,IND,NBA,1987-88,81,81,2022,417,879,383,802,34,77,166,183,72,157,229,173,84,11,127,164,1034,0.474,0.478,0.442,0.494,0.907,0.539,longjo01
John Lucas,34,MIL,NBA,1987-88,81,22,1766,281,631,230,480,51,151,130,162,29,130,159,392,88,3,125,102,743,0.445,0.479,0.338,0.486,0.802,0.529,lucasjo01
Maurice Lucas,35,POR,NBA,1987-88,73,0,1191,168,373,168,370,0,3,109,148,101,214,315,94,33,10,73,188,445,0.45,0.454,0,0.45,0.736,0.508,lucasma01
Rick Mahorn,29,DET,NBA,1987-88,67,64,1963,276,481,275,479,1,2,164,217,159,406,565,60,43,42,119,262,717,0.574,0.574,0.5,0.575,0.756,0.622,mahorri01
Jeff Malone,26,WSB,NBA,1987-88,80,80,2655,648,1360,638,1336,10,24,335,380,44,162,206,237,51,13,172,198,1641,0.476,0.478,0.417,0.48,0.882,0.537,malonje01
Karl Malone,24,UTA,NBA,1987-88,82,82,3198,858,1650,858,1645,0,5,552,789,277,709,986,199,117,50,325,296,2268,0.52,0.522,0,0.52,0.7,0.568,malonka01
Moses Malone,32,WSB,NBA,1987-88,79,78,2692,531,1090,529,1083,2,7,543,689,372,512,884,112,59,72,249,160,1607,0.487,0.488,0.286,0.488,0.788,0.577,malonmo01
Pace Mannion,27,MIL,NBA,1987-88,35,1,477,48,118,46,106,2,12,25,37,17,34,51,55,13,7,24,53,123,0.407,0.434,0.167,0.415,0.676,0.458,mannipa01
Bill Martin,25,PHO,NBA,1987-88,10,0,101,16,51,16,50,0,1,8,13,9,18,27,6,5,0,9,16,40,0.314,0.32,0,0.314,0.615,0.353,martibi01
Maurice Martin,23,DEN,NBA,1987-88,26,0,136,23,61,22,57,1,4,10,21,13,11,24,14,6,3,10,21,57,0.377,0.386,0.25,0.385,0.476,0.406,martima01
Wes Matthews,28,LAL,NBA,1987-88,51,8,706,114,248,107,218,7,30,54,65,16,50,66,138,25,3,69,65,289,0.46,0.491,0.233,0.474,0.831,0.522,matthwe01
Cedric Maxwell,32,HOU,NBA,1987-88,71,0,848,80,171,80,169,0,2,110,143,74,105,179,60,22,12,54,75,270,0.468,0.473,0,0.468,0.769,0.577,maxwece01
Tim McCormick,25,TOT,NBA,1987-88,70,55,2114,348,648,348,646,0,2,145,215,146,321,467,118,32,23,111,234,841,0.537,0.539,0,0.537,0.674,0.566,mccorti01
Rodney McCray,26,HOU,NBA,1987-88,81,80,2689,359,746,359,742,0,4,288,367,232,399,631,264,57,51,144,166,1006,0.481,0.484,0,0.481,0.785,0.554,mccraro01
Xavier McDaniel,24,SEA,NBA,1987-88,78,77,2703,687,1407,673,1357,14,50,281,393,206,312,518,263,96,52,223,230,1669,0.488,0.496,0.28,0.493,0.715,0.528,mcdanxa01
Ben McDonald,25,GSW,NBA,1987-88,81,41,2039,258,552,249,517,9,35,87,111,133,202,335,138,39,8,93,246,612,0.467,0.482,0.257,0.476,0.784,0.509,mcdonbe01
Mike McGee,28,TOT,NBA,1987-88,48,0,1003,223,530,170,370,53,160,76,102,55,73,128,71,52,6,65,81,575,0.421,0.459,0.331,0.471,0.745,0.5,mcgeemi01
Kevin McHale,30,BOS,NBA,1987-88,64,63,2390,550,911,550,911,0,0,346,434,159,377,536,171,27,92,141,179,1446,0.604,0.604,,0.604,0.797,0.656,mchalke01
Kevin McKenna,29,NJN,NBA,1987-88,31,2,393,43,109,27,59,16,50,24,25,4,27,31,40,15,2,19,55,126,0.394,0.458,0.32,0.468,0.96,0.525,mckenke01
Derrick McKey,21,SEA,NBA,1987-88,82,4,1706,255,519,244,489,11,30,173,224,115,213,328,107,70,63,108,237,694,0.491,0.499,0.367,0.502,0.772,0.562,mckeyde01
Nate McMillan,23,SEA,NBA,1987-88,82,82,2453,235,496,226,472,9,24,145,205,117,221,338,702,169,47,189,238,624,0.474,0.479,0.375,0.483,0.707,0.532,mcmilna01
Mark McNamara,28,PHI,NBA,1987-88,42,18,581,52,133,52,133,0,0,48,66,66,91,157,18,4,12,26,67,152,0.391,0.391,,0.391,0.727,0.469,mcnamma01
Chris McNealy,26,NYK,NBA,1987-88,19,0,265,23,74,23,74,0,0,21,31,24,40,64,23,16,2,17,50,67,0.311,0.311,,0.311,0.677,0.382,mcneach01
Reggie Miller,22,IND,NBA,1987-88,82,1,1840,306,627,245,455,61,172,149,186,95,95,190,132,53,19,101,157,822,0.488,0.538,0.355,0.537,0.801,0.58,millere01
Dirk Minniefield,27,TOT,NBA,1987-88,72,6,1070,108,221,104,205,4,16,41,55,30,66,96,228,59,3,93,133,261,0.489,0.507,0.25,0.498,0.745,0.532,minnidi01
Mike Mitchell,32,SAS,NBA,1987-88,68,20,1501,378,784,375,772,3,12,160,194,54,144,198,68,31,13,52,101,919,0.482,0.486,0.25,0.484,0.825,0.529,mitchmi01
Paul Mokeski,31,MIL,NBA,1987-88,60,0,848,100,210,100,206,0,4,51,72,70,151,221,22,27,27,49,194,251,0.476,0.485,0,0.476,0.708,0.519,mokespa01
Sidney Moncrief,30,MIL,NBA,1987-88,56,51,1428,217,444,212,413,5,31,164,196,58,122,180,204,41,14,86,109,603,0.489,0.513,0.161,0.494,0.837,0.569,moncrsi01
Andre Moore,23,TOT,NBA,1987-88,10,0,50,9,27,9,27,0,0,6,8,6,8,14,6,2,1,4,6,24,0.333,0.333,,0.333,0.75,0.393,moorean01
Johnny Moore,29,TOT,NBA,1987-88,5,0,61,4,10,4,9,0,1,0,0,2,4,6,12,3,0,7,1,8,0.4,0.444,0,0.4,,0.4,moorejo01
Ron Moore,26,TOT,NBA,1987-88,14,0,59,9,29,9,29,0,0,6,8,2,6,8,1,5,0,4,21,24,0.31,0.31,,0.31,0.75,0.369,moorero01
Chris Mullin,24,GSW,NBA,1987-88,60,55,2033,470,926,436,829,34,97,239,270,58,147,205,290,113,32,156,136,1213,0.508,0.526,0.351,0.526,0.885,0.58,mullich01
Jay Murphy,25,WSB,NBA,1987-88,9,0,46,8,23,8,23,0,0,4,5,4,12,16,1,0,0,5,5,20,0.348,0.348,,0.348,0.8,0.397,murphja01
Ronnie Murphy,23,POR,NBA,1987-88,18,0,89,14,49,13,45,1,4,7,11,5,6,11,6,5,1,8,14,36,0.286,0.289,0.25,0.296,0.636,0.334,murphro01
Tod Murphy,24,LAC,NBA,1987-88,1,0,19,1,1,1,1,0,0,3,4,1,1,2,2,1,0,0,2,5,1,1,,1,0.75,0.906,murphto01
Pete Myers,24,SAS,NBA,1987-88,22,0,328,43,95,43,91,0,4,26,39,11,26,37,48,17,6,33,30,112,0.453,0.473,0,0.453,0.667,0.499,myerspe01
Larry Nance,28,TOT,NBA,1987-88,67,60,2383,487,920,485,914,2,6,304,390,193,414,607,207,63,159,155,242,1280,0.529,0.531,0.333,0.53,0.779,0.586,nancela01
Calvin Natt,31,DEN,NBA,1987-88,27,7,533,102,208,102,207,0,1,54,73,35,61,96,47,13,3,30,43,258,0.49,0.493,0,0.49,0.74,0.537,nattca01
Ed Nealy,27,SAS,NBA,1987-88,68,1,837,50,109,49,107,1,2,41,63,82,140,222,49,29,5,27,94,142,0.459,0.458,0.5,0.463,0.651,0.519,nealyed01
Martin Nessley,22,TOT,NBA,1987-88,44,0,336,20,52,20,52,0,0,8,18,23,59,82,16,8,12,23,89,48,0.385,0.385,,0.385,0.444,0.401,nesslma01
Chuck Nevitt,28,DET,NBA,1987-88,17,0,63,7,21,7,21,0,0,3,6,4,14,18,0,1,5,2,12,17,0.333,0.333,,0.333,0.5,0.36,nevitch01
Johnny Newman,24,NYK,NBA,1987-88,77,25,1589,270,620,244,527,26,93,207,246,87,72,159,62,72,11,103,204,773,0.435,0.463,0.28,0.456,0.841,0.531,newmajo01
Kurt Nimphius,29,SAS,NBA,1987-88,72,7,919,128,257,128,256,0,1,60,83,62,91,153,53,22,56,49,141,316,0.498,0.5,0,0.498,0.723,0.538,nimphku01
Ken Norman,23,LAC,NBA,1987-88,66,28,1435,241,500,241,490,0,10,87,170,100,163,263,78,44,34,103,123,569,0.482,0.492,0,0.482,0.512,0.495,normake01
Mike O'Koren,29,NJN,NBA,1987-88,4,0,52,9,16,9,15,0,1,0,4,1,3,4,2,3,2,0,2,18,0.563,0.6,0,0.563,0,0.507,okoremi01
Charles Oakley,24,CHI,NBA,1987-88,82,82,2816,375,776,372,764,3,12,261,359,326,740,1066,248,68,28,241,272,1014,0.483,0.487,0.25,0.485,0.727,0.543,oaklech01
Hakeem Olajuwon,25,HOU,NBA,1987-88,79,79,2825,712,1385,712,1381,0,4,381,548,302,657,959,163,162,214,243,324,1805,0.514,0.516,0,0.514,0.695,0.555,olajuha01
Jawann Oldham,30,SAC,NBA,1987-88,54,13,946,119,250,119,250,0,0,59,87,82,222,304,33,12,110,62,143,297,0.476,0.476,,0.476,0.678,0.515,oldhaja01
Louis Orr,29,NYK,NBA,1987-88,29,0,180,16,50,16,49,0,1,8,16,13,21,34,9,6,0,14,27,40,0.32,0.327,0,0.32,0.5,0.351,orrlo01
Robert Parish,34,BOS,NBA,1987-88,74,73,2312,442,750,442,749,0,1,177,241,173,455,628,115,55,84,154,198,1061,0.589,0.59,0,0.589,0.734,0.62,parisro01
Jim Paxson,30,TOT,NBA,1987-88,45,3,801,137,298,132,277,5,21,68,79,15,30,45,76,30,5,39,73,347,0.46,0.477,0.238,0.468,0.861,0.521,paxsoji02
John Paxson,27,CHI,NBA,1987-88,81,30,1888,287,582,254,487,33,95,33,45,16,88,104,303,49,1,64,154,640,0.493,0.522,0.347,0.521,0.733,0.532,paxsojo01
Sam Perkins,26,DAL,NBA,1987-88,75,75,2499,394,876,389,846,5,30,273,332,201,400,601,118,74,54,119,227,1066,0.45,0.46,0.167,0.453,0.822,0.521,perkisa01
Chuck Person,23,IND,NBA,1987-88,79,71,2807,575,1252,516,1075,59,177,132,197,171,365,536,309,73,8,210,266,1341,0.459,0.48,0.333,0.483,0.67,0.501,persoch01
Jim Petersen,25,HOU,NBA,1987-88,69,50,1793,249,488,248,482,1,6,114,153,145,291,436,106,36,40,119,203,613,0.51,0.515,0.167,0.511,0.745,0.552,peterji01
Michael Phelps,26,LAC,NBA,1987-88,2,0,23,3,7,3,7,0,0,3,4,0,2,2,3,5,0,2,1,9,0.429,0.429,,0.429,0.75,0.514,phelpmi01
Ricky Pierce,28,MIL,NBA,1987-88,37,0,965,248,486,245,472,3,14,107,122,30,53,83,73,21,7,57,94,606,0.51,0.519,0.214,0.513,0.877,0.561,piercri01
Ed Pinckney,24,SAC,NBA,1987-88,79,7,1177,179,343,179,341,0,2,133,178,94,136,230,66,39,32,77,118,491,0.522,0.525,0,0.522,0.747,0.583,pincked01
Scottie Pippen,22,CHI,NBA,1987-88,79,0,1650,261,564,257,541,4,23,99,172,115,183,298,169,91,52,131,214,625,0.463,0.475,0.174,0.466,0.576,0.489,pippesc01
Olden Polynice,23,SEA,NBA,1987-88,82,0,1080,118,254,118,252,0,2,101,158,122,208,330,33,32,26,81,215,337,0.465,0.468,0,0.465,0.639,0.521,polynol01
Terry Porter,24,POR,NBA,1987-88,82,82,2991,462,890,438,821,24,69,274,324,65,313,378,831,150,16,244,204,1222,0.519,0.533,0.348,0.533,0.846,0.592,portete01
Paul Pressey,29,MIL,NBA,1987-88,75,75,2484,345,702,337,663,8,39,285,357,130,245,375,523,112,34,198,233,983,0.491,0.508,0.205,0.497,0.798,0.572,presspa01
Harold Pressley,24,SAC,NBA,1987-88,80,49,2029,318,702,282,592,36,110,103,130,139,230,369,185,84,55,135,211,775,0.453,0.476,0.327,0.479,0.792,0.51,pressha01
Mark Price,23,CLE,NBA,1987-88,80,79,2626,493,974,421,826,72,148,221,252,54,126,180,480,99,12,184,119,1279,0.506,0.51,0.486,0.543,0.877,0.589,pricema01
Kurt Rambis,29,LAL,NBA,1987-88,70,20,845,102,186,102,186,0,0,73,93,103,165,268,54,39,13,59,103,277,0.548,0.548,,0.548,0.785,0.61,rambiku01
Blair Rasmussen,25,DEN,NBA,1987-88,79,45,1779,435,884,435,884,0,0,132,170,130,307,437,78,22,81,73,241,1002,0.492,0.492,,0.492,0.776,0.523,rasmubl01
Robert Reid,32,HOU,NBA,1987-88,62,31,980,165,356,152,322,13,34,50,63,38,87,125,67,27,5,41,118,393,0.463,0.472,0.382,0.482,0.794,0.512,reidro01
Richard Rellford,23,SAS,NBA,1987-88,4,0,42,5,8,5,8,0,0,6,8,2,5,7,1,0,3,4,3,16,0.625,0.625,,0.625,0.75,0.694,rellfri01
Jerry Reynolds,25,MIL,NBA,1987-88,62,21,1161,188,419,185,412,3,7,119,154,70,90,160,104,74,32,104,97,498,0.449,0.449,0.429,0.452,0.773,0.512,reynoje01
Doc Rivers,26,ATL,NBA,1987-88,80,80,2502,403,890,394,857,9,33,319,421,83,283,366,747,140,41,210,272,1134,0.453,0.46,0.273,0.458,0.758,0.527,riverdo01
Fred Roberts,27,BOS,NBA,1987-88,74,14,1032,161,330,161,324,0,6,128,165,60,102,162,81,16,15,68,118,450,0.488,0.497,0,0.488,0.776,0.559,roberfr01
Alvin Robertson,25,SAS,NBA,1987-88,82,82,2978,655,1408,628,1313,27,95,273,365,165,333,498,557,243,69,251,300,1610,0.465,0.478,0.284,0.475,0.748,0.513,roberal01
Cliff Robinson,27,PHI,NBA,1987-88,62,51,2110,483,1041,481,1032,2,9,210,293,116,289,405,131,79,39,161,192,1178,0.464,0.466,0.222,0.465,0.717,0.503,robincl01
Dennis Rodman,26,DET,NBA,1987-88,82,32,2147,398,709,393,692,5,17,152,284,318,397,715,110,75,45,156,273,953,0.561,0.568,0.294,0.565,0.535,0.571,rodmade01
Johnny Rogers,24,CLE,NBA,1987-88,24,0,168,26,61,26,59,0,2,10,13,8,19,27,3,4,3,10,23,62,0.426,0.441,0,0.426,0.769,0.465,rogerjo01
Tree Rollins,32,ATL,NBA,1987-88,76,59,1765,133,260,133,260,0,0,70,80,142,317,459,20,31,132,51,229,336,0.512,0.512,,0.512,0.875,0.569,rollitr01
Scott Roth,24,UTA,NBA,1987-88,26,0,201,30,74,28,63,2,11,22,30,7,21,28,16,12,0,11,37,84,0.405,0.444,0.182,0.419,0.733,0.482,rothsc01
Brian Rowsom,22,IND,NBA,1987-88,4,0,16,0,6,0,6,0,0,6,6,1,4,5,1,1,0,1,3,6,0,0,,0,1,0.347,rowsobr01
Walker Russell,27,DET,NBA,1987-88,1,0,1,0,1,0,0,0,1,0,0,0,0,0,1,0,0,0,0,0,0,,0,0,,0,russewa01
John Salley,23,DET,NBA,1987-88,82,16,2003,258,456,258,456,0,0,185,261,166,236,402,113,53,137,120,294,701,0.566,0.566,,0.566,0.709,0.614,sallejo01
Ralph Sampson,27,TOT,NBA,1987-88,48,44,1663,299,682,297,671,2,11,149,196,140,322,462,122,41,88,171,164,749,0.438,0.443,0.182,0.44,0.76,0.487,sampsra01
Mike Sanders,27,TOT,NBA,1987-88,59,16,883,153,303,153,302,0,1,59,76,38,71,109,56,31,9,50,131,365,0.505,0.507,0,0.505,0.776,0.542,sandemi01
Danny Schayes,28,DEN,NBA,1987-88,81,74,2166,361,668,361,666,0,2,407,487,200,462,662,106,62,92,155,323,1129,0.54,0.542,0,0.54,0.836,0.64,schayda01
Russ Schoene,27,SEA,NBA,1987-88,81,2,973,208,454,191,396,17,58,51,63,78,120,198,53,39,13,57,151,484,0.458,0.482,0.293,0.477,0.81,0.502,schoeru01
Detlef Schrempf,25,DAL,NBA,1987-88,82,4,1587,246,539,241,507,5,32,201,266,102,177,279,159,42,32,108,189,698,0.456,0.475,0.156,0.461,0.756,0.532,schrede01
Byron Scott,26,LAL,NBA,1987-88,81,81,3048,710,1348,648,1169,62,179,272,317,76,257,333,335,155,27,161,204,1754,0.527,0.554,0.346,0.55,0.858,0.59,scottby01
Carey Scurry,25,TOT,NBA,1987-88,33,0,455,55,118,52,110,3,8,27,39,30,54,84,50,49,23,43,81,140,0.466,0.473,0.375,0.479,0.692,0.518,scurrca01
Brad Sellers,25,CHI,NBA,1987-88,82,76,2212,326,714,325,707,1,7,124,157,107,143,250,141,34,66,91,174,777,0.457,0.46,0.143,0.457,0.79,0.496,sellebr01
Purvis Short,30,HOU,NBA,1987-88,81,11,1949,474,986,469,965,5,21,206,240,71,151,222,162,58,14,118,197,1159,0.481,0.486,0.238,0.483,0.858,0.531,shortpu01
Jerry Sichting,31,TOT,NBA,1987-88,52,1,694,93,172,83,150,10,22,17,23,9,27,36,93,21,0,22,60,213,0.541,0.553,0.455,0.57,0.739,0.585,sichtje01
Jack Sikma,32,MIL,NBA,1987-88,82,82,2923,514,1058,511,1044,3,14,321,348,195,514,709,279,93,80,157,316,1352,0.486,0.489,0.214,0.487,0.922,0.558,sikmaja01
Scott Skiles,23,IND,NBA,1987-88,51,2,760,86,209,80,189,6,20,45,54,11,55,66,180,22,3,76,97,223,0.411,0.423,0.3,0.426,0.833,0.479,skilesc01
Derek Smith,26,SAC,NBA,1987-88,35,18,899,174,364,166,341,8,23,87,113,35,68,103,89,21,17,48,108,443,0.478,0.487,0.348,0.489,0.77,0.535,smithde02
Kenny Smith,22,SAC,NBA,1987-88,61,60,2170,331,694,319,655,12,39,167,204,40,98,138,434,92,8,184,140,841,0.477,0.487,0.308,0.486,0.819,0.537,smithke01
Larry Smith,30,GSW,NBA,1987-88,20,10,499,58,123,58,122,0,1,11,27,79,103,182,25,12,11,36,63,127,0.472,0.475,0,0.472,0.407,0.471,smithla01
Otis Smith,24,TOT,NBA,1987-88,72,18,1549,325,662,312,621,13,41,178,229,126,121,247,155,91,42,107,160,841,0.491,0.502,0.317,0.501,0.777,0.551,smithot01
Mike Smrek,25,LAL,NBA,1987-88,48,2,421,44,103,44,103,0,0,44,66,27,58,85,8,7,42,30,105,132,0.427,0.427,,0.427,0.667,0.5,smrekmi01
Rory Sparrow,29,TOT,NBA,1987-88,58,25,1044,117,293,115,280,2,13,24,33,15,57,72,167,41,3,58,79,260,0.399,0.411,0.154,0.403,0.727,0.423,sparrro01
Steve Stipanovich,27,IND,NBA,1987-88,80,80,2692,411,828,408,813,3,15,254,314,157,505,662,183,90,69,156,302,1079,0.496,0.502,0.2,0.498,0.809,0.558,stipast01
John Stockton,25,UTA,NBA,1987-88,82,79,2842,454,791,430,724,24,67,272,324,54,183,237,1128,242,16,262,247,1204,0.574,0.594,0.358,0.589,0.84,0.645,stockjo01
John Stroeder,29,MIL,NBA,1987-88,41,0,271,29,79,29,77,0,2,20,30,24,47,71,20,3,12,24,48,78,0.367,0.377,0,0.367,0.667,0.423,stroejo01
Jon Sundvold,26,SAS,NBA,1987-88,52,12,1024,176,379,150,315,26,64,43,48,14,34,48,183,27,2,57,54,421,0.464,0.476,0.406,0.499,0.896,0.526,sundvjo01
Roy Tarpley,23,DAL,NBA,1987-88,81,9,2307,444,888,444,883,0,5,205,277,360,599,959,86,103,86,172,313,1093,0.5,0.503,0,0.5,0.74,0.541,tarplro01
Terry Teagle,27,GSW,NBA,1987-88,47,4,958,248,546,247,537,1,9,97,121,41,40,81,61,32,4,80,95,594,0.454,0.46,0.111,0.455,0.802,0.496,teaglte01
Reggie Theus,30,SAC,NBA,1987-88,73,73,2653,619,1318,603,1259,16,59,320,385,72,160,232,463,59,16,234,173,1574,0.47,0.479,0.271,0.476,0.831,0.529,theusre01
Isiah Thomas,26,DET,NBA,1987-88,81,81,2927,621,1341,591,1244,30,97,305,394,64,214,278,678,141,17,273,217,1577,0.463,0.475,0.309,0.474,0.774,0.521,thomais01
Bernard Thompson,25,PHO,NBA,1987-88,37,7,566,74,159,74,157,0,2,43,60,40,36,76,51,21,1,21,75,191,0.465,0.471,0,0.465,0.717,0.515,thompbe01
Billy Thompson,24,LAL,NBA,1987-88,9,0,38,3,13,3,13,0,0,8,10,2,7,9,1,1,0,6,11,14,0.231,0.231,,0.231,0.8,0.402,thompbi01
LaSalle Thompson,26,SAC,NBA,1987-88,69,9,1257,215,456,213,451,2,5,118,164,138,289,427,68,54,73,109,217,550,0.471,0.472,0.4,0.474,0.72,0.521,thompla01
Mychal Thompson,33,LAL,NBA,1987-88,80,0,2007,370,722,370,719,0,3,185,292,198,291,489,66,38,79,113,251,925,0.512,0.515,0,0.512,0.634,0.544,thompmy01
Bob Thornton,25,TOT,NBA,1987-88,48,2,593,65,130,65,128,0,2,34,55,46,66,112,15,11,3,35,103,164,0.5,0.508,0,0.5,0.618,0.532,thornbo01
Otis Thorpe,25,SAC,NBA,1987-88,82,82,3072,622,1226,622,1220,0,6,460,609,279,558,837,266,62,56,228,264,1704,0.507,0.51,0,0.507,0.755,0.57,thorpot01
Sedale Threatt,26,TOT,NBA,1987-88,71,0,1055,216,425,213,398,3,27,57,71,23,65,88,160,60,8,63,100,492,0.508,0.535,0.111,0.512,0.803,0.539,threase01
Wayman Tisdale,23,IND,NBA,1987-88,79,57,2378,511,998,511,996,0,2,246,314,168,323,491,103,54,34,145,274,1268,0.512,0.513,0,0.512,0.783,0.558,tisdawa01
Ray Tolbert,29,TOT,NBA,1987-88,25,0,259,35,69,35,69,0,0,19,30,23,32,55,10,8,5,21,39,89,0.507,0.507,,0.507,0.633,0.541,tolbera01
Andrew Toney,30,PHI,NBA,1987-88,29,15,522,72,171,63,144,9,27,58,72,8,39,47,108,11,6,50,35,211,0.421,0.438,0.333,0.447,0.806,0.521,toneyan01
Sedric Toney,25,NYK,NBA,1987-88,21,0,139,21,48,16,34,5,14,10,11,3,5,8,24,9,1,12,20,57,0.438,0.471,0.357,0.49,0.909,0.539,toneyse01
Kelly Tripucka,28,UTA,NBA,1987-88,49,21,976,139,303,108,229,31,74,59,68,30,87,117,105,34,4,68,68,368,0.459,0.472,0.419,0.51,0.868,0.553,tripuke01
Trent Tucker,28,NYK,NBA,1987-88,71,4,1248,193,455,124,288,69,167,51,71,32,87,119,117,53,6,47,158,506,0.424,0.431,0.413,0.5,0.718,0.52,tucketr01
Andre Turner,23,HOU,NBA,1987-88,12,0,99,12,34,11,27,1,7,10,14,4,4,8,23,7,1,12,13,35,0.353,0.407,0.143,0.368,0.714,0.436,turnean01
Elston Turner,28,CHI,NBA,1987-88,17,0,98,8,30,8,30,0,0,1,2,8,2,10,9,8,0,10,5,17,0.267,0.267,,0.267,0.5,0.275,turneel01
Melvin Turpin,27,UTA,NBA,1987-88,79,0,1011,199,389,198,386,1,3,71,98,88,148,236,32,26,68,71,157,470,0.512,0.513,0.333,0.513,0.724,0.544,turpime01
Terry Tyler,31,SAC,NBA,1987-88,74,28,1185,184,407,183,400,1,7,41,64,87,155,242,56,43,47,43,85,410,0.452,0.458,0.143,0.453,0.641,0.471,tylerte01
Darnell Valentine,28,LAC,NBA,1987-88,79,31,1636,223,533,208,500,15,33,101,136,37,119,156,382,122,8,148,135,562,0.418,0.416,0.455,0.432,0.743,0.474,valenda01
Kiki Vandeweghe,29,POR,NBA,1987-88,37,7,1038,283,557,261,499,22,58,159,181,36,73,109,71,21,7,48,68,747,0.508,0.523,0.379,0.528,0.878,0.587,vandeki01
Jay Vincent,28,DEN,NBA,1987-88,73,8,1755,446,958,445,954,1,4,231,287,80,229,309,143,46,26,137,198,1124,0.466,0.466,0.25,0.466,0.805,0.518,vinceja01
Sam Vincent,24,TOT,NBA,1987-88,72,27,1501,210,461,202,440,8,21,145,167,35,117,152,381,55,16,136,145,573,0.456,0.459,0.381,0.464,0.868,0.536,vincesa01
Danny Vranes,29,PHI,NBA,1987-88,57,5,772,53,121,53,118,0,3,15,35,45,72,117,36,27,33,25,100,121,0.438,0.449,0,0.438,0.429,0.444,vraneda01
Mark Wade,22,GSW,NBA,1987-88,11,0,123,3,20,3,18,0,2,2,4,3,12,15,34,7,1,13,13,8,0.15,0.167,0,0.15,0.5,0.184,wadema01
Milt Wagner,24,LAL,NBA,1987-88,40,4,380,62,147,60,137,2,10,26,29,4,24,28,61,6,4,22,42,152,0.422,0.438,0.2,0.429,0.897,0.476,wagnemi01
Granville Waiters,27,CHI,NBA,1987-88,22,0,114,9,29,9,28,0,1,0,2,9,19,28,1,2,15,6,26,18,0.31,0.321,0,0.31,0,0.301,waitegr01
Darrell Walker,26,WSB,NBA,1987-88,52,0,940,114,291,114,285,0,6,82,105,43,84,127,100,62,10,69,105,310,0.392,0.4,0,0.392,0.781,0.46,walkeda01
Kenny Walker,23,NYK,NBA,1987-88,82,61,2139,344,728,344,727,0,1,138,178,192,197,389,86,63,59,83,290,826,0.473,0.473,0,0.473,0.775,0.512,walkeke01
Jamie Waller,23,NJN,NBA,1987-88,9,0,91,16,40,16,38,0,2,10,18,9,4,13,3,4,1,11,13,42,0.4,0.421,0,0.4,0.556,0.438,walleja01
Chris Washburn,22,TOT,NBA,1987-88,37,0,260,36,81,36,81,0,0,18,31,28,47,75,6,5,8,17,29,90,0.444,0.444,,0.444,0.581,0.475,washbch01
Duane Washington,23,NJN,NBA,1987-88,15,0,156,18,42,16,38,2,4,16,20,5,17,22,34,12,0,9,23,54,0.429,0.421,0.5,0.452,0.8,0.531,washidu01
Kermit Washington,36,GSW,NBA,1987-88,6,1,56,7,14,7,14,0,0,2,2,9,10,19,0,4,4,4,13,16,0.5,0.5,,0.5,1,0.538,washike01
Pearl Washington,24,NJN,NBA,1987-88,68,10,1379,245,547,234,498,11,49,132,189,54,64,118,206,91,4,141,163,633,0.448,0.47,0.224,0.458,0.698,0.502,washipe01
Spud Webb,24,ATL,NBA,1987-88,82,1,1347,191,402,190,383,1,19,107,131,16,130,146,337,63,12,131,125,490,0.475,0.496,0.053,0.476,0.817,0.533,webbsp01
Chris Welp,24,PHI,NBA,1987-88,10,0,132,18,31,18,31,0,0,12,18,11,13,24,5,5,5,9,25,48,0.581,0.581,,0.581,0.667,0.617,welpch01
Bill Wennington,24,DAL,NBA,1987-88,30,0,125,25,49,24,47,1,2,12,19,14,25,39,4,5,9,9,33,63,0.51,0.511,0.5,0.52,0.632,0.549,wennibi01
Mark West,27,TOT,NBA,1987-88,83,41,2098,316,573,316,572,0,1,170,285,165,358,523,74,47,147,173,265,802,0.551,0.552,0,0.551,0.596,0.574,westma01
Ennis Whatley,25,ATL,NBA,1987-88,5,0,24,4,9,4,9,0,0,3,4,0,4,4,2,2,0,4,3,11,0.444,0.444,,0.444,0.75,0.511,whatlen01
Clinton Wheeler,28,IND,NBA,1987-88,59,0,513,62,132,62,132,0,0,25,34,19,21,40,103,36,2,52,37,149,0.47,0.47,,0.47,0.735,0.507,wheelcl01
Eric White,22,LAC,NBA,1987-88,17,4,352,66,124,65,123,1,1,45,57,31,31,62,9,7,3,21,32,178,0.532,0.528,1,0.536,0.789,0.597,whiteer01
Tony White,22,TOT,NBA,1987-88,49,0,581,111,249,111,243,0,6,39,54,12,19,31,59,20,2,47,57,261,0.446,0.457,0,0.446,0.722,0.478,whiteto01
Jerome Whitehead,31,GSW,NBA,1987-88,72,27,1221,174,360,174,360,0,0,59,82,109,212,321,39,32,21,49,209,407,0.483,0.483,,0.483,0.72,0.514,whiteje01
Dominique Wilkins,28,ATL,NBA,1987-88,78,76,2948,909,1957,871,1828,38,129,541,655,211,291,502,224,103,47,218,162,2397,0.464,0.476,0.295,0.474,0.826,0.534,wilkido01
Gerald Wilkins,24,NYK,NBA,1987-88,81,78,2703,591,1324,552,1195,39,129,191,243,106,164,270,326,90,22,212,183,1412,0.446,0.462,0.302,0.461,0.786,0.493,wilkige01
Buck Williams,27,NJN,NBA,1987-88,70,70,2637,466,832,465,831,1,1,346,518,298,536,834,109,68,44,189,266,1279,0.56,0.56,1,0.561,0.668,0.603,willibu01
Herb Williams,29,IND,NBA,1987-88,75,37,1966,311,732,311,726,0,6,126,171,116,353,469,98,37,146,119,244,748,0.425,0.428,0,0.425,0.737,0.463,willihe01
Hot Rod Williams,25,CLE,NBA,1987-88,77,50,2106,316,663,316,662,0,1,211,279,159,347,506,103,61,145,104,203,843,0.477,0.477,0,0.477,0.756,0.536,williho01
John Williams,21,WSB,NBA,1987-88,82,37,2428,427,910,422,872,5,38,188,256,127,317,444,232,117,34,145,217,1047,0.469,0.484,0.132,0.472,0.734,0.512,willijo02
Kevin Williams,26,SEA,NBA,1987-88,80,9,1084,199,450,198,443,1,7,103,122,61,66,127,96,62,7,68,207,502,0.442,0.447,0.143,0.443,0.844,0.498,willike01
Reggie Williams,23,LAC,NBA,1987-88,35,14,857,152,427,139,369,13,58,48,66,55,63,118,58,29,21,63,108,365,0.356,0.377,0.224,0.371,0.727,0.4,willire01
Kevin Willis,25,ATL,NBA,1987-88,75,55,2091,356,687,356,685,0,2,159,245,235,312,547,28,68,41,138,240,871,0.518,0.52,0,0.518,0.649,0.548,willike02
Nikita Wilson,23,POR,NBA,1987-88,15,0,54,7,23,7,23,0,0,5,6,2,9,11,3,0,0,5,7,19,0.304,0.304,,0.304,0.833,0.371,wilsoni01
Ricky Wilson,23,TOT,NBA,1987-88,24,1,420,43,110,33,84,10,26,29,40,2,25,27,69,23,3,25,40,125,0.391,0.393,0.385,0.436,0.725,0.49,wilsori02
David Wingate,24,PHI,NBA,1987-88,61,22,1419,218,545,208,505,10,40,99,132,44,57,101,119,47,22,104,125,545,0.4,0.412,0.25,0.409,0.75,0.452,wingada01
Rickie Winslow,23,MIL,NBA,1987-88,7,0,45,3,13,3,12,0,1,1,2,3,4,7,2,1,0,4,9,7,0.231,0.25,0,0.231,0.5,0.252,winslri01
Randy Wittman,28,ATL,NBA,1987-88,82,82,2412,376,787,376,787,0,0,71,89,39,131,170,302,50,18,82,117,823,0.478,0.478,,0.478,0.798,0.498,wittmra01
Joe Wolf,23,LAC,NBA,1987-88,42,26,1137,136,334,133,319,3,15,45,54,51,136,187,98,38,16,76,139,320,0.407,0.417,0.2,0.412,0.833,0.447,wolfjo01
Leon Wood,25,TOT,NBA,1987-88,52,8,909,136,312,84,185,52,127,76,99,17,40,57,174,26,1,39,50,400,0.436,0.454,0.409,0.519,0.768,0.562,woodle01
Mike Woodson,29,LAC,NBA,1987-88,80,77,2534,562,1263,544,1185,18,78,296,341,64,126,190,273,109,26,186,210,1438,0.445,0.459,0.231,0.452,0.868,0.509,woodsmi01
Orlando Woolridge,28,NJN,NBA,1987-88,19,12,622,110,247,110,245,0,2,92,130,31,60,91,71,13,20,48,73,312,0.445,0.449,0,0.445,0.708,0.513,woolror01
James Worthy,26,LAL,NBA,1987-88,75,72,2655,617,1161,615,1145,2,16,242,304,129,245,374,289,72,55,155,175,1478,0.531,0.537,0.125,0.532,0.796,0.571,worthja01
Brad Wright,25,DEN,NBA,1987-88,2,0,7,1,5,1,5,0,0,0,0,0,1,1,0,0,0,2,3,2,0.2,0.2,,0.2,,0.2,wrighbr01
Danny Young,25,SEA,NBA,1987-88,77,0,949,89,218,67,141,22,77,43,53,18,57,75,218,52,2,37,69,243,0.408,0.475,0.286,0.459,0.811,0.503,youngda01
Phil Zevenbergen,23,SAS,NBA,1987-88,8,0,58,15,27,15,27,0,0,0,2,4,9,13,3,3,1,4,12,30,0.556,0.556,,0.556,0,0.538,zevenph01
Kareem Abdul-Jabbar,41,LAL,NBA,1988-89,74,74,1695,313,659,313,656,0,3,122,165,103,231,334,74,38,85,95,196,748,0.475,0.477,0,0.475,0.739,0.511,abdulka01
Mark Acres,26,BOS,NBA,1988-89,62,0,632,55,114,54,113,1,1,26,48,59,87,146,19,19,6,23,94,137,0.482,0.478,1,0.487,0.542,0.507,acresma01
Michael Adams,26,DEN,NBA,1988-89,77,77,2787,468,1082,302,616,166,466,322,393,71,212,283,490,166,11,180,149,1424,0.433,0.49,0.356,0.509,0.819,0.567,adamsmi01
Mark Aguirre,29,TOT,NBA,1988-89,80,76,2597,586,1270,535,1096,51,174,288,393,146,240,386,278,45,36,208,229,1511,0.461,0.488,0.293,0.481,0.733,0.524,aguirma01
Danny Ainge,29,TOT,NBA,1988-89,73,54,2377,480,1051,364,746,116,305,205,240,71,184,255,402,93,8,145,186,1281,0.457,0.488,0.38,0.512,0.854,0.554,aingeda01
Mark Alarie,25,WSB,NBA,1988-89,74,5,1141,206,431,193,393,13,38,73,87,103,152,255,63,25,22,62,160,498,0.478,0.491,0.342,0.493,0.839,0.531,alarima01
Steve Alford,24,TOT,NBA,1988-89,66,3,906,148,324,128,269,20,55,50,61,10,62,72,92,45,3,45,57,366,0.457,0.476,0.364,0.488,0.82,0.522,alforst01
Randy Allen,24,SAC,NBA,1988-89,7,0,43,8,19,8,18,0,1,1,2,3,4,7,0,1,1,2,7,17,0.421,0.444,0,0.421,0.5,0.428,allenra01
Greg Anderson,24,SAS,NBA,1988-89,82,56,2401,460,914,460,911,0,3,207,403,255,421,676,61,102,103,180,221,1127,0.503,0.505,0,0.503,0.514,0.516,andergr01
Michael Anderson,22,SAS,NBA,1988-89,36,12,730,73,175,72,168,1,7,57,82,44,45,89,153,44,3,84,64,204,0.417,0.429,0.143,0.42,0.695,0.483,andermi01
Richard Anderson,28,POR,NBA,1988-89,72,3,1082,145,348,96,207,49,141,32,38,62,169,231,98,44,12,54,100,371,0.417,0.464,0.348,0.487,0.842,0.509,anderri01
Ron Anderson,30,PHI,NBA,1988-89,82,12,2618,566,1152,564,1141,2,11,196,229,167,239,406,139,71,23,126,166,1330,0.491,0.494,0.182,0.492,0.856,0.531,anderro01
Willie Anderson,22,SAS,NBA,1988-89,81,79,2738,640,1285,636,1264,4,21,224,289,152,265,417,372,150,62,261,295,1508,0.498,0.503,0.19,0.5,0.775,0.534,anderwi01
John Bagley,28,NJN,NBA,1988-89,68,20,1642,200,481,189,427,11,54,89,123,36,108,144,391,72,5,159,117,500,0.416,0.443,0.204,0.427,0.724,0.467,baglejo01
Thurl Bailey,27,UTA,NBA,1988-89,82,3,2777,615,1272,613,1267,2,5,363,440,115,332,447,138,48,91,208,185,1595,0.483,0.484,0.4,0.484,0.825,0.544,baileth01
Greg Ballard,34,SEA,NBA,1988-89,2,0,15,1,8,1,7,0,1,4,4,2,5,7,0,0,0,0,3,6,0.125,0.143,0,0.125,1,0.307,ballagr01
Ken Bannister,28,LAC,NBA,1988-89,9,2,130,22,36,22,35,0,1,30,53,6,27,33,3,7,2,8,17,74,0.611,0.629,0,0.611,0.566,0.624,bannike01
Charles Barkley,25,PHI,NBA,1988-89,79,79,3088,700,1208,665,1046,35,162,602,799,403,583,986,325,126,67,254,262,2037,0.579,0.636,0.216,0.594,0.753,0.653,barklch01
John Battle,26,ATL,NBA,1988-89,82,0,1672,287,628,276,594,11,34,194,238,30,110,140,197,42,9,104,125,779,0.457,0.465,0.324,0.466,0.815,0.532,battljo01
Benoit Benjamin,24,LAC,NBA,1988-89,79,62,2585,491,907,491,905,0,2,317,426,164,532,696,157,57,221,237,221,1299,0.541,0.543,0,0.541,0.744,0.593,benjabe01
Ricky Berry,24,SAC,NBA,1988-89,64,21,1406,255,567,190,407,65,160,131,166,57,140,197,80,37,22,82,197,706,0.45,0.467,0.406,0.507,0.789,0.552,berryri01
Walter Berry,24,TOT,NBA,1988-89,69,31,1355,254,501,253,499,1,2,100,143,86,181,267,77,29,48,89,183,609,0.507,0.507,0.5,0.508,0.699,0.54,berrywa01
Larry Bird,32,BOS,NBA,1988-89,6,6,189,49,104,49,104,0,0,18,19,1,36,37,29,6,5,11,18,116,0.471,0.471,,0.471,0.947,0.516,birdla01
Otis Birdsong,33,BOS,NBA,1988-89,13,0,108,18,36,17,33,1,3,0,2,4,9,13,9,3,1,12,10,37,0.5,0.515,0.333,0.514,0,0.502,birdsot01
Uwe Blab,26,DAL,NBA,1988-89,37,0,208,24,52,24,52,0,0,20,25,11,33,44,12,3,13,14,36,68,0.462,0.462,,0.462,0.8,0.54,blabuw01
Rolando Blackman,29,DAL,NBA,1988-89,78,78,2946,594,1249,564,1164,30,85,316,370,70,203,273,288,65,20,165,137,1534,0.476,0.485,0.353,0.488,0.854,0.543,blackro01
Muggsy Bogues,24,CHH,NBA,1988-89,79,21,1755,178,418,177,405,1,13,66,88,53,112,165,620,111,7,124,141,423,0.426,0.437,0.077,0.427,0.75,0.463,boguemu01
Manute Bol,26,GSW,NBA,1988-89,80,4,1769,127,344,107,253,20,91,40,66,116,346,462,27,11,345,79,226,314,0.369,0.423,0.22,0.398,0.606,0.421,bolma01
Anthony Bowie,25,SAS,NBA,1988-89,18,5,438,72,144,71,139,1,5,10,15,25,31,56,29,18,4,22,43,155,0.5,0.511,0.2,0.503,0.667,0.515,bowiean01
Sam Bowie,27,POR,NBA,1988-89,20,0,412,69,153,64,146,5,7,28,49,36,70,106,36,7,33,33,43,171,0.451,0.438,0.714,0.467,0.571,0.49,bowiesa01
Dudley Bradley,31,ATL,NBA,1988-89,38,0,267,28,86,20,55,8,31,8,16,7,25,32,24,16,2,14,41,72,0.326,0.364,0.258,0.372,0.5,0.387,bradldu01
Adrian Branch,25,POR,NBA,1988-89,67,4,811,202,436,195,405,7,31,87,120,63,69,132,60,45,3,64,99,498,0.463,0.481,0.226,0.471,0.725,0.509,brancad01
Randy Breuer,28,MIL,NBA,1988-89,48,4,513,86,179,86,179,0,0,28,51,51,84,135,22,9,37,29,59,200,0.48,0.48,,0.48,0.549,0.496,breuera01
Frank Brickowski,29,SAS,NBA,1988-89,64,60,1822,337,654,337,652,0,2,201,281,148,258,406,131,102,35,165,252,875,0.515,0.517,0,0.515,0.715,0.563,brickfr01
Scott Brooks,23,PHI,NBA,1988-89,82,6,1372,156,371,101,218,55,153,61,69,19,75,94,306,69,3,65,116,428,0.42,0.463,0.359,0.495,0.884,0.533,brooksc01
Mike Brown,25,UTA,NBA,1988-89,66,16,1051,104,248,104,248,0,0,92,130,92,166,258,41,25,17,77,133,300,0.419,0.419,,0.419,0.708,0.491,brownmi01
Tony Brown,28,TOT,NBA,1988-89,43,0,365,50,118,46,102,4,16,24,31,22,22,44,26,15,4,17,42,128,0.424,0.451,0.25,0.441,0.774,0.486,brownto01
Mark Bryant,23,POR,NBA,1988-89,56,32,803,120,247,120,247,0,0,40,69,65,114,179,33,20,7,41,144,280,0.486,0.486,,0.486,0.58,0.505,bryanma01
Greg Butler,22,NYK,NBA,1988-89,33,0,140,20,48,20,45,0,3,16,20,9,19,28,2,1,2,17,28,56,0.417,0.444,0,0.417,0.8,0.493,butlegr01
Michael Cage,27,SEA,NBA,1988-89,80,71,2536,314,630,314,626,0,4,197,265,276,489,765,126,92,52,124,184,825,0.498,0.502,0,0.498,0.743,0.553,cagemi01
Tony Campbell,26,LAL,NBA,1988-89,63,2,787,158,345,156,324,2,21,70,83,53,77,130,47,37,6,62,108,388,0.458,0.481,0.095,0.461,0.843,0.508,campbto01
Antoine Carr,27,ATL,NBA,1988-89,78,12,1488,226,471,226,470,0,1,130,152,106,168,274,91,31,62,82,221,582,0.48,0.481,0,0.48,0.855,0.541,carran01
Joe Barry Carroll,30,NJN,NBA,1988-89,64,62,1996,363,810,363,810,0,0,176,220,118,355,473,105,71,81,143,193,902,0.448,0.448,,0.448,0.8,0.497,carrojo01
Bill Cartwright,31,CHI,NBA,1988-89,78,76,2333,365,768,365,768,0,0,236,308,152,369,521,90,21,41,190,234,966,0.475,0.475,,0.475,0.766,0.535,cartwbi01
Terry Catledge,25,WSB,NBA,1988-89,79,77,2077,334,681,333,676,1,5,153,254,230,342,572,75,46,25,120,250,822,0.49,0.493,0.2,0.491,0.602,0.518,catlete01
Ron Cavenall,29,NJN,NBA,1988-89,5,0,16,2,3,2,3,0,0,2,5,0,2,2,0,0,2,2,2,6,0.667,0.667,,0.667,0.4,0.577,cavenro01
Tom Chambers,29,PHO,NBA,1988-89,81,81,3002,774,1643,746,1557,28,86,509,598,143,541,684,231,87,55,231,271,2085,0.471,0.479,0.326,0.48,0.851,0.547,chambto01
Mike Champion,24,SEA,NBA,1988-89,2,0,4,0,3,0,2,0,1,0,0,0,0,0,0,0,0,1,2,0,0,0,0,0,,0,champmi01
Rex Chapman,21,CHH,NBA,1988-89,75,44,2219,526,1271,466,1080,60,191,155,195,74,113,187,176,70,25,113,167,1267,0.414,0.431,0.314,0.437,0.795,0.467,chapmre01
Maurice Cheeks,32,PHI,NBA,1988-89,71,70,2298,336,696,335,683,1,13,151,195,39,144,183,554,105,17,116,114,824,0.483,0.49,0.077,0.483,0.774,0.527,cheekma01
Derrick Chievous,21,HOU,NBA,1988-89,81,1,1539,277,634,272,610,5,24,191,244,114,142,256,77,48,11,136,161,750,0.437,0.446,0.208,0.441,0.783,0.506,chievde01
Ben Coleman,27,PHI,NBA,1988-89,58,11,703,117,241,117,241,0,0,61,77,49,128,177,17,10,18,48,120,295,0.485,0.485,,0.485,0.792,0.537,colembe01
Steve Colter,26,WSB,NBA,1988-89,80,5,1425,203,457,200,432,3,25,125,167,62,120,182,225,69,14,64,158,534,0.444,0.463,0.12,0.447,0.749,0.503,coltest01
Dallas Comegys,24,SAS,NBA,1988-89,67,10,1119,166,341,166,339,0,2,106,161,112,122,234,30,42,63,85,160,438,0.487,0.49,0,0.487,0.658,0.532,comegda01
Lester Conner,29,NJN,NBA,1988-89,82,63,2532,309,676,296,639,13,37,212,269,100,255,355,604,181,5,181,132,843,0.457,0.463,0.351,0.467,0.788,0.531,connele01
Darwin Cook,30,TOT,NBA,1988-89,66,4,1143,218,478,210,437,8,41,63,78,34,73,107,127,71,10,88,121,507,0.456,0.481,0.195,0.464,0.808,0.495,cookda01
Michael Cooper,32,LAL,NBA,1988-89,80,13,1943,213,494,133,284,80,210,81,93,33,158,191,314,72,32,94,186,587,0.431,0.468,0.381,0.512,0.871,0.549,coopemi01
Wayne Cooper,32,DEN,NBA,1988-89,79,72,1864,220,444,219,440,1,4,79,106,212,407,619,78,36,211,73,302,520,0.495,0.498,0.25,0.497,0.745,0.53,coopewa01
Tyrone Corbin,26,PHO,NBA,1988-89,77,30,1655,245,454,245,452,0,2,141,179,176,222,398,118,82,13,92,222,631,0.54,0.542,0,0.54,0.788,0.592,corbity01
Dave Corzine,32,CHI,NBA,1988-89,81,7,1483,203,440,201,432,2,8,71,96,92,223,315,103,29,45,93,134,479,0.461,0.465,0.25,0.464,0.74,0.497,corzida01
Winston Crite,23,PHO,NBA,1988-89,2,0,6,0,3,0,3,0,0,0,0,1,0,1,0,0,0,1,1,0,0,0,,0,,0,critewi01
Pat Cummings,32,MIA,NBA,1988-89,53,28,1096,197,394,197,392,0,2,72,97,84,197,281,47,29,18,111,160,466,0.5,0.503,0,0.5,0.742,0.534,cummipa01
Terry Cummings,27,MIL,NBA,1988-89,80,78,2824,730,1563,723,1548,7,15,362,460,281,369,650,198,106,72,201,265,1829,0.467,0.467,0.467,0.469,0.787,0.518,cummite01
Earl Cureton,31,CHH,NBA,1988-89,82,41,2047,233,465,233,464,0,1,66,123,188,300,488,130,50,61,114,230,532,0.501,0.502,0,0.501,0.537,0.512,curetea01
Dell Curry,24,CHH,NBA,1988-89,48,0,813,256,521,237,466,19,55,40,46,26,78,104,50,42,4,44,68,571,0.491,0.509,0.345,0.51,0.87,0.527,curryde01
Quintin Dailey,28,LAC,NBA,1988-89,69,51,1722,448,964,447,955,1,9,217,286,69,135,204,154,90,6,122,152,1114,0.465,0.468,0.111,0.465,0.759,0.511,dailequ01
Adrian Dantley,32,TOT,NBA,1988-89,73,67,2422,470,954,470,953,0,1,460,568,117,200,317,171,43,13,163,186,1400,0.493,0.493,0,0.493,0.81,0.581,dantlad01
Brad Daugherty,23,CLE,NBA,1988-89,78,78,2821,544,1012,543,1009,1,3,386,524,167,551,718,285,63,40,230,175,1475,0.538,0.538,0.333,0.538,0.737,0.594,daughbr01
Brad Davis,33,DAL,NBA,1988-89,78,4,1395,183,379,151,277,32,102,99,123,14,94,108,242,48,18,92,151,497,0.483,0.545,0.314,0.525,0.805,0.574,davisbr01
Charles Davis,30,CHI,NBA,1988-89,49,3,545,81,190,77,175,4,15,19,26,47,67,114,31,11,5,22,58,185,0.426,0.44,0.267,0.437,0.731,0.459,davisch02
Mark Davis,25,TOT,NBA,1988-89,33,0,258,49,102,48,92,1,10,28,34,16,21,37,14,13,5,12,39,127,0.48,0.522,0.1,0.485,0.824,0.543,davisma01
Walter Davis,34,DEN,NBA,1988-89,81,0,1857,536,1076,516,1007,20,69,175,199,41,110,151,190,72,5,132,187,1267,0.498,0.512,0.29,0.507,0.879,0.544,daviswa03
Darryl Dawkins,32,DET,NBA,1988-89,14,0,48,9,19,9,19,0,0,9,18,3,4,7,1,0,1,4,13,27,0.474,0.474,,0.474,0.5,0.501,dawkida01
Johnny Dawkins,25,SAS,NBA,1988-89,32,30,1083,177,400,177,396,0,4,100,112,32,69,101,224,55,0,111,64,454,0.443,0.447,0,0.443,0.893,0.505,dawkijo01
Vinny Del Negro,22,SAC,NBA,1988-89,80,2,1556,239,503,233,483,6,20,85,100,48,123,171,206,65,14,77,160,569,0.475,0.482,0.3,0.481,0.85,0.52,delnevi01
Fennis Dembo,23,DET,NBA,1988-89,31,0,74,14,42,14,38,0,4,8,10,8,15,23,5,1,0,7,15,36,0.333,0.368,0,0.333,0.8,0.388,dembofe01
James Donaldson,31,DAL,NBA,1988-89,53,53,1746,193,337,193,337,0,0,95,124,158,412,570,38,24,81,83,111,481,0.573,0.573,,0.573,0.766,0.614,donalja01
Greg Dreiling,26,IND,NBA,1988-89,53,4,396,43,77,43,77,0,0,43,64,39,53,92,18,5,11,39,100,129,0.558,0.558,,0.558,0.672,0.613,dreilgr01
Clyde Drexler,26,POR,NBA,1988-89,78,78,3064,829,1672,802,1568,27,104,438,548,289,326,615,450,213,54,250,269,2123,0.496,0.511,0.26,0.504,0.799,0.555,drexlcl01
Kevin Duckworth,24,POR,NBA,1988-89,79,79,2662,554,1161,554,1159,0,2,324,428,246,389,635,60,56,49,200,300,1432,0.477,0.478,0,0.477,0.757,0.531,duckwke01
Chris Dudley,23,CLE,NBA,1988-89,61,2,544,73,168,73,167,0,1,39,107,72,85,157,21,9,23,44,82,185,0.435,0.437,0,0.435,0.364,0.43,dudlech02
Joe Dumars,25,DET,NBA,1988-89,69,67,2408,456,903,442,874,14,29,260,306,57,115,172,390,63,5,178,103,1186,0.505,0.506,0.483,0.513,0.85,0.571,dumarjo01
Mike Dunleavy,34,MIL,NBA,1988-89,2,0,5,1,2,0,0,1,2,0,0,0,0,0,0,0,0,0,0,3,0.5,,0.5,0.75,,0.75,dunlemi01
T.R. Dunn,33,PHO,NBA,1988-89,34,1,321,12,35,12,35,0,0,9,12,30,30,60,25,12,1,6,35,33,0.343,0.343,,0.343,0.75,0.41,dunntr01
Ledell Eackles,22,WSB,NBA,1988-89,80,6,1459,318,732,309,692,9,40,272,346,100,80,180,123,41,5,128,156,917,0.434,0.447,0.225,0.441,0.786,0.519,eacklle01
Mark Eaton,32,UTA,NBA,1988-89,82,82,2914,188,407,188,407,0,0,132,200,227,616,843,83,40,315,142,290,508,0.462,0.462,,0.462,0.66,0.513,eatonma01
James Edwards,33,DET,NBA,1988-89,76,1,1254,211,422,211,420,0,2,133,194,68,163,231,49,11,31,72,226,555,0.5,0.502,0,0.5,0.686,0.547,edwarja01
Kevin Edwards,23,MIA,NBA,1988-89,79,62,2349,470,1105,460,1068,10,37,144,193,85,177,262,349,139,27,246,154,1094,0.425,0.431,0.27,0.43,0.746,0.46,edwarke01
Craig Ehlo,27,CLE,NBA,1988-89,82,4,1867,249,524,210,424,39,100,71,117,100,195,295,266,110,19,116,161,608,0.475,0.495,0.39,0.512,0.607,0.528,ehlocr01
Dale Ellis,28,SEA,NBA,1988-89,82,82,3190,857,1710,695,1371,162,339,377,462,156,186,342,164,108,22,218,197,2253,0.501,0.507,0.478,0.549,0.816,0.589,ellisda01
Wayne Englestad,22,DEN,NBA,1988-89,11,0,50,11,29,11,29,0,0,6,10,5,11,16,7,1,0,3,12,28,0.379,0.379,,0.379,0.6,0.419,englewa01
Alex English,35,DEN,NBA,1988-89,82,82,2990,924,1881,922,1873,2,8,325,379,148,178,326,383,66,12,198,174,2175,0.491,0.492,0.25,0.492,0.858,0.531,englial01
Patrick Ewing,26,NYK,NBA,1988-89,80,80,2896,727,1282,727,1276,0,6,361,484,213,527,740,188,117,281,266,311,1815,0.567,0.57,0,0.567,0.746,0.607,ewingpa01
Jim Farmer,24,UTA,NBA,1988-89,37,0,412,57,142,48,122,9,20,29,41,22,33,55,28,9,0,26,41,152,0.401,0.393,0.45,0.433,0.707,0.475,farmeji01
Dave Feitl,26,WSB,NBA,1988-89,57,36,828,116,266,116,265,0,1,54,65,69,133,202,36,17,18,65,136,286,0.436,0.438,0,0.436,0.831,0.485,feitlda01
Rolando Ferreira,24,POR,NBA,1988-89,12,0,34,1,18,1,18,0,0,7,8,4,9,13,1,0,1,6,7,9,0.056,0.056,,0.056,0.875,0.209,ferrero01
Duane Ferrell,23,ATL,NBA,1988-89,41,0,231,35,83,35,83,0,0,30,44,19,22,41,10,7,6,12,33,100,0.422,0.422,,0.422,0.682,0.488,ferredu01
Vern Fleming,26,IND,NBA,1988-89,76,69,2552,419,814,416,791,3,23,243,304,85,225,310,494,77,12,192,212,1084,0.515,0.526,0.13,0.517,0.799,0.572,flemive01
Sleepy Floyd,28,HOU,NBA,1988-89,82,82,2788,396,893,287,601,109,292,261,309,48,258,306,709,124,11,253,196,1162,0.443,0.478,0.373,0.504,0.845,0.565,floydsl01
Tellis Frank,23,GSW,NBA,1988-89,32,2,245,34,91,34,90,0,1,39,51,26,35,61,15,14,6,29,59,107,0.374,0.378,0,0.374,0.765,0.472,frankte01
Anthony Frederick,24,IND,NBA,1988-89,46,0,313,63,125,61,120,2,5,24,34,26,26,52,20,14,6,34,59,152,0.504,0.508,0.4,0.512,0.706,0.543,fredean01
Corey Gaines,23,NJN,NBA,1988-89,32,0,337,27,64,26,59,1,5,12,16,3,16,19,67,15,1,20,27,67,0.422,0.441,0.2,0.43,0.75,0.472,gaineco01
Kevin Gamble,23,BOS,NBA,1988-89,44,6,375,75,136,73,125,2,11,35,55,11,31,42,34,14,3,19,40,187,0.551,0.584,0.182,0.559,0.636,0.584,gamblke01
Winston Garland,24,GSW,NBA,1988-89,79,79,2661,466,1074,456,1031,10,43,203,251,101,227,328,505,175,14,187,216,1145,0.434,0.442,0.233,0.439,0.809,0.483,garlawi01
Tom Garrick,22,LAC,NBA,1988-89,71,20,1499,176,359,176,346,0,13,102,127,37,119,156,243,78,9,116,141,454,0.49,0.509,0,0.49,0.803,0.547,garrito01
Kenny Gattison,24,PHO,NBA,1988-89,2,0,9,0,1,0,1,0,0,1,2,0,1,1,0,0,0,0,2,1,0,0,,0,0.5,0.266,gattike01
Ben Gillery,23,SAC,NBA,1988-89,24,0,84,6,19,6,19,0,0,13,23,7,16,23,2,2,4,5,29,25,0.316,0.316,,0.316,0.565,0.429,gillebe01
Armen Gilliam,24,PHO,NBA,1988-89,74,60,2120,468,930,468,930,0,0,240,323,165,376,541,52,54,27,140,176,1176,0.503,0.503,,0.503,0.743,0.548,gilliar01
Mike Gminski,29,PHI,NBA,1988-89,82,82,2739,556,1166,556,1160,0,6,297,341,213,556,769,138,46,106,129,142,1409,0.477,0.479,0,0.477,0.871,0.535,gminsmi01
Grant Gondrezick,26,LAC,NBA,1988-89,27,0,244,38,95,35,84,3,11,26,40,15,21,36,34,13,1,17,36,105,0.4,0.417,0.273,0.416,0.65,0.466,gondrgr01
Orlando Graham,23,GSW,NBA,1988-89,7,0,22,3,10,3,10,0,0,2,4,8,3,11,0,0,0,2,6,8,0.3,0.3,,0.3,0.5,0.34,grahaor01
Ron Grandison,24,BOS,NBA,1988-89,72,0,528,59,142,59,132,0,10,59,80,47,45,92,42,18,3,36,71,177,0.415,0.447,0,0.415,0.738,0.499,grandro01
Gary Grant,23,LAC,NBA,1988-89,71,48,1924,361,830,356,808,5,22,119,162,80,158,238,506,144,9,258,170,846,0.435,0.441,0.227,0.438,0.735,0.469,grantga01
Harvey Grant,23,WSB,NBA,1988-89,71,1,1193,181,390,181,389,0,1,34,57,75,88,163,79,35,29,28,147,396,0.464,0.465,0,0.464,0.596,0.477,grantha01
Horace Grant,23,CHI,NBA,1988-89,79,79,2809,405,781,405,776,0,5,140,199,240,441,681,168,86,62,128,251,950,0.519,0.522,0,0.519,0.704,0.547,grantho01
Stuart Gray,25,IND,NBA,1988-89,72,0,783,72,153,72,152,0,1,44,64,84,161,245,29,11,21,48,128,188,0.471,0.474,0,0.471,0.688,0.519,grayst01
Sylvester Gray,21,MIA,NBA,1988-89,55,15,1220,167,398,166,394,1,4,105,156,117,169,286,117,36,25,102,144,440,0.42,0.421,0.25,0.421,0.673,0.471,graysy01
Jeff Grayer,23,MIL,NBA,1988-89,11,2,200,32,73,32,71,0,2,17,20,14,21,35,22,10,1,19,15,81,0.438,0.451,0,0.438,0.85,0.495,grayeje01
A.C. Green,25,LAL,NBA,1988-89,82,82,2510,401,758,397,741,4,17,282,359,258,481,739,103,94,55,119,172,1088,0.529,0.536,0.235,0.532,0.786,0.594,greenac01
Rickey Green,34,TOT,NBA,1988-89,63,2,871,129,264,126,253,3,11,30,33,11,58,69,187,40,2,61,35,291,0.489,0.498,0.273,0.494,0.909,0.522,greenri01
Sidney Green,28,NYK,NBA,1988-89,82,0,1277,194,422,194,419,0,3,129,170,157,237,394,76,47,18,125,172,517,0.46,0.463,0,0.46,0.759,0.52,greensi02
Dave Greenwood,31,TOT,NBA,1988-89,67,18,1403,167,395,167,395,0,0,132,176,140,262,402,96,47,52,91,201,466,0.423,0.423,,0.423,0.75,0.493,greenda01
Darrell Griffith,30,UTA,NBA,1988-89,82,73,2382,466,1045,405,849,61,196,142,182,77,253,330,130,86,22,141,175,1135,0.446,0.477,0.311,0.475,0.78,0.504,griffda01
Petur Gudmundsson,30,SAS,NBA,1988-89,5,3,70,9,25,9,25,0,0,3,4,5,11,16,5,1,1,8,15,21,0.36,0.36,,0.36,0.75,0.392,gudmupe01
Jack Haley,25,CHI,NBA,1988-89,51,1,289,37,78,37,78,0,0,36,46,21,50,71,10,11,0,26,56,110,0.474,0.474,,0.474,0.783,0.56,haleyja01
Bob Hansen,28,UTA,NBA,1988-89,46,9,964,140,300,121,246,19,54,42,75,29,99,128,50,37,6,43,105,341,0.467,0.492,0.352,0.498,0.56,0.512,hansebo01
Bill Hanzlik,31,DEN,NBA,1988-89,41,0,701,66,151,65,146,1,5,68,87,18,75,93,86,25,5,53,82,201,0.437,0.445,0.2,0.44,0.782,0.531,hanzlbi01
Derek Harper,27,DAL,NBA,1988-89,81,81,2968,538,1127,439,849,99,278,229,284,46,182,228,570,172,41,205,219,1404,0.477,0.517,0.356,0.521,0.806,0.561,harpede01
Ron Harper,25,CLE,NBA,1988-89,82,82,2851,587,1149,558,1033,29,116,323,430,122,287,409,434,185,74,230,224,1526,0.511,0.54,0.25,0.523,0.751,0.57,harpero01
Steve Harris,25,DET,NBA,1988-89,3,0,7,1,4,1,4,0,0,2,2,0,2,2,0,1,0,0,1,4,0.25,0.25,,0.25,1,0.41,harrist01
Scott Hastings,28,MIA,NBA,1988-89,75,6,1206,143,328,134,300,9,28,91,107,72,159,231,59,32,42,68,203,386,0.436,0.447,0.321,0.45,0.85,0.515,hastisc01
Hersey Hawkins,22,PHI,NBA,1988-89,79,79,2577,442,971,371,805,71,166,241,290,51,174,225,239,120,37,158,184,1196,0.455,0.461,0.428,0.492,0.831,0.544,hawkihe01
Gerald Henderson,33,PHI,NBA,1988-89,65,0,986,144,348,111,241,33,107,104,127,17,51,68,140,42,3,73,121,425,0.414,0.461,0.308,0.461,0.819,0.526,hendege01
Rod Higgins,29,GSW,NBA,1988-89,81,1,1887,301,633,235,465,66,168,188,229,111,265,376,160,39,42,76,172,856,0.476,0.505,0.393,0.528,0.821,0.583,higgiro01
Roy Hinson,27,NJN,NBA,1988-89,82,39,2542,495,1027,495,1025,0,2,318,420,152,370,522,71,34,121,165,298,1308,0.482,0.483,0,0.482,0.757,0.54,hinsoro01
Craig Hodges,28,TOT,NBA,1988-89,59,6,1204,203,430,128,250,75,180,48,57,23,66,89,146,43,4,57,90,529,0.472,0.512,0.417,0.559,0.842,0.581,hodgecr01
Mike Holton,27,CHH,NBA,1988-89,67,60,1696,215,504,212,490,3,14,120,143,30,75,105,424,66,12,119,165,553,0.427,0.433,0.214,0.43,0.839,0.488,holtomi01
Dave Hoppen,24,CHH,NBA,1988-89,77,36,1419,199,353,198,351,1,2,101,139,123,261,384,57,25,21,77,239,500,0.564,0.564,0.5,0.565,0.727,0.604,hoppeda01
Dennis Hopson,23,NJN,NBA,1988-89,62,36,1551,299,714,295,687,4,27,186,219,91,111,202,103,70,30,102,150,788,0.419,0.429,0.148,0.422,0.849,0.486,hopsode01
Tito Horford,23,MIL,NBA,1988-89,25,0,112,15,46,15,46,0,0,12,19,9,13,22,3,1,7,15,14,42,0.326,0.326,,0.326,0.632,0.386,horfoti01
Jeff Hornacek,25,PHO,NBA,1988-89,78,73,2487,440,889,413,808,27,81,147,178,75,191,266,465,129,8,111,188,1054,0.495,0.511,0.333,0.51,0.826,0.545,hornaje01
Phil Hubbard,32,CLE,NBA,1988-89,31,0,191,28,63,28,63,0,0,17,25,14,26,40,11,6,0,9,20,73,0.444,0.444,,0.444,0.68,0.493,hubbaph01
Eddie Hughes,28,DEN,NBA,1988-89,26,1,224,28,64,21,42,7,22,7,12,6,13,19,35,17,2,11,30,70,0.438,0.5,0.318,0.492,0.583,0.505,hugheed01
Jay Humphries,26,MIL,NBA,1988-89,73,50,2220,345,714,320,620,25,94,129,158,70,119,189,405,142,5,160,187,844,0.483,0.516,0.266,0.501,0.816,0.539,humphja01
Marc Iavaroni,32,UTA,NBA,1988-89,77,50,796,72,163,72,162,0,1,36,44,41,91,132,32,11,13,52,99,180,0.442,0.444,0,0.442,0.818,0.494,iavarma01
Mark Jackson,23,NYK,NBA,1988-89,72,72,2477,479,1025,398,785,81,240,180,258,106,235,341,619,139,7,226,163,1219,0.467,0.507,0.338,0.507,0.698,0.535,jacksma01
Michael Jackson,24,SAC,NBA,1988-89,14,0,70,9,24,7,18,2,6,1,2,1,3,4,11,3,0,4,12,21,0.375,0.389,0.333,0.417,0.5,0.422,jacksmi02
Avery Johnson,23,SEA,NBA,1988-89,43,0,291,29,83,28,74,1,9,9,16,11,13,24,73,21,3,18,34,68,0.349,0.378,0.111,0.355,0.563,0.378,johnsav01
Buck Johnson,25,HOU,NBA,1988-89,67,51,1850,270,515,269,506,1,9,101,134,114,172,286,126,64,35,110,213,642,0.524,0.532,0.111,0.525,0.754,0.559,johnsbu01
Dennis Johnson,34,BOS,NBA,1988-89,72,72,2309,277,638,270,588,7,50,160,195,31,159,190,472,94,21,175,211,721,0.434,0.459,0.14,0.44,0.821,0.498,johnsde01
Eddie Johnson,29,PHO,NBA,1988-89,70,7,2043,608,1224,537,1052,71,172,217,250,91,215,306,162,47,7,122,198,1504,0.497,0.51,0.413,0.526,0.868,0.564,johnsed03
Frank Johnson,30,HOU,NBA,1988-89,67,0,879,109,246,108,240,1,6,75,93,22,57,79,181,42,0,102,91,294,0.443,0.45,0.167,0.445,0.806,0.512,johnsfr01
Kevin Johnson,22,PHO,NBA,1988-89,81,81,3179,570,1128,568,1106,2,22,508,576,46,294,340,991,135,24,322,226,1650,0.505,0.514,0.091,0.506,0.882,0.597,johnske02
Magic Johnson,29,LAL,NBA,1988-89,77,77,2886,579,1137,520,949,59,188,513,563,111,496,607,988,138,22,312,172,1730,0.509,0.548,0.314,0.535,0.911,0.625,johnsma02
Steve Johnson,31,POR,NBA,1988-89,72,11,1477,296,565,296,565,0,0,129,245,135,223,358,105,20,44,140,254,721,0.524,0.524,,0.524,0.527,0.536,johnsst03
Vinnie Johnson,32,DET,NBA,1988-89,82,21,2073,462,996,449,952,13,44,193,263,109,146,255,242,74,17,105,155,1130,0.464,0.472,0.295,0.47,0.734,0.508,johnsvi01
Anthony Jones,26,TOT,NBA,1988-89,33,0,196,29,79,25,63,4,16,14,16,14,14,28,17,11,3,5,20,76,0.367,0.397,0.25,0.392,0.875,0.442,jonesan01
Bill Jones,22,NJN,NBA,1988-89,37,0,307,50,102,50,101,0,1,29,43,20,27,47,20,17,6,18,38,129,0.49,0.495,0,0.49,0.674,0.533,jonesbi01
Caldwell Jones,38,POR,NBA,1988-89,72,40,1279,77,183,77,182,0,1,48,61,88,212,300,59,24,85,83,166,202,0.421,0.423,0,0.421,0.787,0.481,jonesca01
Charles Jones,27,WSB,NBA,1988-89,43,0,516,38,82,37,79,1,3,33,53,54,86,140,18,18,16,22,49,110,0.463,0.468,0.333,0.47,0.623,0.522,jonesch02
Charles Jones,31,WSB,NBA,1988-89,53,45,1154,60,125,60,124,0,1,16,25,77,180,257,42,39,76,39,187,136,0.48,0.484,0,0.48,0.64,0.5,jonesch01
Shelton Jones,22,TOT,NBA,1988-89,51,34,682,93,209,93,208,0,1,58,80,32,81,113,42,21,15,47,58,244,0.445,0.447,0,0.445,0.725,0.5,jonessh01
Michael Jordan,25,CHI,NBA,1988-89,81,81,3255,966,1795,939,1697,27,98,674,793,149,503,652,650,234,65,290,247,2633,0.538,0.553,0.276,0.546,0.85,0.614,jordami01
Tim Kempton,25,CHH,NBA,1988-89,79,0,1341,171,335,171,334,0,1,142,207,91,213,304,102,41,14,121,215,484,0.51,0.512,0,0.51,0.686,0.568,kemptti01
Steve Kerr,23,PHO,NBA,1988-89,26,0,157,20,46,12,29,8,17,6,9,3,14,17,24,7,0,6,12,54,0.435,0.414,0.471,0.522,0.667,0.54,kerrst01
Jerome Kersey,26,POR,NBA,1988-89,76,76,2716,533,1137,527,1116,6,21,258,372,246,383,629,243,137,84,167,277,1330,0.469,0.472,0.286,0.471,0.694,0.511,kerseje01
Randolph Keys,22,CLE,NBA,1988-89,42,0,331,74,172,73,162,1,10,20,29,23,33,56,19,12,6,21,51,169,0.43,0.451,0.1,0.433,0.69,0.457,keysra01
Albert King,29,SAS,NBA,1988-89,46,11,791,141,327,133,295,8,32,37,48,33,107,140,79,27,7,74,97,327,0.431,0.451,0.25,0.443,0.771,0.47,kingal01
Bernard King,32,WSB,NBA,1988-89,81,81,2559,654,1371,649,1341,5,30,361,441,133,251,384,294,64,13,227,219,1674,0.477,0.484,0.167,0.479,0.819,0.535,kingbe01
Greg Kite,27,TOT,NBA,1988-89,70,24,942,65,151,65,151,0,0,20,41,81,162,243,36,27,54,58,161,150,0.43,0.43,,0.43,0.488,0.444,kitegr01
Joe Kleine,27,TOT,NBA,1988-89,75,13,1411,175,432,175,430,0,2,134,152,124,254,378,67,33,23,104,192,484,0.405,0.407,0,0.405,0.882,0.485,kleinjo01
Bart Kofoed,24,UTA,NBA,1988-89,19,0,176,12,33,12,32,0,1,6,11,4,7,11,20,9,0,13,22,30,0.364,0.375,0,0.364,0.545,0.396,kofoeba01
Jon Koncak,25,ATL,NBA,1988-89,74,22,1531,141,269,141,266,0,3,63,114,147,306,453,56,54,98,60,238,345,0.524,0.53,0,0.524,0.553,0.54,koncajo01
Larry Krystkowiak,24,MIL,NBA,1988-89,80,77,2472,362,766,358,754,4,12,289,351,198,412,610,107,93,9,147,219,1017,0.473,0.475,0.333,0.475,0.823,0.552,krystla01
Bill Laimbeer,31,DET,NBA,1988-89,81,81,2640,449,900,419,814,30,86,178,212,138,638,776,177,51,100,129,259,1106,0.499,0.515,0.349,0.516,0.84,0.557,laimbbi01
Jeff Lamp,29,LAL,NBA,1988-89,37,0,176,27,69,25,65,2,4,4,5,6,28,34,15,8,2,16,27,60,0.391,0.385,0.5,0.406,0.8,0.421,lampje01
Jerome Lane,22,DEN,NBA,1988-89,54,1,550,109,256,109,249,0,7,43,112,87,113,200,60,20,4,50,105,261,0.426,0.438,0,0.426,0.384,0.427,laneje01
Andrew Lang,22,PHO,NBA,1988-89,62,25,526,60,117,60,117,0,0,39,60,54,93,147,9,17,48,28,112,159,0.513,0.513,,0.513,0.65,0.554,langan01
Allen Leavell,31,HOU,NBA,1988-89,55,3,627,65,188,60,147,5,41,44,60,13,40,53,127,25,5,62,61,179,0.346,0.408,0.122,0.359,0.733,0.417,leaveal01
Eric Leckner,22,UTA,NBA,1988-89,75,0,779,120,220,120,220,0,0,79,113,48,151,199,16,8,22,69,174,319,0.545,0.545,,0.545,0.699,0.591,leckner01
Keith Lee,26,NJN,NBA,1988-89,57,4,840,109,258,109,256,0,2,53,71,73,186,259,42,20,33,53,138,271,0.422,0.426,0,0.422,0.746,0.468,leeke01
Jim Les,25,UTA,NBA,1988-89,82,0,781,40,133,39,119,1,14,57,73,23,64,87,215,27,5,88,88,138,0.301,0.328,0.071,0.305,0.781,0.418,lesji01
Fat Lever,28,DEN,NBA,1988-89,71,71,2745,558,1221,535,1155,23,66,270,344,187,475,662,559,195,20,157,178,1409,0.457,0.463,0.348,0.466,0.785,0.513,leverfa01
Cliff Levingston,28,ATL,NBA,1988-89,80,52,2184,300,568,299,563,1,5,133,191,194,304,498,75,97,70,105,270,734,0.528,0.531,0.2,0.529,0.696,0.563,levincl01
Ralph Lewis,25,CHH,NBA,1988-89,42,0,336,58,121,57,118,1,3,19,39,35,26,61,15,11,3,24,28,136,0.479,0.483,0.333,0.483,0.487,0.492,lewisra01
Reggie Lewis,23,BOS,NBA,1988-89,81,57,2657,604,1242,601,1220,3,22,284,361,116,261,377,218,124,72,142,258,1495,0.486,0.493,0.136,0.488,0.787,0.534,lewisre01
Alton Lister,30,SEA,NBA,1988-89,82,82,1806,271,543,271,543,0,0,115,178,207,338,545,54,28,180,117,310,657,0.499,0.499,,0.499,0.646,0.529,listeal01
Rob Lock,22,LAC,NBA,1988-89,20,0,110,9,32,9,32,0,0,12,15,14,18,32,4,3,4,13,15,30,0.281,0.281,,0.281,0.8,0.389,lockro01
Brad Lohaus,24,TOT,NBA,1988-89,77,25,1214,210,486,209,475,1,11,81,103,84,172,256,66,30,56,77,161,502,0.432,0.44,0.091,0.433,0.786,0.472,lohaubr01
Grant Long,22,MIA,NBA,1988-89,82,73,2435,336,692,336,687,0,5,304,406,240,306,546,149,122,48,201,337,976,0.486,0.489,0,0.486,0.749,0.561,longgr01
John Long,32,TOT,NBA,1988-89,68,1,919,147,359,139,339,8,20,70,76,18,59,77,80,29,3,57,84,372,0.409,0.41,0.4,0.421,0.921,0.474,longjo01
Sidney Lowe,29,CHH,NBA,1988-89,14,0,250,8,25,8,23,0,2,7,11,6,28,34,93,14,0,9,28,23,0.32,0.348,0,0.32,0.636,0.385,lowesi01
John Lucas,35,SEA,NBA,1988-89,74,8,842,119,299,101,231,18,68,54,77,22,57,79,260,60,1,66,53,310,0.398,0.437,0.265,0.428,0.701,0.466,lucasjo01
Rick Mahorn,30,DET,NBA,1988-89,72,61,1795,203,393,203,391,0,2,116,155,141,355,496,59,40,66,97,206,522,0.517,0.519,0,0.517,0.748,0.566,mahorri01
Dan Majerle,23,PHO,NBA,1988-89,54,5,1354,181,432,154,350,27,82,78,127,62,147,209,130,63,14,48,139,467,0.419,0.44,0.329,0.45,0.614,0.479,majerda01
Jeff Malone,27,WSB,NBA,1988-89,76,75,2418,677,1410,676,1391,1,19,296,340,55,124,179,219,39,14,165,155,1651,0.48,0.486,0.053,0.48,0.871,0.529,malonje01
Karl Malone,25,UTA,NBA,1988-89,80,80,3126,809,1559,804,1543,5,16,703,918,259,594,853,219,144,70,285,286,2326,0.519,0.521,0.313,0.521,0.766,0.592,malonka01
Moses Malone,33,ATL,NBA,1988-89,81,80,2878,538,1096,538,1084,0,12,561,711,386,570,956,112,79,100,245,154,1637,0.491,0.496,0,0.491,0.789,0.581,malonmo01
Danny Manning,22,LAC,NBA,1988-89,26,18,950,177,358,176,353,1,5,79,103,70,101,171,81,44,25,93,89,434,0.494,0.499,0.2,0.496,0.767,0.538,mannida01
Pace Mannion,28,TOT,NBA,1988-89,10,0,32,4,8,4,6,0,2,0,0,0,5,5,2,3,0,3,5,8,0.5,0.667,0,0.5,,0.5,mannipa01
Vernon Maxwell,23,SAS,NBA,1988-89,79,36,2065,357,827,325,698,32,129,181,243,49,153,202,301,86,8,178,136,927,0.432,0.466,0.248,0.451,0.745,0.496,maxweve01
Tim McCormick,26,HOU,NBA,1988-89,81,0,1257,169,351,169,347,0,4,87,129,87,174,261,54,18,24,68,193,425,0.481,0.487,0,0.481,0.674,0.521,mccorti01
Rodney McCray,27,SAC,NBA,1988-89,68,65,2435,340,729,335,707,5,22,169,234,143,371,514,293,57,36,168,121,854,0.466,0.474,0.227,0.47,0.722,0.513,mccraro01
Xavier McDaniel,25,SEA,NBA,1988-89,82,10,2385,677,1385,666,1349,11,36,312,426,177,256,433,134,84,40,210,231,1677,0.489,0.494,0.306,0.493,0.732,0.533,mcdanxa01
Ben McDonald,26,GSW,NBA,1988-89,11,0,103,13,19,13,19,0,0,9,15,4,8,12,5,4,0,3,11,35,0.684,0.684,,0.684,0.6,0.684,mcdonbe01
Mike McGee,29,NJN,NBA,1988-89,80,49,2027,434,917,341,662,93,255,77,144,73,116,189,116,80,12,124,184,1038,0.473,0.515,0.365,0.524,0.535,0.529,mcgeemi01
Kevin McHale,31,BOS,NBA,1988-89,78,74,2876,661,1211,661,1207,0,4,436,533,223,414,637,172,26,97,196,223,1758,0.546,0.548,0,0.546,0.818,0.608,mchalke01
Derrick McKey,22,SEA,NBA,1988-89,82,82,2804,487,970,457,881,30,89,301,375,167,297,464,219,105,70,188,264,1305,0.502,0.519,0.337,0.518,0.803,0.575,mckeyde01
Nate McMillan,24,SEA,NBA,1988-89,75,74,2341,199,485,184,415,15,70,119,189,143,245,388,696,156,42,211,236,532,0.41,0.443,0.214,0.426,0.63,0.468,mcmilna01
Mark McNamara,29,LAL,NBA,1988-89,39,0,318,32,64,32,64,0,0,49,78,38,62,100,10,4,3,24,51,113,0.5,0.5,,0.5,0.628,0.575,mcnamma01
Reggie Miller,23,IND,NBA,1988-89,74,70,2536,398,831,300,587,98,244,287,340,73,219,292,227,93,29,143,170,1181,0.479,0.511,0.402,0.538,0.844,0.602,millere01
Todd Mitchell,22,TOT,NBA,1988-89,24,0,353,43,97,43,97,0,0,37,64,18,32,50,21,16,2,33,51,123,0.443,0.443,,0.443,0.578,0.491,mitchto01
Paul Mokeski,32,MIL,NBA,1988-89,74,0,690,59,164,52,138,7,26,40,51,63,124,187,36,29,21,35,153,165,0.36,0.377,0.269,0.381,0.784,0.443,mokespa01
Sidney Moncrief,31,MIL,NBA,1988-89,62,50,1594,261,532,236,459,25,73,205,237,46,126,172,188,65,13,94,114,752,0.491,0.514,0.342,0.514,0.865,0.591,moncrsi01
Chris Morris,23,NJN,NBA,1988-89,76,48,2096,414,905,350,730,64,175,182,254,188,209,397,119,102,60,190,250,1074,0.457,0.479,0.366,0.493,0.717,0.528,morrich01
Richard Morton,22,IND,NBA,1988-89,2,0,11,3,4,3,4,0,0,0,0,0,0,0,1,0,0,1,2,6,0.75,0.75,,0.75,,0.75,mortori01
Chris Mullin,25,GSW,NBA,1988-89,82,82,3093,830,1630,807,1530,23,100,493,553,152,331,483,415,176,39,296,178,2176,0.509,0.527,0.23,0.516,0.892,0.581,mullich01
Pete Myers,25,TOT,NBA,1988-89,33,0,270,31,73,31,71,0,2,33,48,15,18,33,48,20,2,23,44,95,0.425,0.437,0,0.425,0.688,0.505,myerspe01
Larry Nance,29,CLE,NBA,1988-89,73,72,2526,496,920,496,916,0,4,267,334,156,425,581,159,57,206,117,186,1259,0.539,0.541,0,0.539,0.799,0.59,nancela01
Calvin Natt,32,TOT,NBA,1988-89,24,0,353,47,116,47,115,0,1,57,79,28,50,78,18,8,3,30,32,151,0.405,0.409,0,0.405,0.722,0.501,nattca01
Craig Neal,24,TOT,NBA,1988-89,53,0,500,45,123,35,89,10,34,14,23,7,22,29,118,24,4,54,70,114,0.366,0.393,0.294,0.407,0.609,0.428,nealcr01
Ed Nealy,28,TOT,NBA,1988-89,43,0,258,13,36,13,34,0,2,4,9,22,56,78,14,7,1,7,45,30,0.361,0.382,0,0.361,0.444,0.375,nealyed01
Chuck Nevitt,29,HOU,NBA,1988-89,43,0,228,27,62,27,62,0,0,11,16,17,47,64,3,5,29,22,51,65,0.435,0.435,,0.435,0.688,0.471,nevitch01
Johnny Newman,25,NYK,NBA,1988-89,81,80,2336,455,957,358,670,97,287,286,351,93,113,206,162,111,23,153,259,1293,0.475,0.534,0.338,0.526,0.815,0.582,newmajo01
Norm Nixon,33,LAC,NBA,1988-89,53,30,1318,153,370,145,341,8,29,48,65,13,65,78,339,46,0,118,69,362,0.414,0.425,0.276,0.424,0.738,0.454,nixonno01
Ken Norman,24,LAC,NBA,1988-89,80,79,3020,638,1271,634,1250,4,21,170,270,245,422,667,277,106,66,206,223,1450,0.502,0.507,0.19,0.504,0.63,0.522,normake01
Charles Oakley,25,NYK,NBA,1988-89,82,82,2604,426,835,414,787,12,48,197,255,343,518,861,187,104,14,248,270,1061,0.51,0.526,0.25,0.517,0.773,0.56,oaklech01
Hakeem Olajuwon,26,HOU,NBA,1988-89,82,82,3024,790,1556,790,1546,0,10,454,652,338,767,1105,149,213,282,275,329,2034,0.508,0.511,0,0.508,0.696,0.552,olajuha01
Jose Ortiz,25,UTA,NBA,1988-89,51,15,327,55,125,55,124,0,1,31,52,30,28,58,11,8,7,36,40,141,0.44,0.444,0,0.44,0.596,0.477,ortizjo01
Robert Parish,35,BOS,NBA,1988-89,80,80,2840,596,1045,596,1045,0,0,294,409,342,654,996,175,79,116,200,209,1486,0.57,0.57,,0.57,0.719,0.607,parisro01
Jim Paxson,31,BOS,NBA,1988-89,57,7,1138,202,445,198,421,4,24,84,103,18,56,74,107,38,8,57,96,492,0.454,0.47,0.167,0.458,0.816,0.502,paxsoji02
John Paxson,28,CHI,NBA,1988-89,78,20,1738,246,513,202,380,44,133,31,36,13,81,94,308,53,6,71,162,567,0.48,0.532,0.331,0.522,0.861,0.536,paxsojo01
Will Perdue,23,CHI,NBA,1988-89,30,0,190,29,72,29,72,0,0,8,14,18,27,45,11,4,6,15,38,66,0.403,0.403,,0.403,0.571,0.422,perduwi01
Sam Perkins,27,DAL,NBA,1988-89,78,77,2860,445,959,438,921,7,38,274,329,235,453,688,127,76,92,141,224,1171,0.464,0.476,0.184,0.468,0.833,0.53,perkisa01
Tim Perry,23,PHO,NBA,1988-89,62,15,614,108,201,107,197,1,4,40,65,61,71,132,18,19,32,37,47,257,0.537,0.543,0.25,0.54,0.615,0.56,perryti01
Chuck Person,24,IND,NBA,1988-89,80,79,3012,711,1453,648,1248,63,205,243,307,144,372,516,289,83,18,308,280,1728,0.489,0.519,0.307,0.511,0.792,0.544,persoch01
Jim Petersen,26,SAC,NBA,1988-89,66,40,1633,278,606,278,598,0,8,115,154,121,292,413,81,47,68,147,236,671,0.459,0.465,0,0.459,0.747,0.498,peterji01
Ricky Pierce,29,MIL,NBA,1988-89,75,4,2078,527,1018,519,982,8,36,255,297,82,115,197,156,77,19,112,193,1317,0.518,0.529,0.222,0.522,0.859,0.573,piercri01
Ed Pinckney,25,TOT,NBA,1988-89,80,33,2012,319,622,319,616,0,6,280,350,166,283,449,118,83,66,119,202,918,0.513,0.518,0,0.513,0.8,0.591,pincked01
Scottie Pippen,23,CHI,NBA,1988-89,73,56,2413,413,867,392,790,21,77,201,301,138,307,445,256,139,61,199,261,1048,0.476,0.496,0.273,0.488,0.668,0.524,pippesc01
Olden Polynice,24,SEA,NBA,1988-89,80,0,835,91,180,91,178,0,2,51,86,98,108,206,21,37,30,46,164,233,0.506,0.511,0,0.506,0.593,0.535,polynol01
Dave Popson,24,TOT,NBA,1988-89,17,0,106,16,40,16,40,0,0,2,4,12,15,27,8,1,3,10,17,34,0.4,0.4,,0.4,0.5,0.407,popsoda01
Terry Porter,25,POR,NBA,1988-89,81,81,3102,540,1146,461,927,79,219,272,324,85,282,367,770,146,8,248,187,1431,0.471,0.497,0.361,0.506,0.84,0.555,portete01
Paul Pressey,30,MIL,NBA,1988-89,67,62,2170,307,648,295,593,12,55,187,241,73,189,262,439,119,44,184,221,813,0.474,0.497,0.218,0.483,0.776,0.539,presspa01
Dominic Pressley,24,TOT,NBA,1988-89,13,0,124,9,31,9,29,0,2,5,9,3,12,15,26,4,0,11,11,23,0.29,0.31,0,0.29,0.556,0.329,pressdo01
Harold Pressley,25,SAC,NBA,1988-89,80,36,2257,383,873,264,578,119,295,96,123,216,269,485,174,93,76,124,215,981,0.439,0.457,0.403,0.507,0.78,0.529,pressha01
Mark Price,24,CLE,NBA,1988-89,75,74,2728,529,1006,436,795,93,211,263,292,48,178,226,631,115,7,212,98,1414,0.526,0.548,0.441,0.572,0.901,0.623,pricema01
Kurt Rambis,30,CHH,NBA,1988-89,75,75,2233,325,627,325,624,0,3,182,248,269,434,703,159,100,57,148,208,832,0.518,0.521,0,0.518,0.734,0.565,rambiku01
Blair Rasmussen,26,DEN,NBA,1988-89,77,22,1308,257,577,257,577,0,0,69,81,105,182,287,49,29,41,49,194,583,0.445,0.445,,0.445,0.852,0.476,rasmubl01
Robert Reid,33,CHH,NBA,1988-89,82,54,2152,519,1214,502,1162,17,52,152,196,82,220,302,153,53,20,106,235,1207,0.428,0.432,0.327,0.435,0.776,0.464,reidro01
Jerry Reynolds,26,SEA,NBA,1988-89,56,0,737,149,357,146,342,3,15,127,167,49,51,100,62,53,26,57,58,428,0.417,0.427,0.2,0.422,0.76,0.497,reynoje01
Mitch Richmond,23,GSW,NBA,1988-89,79,79,2717,649,1386,616,1296,33,90,410,506,158,310,468,334,82,13,269,223,1741,0.468,0.475,0.367,0.48,0.81,0.541,richmmi01
Ramon Rivas,22,BOS,NBA,1988-89,28,0,91,12,31,12,30,0,1,16,25,9,15,24,3,4,1,9,21,40,0.387,0.4,0,0.387,0.64,0.476,rivasra01
David Rivers,24,LAL,NBA,1988-89,47,0,440,49,122,48,116,1,6,35,42,13,30,43,106,23,9,61,50,134,0.402,0.414,0.167,0.406,0.833,0.477,riverda01
Doc Rivers,27,ATL,NBA,1988-89,76,76,2462,371,816,328,692,43,124,247,287,89,197,286,525,181,40,158,263,1032,0.455,0.474,0.347,0.481,0.861,0.548,riverdo01
Fred Roberts,28,MIL,NBA,1988-89,71,3,1251,155,319,152,305,3,14,104,129,68,141,209,66,36,23,80,126,417,0.486,0.498,0.214,0.491,0.806,0.555,roberfr01
Alvin Robertson,26,SAS,NBA,1988-89,65,65,2287,465,962,456,917,9,45,183,253,157,227,384,393,197,36,231,259,1122,0.483,0.497,0.2,0.488,0.723,0.523,roberal01
Cliff Robinson,28,PHI,NBA,1988-89,14,13,416,90,187,90,186,0,1,32,44,19,56,75,32,17,2,34,37,212,0.481,0.484,0,0.481,0.727,0.514,robincl01
Dennis Rodman,27,DET,NBA,1988-89,82,8,2208,316,531,310,505,6,26,97,155,327,445,772,99,55,76,126,292,735,0.595,0.614,0.231,0.601,0.626,0.613,rodmade01
Tree Rollins,33,CLE,NBA,1988-89,60,2,583,62,138,62,137,0,1,12,19,38,101,139,19,11,38,22,89,136,0.449,0.453,0,0.449,0.632,0.465,rollitr01
Rob Rose,24,LAC,NBA,1988-89,2,0,3,0,1,0,1,0,0,0,0,1,1,2,0,0,0,0,0,0,0,0,,0,,0,rosero01
Scott Roth,25,TOT,NBA,1988-89,63,3,536,59,167,56,151,3,16,60,87,20,44,64,55,24,5,40,69,181,0.353,0.371,0.188,0.362,0.69,0.441,rothsc01
Jim Rowinski,28,TOT,NBA,1988-89,9,0,15,1,4,1,4,0,0,5,6,1,4,5,0,0,0,0,0,7,0.25,0.25,,0.25,0.833,0.527,rowinji01
Brian Rowsom,23,CHH,NBA,1988-89,34,0,517,80,162,79,161,1,1,65,81,56,81,137,24,10,12,18,69,226,0.494,0.491,1,0.497,0.802,0.572,rowsobr01
John Salley,24,DET,NBA,1988-89,67,21,1458,166,333,166,331,0,2,135,195,134,201,335,75,40,72,100,197,467,0.498,0.502,0,0.498,0.692,0.558,sallejo01
Ralph Sampson,28,GSW,NBA,1988-89,61,36,1086,164,365,161,357,3,8,62,95,105,202,307,77,31,65,90,170,393,0.449,0.451,0.375,0.453,0.653,0.483,sampsra01
Mike Sanders,28,CLE,NBA,1988-89,82,82,2102,332,733,329,723,3,10,97,135,98,209,307,133,89,32,104,230,764,0.453,0.455,0.3,0.455,0.719,0.482,sandemi01
Danny Schayes,29,DEN,NBA,1988-89,76,64,1918,317,607,314,598,3,9,332,402,142,358,500,105,42,81,160,320,969,0.522,0.525,0.333,0.525,0.826,0.618,schayda01
Russ Schoene,28,SEA,NBA,1988-89,69,1,774,135,349,93,239,42,110,46,57,58,107,165,36,37,24,48,136,358,0.387,0.389,0.382,0.447,0.807,0.479,schoeru01
Detlef Schrempf,26,TOT,NBA,1988-89,69,13,1850,274,578,267,543,7,35,273,350,126,269,395,179,53,19,133,220,828,0.474,0.492,0.2,0.48,0.78,0.566,schrede01
Byron Scott,27,LAL,NBA,1988-89,74,73,2605,588,1198,511,1005,77,193,195,226,72,230,302,231,114,27,157,181,1448,0.491,0.508,0.399,0.523,0.863,0.558,scottby01
Rony Seikaly,23,MIA,NBA,1988-89,78,62,1962,333,744,332,740,1,4,181,354,204,345,549,55,46,96,200,258,848,0.448,0.449,0.25,0.448,0.511,0.471,seikaro01
Brad Sellers,26,CHI,NBA,1988-89,80,25,1732,231,476,228,470,3,6,86,101,85,142,227,99,35,69,72,176,551,0.485,0.485,0.5,0.488,0.851,0.529,sellebr01
Charles Shackleford,22,NJN,NBA,1988-89,60,0,484,83,168,83,167,0,1,21,42,50,103,153,21,15,18,27,71,187,0.494,0.497,0,0.494,0.5,0.501,shackch01
John Shasky,24,MIA,NBA,1988-89,65,4,944,121,248,121,246,0,2,115,167,96,136,232,22,14,13,46,94,357,0.488,0.492,0,0.488,0.689,0.555,shaskjo01
Brian Shaw,22,BOS,NBA,1988-89,82,54,2301,297,686,297,673,0,13,109,132,119,257,376,472,78,27,188,211,703,0.433,0.441,0,0.433,0.826,0.472,shawbr01
Purvis Short,31,HOU,NBA,1988-89,65,16,1157,198,480,189,447,9,33,77,89,65,114,179,107,44,13,70,116,482,0.413,0.423,0.273,0.422,0.865,0.464,shortpu01
Jerry Sichting,32,POR,NBA,1988-89,25,1,390,46,104,43,92,3,12,7,8,9,20,29,59,15,0,25,17,102,0.442,0.467,0.25,0.457,0.875,0.474,sichtje01
Jack Sikma,33,MIL,NBA,1988-89,80,80,2587,360,835,278,619,82,216,266,294,141,482,623,289,85,61,145,300,1068,0.431,0.449,0.38,0.48,0.905,0.554,sikmaja01
Scott Skiles,24,IND,NBA,1988-89,80,13,1571,198,442,178,367,20,75,130,144,21,128,149,390,64,2,177,151,546,0.448,0.485,0.267,0.471,0.903,0.54,skilesc01
Keith Smart,24,SAS,NBA,1988-89,2,0,12,0,2,0,1,0,1,2,2,0,1,1,2,0,0,2,0,2,0,0,0,0,1,0.347,smartke01
Charles Smith,23,LAC,NBA,1988-89,71,56,2161,435,878,435,875,0,3,285,393,173,292,465,103,68,89,146,273,1155,0.495,0.497,0,0.495,0.725,0.55,smithch01
Derek Smith,27,TOT,NBA,1988-89,65,38,1295,216,496,209,465,7,31,129,188,61,106,167,128,43,23,88,164,568,0.435,0.449,0.226,0.443,0.686,0.491,smithde02
Kenny Smith,23,SAC,NBA,1988-89,81,81,3145,547,1183,501,1055,46,128,263,357,49,177,226,621,102,7,249,173,1403,0.462,0.475,0.359,0.482,0.737,0.523,smithke01
Larry Smith,31,GSW,NBA,1988-89,80,78,1897,219,397,219,397,0,0,18,58,272,380,652,118,61,54,110,248,456,0.552,0.552,,0.552,0.31,0.54,smithla01
Otis Smith,25,GSW,NBA,1988-89,80,5,1597,311,715,304,678,7,37,174,218,128,202,330,140,88,40,129,165,803,0.435,0.448,0.189,0.44,0.798,0.495,smithot01
Rik Smits,22,IND,NBA,1988-89,82,71,2041,386,746,386,745,0,1,184,255,185,315,500,70,37,151,130,310,956,0.517,0.518,0,0.517,0.722,0.557,smitsri01
Mike Smrek,26,SAS,NBA,1988-89,43,18,623,72,153,72,153,0,0,49,76,42,87,129,12,13,58,48,102,193,0.471,0.471,,0.471,0.645,0.518,smrekmi01
Rory Sparrow,30,MIA,NBA,1988-89,80,79,2613,444,982,426,908,18,74,94,107,55,161,216,429,103,17,204,168,1000,0.452,0.469,0.243,0.461,0.879,0.486,sparrro01
John Starks,23,GSW,NBA,1988-89,36,0,316,51,125,41,99,10,26,34,52,15,26,41,27,23,3,39,36,146,0.408,0.414,0.385,0.448,0.654,0.494,starkjo01
Everette Stephens,22,IND,NBA,1988-89,35,0,209,23,72,21,62,2,10,17,22,11,12,23,37,9,4,29,22,65,0.319,0.339,0.2,0.333,0.773,0.398,stephev01
Brook Steppe,29,POR,NBA,1988-89,27,2,244,33,78,28,69,5,9,32,37,13,19,32,16,11,1,13,32,103,0.423,0.406,0.556,0.455,0.865,0.546,steppbr01
John Stockton,26,UTA,NBA,1988-89,82,82,3171,497,923,481,857,16,66,390,452,83,165,248,1118,263,14,308,241,1400,0.538,0.561,0.242,0.547,0.863,0.624,stockjo01
Rod Strickland,22,NYK,NBA,1988-89,81,10,1358,265,567,246,508,19,59,172,231,51,109,160,319,98,3,148,142,721,0.467,0.484,0.322,0.484,0.745,0.539,stricro02
John Stroeder,30,TOT,NBA,1988-89,5,0,22,2,5,2,5,0,0,0,0,5,9,14,3,0,2,3,3,4,0.4,0.4,,0.4,,0.4,stroejo01
Barry Sumpter,23,LAC,NBA,1988-89,1,0,1,0,1,0,1,0,0,0,0,0,0,0,0,0,0,0,0,0,0,0,,0,,0,sumptba01
Jon Sundvold,27,MIA,NBA,1988-89,68,8,1338,307,675,259,583,48,92,47,57,18,69,87,137,27,1,87,78,709,0.455,0.444,0.522,0.49,0.825,0.506,sundvjo01
Roy Tarpley,24,DAL,NBA,1988-89,19,6,591,131,242,131,241,0,1,66,96,77,141,218,17,28,30,45,70,328,0.541,0.544,0,0.541,0.688,0.577,tarplro01
Anthony Taylor,23,MIA,NBA,1988-89,21,7,368,60,151,60,149,0,2,24,32,11,23,34,43,22,5,20,37,144,0.397,0.403,0,0.397,0.75,0.436,tayloan01
Terry Teagle,28,GSW,NBA,1988-89,66,41,1569,409,859,407,847,2,12,182,225,110,153,263,96,79,17,116,173,1002,0.476,0.481,0.167,0.477,0.809,0.523,teaglte01
Reggie Theus,31,ATL,NBA,1988-89,82,82,2517,497,1067,480,1009,17,58,285,335,86,156,242,387,108,16,194,236,1296,0.466,0.476,0.293,0.474,0.851,0.534,theusre01
Isiah Thomas,27,DET,NBA,1988-89,80,76,2924,569,1227,536,1106,33,121,287,351,49,224,273,663,133,20,298,209,1458,0.464,0.485,0.273,0.477,0.818,0.528,thomais01
Bernard Thompson,26,HOU,NBA,1988-89,23,0,222,20,59,20,57,0,2,22,26,9,19,28,13,13,1,19,33,62,0.339,0.351,0,0.339,0.846,0.44,thompbe01
Billy Thompson,25,MIA,NBA,1988-89,79,58,2273,349,716,349,712,0,4,156,224,241,331,572,176,56,105,189,260,854,0.487,0.49,0,0.487,0.696,0.524,thompbi01
LaSalle Thompson,27,TOT,NBA,1988-89,76,71,2329,416,850,416,849,0,1,227,281,224,494,718,81,79,94,179,285,1059,0.489,0.49,0,0.489,0.808,0.544,thompla01
Mychal Thompson,34,LAL,NBA,1988-89,80,8,1994,291,521,291,520,0,1,156,230,157,310,467,48,58,59,97,224,738,0.559,0.56,0,0.559,0.678,0.593,thompmy01
Bob Thornton,26,PHI,NBA,1988-89,54,0,449,47,111,46,108,1,3,32,60,36,56,92,15,8,7,23,87,127,0.423,0.426,0.333,0.428,0.533,0.462,thornbo01
Otis Thorpe,26,HOU,NBA,1988-89,82,82,3135,521,961,521,959,0,2,328,450,272,515,787,202,82,37,225,259,1370,0.542,0.543,0,0.542,0.729,0.591,thorpot01
Sedale Threatt,27,SEA,NBA,1988-89,63,0,1220,235,476,224,446,11,30,63,77,31,86,117,238,83,4,77,155,544,0.494,0.502,0.367,0.505,0.818,0.533,threase01
Wayman Tisdale,24,TOT,NBA,1988-89,79,35,2434,532,1036,532,1032,0,4,317,410,187,422,609,128,55,52,172,290,1381,0.514,0.516,0,0.514,0.773,0.568,tisdawa01
Ray Tolbert,30,ATL,NBA,1988-89,50,0,341,40,94,40,94,0,0,23,37,31,57,88,16,13,13,35,55,103,0.426,0.426,,0.426,0.622,0.467,tolbera01
Tom Tolbert,23,CHH,NBA,1988-89,14,0,117,17,37,17,34,0,3,6,12,7,14,21,7,2,4,2,20,40,0.459,0.5,0,0.459,0.5,0.473,tolbeto01
Sedric Toney,26,IND,NBA,1988-89,2,0,9,1,5,1,2,0,3,0,1,1,1,2,0,0,0,2,1,2,0.2,0.5,0,0.2,0,0.184,toneyse01
Kelly Tripucka,29,CHH,NBA,1988-89,71,65,2302,568,1215,538,1131,30,84,440,508,79,188,267,224,88,16,236,196,1606,0.467,0.476,0.357,0.48,0.866,0.558,tripuke01
Trent Tucker,29,NYK,NBA,1988-89,81,24,1824,263,579,145,283,118,296,43,55,55,121,176,132,88,6,59,163,687,0.454,0.512,0.399,0.556,0.782,0.569,tucketr01
Andre Turner,24,MIL,NBA,1988-89,4,0,13,3,6,3,6,0,0,0,0,0,3,3,0,2,0,4,2,6,0.5,0.5,,0.5,,0.5,turnean01
Elston Turner,29,DEN,NBA,1988-89,78,12,1746,151,353,149,346,2,7,33,56,109,178,287,144,90,8,60,209,337,0.428,0.431,0.286,0.431,0.589,0.446,turneel01
Terry Tyler,32,DAL,NBA,1988-89,70,11,1057,169,360,168,351,1,9,47,62,74,135,209,40,24,39,51,90,386,0.469,0.479,0.111,0.471,0.758,0.498,tylerte01
Kelvin Upshaw,26,TOT,NBA,1988-89,32,0,617,99,212,96,197,3,15,18,26,10,39,49,117,26,3,55,80,219,0.467,0.487,0.2,0.474,0.692,0.49,upshake01
Darnell Valentine,29,CLE,NBA,1988-89,77,4,1086,136,319,133,305,3,14,91,112,22,81,103,174,57,7,83,88,366,0.426,0.436,0.214,0.431,0.813,0.497,valenda01
Kiki Vandeweghe,30,TOT,NBA,1988-89,45,1,934,200,426,181,378,19,48,80,89,26,45,71,69,19,11,41,78,499,0.469,0.479,0.396,0.492,0.899,0.536,vandeki01
Jay Vincent,29,TOT,NBA,1988-89,29,4,646,104,257,103,254,1,3,40,60,38,72,110,27,6,4,42,63,249,0.405,0.406,0.333,0.407,0.667,0.439,vinceja01
Sam Vincent,25,CHI,NBA,1988-89,70,56,1703,274,566,272,549,2,17,106,129,34,156,190,335,53,10,142,124,656,0.484,0.495,0.118,0.486,0.822,0.527,vincesa01
Darrell Walker,27,WSB,NBA,1988-89,79,78,2565,286,681,286,672,0,9,142,184,135,372,507,496,155,23,184,215,714,0.42,0.426,0,0.42,0.772,0.469,walkeda01
Kenny Walker,24,NYK,NBA,1988-89,79,2,1163,174,356,169,336,5,20,66,85,101,129,230,36,41,45,44,190,419,0.489,0.503,0.25,0.496,0.776,0.533,walkeke01
Pearl Washington,25,MIA,NBA,1988-89,54,8,1065,164,387,163,373,1,14,82,104,49,74,123,226,73,4,122,101,411,0.424,0.437,0.071,0.425,0.788,0.475,washipe01
Spud Webb,25,ATL,NBA,1988-89,81,6,1219,133,290,132,268,1,22,52,60,21,102,123,284,70,6,83,104,319,0.459,0.493,0.045,0.46,0.867,0.504,webbsp01
Chris Welp,25,PHI,NBA,1988-89,72,0,843,99,222,99,221,0,1,48,73,59,134,193,29,23,41,42,176,246,0.446,0.448,0,0.446,0.658,0.484,welpch01
Bill Wennington,25,DAL,NBA,1988-89,65,9,1074,119,275,118,266,1,9,61,82,82,204,286,46,16,35,54,211,300,0.433,0.444,0.111,0.435,0.744,0.482,wennibi01
Mark West,28,PHO,NBA,1988-89,82,32,2019,243,372,243,372,0,0,108,202,167,384,551,39,35,187,103,273,594,0.653,0.653,,0.653,0.535,0.644,westma01
Ennis Whatley,26,LAC,NBA,1988-89,8,0,90,12,33,12,33,0,0,10,11,2,14,16,22,7,1,11,15,34,0.364,0.364,,0.364,0.909,0.449,whatlen01
Clinton Wheeler,29,TOT,NBA,1988-89,28,0,354,45,87,45,86,0,1,15,20,17,14,31,54,27,0,24,26,105,0.517,0.523,0,0.517,0.75,0.548,wheelcl01
Eric White,23,TOT,NBA,1988-89,38,0,436,62,120,62,120,0,0,34,42,34,36,70,17,10,1,26,40,158,0.517,0.517,,0.517,0.81,0.57,whiteer01
Jerome Whitehead,32,TOT,NBA,1988-89,57,4,622,72,182,72,182,0,0,31,47,49,85,134,19,23,4,24,115,175,0.396,0.396,,0.396,0.66,0.432,whiteje01
Morlon Wiley,22,DAL,NBA,1988-89,51,1,408,46,114,40,90,6,24,13,16,13,34,47,76,25,6,34,61,111,0.404,0.444,0.25,0.43,0.813,0.459,wileymo01
Dominique Wilkins,29,ATL,NBA,1988-89,80,80,2997,814,1756,785,1651,29,105,442,524,256,297,553,211,117,52,181,138,2099,0.464,0.475,0.276,0.472,0.844,0.528,wilkido01
Eddie Lee Wilkins,26,NYK,NBA,1988-89,71,2,584,114,245,114,244,0,1,61,111,72,76,148,7,10,16,56,110,289,0.465,0.467,0,0.465,0.55,0.492,wilkied01
Gerald Wilkins,25,NYK,NBA,1988-89,81,58,2414,462,1025,411,853,51,172,186,246,95,149,244,274,115,22,169,166,1161,0.451,0.482,0.297,0.476,0.756,0.512,wilkige01
Buck Williams,28,NJN,NBA,1988-89,74,72,2446,373,702,373,699,0,3,213,320,249,447,696,78,61,36,142,223,959,0.531,0.534,0,0.531,0.666,0.569,willibu01
Herb Williams,30,TOT,NBA,1988-89,76,66,2470,322,739,322,734,0,5,133,194,135,458,593,124,46,134,149,236,777,0.436,0.439,0,0.436,0.686,0.471,willihe01
Hot Rod Williams,26,CLE,NBA,1988-89,82,10,2125,356,700,355,696,1,4,235,314,173,304,477,108,77,134,102,188,948,0.509,0.51,0.25,0.509,0.748,0.566,williho01
John Williams,22,WSB,NBA,1988-89,82,1,2413,438,940,419,869,19,71,225,290,158,415,573,356,142,70,157,213,1120,0.466,0.482,0.268,0.476,0.776,0.525,willijo02
Kevin Williams,27,TOT,NBA,1988-89,50,0,547,81,200,80,194,1,6,46,59,28,42,70,53,30,11,52,91,209,0.405,0.412,0.167,0.408,0.78,0.462,willike01
Micheal Williams,22,DET,NBA,1988-89,49,0,358,47,129,45,120,2,9,31,47,9,18,27,70,13,3,42,44,127,0.364,0.375,0.222,0.372,0.66,0.424,willimi02
Reggie Williams,24,LAC,NBA,1988-89,63,17,1303,260,594,230,490,30,104,92,122,70,109,179,103,81,29,114,181,642,0.438,0.469,0.288,0.463,0.754,0.496,willire01
David Wingate,25,PHI,NBA,1988-89,33,6,372,54,115,52,109,2,6,27,34,12,25,37,73,9,2,35,43,137,0.47,0.477,0.333,0.478,0.794,0.527,wingada01
Randy Wittman,29,TOT,NBA,1988-89,64,13,1120,130,286,127,280,3,6,28,41,26,54,80,111,23,2,32,43,291,0.455,0.454,0.5,0.46,0.683,0.479,wittmra01
Joe Wolf,24,LAC,NBA,1988-89,66,15,1450,170,402,168,388,2,14,44,64,83,188,271,113,32,16,94,152,386,0.423,0.433,0.143,0.425,0.688,0.449,wolfjo01
David Wood,24,CHI,NBA,1988-89,2,0,2,0,0,0,0,0,0,0,0,0,0,0,0,0,0,0,0,0,,,,,,,woodda01
Mike Woodson,30,HOU,NBA,1988-89,81,79,2259,410,936,379,847,31,89,195,237,51,143,194,206,89,18,136,195,1046,0.438,0.447,0.348,0.455,0.823,0.503,woodsmi01
Orlando Woolridge,29,LAL,NBA,1988-89,74,0,1491,231,494,231,493,0,1,253,343,81,189,270,58,30,65,103,130,715,0.468,0.469,0,0.468,0.738,0.554,woolror01
James Worthy,27,LAL,NBA,1988-89,81,81,2960,702,1282,700,1259,2,23,251,321,169,320,489,288,108,56,182,175,1657,0.548,0.556,0.087,0.548,0.782,0.582,worthja01
Danny Young,26,POR,NBA,1988-89,48,2,952,115,250,98,200,17,50,50,64,17,57,74,123,55,3,45,50,297,0.46,0.49,0.34,0.494,0.781,0.534,youngda01
Mark Acres,27,ORL,NBA,1989-90,80,50,1691,138,285,135,281,3,4,83,120,154,277,431,67,36,25,70,248,362,0.484,0.48,0.75,0.489,0.692,0.536,acresma01
Michael Adams,27,DEN,NBA,1989-90,79,74,2690,398,989,240,557,158,432,267,314,49,176,225,495,121,3,141,133,1221,0.402,0.431,0.366,0.482,0.85,0.542,adamsmi01
Mark Aguirre,30,DET,NBA,1989-90,78,40,2005,438,898,407,805,31,93,192,254,117,188,305,145,34,19,121,201,1099,0.488,0.506,0.333,0.505,0.756,0.544,aguirma01
Danny Ainge,30,SAC,NBA,1989-90,75,68,2727,506,1154,398,865,108,289,222,267,69,257,326,453,113,18,185,238,1342,0.438,0.46,0.374,0.485,0.831,0.528,aingeda01
Mark Alarie,26,WSB,NBA,1989-90,82,10,1893,371,785,361,736,10,49,108,133,151,223,374,142,60,39,101,219,860,0.473,0.49,0.204,0.479,0.812,0.51,alarima01
Steve Alford,25,DAL,NBA,1989-90,41,0,302,63,138,56,116,7,22,35,37,2,23,25,39,15,3,16,22,168,0.457,0.483,0.318,0.482,0.946,0.544,alforst01
Randy Allen,25,SAC,NBA,1989-90,63,6,746,106,239,106,232,0,7,23,43,49,89,138,23,16,19,28,102,235,0.444,0.457,0,0.444,0.535,0.456,allenra01
Greg Anderson,25,MIL,NBA,1989-90,60,28,1291,219,432,219,432,0,0,91,170,112,261,373,24,32,54,80,176,529,0.507,0.507,,0.507,0.535,0.522,andergr01
Nick Anderson,22,ORL,NBA,1989-90,81,9,1785,372,753,371,736,1,17,186,264,107,209,316,124,69,34,138,140,931,0.494,0.504,0.059,0.495,0.705,0.536,anderni01
Richard Anderson,29,CHH,NBA,1989-90,54,2,604,88,211,51,111,37,100,18,23,33,94,127,55,20,9,26,64,231,0.417,0.459,0.37,0.505,0.783,0.522,anderri01
Ron Anderson,31,PHI,NBA,1989-90,78,3,2089,379,841,376,820,3,21,165,197,81,214,295,143,72,13,78,143,926,0.451,0.459,0.143,0.452,0.838,0.499,anderro01
Willie Anderson,23,SAS,NBA,1989-90,82,81,2788,532,1082,525,1056,7,26,217,290,115,257,372,364,111,58,198,252,1288,0.492,0.497,0.269,0.495,0.748,0.532,anderwi01
Michael Ansley,22,ORL,NBA,1989-90,72,5,1221,231,465,231,465,0,0,164,227,187,175,362,40,24,17,50,152,626,0.497,0.497,,0.497,0.722,0.554,anslemi01
B.J. Armstrong,22,CHI,NBA,1989-90,81,0,1291,190,392,187,386,3,6,69,78,19,83,102,199,46,6,83,105,452,0.485,0.484,0.5,0.489,0.885,0.53,armstbj01
John Bagley,29,BOS,NBA,1989-90,54,17,1095,100,218,99,200,1,18,29,39,26,63,89,296,40,4,90,77,230,0.459,0.495,0.056,0.461,0.744,0.489,baglejo01
Thurl Bailey,28,UTA,NBA,1989-90,82,33,2583,470,977,470,969,0,8,222,285,116,294,410,137,32,100,139,175,1162,0.481,0.485,0,0.481,0.779,0.527,baileth01
Ken Bannister,29,LAC,NBA,1989-90,52,1,589,77,161,77,160,0,1,52,110,39,73,112,18,17,7,44,92,206,0.478,0.481,0,0.478,0.473,0.492,bannike01
Charles Barkley,26,PHI,NBA,1989-90,79,79,3085,706,1177,686,1085,20,92,557,744,361,548,909,307,148,50,243,250,1989,0.6,0.632,0.217,0.608,0.749,0.661,barklch01
Dana Barros,22,SEA,NBA,1989-90,81,25,1630,299,738,204,500,95,238,89,110,35,97,132,205,53,1,123,97,782,0.405,0.408,0.399,0.47,0.809,0.497,barroda01
John Battle,27,ATL,NBA,1989-90,60,48,1477,275,544,273,531,2,13,102,135,27,72,99,154,28,3,89,115,654,0.506,0.514,0.154,0.507,0.756,0.542,battljo01
Kenny Battle,25,PHO,NBA,1989-90,59,8,729,93,170,92,166,1,4,55,82,44,80,124,38,35,11,32,94,242,0.547,0.554,0.25,0.55,0.671,0.587,battlke01
William Bedford,26,DET,NBA,1989-90,42,0,246,54,125,53,119,1,6,9,22,15,43,58,4,3,17,21,39,118,0.432,0.445,0.167,0.436,0.409,0.438,bedfowi01
Benoit Benjamin,25,LAC,NBA,1989-90,71,58,2313,362,688,362,687,0,1,235,321,156,501,657,159,59,187,187,217,959,0.526,0.527,0,0.526,0.732,0.578,benjabe01
Winston Bennett,24,CLE,NBA,1989-90,55,34,990,137,286,137,286,0,0,64,96,84,104,188,54,23,10,62,133,338,0.479,0.479,,0.479,0.667,0.515,bennewi01
Larry Bird,33,BOS,NBA,1989-90,75,75,2944,718,1517,653,1322,65,195,319,343,90,622,712,562,106,61,243,173,1820,0.473,0.494,0.333,0.495,0.93,0.546,birdla01
Uwe Blab,27,TOT,NBA,1989-90,47,33,531,39,98,39,98,0,0,20,37,29,79,108,25,1,22,35,102,98,0.398,0.398,,0.398,0.541,0.429,blabuw01
Rolando Blackman,30,DAL,NBA,1989-90,80,80,2934,626,1256,613,1213,13,43,287,340,88,192,280,289,77,21,174,128,1552,0.498,0.505,0.302,0.504,0.844,0.552,blackro01
Mookie Blaylock,22,NJN,NBA,1989-90,50,17,1267,212,571,194,491,18,80,63,81,42,98,140,210,82,14,111,110,505,0.371,0.395,0.225,0.387,0.778,0.416,blaylmo01
Muggsy Bogues,25,CHH,NBA,1989-90,81,65,2743,326,664,321,638,5,26,106,134,48,159,207,867,166,3,146,168,763,0.491,0.503,0.192,0.495,0.791,0.528,boguemu01
Manute Bol,27,GSW,NBA,1989-90,75,20,1310,56,169,47,121,9,48,25,49,33,243,276,36,13,238,51,194,146,0.331,0.388,0.188,0.358,0.51,0.383,bolma01
Anthony Bowie,26,HOU,NBA,1989-90,66,0,918,119,293,113,272,6,21,40,54,36,82,118,96,42,5,59,80,284,0.406,0.415,0.286,0.416,0.741,0.448,bowiean01
Sam Bowie,28,NJN,NBA,1989-90,68,54,2207,347,834,337,803,10,31,294,379,206,484,690,91,38,121,125,211,998,0.416,0.42,0.323,0.422,0.776,0.499,bowiesa01
Adrian Branch,26,MIN,NBA,1989-90,11,0,91,25,61,24,60,1,1,14,22,8,12,20,4,6,0,8,14,65,0.41,0.4,1,0.418,0.636,0.46,brancad01
Randy Breuer,29,TOT,NBA,1989-90,81,55,1879,298,696,298,695,0,1,126,193,154,263,417,97,42,108,96,196,722,0.428,0.429,0,0.428,0.653,0.462,breuera01
Frank Brickowski,30,SAS,NBA,1989-90,78,12,1438,211,387,211,385,0,2,95,141,89,238,327,105,66,37,93,226,517,0.545,0.548,0,0.545,0.674,0.576,brickfr01
Scott Brooks,24,PHI,NBA,1989-90,72,1,975,119,276,88,197,31,79,50,57,15,49,64,207,47,0,38,105,319,0.431,0.447,0.392,0.487,0.877,0.53,brooksc01
Chucky Brown,21,CLE,NBA,1989-90,75,35,1339,210,447,210,440,0,7,125,164,83,148,231,50,33,26,69,148,545,0.47,0.477,0,0.47,0.762,0.525,brownch01
Mike Brown,26,UTA,NBA,1989-90,82,0,1397,177,344,176,342,1,2,157,199,111,262,373,47,32,28,88,187,512,0.515,0.515,0.5,0.516,0.789,0.593,brownmi01
Raymond Brown,24,UTA,NBA,1989-90,16,0,56,8,28,8,28,0,0,0,2,10,5,15,4,0,0,6,11,16,0.286,0.286,,0.286,0,0.277,brownra01
Tony Brown,29,MIL,NBA,1989-90,61,10,635,88,206,83,186,5,20,38,56,39,33,72,41,32,4,51,79,219,0.427,0.446,0.25,0.439,0.679,0.475,brownto01
Stanley Brundy,22,NJN,NBA,1989-90,16,0,128,15,30,15,30,0,0,7,18,15,11,26,3,6,5,6,24,37,0.5,0.5,,0.5,0.389,0.488,brundst01
Mark Bryant,24,POR,NBA,1989-90,58,0,562,70,153,70,153,0,0,28,50,54,92,146,13,18,9,25,93,168,0.458,0.458,,0.458,0.56,0.48,bryanma01
Torgeir Bryn,25,LAC,NBA,1989-90,3,0,10,0,2,0,2,0,0,4,6,0,2,2,0,2,1,1,5,4,0,0,,0,0.667,0.431,brynto01
Steve Bucknall,23,LAL,NBA,1989-90,18,0,75,9,33,9,32,0,1,5,6,5,2,7,10,2,1,11,10,23,0.273,0.281,0,0.273,0.833,0.323,bucknst01
Greg Butler,23,NYK,NBA,1989-90,13,0,33,3,12,3,12,0,0,0,2,3,6,9,1,0,0,3,8,6,0.25,0.25,,0.25,0,0.233,butlegr01
Michael Cage,28,SEA,NBA,1989-90,82,82,2595,325,645,325,645,0,0,148,212,306,515,821,70,79,45,94,232,798,0.504,0.504,,0.504,0.698,0.54,cagemi01
Adrian Caldwell,23,HOU,NBA,1989-90,51,0,331,42,76,42,76,0,0,13,28,36,73,109,7,11,18,32,69,97,0.553,0.553,,0.553,0.464,0.549,caldwad01
Tony Campbell,27,MIN,NBA,1989-90,82,81,3164,723,1581,714,1527,9,54,448,569,209,242,451,213,111,31,251,260,1903,0.457,0.468,0.167,0.46,0.787,0.52,campbto01
Rick Carlisle,30,NJN,NBA,1989-90,5,0,21,1,7,1,4,0,3,0,0,0,0,0,5,1,1,4,7,2,0.143,0.25,0,0.143,,0.143,carliri01
Antoine Carr,28,TOT,NBA,1989-90,77,4,1727,356,721,356,714,0,7,237,298,115,207,322,119,30,68,125,247,949,0.494,0.499,0,0.494,0.795,0.557,carran01
Joe Barry Carroll,31,TOT,NBA,1989-90,76,47,1721,312,759,312,757,0,2,137,177,133,310,443,97,47,115,142,192,761,0.411,0.412,0,0.411,0.774,0.455,carrojo01
Bill Cartwright,32,CHI,NBA,1989-90,71,71,2160,292,598,292,598,0,0,227,280,137,328,465,145,38,34,123,243,811,0.488,0.488,,0.488,0.811,0.562,cartwbi01
Terry Catledge,26,ORL,NBA,1989-90,74,72,2462,546,1152,544,1144,2,8,341,486,271,292,563,72,36,17,181,201,1435,0.474,0.476,0.25,0.475,0.702,0.525,catlete01
Tom Chambers,30,PHO,NBA,1989-90,81,81,3046,810,1617,786,1531,24,86,557,647,121,450,571,190,88,47,218,260,2201,0.501,0.513,0.279,0.508,0.861,0.579,chambto01
Rex Chapman,22,CHH,NBA,1989-90,54,52,1762,377,924,330,782,47,142,144,192,52,127,179,132,46,6,100,113,945,0.408,0.422,0.331,0.433,0.75,0.469,chapmre01
Maurice Cheeks,33,TOT,NBA,1989-90,81,62,2519,307,609,303,593,4,16,171,202,50,190,240,453,124,10,121,78,789,0.504,0.511,0.25,0.507,0.847,0.565,cheekma01
Derrick Chievous,22,TOT,NBA,1989-90,55,0,591,105,220,102,211,3,9,80,111,35,55,90,31,26,5,45,70,293,0.477,0.483,0.333,0.484,0.721,0.545,chievde01
Ben Coleman,28,MIL,NBA,1989-90,22,0,305,46,97,46,96,0,1,34,41,31,56,87,12,7,7,26,54,126,0.474,0.479,0,0.474,0.829,0.548,colembe01
Steve Colter,27,WSB,NBA,1989-90,73,1,977,142,297,142,292,0,5,77,95,55,121,176,148,47,10,38,98,361,0.478,0.486,0,0.478,0.811,0.533,coltest01
Lester Conner,30,NJN,NBA,1989-90,82,61,2355,237,573,235,560,2,13,172,214,90,175,265,385,172,8,138,182,648,0.414,0.42,0.154,0.415,0.804,0.486,connele01
Michael Cooper,33,LAL,NBA,1989-90,80,10,1851,191,493,141,336,50,157,83,94,59,168,227,215,67,36,91,206,515,0.387,0.42,0.318,0.438,0.883,0.482,coopemi01
Wayne Cooper,33,POR,NBA,1989-90,79,0,1176,138,304,138,301,0,3,25,39,118,221,339,44,18,95,39,211,301,0.454,0.458,0,0.454,0.641,0.469,coopewa01
Lanard Copeland,24,PHI,NBA,1989-90,23,0,110,31,68,30,63,1,5,11,14,4,6,10,9,1,1,19,12,74,0.456,0.476,0.2,0.463,0.786,0.499,copella01
Tyrone Corbin,27,MIN,NBA,1989-90,82,80,3011,521,1083,521,1072,0,11,161,209,219,385,604,216,175,41,143,288,1203,0.481,0.486,0,0.481,0.77,0.512,corbity01
Dave Corzine,33,ORL,NBA,1989-90,6,3,79,11,29,11,29,0,0,0,2,7,11,18,2,2,0,8,7,22,0.379,0.379,,0.379,0,0.368,corzida01
Pat Cummings,33,MIA,NBA,1989-90,37,1,391,77,159,77,159,0,0,21,37,28,65,93,13,12,4,32,60,175,0.484,0.484,,0.484,0.568,0.499,cummipa01
Terry Cummings,28,SAS,NBA,1989-90,81,78,2821,728,1532,709,1473,19,59,343,440,226,451,677,219,110,52,202,286,1818,0.475,0.481,0.322,0.481,0.78,0.527,cummite01
Dell Curry,25,CHH,NBA,1989-90,67,13,1860,461,990,409,843,52,147,96,104,31,137,168,159,98,26,100,148,1070,0.466,0.485,0.354,0.492,0.923,0.517,curryde01
Quintin Dailey,29,SEA,NBA,1989-90,30,2,491,97,240,96,235,1,5,52,66,18,33,51,34,12,0,34,63,247,0.404,0.409,0.2,0.406,0.788,0.459,dailequ01
Adrian Dantley,33,DAL,NBA,1989-90,45,45,1300,231,484,231,482,0,2,200,254,78,94,172,80,20,7,75,99,662,0.477,0.479,0,0.477,0.787,0.556,dantlad01
Brad Daugherty,24,CLE,NBA,1989-90,41,40,1438,244,509,244,507,0,2,202,287,77,296,373,130,29,22,110,108,690,0.479,0.481,0,0.479,0.704,0.543,daughbr01
Brad Davis,34,DAL,NBA,1989-90,73,2,1292,179,365,144,261,35,104,77,100,12,81,93,242,47,9,86,151,470,0.49,0.552,0.337,0.538,0.77,0.575,davisbr01
Charles Davis,31,CHI,NBA,1989-90,53,0,429,58,158,51,133,7,25,7,8,25,56,81,18,10,8,20,52,130,0.367,0.383,0.28,0.389,0.875,0.402,davisch02
Terry Davis,22,MIA,NBA,1989-90,63,9,884,122,262,122,261,0,1,54,87,93,136,229,25,25,28,68,171,298,0.466,0.467,0,0.466,0.621,0.496,daviste01
Walter Davis,35,DEN,NBA,1989-90,69,0,1635,497,1033,491,987,6,46,207,227,46,133,179,155,59,9,102,160,1207,0.481,0.497,0.13,0.484,0.912,0.533,daviswa03
Johnny Dawkins,26,PHI,NBA,1989-90,81,81,2865,465,950,443,884,22,66,210,244,48,199,247,601,121,9,214,159,1162,0.489,0.501,0.333,0.501,0.861,0.549,dawkijo01
Vinny Del Negro,23,SAC,NBA,1989-90,76,29,1858,297,643,287,611,10,32,135,155,39,159,198,250,64,10,111,182,739,0.462,0.47,0.313,0.47,0.871,0.52,delnevi01
Byron Dinkins,22,HOU,NBA,1989-90,33,0,362,44,109,43,100,1,9,26,30,13,27,40,75,19,2,37,30,115,0.404,0.43,0.111,0.408,0.867,0.471,dinkiby01
Vlade Divac,21,LAL,NBA,1989-90,82,5,1611,274,549,274,544,0,5,153,216,167,345,512,75,79,114,110,240,701,0.499,0.504,0,0.499,0.708,0.544,divacvl01
James Donaldson,32,DAL,NBA,1989-90,73,73,2265,258,479,258,479,0,0,149,213,155,475,630,57,22,47,119,129,665,0.539,0.539,,0.539,0.7,0.581,donalja01
Sherman Douglas,23,MIA,NBA,1989-90,81,66,2470,463,938,458,907,5,31,224,326,70,136,206,619,145,10,246,187,1155,0.494,0.505,0.161,0.496,0.687,0.534,douglsh01
Terry Dozier,23,CHH,NBA,1989-90,9,0,92,9,27,9,26,0,1,4,8,7,8,15,3,6,2,7,10,22,0.333,0.346,0,0.333,0.5,0.36,doziete01
Greg Dreiling,27,IND,NBA,1989-90,49,0,307,20,53,20,53,0,0,25,34,21,66,87,8,4,14,19,69,65,0.377,0.377,,0.377,0.735,0.478,dreilgr01
Larry Drew,31,LAL,NBA,1989-90,80,3,1333,170,383,138,302,32,81,46,60,12,86,98,217,47,4,95,92,418,0.444,0.457,0.395,0.486,0.767,0.511,drewla01
Clyde Drexler,27,POR,NBA,1989-90,73,73,2683,670,1357,640,1251,30,106,333,430,208,299,507,432,145,51,191,222,1703,0.494,0.512,0.283,0.505,0.774,0.551,drexlcl01
Kevin Duckworth,25,POR,NBA,1989-90,82,82,2462,548,1146,548,1146,0,0,231,312,184,325,509,91,36,34,171,271,1327,0.478,0.478,,0.478,0.74,0.517,duckwke01
Chris Dudley,24,TOT,NBA,1989-90,64,30,1356,146,355,146,355,0,0,58,182,174,249,423,39,41,72,84,164,350,0.411,0.411,,0.411,0.319,0.402,dudlech02
Joe Dumars,26,DET,NBA,1989-90,75,71,2578,508,1058,486,1003,22,55,297,330,60,152,212,368,63,2,145,129,1335,0.48,0.485,0.4,0.491,0.9,0.555,dumarjo01
Mike Dunleavy,35,MIL,NBA,1989-90,5,0,43,4,14,2,5,2,9,7,8,0,2,2,10,1,0,8,7,17,0.286,0.4,0.222,0.357,0.875,0.485,dunlemi01
T.R. Dunn,34,DEN,NBA,1989-90,65,2,657,44,97,44,95,0,2,26,39,56,82,138,43,41,4,19,67,114,0.454,0.463,0,0.454,0.667,0.499,dunntr01
Ledell Eackles,23,WSB,NBA,1989-90,78,8,1696,413,940,394,881,19,59,210,280,74,101,175,182,50,4,143,157,1055,0.439,0.447,0.322,0.449,0.75,0.496,eacklle01
Mark Eaton,33,UTA,NBA,1989-90,82,82,2281,158,300,158,300,0,0,79,118,171,430,601,39,33,201,75,238,395,0.527,0.527,,0.527,0.669,0.561,eatonma01
Blue Edwards,24,UTA,NBA,1989-90,82,49,1889,286,564,277,534,9,30,146,203,69,182,251,145,76,36,152,280,727,0.507,0.519,0.3,0.515,0.719,0.556,edwarbl01
James Edwards,34,DET,NBA,1989-90,82,70,2283,462,928,462,925,0,3,265,354,112,233,345,63,23,37,133,295,1189,0.498,0.499,0,0.498,0.749,0.549,edwarja01
Jay Edwards,21,LAC,NBA,1989-90,4,0,26,3,7,3,5,0,2,1,3,1,1,2,4,1,0,1,4,7,0.429,0.6,0,0.429,0.333,0.421,edwarja02
Kevin Edwards,24,MIA,NBA,1989-90,78,54,2211,395,959,386,929,9,30,139,183,77,205,282,252,125,33,180,149,938,0.412,0.416,0.3,0.417,0.76,0.451,edwarke01
Craig Ehlo,28,CLE,NBA,1989-90,81,64,2894,436,940,332,692,104,248,126,185,147,292,439,371,126,23,161,226,1102,0.464,0.48,0.419,0.519,0.681,0.539,ehlocr01
Sean Elliott,21,SAS,NBA,1989-90,81,69,2032,311,647,310,638,1,9,187,216,127,170,297,154,45,14,112,172,810,0.481,0.486,0.111,0.481,0.866,0.546,elliose01
Dale Ellis,29,SEA,NBA,1989-90,55,49,2033,502,1011,406,755,96,256,193,236,90,148,238,110,59,7,119,124,1293,0.497,0.538,0.375,0.544,0.818,0.58,ellisda01
Pervis Ellison,22,SAC,NBA,1989-90,34,22,866,111,251,111,249,0,2,49,78,64,132,196,65,16,57,62,132,271,0.442,0.446,0,0.442,0.628,0.475,ellispe01
Alex English,36,DEN,NBA,1989-90,80,80,2211,635,1293,633,1288,2,5,161,183,119,167,286,225,51,23,93,130,1433,0.491,0.491,0.4,0.492,0.88,0.522,englial01
Patrick Ewing,27,NYK,NBA,1989-90,82,82,3165,922,1673,921,1669,1,4,502,648,235,658,893,182,78,327,278,325,2347,0.551,0.552,0.25,0.551,0.775,0.599,ewingpa01
Jim Farmer,25,SEA,NBA,1989-90,38,0,400,89,203,81,176,8,27,57,80,17,26,43,25,17,1,27,44,243,0.438,0.46,0.296,0.458,0.713,0.51,farmeji01
Duane Ferrell,24,ATL,NBA,1989-90,14,0,29,5,14,5,13,0,1,2,6,3,4,7,2,1,0,2,3,12,0.357,0.385,0,0.357,0.333,0.361,ferredu01
Vern Fleming,27,IND,NBA,1989-90,82,82,2876,467,919,455,885,12,34,230,294,118,204,322,610,92,10,206,213,1176,0.508,0.514,0.353,0.515,0.782,0.561,flemive01
Sleepy Floyd,29,HOU,NBA,1989-90,82,73,2630,362,803,273,569,89,234,187,232,46,152,198,600,94,11,204,159,1000,0.451,0.48,0.38,0.506,0.806,0.552,floydsl01
Tellis Frank,24,MIA,NBA,1989-90,77,39,1762,278,607,278,607,0,0,179,234,151,234,385,85,51,27,134,282,735,0.458,0.458,,0.458,0.765,0.518,frankte01
Corey Gaines,24,PHI,NBA,1989-90,9,0,81,4,12,3,10,1,2,1,4,1,4,5,26,4,0,10,11,10,0.333,0.3,0.5,0.375,0.25,0.363,gaineco01
Kevin Gamble,24,BOS,NBA,1989-90,71,10,990,137,301,134,283,3,18,85,107,42,70,112,119,28,8,44,77,362,0.455,0.473,0.167,0.46,0.794,0.52,gamblke01
Winston Garland,25,TOT,NBA,1989-90,79,19,1762,230,573,218,537,12,36,102,122,51,163,214,303,78,10,158,152,574,0.401,0.406,0.333,0.412,0.836,0.458,garlawi01
Tom Garrick,23,LAC,NBA,1989-90,73,22,1721,208,421,204,400,4,21,88,114,34,128,162,289,90,7,117,151,508,0.494,0.51,0.19,0.499,0.772,0.539,garrito01
Kenny Gattison,25,CHH,NBA,1989-90,63,2,941,148,269,147,268,1,1,75,110,75,122,197,39,35,31,67,150,372,0.55,0.549,1,0.552,0.682,0.586,gattike01
Derrick Gervin,26,NJN,NBA,1989-90,21,0,339,93,197,93,194,0,3,65,89,29,36,65,8,20,7,12,47,251,0.472,0.479,0,0.472,0.73,0.531,gervide01
Armen Gilliam,25,TOT,NBA,1989-90,76,66,2426,484,940,484,938,0,2,303,419,211,388,599,99,69,51,183,212,1271,0.515,0.516,0,0.515,0.723,0.565,gilliar01
Mike Gminski,30,PHI,NBA,1989-90,81,81,2659,458,1002,455,985,3,17,193,235,196,491,687,128,43,102,98,136,1112,0.457,0.462,0.176,0.459,0.821,0.503,gminsmi01
Gary Grant,24,LAC,NBA,1989-90,44,44,1529,241,517,236,496,5,21,88,113,59,136,195,442,108,5,206,120,575,0.466,0.476,0.238,0.471,0.779,0.507,grantga01
Greg Grant,23,PHO,NBA,1989-90,67,3,678,83,216,80,200,3,16,39,59,16,43,59,168,36,1,77,58,208,0.384,0.4,0.188,0.391,0.661,0.43,grantgr01
Harvey Grant,24,WSB,NBA,1989-90,81,25,1846,284,601,284,593,0,8,96,137,138,204,342,131,52,43,85,194,664,0.473,0.479,0,0.473,0.701,0.502,grantha01
Horace Grant,24,CHI,NBA,1989-90,80,80,2753,446,853,446,853,0,0,179,256,236,393,629,227,92,84,110,230,1071,0.523,0.523,,0.523,0.699,0.555,grantho01
Stuart Gray,26,TOT,NBA,1989-90,58,1,560,42,99,42,94,0,5,32,47,40,105,145,19,15,26,24,90,116,0.424,0.447,0,0.424,0.681,0.485,grayst01
Jeff Grayer,24,MIL,NBA,1989-90,71,40,1427,224,487,223,479,1,8,99,152,94,123,217,107,48,10,82,125,548,0.46,0.466,0.125,0.461,0.651,0.495,grayeje01
A.C. Green,26,LAL,NBA,1989-90,82,82,2709,385,806,372,760,13,46,278,370,262,450,712,90,66,50,116,207,1061,0.478,0.489,0.283,0.486,0.751,0.548,greenac01
Rickey Green,35,IND,NBA,1989-90,69,0,927,100,231,99,220,1,11,43,51,9,45,54,182,51,1,62,60,244,0.433,0.45,0.091,0.435,0.843,0.481,greenri01
Sidney Green,29,ORL,NBA,1989-90,73,31,1860,312,667,311,664,1,3,136,209,166,422,588,99,50,26,119,231,761,0.468,0.468,0.333,0.469,0.651,0.501,greensi02
Dave Greenwood,32,DET,NBA,1989-90,37,0,205,22,52,22,52,0,0,16,29,24,54,78,12,4,9,16,40,60,0.423,0.423,,0.423,0.552,0.463,greenda01
Darrell Griffith,31,UTA,NBA,1989-90,82,1,1444,301,649,221,434,80,215,51,78,43,123,166,63,68,19,75,149,733,0.464,0.509,0.372,0.525,0.654,0.536,griffda01
Scott Haffner,23,MIA,NBA,1989-90,43,6,559,88,217,85,196,3,21,17,25,7,44,51,80,13,2,33,53,196,0.406,0.434,0.143,0.412,0.68,0.43,haffnsc01
Jack Haley,26,TOT,NBA,1989-90,67,26,1084,138,347,138,346,0,1,85,125,115,185,300,26,18,12,72,170,361,0.398,0.399,0,0.398,0.68,0.449,haleyja01
Tom Hammonds,22,WSB,NBA,1989-90,61,8,805,129,295,129,294,0,1,63,98,61,107,168,51,11,14,46,98,321,0.437,0.439,0,0.437,0.643,0.475,hammoto01
Bob Hansen,29,UTA,NBA,1989-90,81,81,2174,265,568,211,414,54,154,33,64,66,163,229,149,52,11,79,194,617,0.467,0.51,0.351,0.514,0.516,0.517,hansebo01
Bill Hanzlik,32,DEN,NBA,1989-90,81,0,1605,179,396,173,365,6,31,136,183,67,140,207,186,78,29,87,249,500,0.452,0.474,0.194,0.46,0.743,0.525,hanzlbi01
Tim Hardaway,23,GSW,NBA,1989-90,79,78,2663,464,985,441,901,23,84,211,276,57,253,310,689,165,12,260,232,1162,0.471,0.489,0.274,0.483,0.764,0.525,hardati01
Derek Harper,28,DAL,NBA,1989-90,82,82,3007,567,1161,478,921,89,240,250,315,54,190,244,609,187,26,207,224,1473,0.488,0.519,0.371,0.527,0.794,0.567,harpede01
Ron Harper,26,TOT,NBA,1989-90,35,35,1367,301,637,287,586,14,51,182,231,74,132,206,182,81,41,100,105,798,0.473,0.49,0.275,0.484,0.788,0.54,harpero01
Steve Harris,26,LAC,NBA,1989-90,15,0,93,14,40,14,40,0,0,3,4,5,5,10,1,7,1,5,9,31,0.35,0.35,,0.35,0.75,0.371,harrist01
Scott Hastings,29,DET,NBA,1989-90,40,0,166,10,33,7,21,3,12,19,22,7,25,32,8,3,3,7,31,42,0.303,0.333,0.25,0.348,0.864,0.492,hastisc01
Hersey Hawkins,23,PHI,NBA,1989-90,82,82,2856,522,1136,438,936,84,200,387,436,85,219,304,261,130,28,185,217,1515,0.46,0.468,0.42,0.496,0.888,0.57,hawkihe01
Gerald Henderson,34,TOT,NBA,1989-90,57,0,464,53,109,36,71,17,38,12,15,11,32,43,74,16,2,24,50,135,0.486,0.507,0.447,0.564,0.8,0.584,hendege01
Mike Higgins,22,TOT,NBA,1989-90,11,0,50,3,8,3,8,0,0,8,10,2,2,4,3,2,2,1,5,14,0.375,0.375,,0.375,0.8,0.565,higgimi01
Rod Higgins,30,GSW,NBA,1989-90,82,22,1993,304,632,237,439,67,193,234,285,120,302,422,129,47,53,93,184,909,0.481,0.54,0.347,0.534,0.821,0.6,higgiro01
Roy Hinson,28,NJN,NBA,1989-90,25,19,793,145,286,145,286,0,0,86,99,61,111,172,22,14,27,52,87,376,0.507,0.507,,0.507,0.869,0.57,hinsoro01
Craig Hodges,29,CHI,NBA,1989-90,63,0,1055,145,331,58,150,87,181,30,33,11,42,53,110,30,2,30,87,407,0.438,0.387,0.481,0.569,0.909,0.589,hodgecr01
Mike Holton,28,CHH,NBA,1989-90,16,0,109,14,26,14,26,0,0,1,2,1,1,2,16,1,0,13,19,29,0.538,0.538,,0.538,0.5,0.539,holtomi01
Dave Hoppen,25,CHH,NBA,1989-90,10,2,135,16,41,16,41,0,0,8,10,19,17,36,6,2,1,8,26,40,0.39,0.39,,0.39,0.8,0.441,hoppeda01
Dennis Hopson,24,NJN,NBA,1989-90,79,64,2551,474,1093,442,992,32,101,271,342,113,166,279,151,100,51,168,183,1251,0.434,0.446,0.317,0.448,0.792,0.503,hopsode01
Tito Horford,24,MIL,NBA,1989-90,35,0,236,18,62,18,62,0,0,15,24,19,40,59,2,5,16,14,33,51,0.29,0.29,,0.29,0.625,0.351,horfoti01
Jeff Hornacek,26,PHO,NBA,1989-90,67,60,2278,483,901,443,803,40,98,173,202,86,227,313,337,117,14,125,144,1179,0.536,0.552,0.408,0.558,0.856,0.596,hornaje01
Ed Horton,22,WSB,NBA,1989-90,45,10,374,80,162,80,158,0,4,42,69,59,49,108,19,9,5,39,63,202,0.494,0.506,0,0.494,0.609,0.525,hortoed01
Eddie Hughes,29,DEN,NBA,1989-90,60,7,892,83,202,63,153,20,49,23,34,15,55,70,116,48,1,39,87,209,0.411,0.412,0.408,0.46,0.676,0.482,hugheed01
Jay Humphries,27,MIL,NBA,1989-90,81,81,2818,496,1005,475,935,21,70,224,285,80,189,269,472,156,11,151,253,1237,0.494,0.508,0.3,0.504,0.786,0.547,humphja01
Byron Irvin,23,POR,NBA,1989-90,50,2,488,96,203,91,189,5,14,61,91,30,44,74,47,28,1,39,40,258,0.473,0.481,0.357,0.485,0.67,0.531,irvinby01
Jaren Jackson,22,NJN,NBA,1989-90,28,0,160,25,69,25,66,0,3,17,21,16,8,24,13,13,1,18,16,67,0.362,0.379,0,0.362,0.81,0.428,jacksja01
Mark Jackson,24,NYK,NBA,1989-90,82,69,2428,327,749,292,618,35,131,120,165,106,212,318,604,109,4,211,121,809,0.437,0.472,0.267,0.46,0.727,0.492,jacksma01
Michael Jackson,25,SAC,NBA,1989-90,17,0,58,3,11,2,9,1,2,3,6,2,5,7,8,5,0,4,3,10,0.273,0.222,0.5,0.318,0.5,0.367,jacksmi02
Avery Johnson,24,SEA,NBA,1989-90,53,10,575,55,142,54,138,1,4,29,40,21,22,43,162,26,1,48,55,140,0.387,0.391,0.25,0.391,0.725,0.439,johnsav01
Buck Johnson,26,HOU,NBA,1989-90,82,82,2832,504,1019,502,1002,2,17,205,270,113,268,381,252,104,62,167,321,1215,0.495,0.501,0.118,0.496,0.759,0.534,johnsbu01
Dennis Johnson,35,BOS,NBA,1989-90,75,65,2036,206,475,205,451,1,24,118,140,48,153,201,485,81,14,117,179,531,0.434,0.455,0.042,0.435,0.843,0.495,johnsde01
Eddie Johnson,30,PHO,NBA,1989-90,64,4,1811,411,907,341,723,70,184,188,205,69,177,246,107,32,10,108,174,1080,0.453,0.472,0.38,0.492,0.917,0.542,johnsed03
Eric Johnson,23,UTA,NBA,1989-90,48,2,272,20,84,19,78,1,6,13,17,8,20,28,64,17,2,26,49,54,0.238,0.244,0.167,0.244,0.765,0.295,johnser01
Kevin Johnson,23,PHO,NBA,1989-90,74,74,2782,578,1159,570,1118,8,41,501,598,42,228,270,846,95,14,263,143,1665,0.499,0.51,0.195,0.502,0.838,0.585,johnske02
Magic Johnson,30,LAL,NBA,1989-90,79,79,2937,546,1138,440,862,106,276,567,637,128,394,522,907,132,34,289,167,1765,0.48,0.51,0.384,0.526,0.89,0.622,johnsma02
Marques Johnson,33,GSW,NBA,1989-90,10,0,99,12,32,10,29,2,3,14,17,8,9,17,9,0,1,10,12,40,0.375,0.345,0.667,0.406,0.824,0.507,johnsma01
Steve Johnson,32,TOT,NBA,1989-90,25,0,259,48,92,48,92,0,0,21,35,19,34,53,17,3,5,31,56,117,0.522,0.522,,0.522,0.6,0.545,johnsst03
Vinnie Johnson,33,DET,NBA,1989-90,82,12,1972,334,775,329,741,5,34,131,196,108,148,256,255,71,13,123,143,804,0.431,0.444,0.147,0.434,0.668,0.467,johnsvi01
Nate Johnston,23,TOT,NBA,1989-90,21,0,87,18,48,17,44,1,4,9,13,13,10,23,1,3,8,6,11,46,0.375,0.386,0.25,0.385,0.692,0.428,johnsna01
Anthony Jones,27,DAL,NBA,1989-90,66,0,650,72,194,68,181,4,13,47,69,33,49,82,29,32,16,42,77,195,0.371,0.376,0.308,0.381,0.681,0.435,jonesan01
Caldwell Jones,39,SAS,NBA,1989-90,72,2,885,67,144,66,139,1,5,38,54,76,154,230,20,20,27,48,146,173,0.465,0.475,0.2,0.469,0.704,0.516,jonesca01
Charles Jones,32,WSB,NBA,1989-90,81,81,2240,94,185,94,185,0,0,68,105,145,359,504,139,50,197,76,296,256,0.508,0.508,,0.508,0.648,0.554,jonesch01
Michael Jordan,26,CHI,NBA,1989-90,82,82,3197,1034,1964,942,1719,92,245,593,699,143,422,565,519,227,54,247,241,2753,0.526,0.548,0.376,0.55,0.848,0.606,jordami01
Shawn Kemp,20,SEA,NBA,1989-90,81,1,1120,203,424,201,412,2,12,117,159,146,200,346,26,47,70,107,204,525,0.479,0.488,0.167,0.481,0.736,0.531,kempsh01
Tim Kempton,26,DEN,NBA,1989-90,71,14,1061,153,312,153,311,0,1,77,114,51,167,218,118,30,9,80,144,383,0.49,0.492,0,0.49,0.675,0.529,kemptti01
Steve Kerr,24,CLE,NBA,1989-90,78,5,1664,192,432,119,288,73,144,63,73,12,86,98,248,45,7,74,59,520,0.444,0.413,0.507,0.529,0.863,0.56,kerrst01
Jerome Kersey,27,POR,NBA,1989-90,82,82,2843,519,1085,516,1065,3,20,269,390,251,439,690,188,121,63,144,304,1310,0.478,0.485,0.15,0.48,0.69,0.521,kerseje01
Randolph Keys,23,TOT,NBA,1989-90,80,18,1615,293,678,279,635,14,43,101,140,100,153,253,88,68,8,84,224,701,0.432,0.439,0.326,0.442,0.721,0.474,keysra01
Stan Kimbrough,23,DET,NBA,1989-90,10,0,50,7,16,7,16,0,0,2,2,4,3,7,5,4,0,4,4,16,0.438,0.438,,0.438,1,0.474,kimbrst01
Bernard King,33,WSB,NBA,1989-90,82,82,2687,711,1459,708,1436,3,23,412,513,129,275,404,376,51,7,248,230,1837,0.487,0.493,0.13,0.488,0.803,0.545,kingbe01
Stacey King,23,CHI,NBA,1989-90,82,2,1777,267,530,267,529,0,1,194,267,169,215,384,87,38,58,119,215,728,0.504,0.505,0,0.504,0.727,0.562,kingst01
Greg Kite,28,SAC,NBA,1989-90,71,47,1515,101,234,100,233,1,1,27,54,131,246,377,76,31,51,76,201,230,0.432,0.429,1,0.434,0.5,0.446,kitegr01
Joe Kleine,28,BOS,NBA,1989-90,81,4,1365,176,367,176,363,0,4,83,100,117,238,355,46,15,27,64,170,435,0.48,0.485,0,0.48,0.83,0.529,kleinjo01
Jon Koncak,26,ATL,NBA,1989-90,54,28,977,78,127,78,126,0,1,42,79,58,168,226,23,38,34,47,182,198,0.614,0.619,0,0.614,0.532,0.612,koncajo01
Frank Kornet,23,MIL,NBA,1989-90,57,0,438,42,114,37,94,5,20,24,39,25,46,71,21,14,3,23,54,113,0.368,0.394,0.25,0.39,0.615,0.431,kornefr01
Larry Krystkowiak,25,MIL,NBA,1989-90,16,7,381,43,118,43,116,0,2,26,33,16,60,76,25,10,2,19,41,112,0.364,0.371,0,0.364,0.788,0.423,krystla01
Bill Laimbeer,32,DET,NBA,1989-90,81,81,2675,380,785,323,627,57,158,164,192,166,614,780,171,57,84,98,278,981,0.484,0.515,0.361,0.52,0.854,0.564,laimbbi01
Jerome Lane,23,DEN,NBA,1989-90,67,46,956,145,309,145,304,0,5,44,120,144,217,361,105,53,17,85,189,334,0.469,0.477,0,0.469,0.367,0.462,laneje01
Andrew Lang,23,PHO,NBA,1989-90,74,0,1011,97,174,97,174,0,0,64,98,83,188,271,21,22,133,41,171,258,0.557,0.557,,0.557,0.653,0.594,langan01
Jeff Lebo,23,SAS,NBA,1989-90,4,0,32,2,7,2,7,0,0,2,2,2,2,4,3,2,0,1,7,6,0.286,0.286,,0.286,1,0.381,leboje01
Eric Leckner,23,UTA,NBA,1989-90,77,0,764,125,222,125,222,0,0,81,109,48,144,192,19,15,23,63,157,331,0.563,0.563,,0.563,0.743,0.613,leckner01
Tim Legler,23,PHO,NBA,1989-90,11,0,83,11,29,11,28,0,1,6,6,4,4,8,6,2,0,4,12,28,0.379,0.393,0,0.379,1,0.442,legleti01
Gary Leonard,22,MIN,NBA,1989-90,22,0,127,13,31,13,30,0,1,6,14,10,17,27,1,3,9,8,26,32,0.419,0.433,0,0.419,0.429,0.431,leonaga01
Jim Les,26,TOT,NBA,1989-90,7,0,92,5,14,5,13,0,1,13,17,3,4,7,21,3,0,10,9,23,0.357,0.385,0,0.357,0.765,0.535,lesji01
Clifford Lett,24,CHI,NBA,1989-90,4,0,28,2,8,2,8,0,0,0,0,0,0,0,1,0,0,2,8,4,0.25,0.25,,0.25,,0.25,lettcl01
Fat Lever,29,DEN,NBA,1989-90,79,79,2832,568,1283,532,1196,36,87,271,337,230,504,734,517,168,13,156,172,1443,0.443,0.445,0.414,0.457,0.804,0.504,leverfa01
Cliff Levingston,29,ATL,NBA,1989-90,75,5,1706,216,424,215,419,1,5,83,122,113,206,319,80,55,41,49,216,516,0.509,0.513,0.2,0.511,0.68,0.54,levincl01
Ralph Lewis,26,TOT,NBA,1989-90,7,0,26,4,7,4,7,0,0,2,2,4,2,6,0,1,0,2,3,10,0.571,0.571,,0.571,1,0.635,lewisra01
Reggie Lewis,24,BOS,NBA,1989-90,79,54,2522,540,1089,536,1074,4,15,256,317,109,238,347,225,88,63,120,216,1340,0.496,0.499,0.267,0.498,0.808,0.545,lewisre01
Todd Lichti,23,DEN,NBA,1989-90,79,4,1326,250,514,250,500,0,14,130,174,49,102,151,116,55,13,95,145,630,0.486,0.5,0,0.486,0.747,0.533,lichtto01
Alton Lister,31,GSW,NBA,1989-90,3,0,40,4,8,4,7,0,1,4,7,5,3,8,2,1,0,0,8,12,0.5,0.571,0,0.5,0.571,0.542,listeal01
Lewis Lloyd,30,TOT,NBA,1989-90,21,0,123,30,53,30,53,0,0,9,16,8,10,18,11,3,0,20,12,69,0.566,0.566,,0.566,0.563,0.575,lloydle01
Brad Lohaus,25,TOT,NBA,1989-90,80,41,1943,305,663,258,526,47,137,75,103,98,300,398,168,58,88,109,211,732,0.46,0.49,0.343,0.495,0.728,0.517,lohaubr01
Grant Long,23,MIA,NBA,1989-90,81,31,1856,257,532,257,529,0,3,172,241,156,246,402,96,91,38,139,300,686,0.483,0.486,0,0.483,0.714,0.538,longgr01
John Long,33,ATL,NBA,1989-90,48,19,1030,174,384,164,355,10,29,46,55,26,57,83,85,45,5,75,66,404,0.453,0.462,0.345,0.466,0.836,0.495,longjo01
Sidney Lowe,30,MIN,NBA,1989-90,80,38,1744,73,229,71,220,2,9,39,54,41,122,163,337,73,4,63,114,187,0.319,0.323,0.222,0.323,0.722,0.37,lowesi01
John Lucas,36,HOU,NBA,1989-90,49,18,938,109,291,83,204,26,87,42,55,19,71,90,238,45,2,85,59,286,0.375,0.407,0.299,0.419,0.764,0.454,lucasjo01
Rick Mahorn,31,PHI,NBA,1989-90,75,66,2271,313,630,311,621,2,9,183,256,167,401,568,98,44,103,104,251,811,0.497,0.501,0.222,0.498,0.715,0.546,mahorri01
Dan Majerle,24,PHO,NBA,1989-90,73,23,2244,296,698,277,618,19,80,198,260,144,286,430,188,100,32,82,177,809,0.424,0.448,0.238,0.438,0.762,0.498,majerda01
Jeff Malone,28,WSB,NBA,1989-90,75,74,2567,781,1592,780,1586,1,6,257,293,54,152,206,243,48,6,125,116,1820,0.491,0.492,0.167,0.491,0.877,0.529,malonje01
Karl Malone,26,UTA,NBA,1989-90,82,82,3122,914,1627,898,1584,16,43,696,913,232,679,911,226,121,50,304,259,2540,0.562,0.567,0.372,0.567,0.762,0.626,malonka01
Moses Malone,34,ATL,NBA,1989-90,81,81,2735,517,1077,516,1068,1,9,493,631,364,448,812,130,47,84,232,158,1528,0.48,0.483,0.111,0.481,0.781,0.564,malonmo01
Danny Manning,23,LAC,NBA,1989-90,71,42,2269,440,826,440,821,0,5,274,370,142,280,422,187,91,39,188,261,1154,0.533,0.536,0,0.533,0.741,0.584,mannida01
Roy Marble,23,ATL,NBA,1989-90,24,0,162,16,58,16,56,0,2,19,29,15,9,24,11,7,1,14,16,51,0.276,0.286,0,0.276,0.655,0.36,marblro01
Sarunas Marciulionis,25,GSW,NBA,1989-90,75,3,1695,289,557,279,518,10,39,317,403,84,137,221,121,94,7,137,230,905,0.519,0.539,0.256,0.528,0.787,0.616,marcisa01
Jeff Martin,23,LAC,NBA,1989-90,69,23,1351,170,414,168,399,2,15,91,129,78,81,159,44,41,16,47,97,433,0.411,0.421,0.133,0.413,0.705,0.46,martije01
Anthony Mason,23,NJN,NBA,1989-90,21,0,108,14,40,14,40,0,0,9,15,11,23,34,7,2,2,11,20,37,0.35,0.35,,0.35,0.6,0.397,masonan01
Wes Matthews,30,ATL,NBA,1989-90,1,0,13,1,3,1,2,0,1,2,2,0,0,0,5,0,0,0,0,4,0.333,0.5,0,0.333,1,0.515,matthwe01
Vernon Maxwell,24,TOT,NBA,1989-90,79,12,1987,275,627,247,522,28,105,136,211,50,178,228,296,84,10,143,148,714,0.439,0.473,0.267,0.461,0.645,0.496,maxweve01
Bob McCann,25,DAL,NBA,1989-90,10,0,62,7,21,7,21,0,0,12,14,4,8,12,6,2,2,6,7,26,0.333,0.333,,0.333,0.857,0.479,mccanbo01
Mel McCants,22,LAL,NBA,1989-90,13,0,65,8,26,8,26,0,0,6,8,1,5,6,2,3,1,1,11,22,0.308,0.308,,0.308,0.75,0.373,mccanme01
George McCloud,22,IND,NBA,1989-90,44,0,413,45,144,32,104,13,40,15,19,12,30,42,45,19,3,36,56,118,0.313,0.308,0.325,0.358,0.789,0.387,mccloge01
Tim McCormick,27,HOU,NBA,1989-90,18,0,116,10,29,10,29,0,0,10,19,8,19,27,3,3,1,10,24,30,0.345,0.345,,0.345,0.526,0.401,mccorti01
Rodney McCray,28,SAC,NBA,1989-90,82,82,3238,537,1043,526,1001,11,42,273,348,192,477,669,377,60,70,174,176,1358,0.515,0.525,0.262,0.52,0.784,0.568,mccraro01
Xavier McDaniel,26,SEA,NBA,1989-90,69,67,2432,611,1233,606,1216,5,17,244,333,165,282,447,171,73,36,187,231,1471,0.496,0.498,0.294,0.498,0.733,0.533,mcdanxa01
Mike McGee,30,PHO,NBA,1989-90,14,7,280,42,87,34,64,8,23,10,21,11,25,36,16,8,1,14,28,102,0.483,0.531,0.348,0.529,0.476,0.53,mcgeemi01
Kevin McHale,32,BOS,NBA,1989-90,82,25,2722,648,1181,625,1112,23,69,393,440,201,476,677,172,30,157,183,250,1712,0.549,0.562,0.333,0.558,0.893,0.623,mchalke01
Derrick McKey,23,SEA,NBA,1989-90,80,80,2748,468,949,465,926,3,23,315,403,170,319,489,187,87,81,192,247,1254,0.493,0.502,0.13,0.495,0.782,0.557,mckeyde01
Carlton McKinney,25,LAC,NBA,1989-90,7,0,104,8,32,8,31,0,1,2,4,4,8,12,7,6,1,7,15,18,0.25,0.258,0,0.25,0.5,0.267,mckinca01
Nate McMillan,25,SEA,NBA,1989-90,82,69,2338,207,438,196,407,11,31,98,153,127,276,403,598,140,37,187,289,523,0.473,0.482,0.355,0.485,0.641,0.517,mcmilna01
Mark McNamara,30,LAL,NBA,1989-90,33,1,190,38,86,38,86,0,0,26,40,22,41,63,3,2,1,21,31,102,0.442,0.442,,0.442,0.65,0.492,mcnamma01
Scott Meents,26,SEA,NBA,1989-90,26,0,148,19,44,19,44,0,0,17,23,7,23,30,7,4,3,9,12,55,0.432,0.432,,0.432,0.739,0.508,meentsc01
Reggie Miller,24,IND,NBA,1989-90,82,82,3192,661,1287,511,925,150,362,544,627,95,200,295,311,110,18,222,175,2016,0.514,0.552,0.414,0.572,0.868,0.645,millere01
Sam Mitchell,26,MIN,NBA,1989-90,80,30,2414,372,834,372,825,0,9,268,349,180,282,462,89,66,54,96,301,1012,0.446,0.451,0,0.446,0.768,0.512,mitchsa01
Paul Mokeski,33,CLE,NBA,1989-90,38,1,449,63,150,63,149,0,1,25,36,27,72,99,17,8,10,26,76,151,0.42,0.423,0,0.42,0.694,0.455,mokespa01
Johnny Moore,31,SAS,NBA,1989-90,53,8,516,47,126,39,92,8,34,16,27,16,36,52,82,32,3,39,55,118,0.373,0.424,0.235,0.405,0.593,0.428,moorejo01
Chris Morris,24,NJN,NBA,1989-90,80,76,2449,449,1065,388,872,61,193,228,316,194,228,422,143,130,79,185,219,1187,0.422,0.445,0.316,0.45,0.722,0.493,morrich01
Mike Morrison,22,PHO,NBA,1989-90,36,1,153,23,68,21,61,2,7,24,30,7,13,20,11,2,0,23,20,72,0.338,0.344,0.286,0.353,0.8,0.443,morrimi01
John Morton,22,CLE,NBA,1989-90,37,3,402,48,161,41,131,7,30,43,62,7,25,32,67,18,4,51,30,146,0.298,0.313,0.233,0.32,0.694,0.388,mortojo01
Chris Mullin,26,GSW,NBA,1989-90,78,78,2830,682,1272,595,1038,87,234,505,568,130,333,463,319,123,45,239,142,1956,0.536,0.573,0.372,0.57,0.889,0.643,mullich01
Tod Murphy,26,MIN,NBA,1989-90,82,59,2493,260,552,244,509,16,43,144,203,207,357,564,106,76,60,61,229,680,0.471,0.479,0.372,0.486,0.709,0.53,murphto01
Pete Myers,26,TOT,NBA,1989-90,52,2,751,89,225,89,218,0,7,66,100,33,63,96,135,35,11,76,109,244,0.396,0.408,0,0.396,0.66,0.454,myerspe01
Larry Nance,30,CLE,NBA,1989-90,62,53,2065,412,807,411,806,1,1,186,239,162,354,516,161,54,122,110,185,1011,0.511,0.51,1,0.511,0.778,0.554,nancela01
Calvin Natt,33,IND,NBA,1989-90,14,0,164,20,31,20,31,0,0,17,22,10,25,35,9,1,0,5,14,57,0.645,0.645,,0.645,0.773,0.701,nattca01
Ed Nealy,29,CHI,NBA,1989-90,46,0,503,37,70,37,68,0,2,30,41,46,92,138,28,16,4,17,67,104,0.529,0.544,0,0.529,0.732,0.591,nealyed01
Chuck Nevitt,30,HOU,NBA,1989-90,3,0,9,2,2,2,2,0,0,0,0,0,3,3,1,0,1,2,3,4,1,1,,1,,1,nevitch01
Johnny Newman,26,NYK,NBA,1989-90,80,69,2277,374,786,329,644,45,142,239,299,60,131,191,180,95,22,143,254,1032,0.476,0.511,0.317,0.504,0.799,0.562,newmajo01
Kurt Nimphius,31,PHI,NBA,1989-90,38,1,314,38,91,38,90,0,1,14,30,22,39,61,6,4,18,12,45,90,0.418,0.422,0,0.418,0.467,0.432,nimphku01
Dyron Nix,22,IND,NBA,1989-90,20,0,109,14,39,14,39,0,0,11,16,8,18,26,5,3,1,7,15,39,0.359,0.359,,0.359,0.688,0.424,nixdy01
Ken Norman,25,LAC,NBA,1989-90,70,64,2334,484,949,477,933,7,16,153,242,143,327,470,160,78,59,190,196,1128,0.51,0.511,0.438,0.514,0.632,0.534,normake01
Charles Oakley,26,NYK,NBA,1989-90,61,61,2196,336,641,336,638,0,3,217,285,258,469,727,146,64,16,165,220,889,0.524,0.527,0,0.524,0.761,0.58,oaklech01
Hakeem Olajuwon,27,HOU,NBA,1989-90,82,82,3124,806,1609,805,1603,1,6,382,536,299,850,1149,234,174,376,316,314,1995,0.501,0.502,0.167,0.501,0.713,0.541,olajuha01
Jawann Oldham,32,TOT,NBA,1989-90,6,0,45,3,6,3,6,0,0,3,7,4,12,16,1,2,3,4,9,9,0.5,0.5,,0.5,0.429,0.496,oldhaja01
Jose Ortiz,26,UTA,NBA,1989-90,13,0,64,19,42,18,40,1,2,3,5,8,7,15,7,2,1,5,15,42,0.452,0.45,0.5,0.464,0.6,0.475,ortizjo01
Robert Parish,36,BOS,NBA,1989-90,79,78,2396,505,871,505,871,0,0,233,312,259,537,796,103,38,69,169,189,1243,0.58,0.58,,0.58,0.747,0.616,parisro01
Zarko Paspalj,23,SAS,NBA,1989-90,28,1,181,27,79,27,78,0,1,18,22,15,15,30,10,3,7,21,37,72,0.342,0.346,0,0.342,0.818,0.406,paspaza01
Jim Paxson,32,BOS,NBA,1989-90,72,25,1283,191,422,186,402,5,20,73,90,24,53,77,137,33,5,54,115,460,0.453,0.463,0.25,0.459,0.811,0.498,paxsoji02
John Paxson,29,CHI,NBA,1989-90,82,82,2365,365,708,332,616,33,92,56,68,27,92,119,335,83,6,85,176,819,0.516,0.539,0.359,0.539,0.824,0.555,paxsojo01
Kenny Payne,23,PHI,NBA,1989-90,35,4,216,47,108,43,98,4,10,16,18,11,15,26,10,7,6,20,37,114,0.435,0.439,0.4,0.454,0.889,0.492,payneke01
Will Perdue,24,CHI,NBA,1989-90,77,11,884,111,268,111,263,0,5,72,104,88,126,214,46,19,26,65,150,294,0.414,0.422,0,0.414,0.692,0.469,perduwi01
Sam Perkins,28,DAL,NBA,1989-90,76,70,2668,435,883,429,855,6,28,330,424,209,363,572,175,88,64,148,225,1206,0.493,0.502,0.214,0.496,0.778,0.564,perkisa01
Tim Perry,24,PHO,NBA,1989-90,60,18,612,100,195,99,194,1,1,53,90,79,73,152,17,21,22,47,76,254,0.513,0.51,1,0.515,0.589,0.541,perryti01
Chuck Person,25,IND,NBA,1989-90,77,73,2714,605,1242,511,989,94,253,211,270,126,319,445,230,53,20,170,217,1515,0.487,0.517,0.372,0.525,0.781,0.557,persoch01
Jim Petersen,27,GSW,NBA,1989-90,43,19,592,60,141,60,140,0,1,52,73,49,111,160,23,17,20,36,103,172,0.426,0.429,0,0.426,0.712,0.497,peterji01
Drazen Petrovic,25,POR,NBA,1989-90,77,0,967,207,427,173,353,34,74,135,160,50,61,111,116,23,2,96,134,583,0.485,0.49,0.459,0.525,0.844,0.586,petrodr01
Ricky Pierce,30,MIL,NBA,1989-90,59,0,1709,503,987,457,854,46,133,307,366,64,103,167,133,50,7,129,158,1359,0.51,0.535,0.346,0.533,0.839,0.592,piercri01
Ed Pinckney,26,BOS,NBA,1989-90,77,50,1082,135,249,135,248,0,1,92,119,93,132,225,68,34,42,56,126,362,0.542,0.544,0,0.542,0.773,0.601,pincked01
Scottie Pippen,24,CHI,NBA,1989-90,82,82,3148,562,1150,534,1038,28,112,199,295,150,397,547,444,211,101,278,298,1351,0.489,0.514,0.25,0.501,0.675,0.528,pippesc01
Olden Polynice,25,SEA,NBA,1989-90,79,7,1085,156,289,155,287,1,2,47,99,128,172,300,15,25,21,35,187,360,0.54,0.54,0.5,0.542,0.475,0.541,polynol01
Terry Porter,26,POR,NBA,1989-90,80,80,2781,448,969,359,731,89,238,421,472,59,213,272,726,151,4,245,150,1406,0.462,0.491,0.374,0.508,0.892,0.597,portete01
Paul Pressey,31,MIL,NBA,1989-90,57,2,1400,239,506,233,463,6,43,144,190,59,113,172,244,71,23,109,149,628,0.472,0.503,0.14,0.478,0.758,0.533,presspa01
Harold Pressley,26,SAC,NBA,1989-90,72,10,1603,240,566,194,418,46,148,110,141,94,215,309,149,58,36,88,148,636,0.424,0.464,0.311,0.465,0.78,0.506,pressha01
Mark Price,25,CLE,NBA,1989-90,73,73,2706,489,1066,337,692,152,374,300,338,66,185,251,666,114,5,214,89,1430,0.459,0.487,0.406,0.53,0.888,0.589,pricema01
Brian Quinnett,23,NYK,NBA,1989-90,31,0,193,19,58,19,56,0,2,2,3,9,19,28,11,3,4,4,27,40,0.328,0.339,0,0.328,0.667,0.337,quinnbr01
Kurt Rambis,31,TOT,NBA,1989-90,74,61,1904,190,373,190,370,0,3,82,127,156,369,525,135,100,37,104,208,462,0.509,0.514,0,0.509,0.646,0.539,rambiku01
Blair Rasmussen,27,DEN,NBA,1989-90,81,55,1995,445,895,445,894,0,1,111,134,174,420,594,82,40,104,75,300,1001,0.497,0.498,0,0.497,0.828,0.525,rasmubl01
J.R. Reid,21,CHH,NBA,1989-90,82,82,2757,358,814,358,809,0,5,192,289,199,492,691,101,92,54,172,292,908,0.44,0.443,0,0.44,0.664,0.482,reidjr01
Robert Reid,34,TOT,NBA,1989-90,72,28,1202,175,447,165,415,10,32,54,86,34,117,151,90,38,16,45,153,414,0.391,0.398,0.313,0.403,0.628,0.427,reidro01
Jerry Reynolds,27,ORL,NBA,1989-90,67,40,1817,309,741,308,727,1,14,239,322,91,232,323,180,93,64,139,162,858,0.417,0.424,0.071,0.418,0.742,0.486,reynoje01
Glen Rice,22,MIA,NBA,1989-90,77,60,2311,470,1071,453,1002,17,69,91,124,100,252,352,138,67,27,113,198,1048,0.439,0.452,0.246,0.447,0.734,0.466,ricegl01
Pooh Richardson,23,MIN,NBA,1989-90,82,48,2581,426,925,403,842,23,83,63,107,55,162,217,554,133,25,141,143,938,0.461,0.479,0.277,0.473,0.589,0.482,richapo01
Mitch Richmond,24,GSW,NBA,1989-90,78,78,2799,640,1287,606,1192,34,95,406,469,98,262,360,223,98,24,201,210,1720,0.497,0.508,0.358,0.51,0.866,0.576,richmmi01
David Rivers,25,LAC,NBA,1989-90,52,11,724,80,197,80,192,0,5,59,78,30,55,85,155,31,0,88,53,219,0.406,0.417,0,0.406,0.756,0.473,riverda01
Doc Rivers,28,ATL,NBA,1989-90,48,44,1526,218,480,194,414,24,66,138,170,47,153,200,264,116,22,98,151,598,0.454,0.469,0.364,0.479,0.812,0.539,riverdo01
Fred Roberts,29,MIL,NBA,1989-90,82,66,2235,330,666,328,655,2,11,195,249,107,204,311,147,56,25,130,210,857,0.495,0.501,0.182,0.497,0.783,0.553,roberfr01
Alvin Robertson,27,MIL,NBA,1989-90,81,81,2599,476,946,472,920,4,26,197,266,230,329,559,445,207,17,217,280,1153,0.503,0.513,0.154,0.505,0.741,0.542,roberal01
Clifford Robinson,23,POR,NBA,1989-90,82,0,1565,298,751,286,707,12,44,138,251,110,198,308,72,53,53,129,226,746,0.397,0.405,0.273,0.405,0.55,0.433,robincl02
David Robinson,24,SAS,NBA,1989-90,82,81,3002,690,1300,690,1298,0,2,613,837,303,680,983,164,138,319,257,259,1993,0.531,0.532,0,0.531,0.732,0.597,robinda01
Dennis Rodman,28,DET,NBA,1989-90,82,43,2377,288,496,287,487,1,9,142,217,336,456,792,72,52,60,90,276,719,0.581,0.589,0.111,0.582,0.654,0.608,rodmade01
Tree Rollins,34,CLE,NBA,1989-90,48,19,674,57,125,57,124,0,1,11,16,58,95,153,24,13,53,35,83,125,0.456,0.46,0,0.456,0.688,0.473,rollitr01
Doug Roth,22,WSB,NBA,1989-90,42,0,412,37,86,37,85,0,1,7,14,44,76,120,20,8,13,16,70,81,0.43,0.435,0,0.43,0.5,0.439,rothdo01
Scott Roth,26,MIN,NBA,1989-90,71,3,1061,159,420,141,368,18,52,150,201,34,78,112,115,51,6,85,144,486,0.379,0.383,0.346,0.4,0.746,0.478,rothsc01
Jim Rowinski,29,MIA,NBA,1989-90,14,0,112,14,32,14,32,0,0,22,26,17,12,29,5,1,2,10,19,50,0.438,0.438,,0.438,0.846,0.576,rowinji01
Brian Rowsom,24,CHH,NBA,1989-90,44,2,559,78,179,77,177,1,2,68,83,44,87,131,22,18,11,25,58,225,0.436,0.435,0.5,0.439,0.819,0.522,rowsobr01
Donald Royal,23,MIN,NBA,1989-90,66,0,746,117,255,117,254,0,1,153,197,69,68,137,43,32,8,81,107,387,0.459,0.461,0,0.459,0.777,0.566,royaldo01
Delaney Rudd,27,UTA,NBA,1989-90,77,2,850,111,259,95,203,16,56,35,53,12,43,55,177,22,1,88,81,273,0.429,0.468,0.286,0.459,0.66,0.483,ruddde01
John Salley,25,DET,NBA,1989-90,82,12,1914,209,408,208,404,1,4,174,244,154,285,439,67,51,153,97,282,593,0.512,0.515,0.25,0.513,0.713,0.575,sallejo01
Ralph Sampson,29,SAC,NBA,1989-90,26,7,417,48,129,47,125,1,4,12,23,11,73,84,28,14,22,34,66,109,0.372,0.376,0.25,0.376,0.522,0.392,sampsra01
Jeff Sanders,24,CHI,NBA,1989-90,31,0,182,13,40,13,40,0,0,2,4,17,22,39,9,4,4,15,27,28,0.325,0.325,,0.325,0.5,0.335,sandeje01
Mike Sanders,29,IND,NBA,1989-90,82,13,1531,225,479,220,465,5,14,55,75,78,152,230,89,43,23,79,220,510,0.47,0.473,0.357,0.475,0.733,0.498,sandemi01
Danny Schayes,30,DEN,NBA,1989-90,53,22,1194,163,330,163,326,0,4,225,264,117,225,342,61,41,45,72,200,551,0.494,0.5,0,0.494,0.852,0.617,schayda01
Detlef Schrempf,27,IND,NBA,1989-90,78,18,2573,424,822,407,774,17,48,402,490,149,471,620,247,59,16,180,271,1267,0.516,0.526,0.354,0.526,0.82,0.611,schrede01
Byron Scott,28,LAL,NBA,1989-90,77,77,2593,472,1005,379,785,93,220,160,209,51,191,242,274,77,31,122,180,1197,0.47,0.483,0.423,0.516,0.766,0.546,scottby01
Rony Seikaly,24,MIA,NBA,1989-90,74,72,2409,486,968,486,967,0,1,256,431,253,513,766,78,78,124,236,258,1228,0.502,0.503,0,0.502,0.594,0.53,seikaro01
Brad Sellers,27,TOT,NBA,1989-90,59,0,700,103,254,103,249,0,5,58,73,39,50,89,33,17,22,46,74,264,0.406,0.414,0,0.406,0.795,0.461,sellebr01
Charles Shackleford,23,NJN,NBA,1989-90,70,37,1557,247,535,247,534,0,1,79,115,180,299,479,56,40,35,116,183,573,0.462,0.463,0,0.462,0.687,0.489,shackch01
John Shasky,25,GSW,NBA,1989-90,14,0,51,4,14,4,14,0,0,2,6,4,9,13,1,1,2,2,10,10,0.286,0.286,,0.286,0.333,0.3,shaskjo01
Purvis Short,32,NJN,NBA,1989-90,82,24,2213,432,950,422,915,10,35,198,237,101,147,248,145,66,20,119,202,1072,0.455,0.461,0.286,0.46,0.835,0.508,shortpu01
Dexter Shouse,26,PHI,NBA,1989-90,3,0,18,0,4,0,3,0,1,0,0,0,0,0,2,1,1,2,2,0,0,0,0,0,,0,shousde01
Jerry Sichting,33,TOT,NBA,1989-90,35,8,496,50,125,47,113,3,12,18,22,3,16,19,94,16,2,22,40,121,0.4,0.416,0.25,0.412,0.818,0.449,sichtje01
Jack Sikma,34,MIL,NBA,1989-90,71,70,2250,344,827,276,628,68,199,230,260,109,383,492,229,76,48,139,244,986,0.416,0.439,0.342,0.457,0.885,0.524,sikmaja01
Scott Skiles,25,ORL,NBA,1989-90,70,32,1460,190,464,138,332,52,132,104,119,23,136,159,334,36,4,90,126,536,0.409,0.416,0.394,0.466,0.874,0.519,skilesc01
Charles Smith,24,LAC,NBA,1989-90,78,76,2732,595,1145,594,1133,1,12,454,572,177,347,524,114,86,119,162,294,1645,0.52,0.524,0.083,0.52,0.794,0.589,smithch01
Charles Smith,22,BOS,NBA,1989-90,60,0,519,59,133,59,126,0,7,53,76,14,55,69,103,35,3,36,75,171,0.444,0.468,0,0.444,0.697,0.514,smithch02
Derek Smith,28,PHI,NBA,1989-90,75,7,1405,261,514,245,478,16,36,130,186,62,110,172,109,35,20,85,198,668,0.508,0.513,0.444,0.523,0.699,0.561,smithde02
Kenny Smith,24,TOT,NBA,1989-90,79,51,2421,378,811,352,728,26,83,161,196,18,139,157,445,79,8,169,143,943,0.466,0.484,0.313,0.482,0.821,0.526,smithke01
Larry Smith,32,HOU,NBA,1989-90,74,0,1300,101,213,101,211,0,2,20,55,180,272,452,69,56,28,70,203,222,0.474,0.479,0,0.474,0.364,0.468,smithla01
Michael Smith,24,BOS,NBA,1989-90,65,7,620,136,286,134,258,2,28,53,64,40,60,100,79,9,1,54,51,327,0.476,0.519,0.071,0.479,0.828,0.52,smithmi01
Otis Smith,26,ORL,NBA,1989-90,65,35,1644,348,708,338,668,10,40,169,222,117,183,300,147,76,57,102,174,875,0.492,0.506,0.25,0.499,0.761,0.543,smithot01
Rik Smits,23,IND,NBA,1989-90,82,82,2404,515,967,515,966,0,1,241,297,135,377,512,142,45,169,143,328,1271,0.533,0.533,0,0.533,0.811,0.579,smitsri01
Mike Smrek,27,GSW,NBA,1989-90,13,3,107,10,24,10,24,0,0,1,6,11,23,34,1,4,11,9,18,21,0.417,0.417,,0.417,0.167,0.394,smrekmi01
Rory Sparrow,31,MIA,NBA,1989-90,82,25,1756,210,510,202,470,8,40,59,77,37,101,138,298,49,4,99,140,487,0.412,0.43,0.2,0.42,0.766,0.448,sparrro01
John Stockton,27,UTA,NBA,1989-90,78,78,2915,472,918,425,805,47,113,354,432,57,149,206,1134,207,18,272,233,1345,0.514,0.528,0.416,0.54,0.819,0.607,stockjo01
Greg Stokes,26,SAC,NBA,1989-90,11,0,34,1,9,1,9,0,0,2,2,2,3,5,0,0,0,3,8,4,0.111,0.111,,0.111,1,0.202,stokegr01
Rod Strickland,23,TOT,NBA,1989-90,82,24,2140,343,756,335,726,8,30,174,278,90,169,259,468,127,14,170,160,868,0.454,0.461,0.267,0.459,0.626,0.494,stricro02
Jon Sundvold,28,MIA,NBA,1989-90,63,2,867,148,363,104,263,44,100,44,52,15,56,71,102,25,0,52,69,384,0.408,0.395,0.44,0.468,0.846,0.498,sundvjo01
Roy Tarpley,25,DAL,NBA,1989-90,45,35,1648,314,696,314,690,0,6,130,172,189,400,589,67,79,70,117,160,758,0.451,0.455,0,0.451,0.756,0.491,tarplro01
Jay Taylor,22,NJN,NBA,1989-90,17,0,114,21,52,18,39,3,13,6,9,5,6,11,5,5,3,10,9,51,0.404,0.462,0.231,0.433,0.667,0.456,tayloja01
Leonard Taylor,23,GSW,NBA,1989-90,10,0,37,0,6,0,5,0,1,11,16,4,8,12,1,0,0,5,4,11,0,0,0,0,0.688,0.422,taylole01
Terry Teagle,29,GSW,NBA,1989-90,82,49,2376,538,1122,535,1108,3,14,244,294,114,253,367,155,91,15,144,231,1323,0.48,0.483,0.214,0.481,0.83,0.529,teaglte01
Reggie Theus,32,ORL,NBA,1989-90,76,71,2350,517,1178,491,1073,26,105,378,443,75,146,221,407,60,12,226,194,1438,0.439,0.458,0.248,0.45,0.853,0.524,theusre01
Isiah Thomas,28,DET,NBA,1989-90,81,81,2993,579,1322,537,1186,42,136,292,377,74,234,308,765,139,19,322,206,1492,0.438,0.453,0.309,0.454,0.775,0.501,thomais01
Billy Thompson,26,MIA,NBA,1989-90,79,45,2142,375,727,373,723,2,4,115,185,238,313,551,166,54,89,156,237,867,0.516,0.516,0.5,0.517,0.622,0.536,thompbi01
LaSalle Thompson,28,IND,NBA,1989-90,82,60,2126,223,471,222,466,1,5,107,134,175,455,630,106,65,71,150,313,554,0.473,0.476,0.2,0.475,0.799,0.523,thompla01
Mychal Thompson,35,LAL,NBA,1989-90,70,70,1883,281,562,281,562,0,0,144,204,173,304,477,43,33,73,79,207,706,0.5,0.5,,0.5,0.706,0.542,thompmy01
Bob Thornton,27,PHI,NBA,1989-90,56,0,592,48,112,47,109,1,3,26,51,45,88,133,17,20,12,35,105,123,0.429,0.431,0.333,0.433,0.51,0.457,thornbo01
Otis Thorpe,27,HOU,NBA,1989-90,82,82,2947,547,998,547,988,0,10,307,446,258,476,734,261,66,24,229,270,1401,0.548,0.554,0,0.548,0.688,0.587,thorpot01
Sedale Threatt,28,SEA,NBA,1989-90,65,18,1481,303,599,295,567,8,32,130,157,43,72,115,216,65,8,77,164,744,0.506,0.52,0.25,0.513,0.828,0.557,threase01
Wayman Tisdale,25,SAC,NBA,1989-90,79,79,2937,726,1383,726,1377,0,6,306,391,185,410,595,108,54,54,153,251,1758,0.525,0.527,0,0.525,0.783,0.565,tisdawa01
Tom Tolbert,24,GSW,NBA,1989-90,70,21,1347,218,442,213,424,5,18,175,241,122,241,363,58,23,25,79,191,616,0.493,0.502,0.278,0.499,0.726,0.562,tolbeto01
Sedric Toney,27,TOT,NBA,1989-90,64,9,968,87,250,64,187,23,63,67,83,14,46,60,174,33,0,73,106,264,0.348,0.342,0.365,0.394,0.807,0.461,toneyse01
Kelly Tripucka,30,CHH,NBA,1989-90,79,73,2404,442,1029,404,925,38,104,310,351,82,240,322,224,75,16,176,220,1232,0.43,0.437,0.365,0.448,0.883,0.521,tripuke01
Trent Tucker,30,NYK,NBA,1989-90,81,2,1725,253,606,158,361,95,245,66,86,57,117,174,173,74,8,73,159,667,0.417,0.438,0.388,0.496,0.767,0.518,tucketr01
Andre Turner,25,TOT,NBA,1989-90,11,0,115,11,38,11,36,0,2,4,4,4,4,8,23,8,0,12,6,26,0.289,0.306,0,0.289,1,0.327,turnean01
Henry Turner,23,SAC,NBA,1989-90,36,1,315,58,122,58,119,0,3,40,65,22,28,50,22,17,7,26,40,156,0.475,0.487,0,0.475,0.615,0.518,turnehe02
Jeff Turner,27,ORL,NBA,1989-90,60,15,1105,132,308,130,298,2,10,42,54,52,175,227,53,23,12,61,161,308,0.429,0.436,0.2,0.432,0.778,0.464,turneje01
Melvin Turpin,29,WSB,NBA,1989-90,59,12,818,110,209,110,207,0,2,56,71,88,133,221,27,15,47,45,135,276,0.526,0.531,0,0.526,0.789,0.574,turpime01
Kelvin Upshaw,27,TOT,NBA,1989-90,40,0,387,64,146,60,131,4,15,28,37,9,32,41,54,27,1,27,53,160,0.438,0.458,0.267,0.452,0.757,0.493,upshake01
Kiki Vandeweghe,31,NYK,NBA,1989-90,22,13,563,102,231,92,212,10,19,44,48,15,38,53,41,15,3,26,28,258,0.442,0.434,0.526,0.463,0.917,0.512,vandeki01
Jay Vincent,30,TOT,NBA,1989-90,41,6,459,86,183,85,181,1,2,41,49,20,42,62,18,18,5,33,52,214,0.47,0.47,0.5,0.473,0.837,0.523,vinceja01
Sam Vincent,26,ORL,NBA,1989-90,63,45,1657,258,564,257,550,1,14,188,214,37,157,194,354,65,20,132,108,705,0.457,0.467,0.071,0.458,0.879,0.536,vincesa01
Gary Voce,24,CLE,NBA,1989-90,1,0,4,1,3,1,3,0,0,0,0,2,0,2,0,0,0,0,0,2,0.333,0.333,,0.333,,0.333,vocega01
Alexander Volkov,25,ATL,NBA,1989-90,72,4,937,137,284,124,250,13,34,70,120,52,67,119,83,36,22,52,166,357,0.482,0.496,0.382,0.505,0.583,0.53,volkoal01
Mark Wade,24,DAL,NBA,1989-90,1,0,3,0,0,0,0,0,0,0,0,0,0,0,2,0,0,0,0,0,,,,,,,wadema01
Darrell Walker,28,WSB,NBA,1989-90,81,81,2883,316,696,314,675,2,21,138,201,173,541,714,652,139,30,173,220,772,0.454,0.465,0.095,0.455,0.687,0.492,walkeda01
Kenny Walker,25,NYK,NBA,1989-90,68,21,1595,204,384,202,379,2,5,125,173,131,212,343,49,33,52,60,178,535,0.531,0.533,0.4,0.534,0.723,0.581,walkeke01
Spud Webb,26,ATL,NBA,1989-90,82,46,2184,294,616,293,597,1,19,162,186,38,163,201,477,105,12,141,185,751,0.477,0.491,0.053,0.478,0.871,0.538,webbsp01
Chris Welp,26,TOT,NBA,1989-90,27,3,198,23,61,23,61,0,0,19,25,18,30,48,9,6,8,15,58,65,0.377,0.377,,0.377,0.76,0.451,welpch01
Bill Wennington,26,DAL,NBA,1989-90,60,2,814,105,234,105,230,0,4,60,75,64,134,198,41,20,21,50,144,270,0.449,0.457,0,0.449,0.8,0.506,wennibi01
Doug West,22,MIN,NBA,1989-90,52,0,378,53,135,50,124,3,11,26,32,24,46,70,18,10,6,31,61,135,0.393,0.403,0.273,0.404,0.813,0.453,westdo01
Mark West,29,PHO,NBA,1989-90,82,79,2399,331,530,331,530,0,0,199,288,212,516,728,45,36,184,126,277,861,0.625,0.625,,0.625,0.691,0.656,westma01
Randy White,22,DAL,NBA,1989-90,55,2,707,93,252,92,238,1,14,50,89,78,95,173,21,24,6,47,124,237,0.369,0.387,0.071,0.371,0.562,0.407,whitera01
Mitchell Wiggins,30,HOU,NBA,1989-90,66,52,1852,416,853,416,850,0,3,192,237,133,153,286,104,85,1,87,165,1024,0.488,0.489,0,0.488,0.81,0.535,wiggimi01
Morlon Wiley,23,ORL,NBA,1989-90,40,2,638,92,208,75,162,17,46,28,38,13,39,52,114,45,3,63,65,229,0.442,0.463,0.37,0.483,0.737,0.51,wileymo01
Dominique Wilkins,30,ATL,NBA,1989-90,80,79,2888,810,1672,751,1489,59,183,459,569,217,304,521,200,126,47,174,141,2138,0.484,0.504,0.322,0.502,0.807,0.556,wilkido01
Eddie Lee Wilkins,27,NYK,NBA,1989-90,79,0,972,141,310,141,308,0,2,89,147,114,151,265,16,18,18,73,152,371,0.455,0.458,0,0.455,0.605,0.495,wilkied01
Gerald Wilkins,26,NYK,NBA,1989-90,82,80,2609,472,1032,433,907,39,125,208,259,133,238,371,330,95,21,194,188,1191,0.457,0.477,0.312,0.476,0.803,0.52,wilkige01
Buck Williams,29,POR,NBA,1989-90,82,82,2801,413,754,413,753,0,1,288,408,250,550,800,116,69,39,168,285,1114,0.548,0.548,0,0.548,0.706,0.597,willibu01
Herb Williams,31,DAL,NBA,1989-90,81,19,2199,295,665,293,656,2,9,108,159,76,315,391,119,51,106,106,243,700,0.444,0.447,0.222,0.445,0.679,0.476,willihe01
Hot Rod Williams,27,CLE,NBA,1989-90,82,29,2776,528,1070,528,1070,0,0,325,440,220,443,663,168,86,167,143,214,1381,0.493,0.493,,0.493,0.739,0.546,williho01
John Williams,23,WSB,NBA,1989-90,18,18,632,130,274,128,256,2,18,65,84,27,109,136,84,21,9,43,33,327,0.474,0.5,0.111,0.478,0.774,0.526,willijo02
Micheal Williams,23,TOT,NBA,1989-90,28,1,329,60,119,60,116,0,3,36,46,12,20,32,81,22,1,33,39,156,0.504,0.517,0,0.504,0.783,0.56,willimi02
Mike Williams,26,TOT,NBA,1989-90,21,0,102,6,18,6,17,0,1,3,6,5,18,23,2,3,7,3,30,15,0.333,0.353,0,0.333,0.5,0.363,willimi03
Reggie Williams,25,TOT,NBA,1989-90,47,17,743,131,338,125,301,6,37,52,68,28,55,83,53,32,14,45,102,320,0.388,0.415,0.162,0.396,0.765,0.435,willire01
Kevin Willis,27,ATL,NBA,1989-90,81,51,2273,418,805,416,798,2,7,168,246,253,392,645,57,63,47,144,259,1006,0.519,0.521,0.286,0.52,0.683,0.551,willike02
David Wingate,26,SAS,NBA,1989-90,78,2,1856,220,491,220,478,0,13,87,112,62,133,195,208,89,18,127,154,527,0.448,0.46,0,0.448,0.777,0.488,wingada01
Randy Wittman,30,IND,NBA,1989-90,61,0,544,62,122,61,120,1,2,5,6,4,26,30,39,7,4,23,21,130,0.508,0.508,0.5,0.512,0.833,0.522,wittmra01
Joe Wolf,25,LAC,NBA,1989-90,77,19,1325,155,392,150,367,5,25,55,71,63,169,232,62,30,24,77,129,370,0.395,0.409,0.2,0.402,0.775,0.437,wolfjo01
Leon Wood,27,NJN,NBA,1989-90,28,2,200,16,49,12,28,4,21,14,16,1,11,12,47,6,0,8,16,50,0.327,0.429,0.19,0.367,0.875,0.446,woodle01
Mike Woodson,31,HOU,NBA,1989-90,61,11,972,160,405,148,364,12,41,62,86,25,63,88,66,42,11,49,100,394,0.395,0.407,0.293,0.41,0.721,0.445,woodsmi01
Orlando Woolridge,30,LAL,NBA,1989-90,62,2,1421,306,550,306,545,0,5,176,240,49,136,185,96,39,46,73,160,788,0.556,0.561,0,0.556,0.733,0.601,woolror01
Haywoode Workman,24,ATL,NBA,1989-90,6,0,16,2,3,2,3,0,0,2,2,0,3,3,2,3,0,0,3,6,0.667,0.667,,0.667,1,0.773,workmha01
James Worthy,28,LAL,NBA,1989-90,80,80,2960,711,1298,696,1249,15,49,248,317,160,318,478,288,99,49,160,190,1685,0.548,0.557,0.306,0.554,0.782,0.586,worthja01
Danny Young,27,POR,NBA,1989-90,82,8,1393,138,328,122,269,16,59,91,112,29,93,122,231,82,4,80,84,383,0.421,0.454,0.271,0.445,0.813,0.508,youngda01
Michael Young,29,LAC,NBA,1989-90,45,2,459,92,194,84,168,8,26,27,38,36,50,86,24,25,3,15,47,219,0.474,0.5,0.308,0.495,0.711,0.52,youngmi01
Alaa Abdelnaby,22,POR,NBA,1990-91,43,0,290,55,116,55,116,0,0,25,44,27,62,89,12,4,12,22,39,135,0.474,0.474,,0.474,0.568,0.499,abdelal01
Mahmoud Abdul-Rauf,21,DEN,NBA,1990-91,67,19,1505,417,1009,393,909,24,100,84,98,34,87,121,206,55,4,110,149,942,0.413,0.432,0.24,0.425,0.857,0.448,abdulma02
Mark Acres,28,ORL,NBA,1990-91,68,0,1313,109,214,108,211,1,3,66,101,140,219,359,25,25,25,42,218,285,0.509,0.512,0.333,0.512,0.653,0.551,acresma01
Michael Adams,28,DEN,NBA,1990-91,66,66,2346,560,1421,393,857,167,564,465,529,58,198,256,693,147,6,240,162,1752,0.394,0.459,0.296,0.453,0.879,0.53,adamsmi01
Mark Aguirre,31,DET,NBA,1990-91,78,13,2006,420,909,396,831,24,78,240,317,134,240,374,139,47,20,128,209,1104,0.462,0.477,0.308,0.475,0.757,0.526,aguirma01
Danny Ainge,31,POR,NBA,1990-91,80,0,1710,337,714,235,463,102,251,114,138,45,160,205,285,63,13,100,195,890,0.472,0.508,0.406,0.543,0.826,0.574,aingeda01
Mark Alarie,27,WSB,NBA,1990-91,42,1,587,99,225,94,204,5,21,41,48,41,76,117,45,15,8,40,88,244,0.44,0.461,0.238,0.451,0.854,0.496,alarima01
Steve Alford,26,DAL,NBA,1990-91,34,0,236,59,117,52,94,7,23,26,31,10,14,24,22,8,1,16,11,151,0.504,0.553,0.304,0.534,0.839,0.578,alforst01
Greg Anderson,26,TOT,NBA,1990-91,68,2,924,116,270,116,269,0,1,60,115,97,221,318,16,35,45,84,140,292,0.43,0.431,0,0.43,0.522,0.455,andergr01
Nick Anderson,23,ORL,NBA,1990-91,70,42,1971,400,857,383,799,17,58,173,259,92,294,386,106,74,44,113,145,990,0.467,0.479,0.293,0.477,0.668,0.51,anderni01
Ron Anderson,32,PHI,NBA,1990-91,82,13,2340,512,1055,503,1012,9,43,165,198,103,264,367,115,65,13,100,163,1198,0.485,0.497,0.209,0.49,0.833,0.524,anderro01
Willie Anderson,24,SAS,NBA,1990-91,75,75,2592,453,991,446,956,7,35,170,213,68,283,351,358,79,46,167,226,1083,0.457,0.467,0.2,0.461,0.798,0.499,anderwi01
Michael Ansley,23,ORL,NBA,1990-91,67,1,877,144,263,144,263,0,0,91,127,122,131,253,25,27,7,32,125,379,0.548,0.548,,0.548,0.717,0.594,anslemi01
B.J. Armstrong,23,CHI,NBA,1990-91,82,0,1731,304,632,289,602,15,30,97,111,25,124,149,301,70,4,107,118,720,0.481,0.48,0.5,0.493,0.874,0.529,armstbj01
Vincent Askew,24,GSW,NBA,1990-91,7,0,85,12,25,12,25,0,0,9,11,7,4,11,13,2,0,6,21,33,0.48,0.48,,0.48,0.818,0.553,askewvi01
Keith Askins,23,MIA,NBA,1990-91,39,1,266,34,81,28,56,6,25,12,25,30,38,68,19,16,13,11,46,86,0.42,0.5,0.24,0.457,0.48,0.467,askinke01
Milos Babic,22,CLE,NBA,1990-91,12,0,52,6,19,6,19,0,0,7,12,6,3,9,4,1,1,5,7,19,0.316,0.316,,0.316,0.583,0.391,babicmi01
Thurl Bailey,29,UTA,NBA,1990-91,82,22,2486,399,872,399,869,0,3,219,271,101,306,407,124,53,91,130,160,1017,0.458,0.459,0,0.458,0.808,0.513,baileth01
Cedric Ball,22,LAC,NBA,1990-91,7,0,26,3,8,3,8,0,0,2,2,5,6,11,0,0,2,2,5,8,0.375,0.375,,0.375,1,0.45,ballce01
Ken Bannister,30,LAC,NBA,1990-91,47,3,339,43,81,43,80,0,1,25,65,34,62,96,9,5,7,25,73,111,0.531,0.538,0,0.531,0.385,0.506,bannike01
Charles Barkley,27,PHI,NBA,1990-91,67,67,2498,665,1167,621,1012,44,155,475,658,258,422,680,284,110,33,210,173,1849,0.57,0.614,0.284,0.589,0.722,0.635,barklch01
Dana Barros,23,SEA,NBA,1990-91,66,0,750,154,311,122,230,32,81,78,85,17,54,71,111,23,1,54,40,418,0.495,0.53,0.395,0.547,0.918,0.6,barroda01
John Battle,28,ATL,NBA,1990-91,79,2,1863,397,862,383,813,14,49,270,316,34,125,159,217,45,6,113,145,1078,0.461,0.471,0.286,0.469,0.854,0.538,battljo01
Kenny Battle,26,TOT,NBA,1990-91,56,8,945,133,282,130,258,3,24,70,93,83,93,176,62,60,18,53,108,339,0.472,0.504,0.125,0.477,0.753,0.525,battlke01
William Bedford,27,DET,NBA,1990-91,60,4,562,106,242,101,229,5,13,55,78,55,76,131,32,2,36,32,76,272,0.438,0.441,0.385,0.448,0.705,0.492,bedfowi01
Benoit Benjamin,26,TOT,NBA,1990-91,70,65,2236,386,778,386,778,0,0,210,295,157,566,723,119,54,145,235,184,982,0.496,0.496,,0.496,0.712,0.541,benjabe01
Winston Bennett,25,CLE,NBA,1990-91,27,13,334,40,107,40,107,0,0,35,47,30,34,64,28,8,2,20,50,115,0.374,0.374,,0.374,0.745,0.45,bennewi01
Larry Bird,34,BOS,NBA,1990-91,60,60,2277,462,1017,385,819,77,198,163,183,53,456,509,431,108,58,187,118,1164,0.454,0.47,0.389,0.492,0.891,0.53,birdla01
Rolando Blackman,31,DAL,NBA,1990-91,80,80,2965,634,1316,594,1202,40,114,282,326,63,193,256,301,69,19,159,153,1590,0.482,0.494,0.351,0.497,0.865,0.545,blackro01
Lance Blanks,24,DET,NBA,1990-91,38,0,214,26,61,24,45,2,16,10,14,4,16,20,26,9,2,18,35,64,0.426,0.533,0.125,0.443,0.714,0.476,blankla01
Mookie Blaylock,23,NJN,NBA,1990-91,72,70,2585,432,1039,418,948,14,91,139,176,67,182,249,441,169,40,207,180,1017,0.416,0.441,0.154,0.423,0.79,0.455,blaylmo01
Muggsy Bogues,26,CHH,NBA,1990-91,81,46,2299,241,524,241,512,0,12,86,108,58,158,216,669,137,3,120,160,568,0.46,0.471,0,0.46,0.796,0.497,boguemu01
Manute Bol,28,PHI,NBA,1990-91,82,6,1522,65,164,64,150,1,14,24,41,66,284,350,20,16,247,63,184,155,0.396,0.427,0.071,0.399,0.585,0.426,bolma01
Anthony Bonner,22,SAC,NBA,1990-91,34,6,750,103,230,103,230,0,0,44,76,59,102,161,49,39,5,41,62,250,0.448,0.448,,0.448,0.579,0.474,bonnean01
Sam Bowie,29,NJN,NBA,1990-91,62,51,1916,314,723,310,701,4,22,169,231,176,304,480,147,43,90,141,175,801,0.434,0.442,0.182,0.437,0.732,0.486,bowiesa01
Randy Breuer,30,MIN,NBA,1990-91,73,44,1505,197,435,197,435,0,0,35,79,114,231,345,73,35,80,69,132,429,0.453,0.453,,0.453,0.443,0.457,breuera01
Frank Brickowski,31,MIL,NBA,1990-91,75,73,1912,372,706,372,704,0,2,198,248,129,297,426,131,86,43,160,255,942,0.527,0.528,0,0.527,0.798,0.578,brickfr01
Scott Brooks,25,MIN,NBA,1990-91,80,0,980,159,370,114,235,45,135,61,72,28,44,72,204,53,5,51,122,424,0.43,0.485,0.333,0.491,0.847,0.528,brooksc01
Chucky Brown,22,CLE,NBA,1990-91,74,51,1485,263,502,263,498,0,4,101,144,78,135,213,80,26,24,94,130,627,0.524,0.528,0,0.524,0.701,0.555,brownch01
Dee Brown,22,BOS,NBA,1990-91,82,5,1945,284,612,277,578,7,34,137,157,41,141,182,344,83,14,137,161,712,0.464,0.479,0.206,0.47,0.873,0.523,brownde01
Mike Brown,27,UTA,NBA,1990-91,82,2,1391,129,284,129,284,0,0,132,178,109,228,337,49,29,24,82,166,390,0.454,0.454,,0.454,0.742,0.538,brownmi01
Tony Brown,30,TOT,NBA,1990-91,30,0,294,30,80,27,68,3,12,20,23,24,19,43,16,4,0,16,47,83,0.375,0.397,0.25,0.394,0.87,0.46,brownto01
Mark Bryant,25,POR,NBA,1990-91,53,0,781,99,203,99,202,0,1,74,101,65,125,190,27,15,12,33,120,272,0.488,0.49,0,0.488,0.733,0.55,bryanma01
Jud Buechler,22,NJN,NBA,1990-91,74,10,859,94,226,93,222,1,4,43,66,61,80,141,51,33,15,26,79,232,0.416,0.419,0.25,0.418,0.652,0.455,buechju01
Matt Bullard,23,HOU,NBA,1990-91,18,0,63,14,31,14,28,0,3,11,17,6,8,14,2,3,0,3,10,39,0.452,0.5,0,0.452,0.647,0.507,bullama01
Willie Burton,22,MIA,NBA,1990-91,76,26,1928,341,773,337,743,4,30,229,293,111,151,262,107,72,24,144,275,915,0.441,0.454,0.133,0.444,0.782,0.507,burtowi01
Greg Butler,24,LAC,NBA,1990-91,9,0,37,5,19,5,19,0,0,4,6,8,8,16,1,0,0,4,9,14,0.263,0.263,,0.263,0.667,0.323,butlegr01
Michael Cage,29,SEA,NBA,1990-91,82,55,2141,226,445,226,442,0,3,70,112,177,381,558,89,85,58,83,194,522,0.508,0.511,0,0.508,0.625,0.528,cagemi01
Adrian Caldwell,24,HOU,NBA,1990-91,42,0,343,35,83,35,82,0,1,7,17,43,57,100,8,19,10,30,35,77,0.422,0.427,0,0.422,0.412,0.426,caldwad01
Rick Calloway,24,SAC,NBA,1990-91,64,0,678,75,192,75,190,0,2,55,79,25,53,78,61,22,7,51,98,205,0.391,0.395,0,0.391,0.696,0.452,callori01
Elden Campbell,22,LAL,NBA,1990-91,52,0,380,56,123,56,123,0,0,32,49,40,56,96,10,11,38,16,71,144,0.455,0.455,,0.455,0.653,0.498,campbel01
Tony Campbell,28,MIN,NBA,1990-91,77,71,2893,652,1502,636,1441,16,61,358,446,161,185,346,214,121,48,190,204,1678,0.434,0.441,0.262,0.439,0.803,0.494,campbto01
Antoine Carr,29,SAC,NBA,1990-91,77,48,2527,628,1228,628,1225,0,3,295,389,163,257,420,191,45,101,171,315,1551,0.511,0.513,0,0.511,0.758,0.554,carran01
Joe Barry Carroll,32,PHO,NBA,1990-91,11,0,96,13,36,13,36,0,0,11,12,3,21,24,11,1,8,12,18,37,0.361,0.361,,0.361,0.917,0.448,carrojo01
Bill Cartwright,33,CHI,NBA,1990-91,79,79,2273,318,649,318,649,0,0,124,178,167,319,486,126,32,15,113,167,760,0.49,0.49,,0.49,0.697,0.522,cartwbi01
Terry Catledge,27,ORL,NBA,1990-91,51,38,1459,292,632,292,627,0,5,161,258,168,187,355,58,34,9,107,113,745,0.462,0.466,0,0.462,0.624,0.5,catlete01
Duane Causwell,22,SAC,NBA,1990-91,76,55,1719,210,413,210,413,0,0,105,165,141,250,391,69,49,148,96,225,525,0.508,0.508,,0.508,0.636,0.541,causwdu01
Cedric Ceballos,21,PHO,NBA,1990-91,63,0,730,204,419,203,413,1,6,110,166,77,73,150,35,22,5,69,70,519,0.487,0.492,0.167,0.488,0.663,0.527,cebalce01
Tom Chambers,31,PHO,NBA,1990-91,76,75,2475,556,1271,536,1198,20,73,379,459,104,386,490,194,65,52,177,235,1511,0.437,0.447,0.274,0.445,0.826,0.513,chambto01
Rex Chapman,23,CHH,NBA,1990-91,70,68,2100,410,922,362,774,48,148,234,282,45,146,191,250,73,16,131,167,1102,0.445,0.468,0.324,0.471,0.83,0.527,chapmre01
Maurice Cheeks,34,NYK,NBA,1990-91,76,64,2147,241,483,236,463,5,20,105,129,22,151,173,435,128,10,108,138,592,0.499,0.51,0.25,0.504,0.814,0.548,cheekma01
Derrick Chievous,23,CLE,NBA,1990-91,18,0,110,17,46,17,46,0,0,9,16,11,7,18,2,3,1,6,16,43,0.37,0.37,,0.37,0.563,0.405,chievde01
Richard Coffey,25,MIN,NBA,1990-91,52,1,320,28,75,28,74,0,1,12,22,42,37,79,3,6,4,5,45,68,0.373,0.378,0,0.373,0.545,0.402,cofferi01
Derrick Coleman,23,NJN,NBA,1990-91,74,68,2602,514,1100,501,1062,13,38,323,442,269,490,759,163,71,99,217,217,1364,0.467,0.472,0.342,0.473,0.731,0.527,colemde01
Bimbo Coles,22,MIA,NBA,1990-91,82,9,1355,162,393,156,359,6,34,71,95,56,97,153,232,65,12,98,149,401,0.412,0.435,0.176,0.42,0.747,0.461,colesbi01
Steve Colter,28,SAC,NBA,1990-91,19,0,251,23,56,18,42,5,14,7,10,5,21,26,37,11,1,11,27,58,0.411,0.429,0.357,0.455,0.7,0.48,coltest01
Lester Conner,31,TOT,NBA,1990-91,74,4,1008,96,207,96,202,0,5,68,94,21,91,112,165,85,2,58,75,260,0.464,0.475,0,0.464,0.723,0.523,connele01
Anthony Cook,23,DEN,NBA,1990-91,58,25,1121,118,283,118,280,0,3,71,129,134,192,326,26,35,72,50,100,307,0.417,0.421,0,0.417,0.55,0.452,cookan01
Wayne Cooper,34,POR,NBA,1990-91,67,1,746,57,145,57,144,0,1,33,42,54,134,188,22,7,61,22,120,147,0.393,0.396,0,0.393,0.786,0.45,coopewa01
Tyrone Corbin,28,MIN,NBA,1990-91,82,82,3196,587,1311,585,1301,2,10,296,371,185,404,589,347,162,53,209,257,1472,0.448,0.45,0.2,0.449,0.798,0.499,corbity01
Dave Corzine,34,SEA,NBA,1990-91,28,0,147,17,38,17,38,0,0,13,22,10,23,33,4,5,5,2,18,47,0.447,0.447,,0.447,0.591,0.493,corzida01
Pat Cummings,34,UTA,NBA,1990-91,4,0,26,4,6,4,6,0,0,7,10,3,2,5,0,0,0,2,8,15,0.667,0.667,,0.667,0.7,0.721,cummipa01
Terry Cummings,29,SAS,NBA,1990-91,67,62,2195,503,1039,496,1006,7,33,164,240,194,327,521,157,61,30,131,225,1177,0.484,0.493,0.212,0.487,0.683,0.514,cummite01
Earl Cureton,33,CHH,NBA,1990-91,9,1,159,8,24,8,23,0,1,1,3,6,30,36,3,0,3,6,16,17,0.333,0.348,0,0.333,0.333,0.336,curetea01
Dell Curry,26,CHH,NBA,1990-91,76,14,1515,337,715,305,629,32,86,96,114,47,152,199,166,75,25,80,125,802,0.471,0.485,0.372,0.494,0.842,0.524,curryde01
Quintin Dailey,30,SEA,NBA,1990-91,30,0,299,73,155,73,154,0,1,38,62,11,21,32,16,7,1,19,25,184,0.471,0.474,0,0.471,0.613,0.505,dailequ01
Adrian Dantley,34,MIL,NBA,1990-91,10,0,126,19,50,18,47,1,3,18,26,8,5,13,9,5,0,6,8,57,0.38,0.383,0.333,0.39,0.692,0.464,dantlad01
Brad Daugherty,25,CLE,NBA,1990-91,76,76,2946,605,1155,605,1152,0,3,435,579,177,653,830,253,74,46,211,191,1645,0.524,0.525,0,0.524,0.751,0.583,daughbr01
Brad Davis,35,DAL,NBA,1990-91,80,6,1426,159,373,137,288,22,85,91,118,13,105,118,230,45,17,77,212,431,0.426,0.476,0.259,0.456,0.771,0.507,davisbr01
Terry Davis,23,MIA,NBA,1990-91,55,17,996,115,236,114,234,1,2,69,124,107,159,266,39,18,28,36,129,300,0.487,0.487,0.5,0.489,0.556,0.516,daviste01
Walter Davis,36,TOT,NBA,1990-91,71,14,1483,403,862,392,826,11,36,107,117,71,110,181,125,80,3,88,150,924,0.468,0.475,0.306,0.474,0.915,0.506,daviswa03
Johnny Dawkins,27,PHI,NBA,1990-91,4,4,124,26,41,25,37,1,4,10,11,0,16,16,28,3,0,8,4,63,0.634,0.676,0.25,0.646,0.909,0.687,dawkijo01
Tony Dawson,23,SAC,NBA,1990-91,4,0,17,4,7,3,6,1,1,0,0,2,0,2,0,0,0,1,0,9,0.571,0.5,1,0.643,,0.643,dawsoto01
Byron Dinkins,23,TOT,NBA,1990-91,12,0,149,14,34,14,34,0,0,8,9,0,12,12,19,2,0,13,15,36,0.412,0.412,,0.412,0.889,0.474,dinkiby01
Vlade Divac,22,LAL,NBA,1990-91,82,81,2310,360,637,355,623,5,14,196,279,205,461,666,92,106,127,146,247,921,0.565,0.57,0.357,0.569,0.703,0.606,divacvl01
James Donaldson,33,DAL,NBA,1990-91,82,82,2800,327,615,327,615,0,0,165,229,201,526,727,69,34,93,146,181,819,0.532,0.532,,0.532,0.721,0.572,donalja01
Sherman Douglas,24,MIA,NBA,1990-91,73,73,2562,532,1055,528,1024,4,31,284,414,78,131,209,624,121,5,270,178,1352,0.504,0.516,0.129,0.506,0.686,0.546,douglsh01
Greg Dreiling,28,IND,NBA,1990-91,73,42,1031,98,194,98,192,0,2,63,105,66,189,255,51,24,29,57,178,259,0.505,0.51,0,0.505,0.6,0.539,dreilgr01
Larry Drew,32,LAL,NBA,1990-91,48,2,496,54,125,40,92,14,33,17,22,5,29,34,118,15,1,49,40,139,0.432,0.435,0.424,0.488,0.773,0.516,drewla01
Clyde Drexler,28,POR,NBA,1990-91,82,82,2852,645,1338,584,1147,61,191,416,524,212,334,546,493,144,60,232,226,1767,0.482,0.509,0.319,0.505,0.794,0.563,drexlcl01
Kevin Duckworth,26,POR,NBA,1990-91,81,81,2511,521,1084,521,1082,0,2,240,311,177,354,531,89,33,34,186,251,1282,0.481,0.482,0,0.481,0.772,0.525,duckwke01
Chris Dudley,25,NJN,NBA,1990-91,61,25,1560,170,417,170,417,0,0,94,176,229,282,511,37,39,153,80,217,434,0.408,0.408,,0.408,0.534,0.439,dudlech02
Joe Dumars,27,DET,NBA,1990-91,80,80,3046,622,1292,608,1247,14,45,371,417,62,125,187,443,89,7,189,135,1629,0.481,0.488,0.311,0.487,0.89,0.552,dumarjo01
T.R. Dunn,35,DEN,NBA,1990-91,17,3,217,21,47,20,43,1,4,9,10,20,22,42,24,12,1,7,30,52,0.447,0.465,0.25,0.457,0.9,0.506,dunntr01
Ledell Eackles,24,WSB,NBA,1990-91,67,17,1616,345,762,331,703,14,59,164,222,47,81,128,136,47,10,115,121,868,0.453,0.471,0.237,0.462,0.739,0.505,eacklle01
Mark Eaton,34,UTA,NBA,1990-91,80,80,2580,169,292,169,292,0,0,71,112,182,485,667,51,39,188,99,298,409,0.579,0.579,,0.579,0.634,0.599,eatonma01
Blue Edwards,25,UTA,NBA,1990-91,62,56,1611,244,464,238,440,6,24,82,117,51,150,201,108,57,29,105,203,576,0.526,0.541,0.25,0.532,0.701,0.559,edwarbl01
James Edwards,35,DET,NBA,1990-91,72,70,1903,383,792,382,790,1,2,215,295,91,186,277,65,12,30,126,249,982,0.484,0.484,0.5,0.484,0.729,0.533,edwarja01
Kevin Edwards,25,MIA,NBA,1990-91,79,16,2000,380,927,356,843,24,84,171,213,80,125,205,240,129,46,163,151,955,0.41,0.422,0.286,0.423,0.803,0.468,edwarke01
Craig Ehlo,29,CLE,NBA,1990-91,82,68,2766,344,773,295,624,49,149,95,140,142,246,388,376,121,34,160,209,832,0.445,0.473,0.329,0.477,0.679,0.498,ehlocr01
Mario Elie,27,TOT,NBA,1990-91,33,0,644,79,159,75,149,4,10,75,89,46,64,110,45,19,10,30,85,237,0.497,0.503,0.4,0.509,0.843,0.598,eliema01
Sean Elliott,22,SAS,NBA,1990-91,82,82,3044,478,976,458,912,20,64,325,402,142,314,456,238,69,33,147,190,1301,0.49,0.502,0.313,0.5,0.808,0.564,elliose01
Dale Ellis,30,TOT,NBA,1990-91,51,24,1424,340,718,283,561,57,157,120,166,66,107,173,95,49,8,81,112,857,0.474,0.504,0.363,0.513,0.723,0.542,ellisda01
Pervis Ellison,23,WSB,NBA,1990-91,76,30,1942,326,636,326,630,0,6,139,214,224,361,585,102,49,157,146,268,791,0.513,0.517,0,0.513,0.65,0.542,ellispe01
A.J. English,23,WSB,NBA,1990-91,70,12,1443,251,572,248,541,3,31,111,157,66,81,147,177,25,15,114,127,616,0.439,0.458,0.097,0.441,0.707,0.48,engliaj01
Alex English,37,DAL,NBA,1990-91,79,26,1748,322,734,322,733,0,1,119,140,108,146,254,105,40,25,101,141,763,0.439,0.439,0,0.439,0.85,0.48,englial01
Patrick Ewing,28,NYK,NBA,1990-91,81,81,3104,845,1645,845,1639,0,6,464,623,194,711,905,244,80,258,291,287,2154,0.514,0.516,0,0.514,0.745,0.561,ewingpa01
Jim Farmer,26,TOT,NBA,1990-91,27,1,456,101,223,96,200,5,23,48,65,29,39,68,38,13,2,38,58,255,0.453,0.48,0.217,0.464,0.738,0.507,farmeji01
Dave Feitl,28,HOU,NBA,1990-91,52,2,372,52,140,52,137,0,3,33,44,29,71,100,8,3,12,25,52,137,0.371,0.38,0,0.371,0.75,0.43,feitlda01
Duane Ferrell,25,ATL,NBA,1990-91,78,2,1165,174,356,172,353,2,3,125,156,97,82,179,55,33,27,78,151,475,0.489,0.487,0.667,0.492,0.801,0.559,ferredu01
Danny Ferry,24,CLE,NBA,1990-91,81,2,1661,275,643,252,566,23,77,124,152,99,187,286,142,43,25,120,230,697,0.428,0.445,0.299,0.446,0.816,0.491,ferryda01
Vern Fleming,28,IND,NBA,1990-91,69,45,1929,356,671,352,653,4,18,161,221,83,131,214,369,76,13,137,116,877,0.531,0.539,0.222,0.534,0.729,0.571,flemive01
Sleepy Floyd,30,HOU,NBA,1990-91,82,4,1850,386,939,338,763,48,176,185,246,52,107,159,317,95,17,140,122,1005,0.411,0.443,0.273,0.437,0.752,0.48,floydsl01
Greg Foster,22,WSB,NBA,1990-91,54,3,606,97,211,97,206,0,5,42,61,52,99,151,37,12,22,45,112,236,0.46,0.471,0,0.46,0.689,0.496,fostegr01
Anthony Frederick,26,SAC,NBA,1990-91,35,3,475,67,168,67,168,0,0,43,60,36,48,84,44,22,13,40,50,177,0.399,0.399,,0.399,0.717,0.455,fredean01
Corey Gaines,25,DEN,NBA,1990-91,10,2,226,28,70,23,49,5,21,22,26,4,10,14,91,10,2,23,25,83,0.4,0.469,0.238,0.436,0.846,0.51,gaineco01
Kevin Gamble,25,BOS,NBA,1990-91,82,76,2706,548,933,548,926,0,7,185,227,85,182,267,256,100,34,148,237,1281,0.587,0.592,0,0.587,0.815,0.62,gamblke01
Winston Garland,26,LAC,NBA,1990-91,69,26,1702,221,519,217,493,4,26,118,157,46,152,198,317,97,10,116,189,564,0.426,0.44,0.154,0.43,0.752,0.48,garlawi01
Tom Garrick,24,LAC,NBA,1990-91,67,0,949,100,236,100,214,0,22,60,79,40,87,127,223,62,2,66,101,260,0.424,0.467,0,0.424,0.759,0.48,garrito01
Kenny Gattison,26,CHH,NBA,1990-91,72,6,1552,243,457,243,455,0,2,164,248,136,243,379,44,48,67,102,211,650,0.532,0.534,0,0.532,0.661,0.574,gattike01
Tate George,22,NJN,NBA,1990-91,56,11,594,80,193,80,191,0,2,32,40,19,28,47,104,25,5,42,58,192,0.415,0.419,0,0.415,0.8,0.456,georgta01
Derrick Gervin,27,NJN,NBA,1990-91,56,4,743,164,394,157,366,7,28,90,114,40,70,110,30,19,19,45,88,425,0.416,0.429,0.25,0.425,0.789,0.478,gervide01
Kendall Gill,22,CHH,NBA,1990-91,82,36,1944,376,836,374,822,2,14,152,182,105,158,263,303,104,39,163,186,906,0.45,0.455,0.143,0.451,0.835,0.494,gillke01
Armen Gilliam,26,TOT,NBA,1990-91,75,75,2644,487,1001,487,999,0,2,268,329,220,378,598,105,69,53,174,185,1242,0.487,0.487,0,0.487,0.815,0.542,gilliar01
Gerald Glass,23,MIN,NBA,1990-91,51,3,606,149,340,147,323,2,17,52,76,54,48,102,42,28,9,41,76,352,0.438,0.455,0.118,0.441,0.684,0.471,glassge01
Mike Gminski,31,TOT,NBA,1990-91,80,79,2196,357,808,355,794,2,14,128,158,186,396,582,93,40,56,85,99,844,0.442,0.447,0.143,0.443,0.81,0.481,gminsmi01
Dan Godfread,23,MIN,NBA,1990-91,10,0,20,5,12,5,11,0,1,3,4,0,2,2,0,1,4,0,5,13,0.417,0.455,0,0.417,0.75,0.472,godfrda01
Jim Grandholm,30,DAL,NBA,1990-91,26,0,168,30,58,21,41,9,17,10,21,20,30,50,8,2,8,11,33,79,0.517,0.512,0.529,0.595,0.476,0.587,grandji01
Gary Grant,25,LAC,NBA,1990-91,68,65,2105,265,587,256,548,9,39,51,74,69,140,209,587,103,12,210,192,590,0.451,0.467,0.231,0.459,0.689,0.476,grantga01
Greg Grant,24,NYK,NBA,1990-91,22,0,107,10,27,9,24,1,3,5,6,1,9,10,20,9,0,10,12,26,0.37,0.375,0.333,0.389,0.833,0.439,grantgr01
Harvey Grant,25,WSB,NBA,1990-91,77,76,2842,609,1224,607,1209,2,15,185,249,179,378,557,204,91,61,125,232,1405,0.498,0.502,0.133,0.498,0.743,0.527,grantha01
Horace Grant,25,CHI,NBA,1990-91,78,76,2641,401,733,400,727,1,6,197,277,266,393,659,178,95,69,92,203,1000,0.547,0.55,0.167,0.548,0.711,0.585,grantho01
Stuart Gray,27,NYK,NBA,1990-91,8,0,37,4,12,4,12,0,0,3,3,2,8,10,0,0,1,2,6,11,0.333,0.333,,0.333,1,0.413,grayst01
Jeff Grayer,25,MIL,NBA,1990-91,82,7,1422,210,485,210,482,0,3,101,147,111,135,246,123,48,9,86,98,521,0.433,0.436,0,0.433,0.687,0.474,grayeje01
A.C. Green,27,LAL,NBA,1990-91,82,21,2164,258,542,247,487,11,55,223,302,201,315,516,71,59,23,99,117,750,0.476,0.507,0.2,0.486,0.738,0.556,greenac01
Rickey Green,36,PHI,NBA,1990-91,79,75,2248,334,722,326,686,8,36,117,141,33,104,137,413,57,6,108,130,793,0.463,0.475,0.222,0.468,0.83,0.506,greenri01
Sidney Green,30,SAS,NBA,1990-91,66,7,1099,177,384,177,381,0,3,89,105,98,215,313,52,32,13,89,172,443,0.461,0.465,0,0.461,0.848,0.515,greensi02
Dave Greenwood,33,SAS,NBA,1990-91,63,11,1018,85,169,85,167,0,2,69,94,61,160,221,52,29,25,71,172,239,0.503,0.509,0,0.503,0.734,0.568,greenda01
Darrell Griffith,32,UTA,NBA,1990-91,75,2,1005,174,445,126,307,48,138,34,45,17,73,90,37,42,7,48,100,430,0.391,0.41,0.348,0.445,0.756,0.463,griffda01
Scott Haffner,24,CHH,NBA,1990-91,7,0,50,8,21,8,19,0,2,1,2,2,2,4,9,3,1,4,4,17,0.381,0.421,0,0.381,0.5,0.388,haffnsc01
Jack Haley,27,NJN,NBA,1990-91,78,18,1178,161,343,161,343,0,0,112,181,140,216,356,31,20,21,63,199,434,0.469,0.469,,0.469,0.619,0.513,haleyja01
Tom Hammonds,23,WSB,NBA,1990-91,70,7,1023,155,336,155,332,0,4,57,79,58,148,206,43,15,7,54,108,367,0.461,0.467,0,0.461,0.722,0.495,hammoto01
Bob Hansen,30,SAC,NBA,1990-91,36,24,811,96,256,77,187,19,69,18,36,33,63,96,90,20,5,34,72,229,0.375,0.412,0.275,0.412,0.5,0.421,hansebo01
Tim Hardaway,24,GSW,NBA,1990-91,82,82,3215,739,1551,642,1299,97,252,306,381,87,245,332,793,214,12,270,228,1881,0.476,0.494,0.385,0.508,0.803,0.547,hardati01
Derek Harper,29,DAL,NBA,1990-91,77,77,2879,572,1226,483,980,89,246,286,391,59,174,233,548,147,14,177,222,1519,0.467,0.493,0.362,0.503,0.731,0.543,harpede01
Ron Harper,27,LAC,NBA,1990-91,39,34,1383,285,729,237,581,48,148,145,217,58,130,188,209,66,35,129,111,763,0.391,0.408,0.324,0.424,0.668,0.463,harpero01
Tony Harris,23,PHI,NBA,1990-91,6,0,41,4,16,4,14,0,2,2,4,0,1,1,0,1,0,3,5,10,0.25,0.286,0,0.25,0.5,0.282,harrito01
Scott Hastings,30,DET,NBA,1990-91,27,0,113,16,28,13,24,3,4,13,13,14,14,28,7,0,0,7,23,48,0.571,0.542,0.75,0.625,1,0.712,hastisc01
Hersey Hawkins,24,PHI,NBA,1990-91,80,80,3110,590,1251,482,981,108,270,479,550,48,262,310,299,178,39,213,182,1767,0.472,0.491,0.4,0.515,0.871,0.592,hawkihe01
Gerald Henderson,35,DET,NBA,1990-91,23,10,392,50,117,43,96,7,21,16,21,8,29,37,62,12,2,28,43,123,0.427,0.448,0.333,0.457,0.762,0.487,hendege01
Steve Henson,22,MIL,NBA,1990-91,68,0,690,79,189,61,135,18,54,38,42,14,37,51,131,32,0,43,83,214,0.418,0.452,0.333,0.466,0.905,0.516,hensost01
Mike Higgins,23,SAC,NBA,1990-91,7,0,61,6,10,6,10,0,0,4,7,4,1,5,2,0,2,4,16,16,0.6,0.6,,0.6,0.571,0.612,higgimi01
Rod Higgins,31,GSW,NBA,1990-91,82,9,2024,259,559,186,339,73,220,185,226,109,245,354,113,52,37,65,198,776,0.463,0.549,0.332,0.529,0.819,0.589,higgiro01
Sean Higgins,22,SAS,NBA,1990-91,50,0,464,97,212,94,193,3,19,28,33,18,45,63,35,8,1,49,53,225,0.458,0.487,0.158,0.465,0.848,0.497,higgise01
Tyrone Hill,22,GSW,NBA,1990-91,74,22,1192,147,299,147,299,0,0,96,152,157,226,383,19,33,30,72,264,390,0.492,0.492,,0.492,0.632,0.533,hillty01
Roy Hinson,29,NJN,NBA,1990-91,9,0,91,20,39,20,39,0,0,1,3,6,13,19,4,0,3,6,14,41,0.513,0.513,,0.513,0.333,0.508,hinsoro01
Craig Hodges,30,CHI,NBA,1990-91,73,0,843,146,344,102,229,44,115,26,27,10,32,42,97,34,2,35,74,362,0.424,0.445,0.383,0.488,0.963,0.509,hodgecr01
Dave Hoppen,26,TOT,NBA,1990-91,30,0,155,24,44,24,42,0,2,16,22,18,21,39,3,3,1,13,29,64,0.545,0.571,0,0.545,0.727,0.596,hoppeda01
Dennis Hopson,25,CHI,NBA,1990-91,61,0,728,104,244,103,239,1,5,55,83,49,60,109,65,25,14,59,79,264,0.426,0.431,0.2,0.428,0.663,0.471,hopsode01
Jeff Hornacek,27,PHO,NBA,1990-91,80,77,2733,544,1051,483,905,61,146,201,224,74,247,321,409,111,16,130,185,1350,0.518,0.534,0.418,0.547,0.897,0.587,hornaje01
Jay Humphries,28,MIL,NBA,1990-91,80,80,2726,482,960,422,799,60,161,191,239,57,163,220,538,129,7,151,237,1215,0.502,0.528,0.373,0.533,0.799,0.57,humphja01
Byron Irvin,24,WSB,NBA,1990-91,33,4,316,60,129,59,124,1,5,50,61,24,21,45,24,15,2,16,32,171,0.465,0.476,0.2,0.469,0.82,0.549,irvinby01
Mark Jackson,25,NYK,NBA,1990-91,72,21,1595,250,508,237,457,13,51,117,160,62,135,197,452,60,9,135,81,630,0.492,0.519,0.255,0.505,0.731,0.545,jacksma01
Dave Jamerson,23,HOU,NBA,1990-91,37,0,202,43,113,38,94,5,19,22,27,9,21,30,27,6,1,20,24,113,0.381,0.404,0.263,0.403,0.815,0.452,jamerda01
Henry James,25,CLE,NBA,1990-91,37,4,505,112,254,88,194,24,60,52,72,26,53,79,32,15,5,37,59,300,0.441,0.454,0.4,0.488,0.722,0.525,jameshe01
Les Jepsen,23,GSW,NBA,1990-91,21,0,105,11,36,11,35,0,1,6,9,17,20,37,1,1,3,3,16,28,0.306,0.314,0,0.306,0.667,0.35,jepsele01
Avery Johnson,25,TOT,NBA,1990-91,68,14,959,130,277,129,268,1,9,59,87,22,55,77,230,47,4,74,62,320,0.469,0.481,0.111,0.471,0.678,0.507,johnsav01
Buck Johnson,27,HOU,NBA,1990-91,73,70,2279,416,873,414,858,2,15,157,216,108,222,330,142,81,47,122,240,991,0.477,0.483,0.133,0.478,0.727,0.512,johnsbu01
Eddie Johnson,31,TOT,NBA,1990-91,81,27,2085,543,1122,504,1002,39,120,229,257,107,164,271,111,58,9,122,181,1354,0.484,0.503,0.325,0.501,0.891,0.548,johnsed03
Kevin Johnson,24,PHO,NBA,1990-91,77,76,2772,591,1145,582,1101,9,44,519,616,54,217,271,781,163,11,269,174,1710,0.516,0.529,0.205,0.52,0.843,0.604,johnske02
Magic Johnson,31,LAL,NBA,1990-91,79,79,2933,466,976,386,726,80,250,519,573,105,446,551,989,102,17,314,150,1531,0.477,0.532,0.32,0.518,0.906,0.623,johnsma02
Steve Johnson,33,GSW,NBA,1990-91,24,8,228,34,63,34,63,0,0,22,37,18,39,57,17,4,4,25,50,90,0.54,0.54,,0.54,0.595,0.568,johnsst03
Vinnie Johnson,34,DET,NBA,1990-91,82,28,2390,406,936,395,902,11,34,135,209,110,170,280,271,75,15,118,166,958,0.434,0.438,0.324,0.44,0.646,0.466,johnsvi01
Charles Jones,33,WSB,NBA,1990-91,62,54,1499,67,124,67,124,0,0,29,50,119,240,359,48,51,124,46,199,163,0.54,0.54,,0.54,0.58,0.558,jonesch01
Michael Jordan,27,CHI,NBA,1990-91,82,82,3034,990,1837,961,1744,29,93,571,671,118,374,492,453,223,83,202,229,2580,0.539,0.551,0.312,0.547,0.851,0.605,jordami01
Shawn Kemp,21,SEA,NBA,1990-91,81,66,2442,462,909,460,897,2,12,288,436,267,412,679,144,77,123,202,319,1214,0.508,0.513,0.167,0.509,0.661,0.551,kempsh01
Steve Kerr,25,CLE,NBA,1990-91,57,4,905,99,223,71,161,28,62,45,53,5,32,37,131,29,4,40,52,271,0.444,0.441,0.452,0.507,0.849,0.55,kerrst01
Jerome Kersey,28,POR,NBA,1990-91,73,72,2359,424,887,420,874,4,13,232,327,169,312,481,227,101,76,149,251,1084,0.478,0.481,0.308,0.48,0.709,0.526,kerseje01
Alec Kessler,24,MIA,NBA,1990-91,78,18,1259,199,468,199,464,0,4,88,131,115,221,336,31,17,26,108,189,486,0.425,0.429,0,0.425,0.672,0.462,kesslal01
Randolph Keys,24,CHH,NBA,1990-91,44,0,473,59,145,56,131,3,14,19,33,40,60,100,18,22,15,35,93,140,0.407,0.427,0.214,0.417,0.576,0.439,keysra01
Bo Kimble,24,LAC,NBA,1990-91,62,22,1004,159,418,140,353,19,65,92,119,42,77,119,76,30,8,77,158,429,0.38,0.397,0.292,0.403,0.773,0.456,kimblbo01
Bernard King,34,WSB,NBA,1990-91,64,64,2401,713,1511,705,1474,8,37,383,485,114,205,319,292,56,16,255,187,1817,0.472,0.478,0.216,0.475,0.79,0.527,kingbe01
Stacey King,24,CHI,NBA,1990-91,76,6,1198,156,334,156,332,0,2,107,152,72,136,208,65,24,42,91,134,419,0.467,0.47,0,0.467,0.704,0.523,kingst01
Greg Kite,29,ORL,NBA,1990-91,82,82,2225,166,338,166,338,0,0,63,123,189,399,588,59,25,81,102,298,395,0.491,0.491,,0.491,0.512,0.504,kitegr01
Joe Kleine,29,BOS,NBA,1990-91,72,1,850,102,218,102,216,0,2,54,69,71,173,244,21,15,14,53,108,258,0.468,0.472,0,0.468,0.783,0.519,kleinjo01
Negele Knight,23,PHO,NBA,1990-91,64,6,792,131,308,125,283,6,25,71,118,20,51,71,191,20,7,76,83,339,0.425,0.442,0.24,0.435,0.602,0.471,knighne01
Bart Kofoed,26,GSW,NBA,1990-91,5,0,21,0,3,0,3,0,0,3,6,2,1,3,4,0,0,2,4,3,0,0,,0,0.5,0.266,kofoeba01
Jon Koncak,27,ATL,NBA,1990-91,77,61,1931,140,321,139,313,1,8,32,54,101,274,375,124,74,76,50,265,313,0.436,0.444,0.125,0.438,0.593,0.454,koncajo01
Frank Kornet,24,MIL,NBA,1990-91,32,0,157,23,62,18,44,5,18,7,13,10,14,24,9,5,1,11,28,58,0.371,0.409,0.278,0.411,0.538,0.428,kornefr01
Bill Laimbeer,33,DET,NBA,1990-91,82,81,2668,372,778,335,653,37,125,123,147,173,564,737,157,38,56,98,242,904,0.478,0.513,0.296,0.502,0.837,0.536,laimbbi01
Jerome Lane,24,DEN,NBA,1990-91,62,25,1383,202,461,201,457,1,4,58,141,280,298,578,123,51,14,105,192,463,0.438,0.44,0.25,0.439,0.411,0.443,laneje01
Andrew Lang,24,PHO,NBA,1990-91,63,18,1152,109,189,109,188,0,1,93,130,113,190,303,27,17,127,45,168,311,0.577,0.58,0,0.577,0.715,0.632,langan01
Eric Leckner,24,TOT,NBA,1990-91,72,2,1122,131,294,131,294,0,0,62,111,82,213,295,39,14,22,69,192,324,0.446,0.446,,0.446,0.559,0.473,leckner01
Kurk Lee,23,NJN,NBA,1990-91,48,0,265,19,71,16,56,3,15,25,28,7,23,30,34,11,2,20,39,66,0.268,0.286,0.2,0.289,0.893,0.396,leeku01
Tim Legler,24,DEN,NBA,1990-91,10,0,148,25,72,22,60,3,12,5,6,8,10,18,12,2,0,4,20,58,0.347,0.367,0.25,0.368,0.833,0.389,legleti01
Gary Leonard,23,ATL,NBA,1990-91,4,0,9,0,0,0,0,0,0,2,4,0,2,2,0,0,1,0,2,2,,,,,0.5,0.568,leonaga01
Jim Les,27,SAC,NBA,1990-91,55,8,1399,119,268,48,114,71,154,86,103,18,93,111,299,57,4,75,141,395,0.444,0.421,0.461,0.576,0.835,0.63,lesji01
Clifford Lett,25,SAS,NBA,1990-91,7,0,99,14,29,14,28,0,1,6,9,1,6,7,7,2,1,8,9,34,0.483,0.5,0,0.483,0.667,0.516,lettcl01
Fat Lever,30,DAL,NBA,1990-91,4,0,86,9,23,9,20,0,3,11,14,3,12,15,12,6,3,10,5,29,0.391,0.45,0,0.391,0.786,0.497,leverfa01
Cliff Levingston,30,CHI,NBA,1990-91,78,0,1013,127,282,126,278,1,4,59,91,99,126,225,56,29,43,50,143,314,0.45,0.453,0.25,0.452,0.648,0.488,levincl01
Reggie Lewis,25,BOS,NBA,1990-91,79,79,2878,598,1219,597,1206,1,13,281,340,119,291,410,201,98,85,147,234,1478,0.491,0.495,0.077,0.491,0.826,0.54,lewisre01
Marcus Liberty,22,DEN,NBA,1990-91,76,18,1171,216,513,199,456,17,57,58,92,117,104,221,64,48,19,71,153,507,0.421,0.436,0.298,0.438,0.63,0.458,liberma01
Todd Lichti,24,DEN,NBA,1990-91,29,25,860,166,378,152,331,14,47,59,69,49,63,112,72,46,8,33,65,405,0.439,0.459,0.298,0.458,0.855,0.496,lichtto01
Alton Lister,32,GSW,NBA,1990-91,77,65,1552,188,393,188,392,0,1,115,202,121,362,483,93,20,90,106,282,491,0.478,0.48,0,0.478,0.569,0.509,listeal01
Ian Lockhart,23,PHO,NBA,1990-91,1,0,2,1,1,1,1,0,0,2,2,0,0,0,0,0,0,0,0,4,1,1,,1,1,1.064,lockhia01
Brad Lohaus,26,MIL,NBA,1990-91,81,3,1219,179,415,146,296,33,119,37,54,59,158,217,75,50,74,60,170,428,0.431,0.493,0.277,0.471,0.685,0.488,lohaubr01
Grant Long,24,MIA,NBA,1990-91,80,66,2514,276,561,275,555,1,6,181,230,225,343,568,176,119,43,156,295,734,0.492,0.495,0.167,0.493,0.787,0.554,longgr01
John Long,34,DET,NBA,1990-91,25,0,256,35,85,33,79,2,6,24,25,9,23,32,18,9,2,14,17,96,0.412,0.418,0.333,0.424,0.96,0.5,longjo01
Rick Mahorn,32,PHI,NBA,1990-91,80,74,2439,261,559,261,550,0,9,189,240,151,470,621,118,79,56,127,276,711,0.467,0.475,0,0.467,0.788,0.535,mahorri01
Dan Majerle,25,PHO,NBA,1990-91,77,7,2281,397,821,367,735,30,86,227,298,168,250,418,216,106,40,114,162,1051,0.484,0.499,0.349,0.502,0.762,0.552,majerda01
Jeff Malone,29,UTA,NBA,1990-91,69,69,2466,525,1034,524,1028,1,6,231,252,36,170,206,143,50,6,108,128,1282,0.508,0.51,0.167,0.508,0.917,0.56,malonje01
Karl Malone,27,UTA,NBA,1990-91,82,82,3302,847,1608,843,1594,4,14,684,888,236,731,967,270,89,79,244,268,2382,0.527,0.529,0.286,0.528,0.77,0.596,malonka01
Moses Malone,35,ATL,NBA,1990-91,82,15,1912,280,598,280,591,0,7,309,372,271,396,667,68,30,74,137,134,869,0.468,0.474,0,0.468,0.831,0.57,malonmo01
Danny Manning,24,LAC,NBA,1990-91,73,47,2197,470,905,470,902,0,3,219,306,169,257,426,196,117,62,188,281,1159,0.519,0.521,0,0.519,0.716,0.557,mannida01
Sarunas Marciulionis,26,GSW,NBA,1990-91,50,10,987,183,365,182,359,1,6,178,246,51,67,118,85,62,4,75,136,545,0.501,0.507,0.167,0.503,0.724,0.576,marcisa01
Jeff Martin,24,LAC,NBA,1990-91,74,26,1334,214,507,187,419,27,88,68,100,53,78,131,65,37,31,49,104,523,0.422,0.446,0.307,0.449,0.68,0.475,martije01
Anthony Mason,24,DEN,NBA,1990-91,3,0,21,2,4,2,4,0,0,6,8,3,2,5,0,1,0,0,6,10,0.5,0.5,,0.5,0.75,0.665,masonan01
Tony Massenburg,23,SAS,NBA,1990-91,35,0,161,27,60,27,60,0,0,28,45,23,35,58,4,4,9,13,26,82,0.45,0.45,,0.45,0.622,0.514,masseto01
Vernon Maxwell,25,HOU,NBA,1990-91,82,79,2870,504,1247,332,737,172,510,217,296,41,197,238,303,127,15,171,179,1397,0.404,0.45,0.337,0.473,0.733,0.507,maxweve01
Travis Mays,22,SAC,NBA,1990-91,64,55,2145,294,724,222,527,72,197,255,331,54,124,178,253,81,11,159,169,915,0.406,0.421,0.365,0.456,0.77,0.526,maystr01
George McCloud,23,IND,NBA,1990-91,74,0,1070,131,351,88,227,43,124,38,49,35,83,118,150,40,11,91,141,343,0.373,0.388,0.347,0.434,0.776,0.46,mccloge01
Tim McCormick,28,ATL,NBA,1990-91,56,7,689,93,187,93,184,0,3,66,90,56,109,165,32,11,14,45,91,252,0.497,0.505,0,0.497,0.733,0.556,mccorti01
Rodney McCray,29,DAL,NBA,1990-91,74,68,2561,336,679,323,640,13,39,159,198,153,407,560,259,70,51,129,203,844,0.495,0.505,0.333,0.504,0.803,0.551,mccraro01
Xavier McDaniel,27,TOT,NBA,1990-91,81,79,2634,590,1186,590,1178,0,8,193,267,173,384,557,187,76,46,184,264,1373,0.497,0.501,0,0.497,0.723,0.527,mcdanxa01
Kevin McHale,33,BOS,NBA,1990-91,68,10,2067,504,912,489,875,15,37,228,275,145,335,480,126,25,146,140,194,1251,0.553,0.559,0.405,0.561,0.829,0.606,mchalke01
Derrick McKey,24,SEA,NBA,1990-91,73,55,2503,438,847,434,828,4,19,235,278,172,251,423,169,91,56,158,220,1115,0.517,0.524,0.211,0.519,0.845,0.575,mckeyde01
Nate McMillan,26,SEA,NBA,1990-91,78,0,1434,132,305,115,257,17,48,57,93,71,180,251,371,104,20,122,211,338,0.433,0.447,0.354,0.461,0.613,0.489,mcmilna01
Mark McNamara,31,ORL,NBA,1990-91,2,0,13,0,1,0,1,0,0,0,0,0,4,4,0,0,0,0,1,0,0,0,,0,,0,mcnamma01
Scott Meents,27,SEA,NBA,1990-91,13,0,53,7,28,6,27,1,1,2,4,3,7,10,8,7,4,6,5,17,0.25,0.222,1,0.268,0.5,0.286,meentsc01
Reggie Miller,25,IND,NBA,1990-91,82,82,2972,596,1164,484,842,112,322,551,600,81,200,281,331,109,13,163,165,1855,0.512,0.575,0.348,0.56,0.918,0.65,millere01
Terry Mills,23,TOT,NBA,1990-91,55,2,819,134,288,134,284,0,4,47,66,82,147,229,33,35,29,43,100,315,0.465,0.472,0,0.465,0.712,0.497,millste01
Sam Mitchell,27,MIN,NBA,1990-91,82,60,3121,445,1010,445,1001,0,9,307,396,188,332,520,133,66,57,104,338,1197,0.441,0.445,0,0.441,0.775,0.505,mitchsa01
Paul Mokeski,34,GSW,NBA,1990-91,36,1,257,21,59,18,50,3,9,12,15,20,47,67,9,8,3,7,58,57,0.356,0.36,0.333,0.381,0.8,0.434,mokespa01
Sidney Moncrief,33,ATL,NBA,1990-91,72,3,1096,117,240,96,176,21,64,82,105,31,97,128,104,50,9,66,112,337,0.488,0.545,0.328,0.531,0.781,0.589,moncrsi01
Chris Morris,25,NJN,NBA,1990-91,79,68,2553,409,962,364,783,45,179,179,244,210,311,521,220,138,96,167,248,1042,0.425,0.465,0.251,0.449,0.734,0.487,morrich01
John Morton,23,CLE,NBA,1990-91,66,2,1207,120,274,116,262,4,12,113,139,41,62,103,243,61,18,107,112,357,0.438,0.443,0.333,0.445,0.813,0.533,mortojo01
Chris Mullin,27,GSW,NBA,1990-91,82,82,3315,777,1449,737,1316,40,133,513,580,141,302,443,329,173,63,245,176,2107,0.536,0.56,0.301,0.55,0.884,0.618,mullich01
Chris Munk,23,UTA,NBA,1990-91,11,0,29,3,7,3,7,0,0,7,12,5,9,14,1,1,2,5,5,13,0.429,0.429,,0.429,0.583,0.529,munkch01
Tod Murphy,27,MIN,NBA,1990-91,52,19,1063,90,227,89,210,1,17,70,105,92,163,255,60,25,20,32,101,251,0.396,0.424,0.059,0.399,0.667,0.459,murphto01
Jerrod Mustaf,21,NYK,NBA,1990-91,62,5,825,106,228,106,227,0,1,56,87,51,118,169,36,15,14,61,109,268,0.465,0.467,0,0.465,0.644,0.503,mustaje01
Pete Myers,27,SAS,NBA,1990-91,8,1,103,10,23,10,22,0,1,9,11,2,16,18,14,3,3,14,14,29,0.435,0.455,0,0.435,0.818,0.521,myerspe01
Larry Nance,31,CLE,NBA,1990-91,80,78,2927,635,1211,633,1203,2,8,265,330,201,485,686,237,66,200,131,219,1537,0.524,0.526,0.25,0.525,0.803,0.567,nancela01
Craig Neal,26,DEN,NBA,1990-91,10,0,125,14,35,11,26,3,9,13,22,2,14,16,37,4,0,19,26,44,0.4,0.423,0.333,0.443,0.591,0.492,nealcr01
Ed Nealy,30,PHO,NBA,1990-91,55,0,573,45,97,40,81,5,16,28,38,44,107,151,36,24,4,19,46,123,0.464,0.494,0.313,0.49,0.737,0.541,nealyed01
Johnny Newman,27,CHH,NBA,1990-91,81,81,2477,478,1017,448,933,30,84,385,476,94,160,254,188,100,17,189,278,1371,0.47,0.48,0.357,0.485,0.809,0.559,newmajo01
Ken Norman,26,LAC,NBA,1990-91,70,45,2309,520,1037,514,1005,6,32,173,275,177,320,497,159,63,63,139,192,1219,0.501,0.511,0.188,0.504,0.629,0.526,normake01
Dan O'Sullivan,22,UTA,NBA,1990-91,21,0,85,7,16,7,16,0,0,7,11,5,12,17,4,1,1,4,18,21,0.438,0.438,,0.438,0.636,0.504,osullda01
Charles Oakley,27,NYK,NBA,1990-91,76,74,2739,307,595,307,593,0,2,239,305,305,615,920,204,62,17,215,288,853,0.516,0.518,0,0.516,0.784,0.585,oaklech01
Alan Ogg,23,MIA,NBA,1990-91,31,1,261,24,55,24,53,0,2,6,10,15,34,49,2,6,27,8,53,54,0.436,0.453,0,0.436,0.6,0.455,oggal01
Hakeem Olajuwon,28,HOU,NBA,1990-91,56,50,2062,487,959,487,955,0,4,213,277,219,551,770,131,121,221,174,221,1187,0.508,0.51,0,0.508,0.769,0.549,olajuha01
Jawann Oldham,33,IND,NBA,1990-91,4,0,19,3,6,3,6,0,0,0,0,0,3,3,0,0,0,0,1,6,0.5,0.5,,0.5,,0.5,oldhaja01
Brian Oliver,22,PHI,NBA,1990-91,73,4,800,111,272,106,254,5,18,52,71,18,62,80,88,34,4,50,76,279,0.408,0.417,0.278,0.417,0.732,0.46,olivebr01
Gerald Paddio,25,CLE,NBA,1990-91,70,22,1181,212,506,206,482,6,24,74,93,38,80,118,90,20,6,71,71,504,0.419,0.427,0.25,0.425,0.796,0.461,paddige01
Walter Palmer,22,UTA,NBA,1990-91,28,0,85,15,45,15,44,0,1,10,15,6,15,21,6,3,4,6,20,40,0.333,0.341,0,0.333,0.667,0.388,palmewa01
Robert Parish,37,BOS,NBA,1990-91,81,81,2441,485,811,485,810,0,1,237,309,271,585,856,66,66,103,153,197,1207,0.598,0.599,0,0.598,0.767,0.637,parisro01
John Paxson,30,CHI,NBA,1990-91,82,82,1971,317,578,275,482,42,96,34,41,15,76,91,297,62,3,69,136,710,0.548,0.571,0.438,0.585,0.829,0.596,paxsojo01
Kenny Payne,24,PHI,NBA,1990-91,47,6,444,68,189,64,171,4,18,26,29,17,49,66,16,10,6,21,43,166,0.36,0.374,0.222,0.37,0.897,0.411,payneke01
Gary Payton,22,SEA,NBA,1990-91,82,82,2244,259,575,258,562,1,13,69,97,108,135,243,528,165,15,180,249,588,0.45,0.459,0.077,0.451,0.711,0.476,paytoga01
Will Perdue,25,CHI,NBA,1990-91,74,3,972,116,235,116,232,0,3,75,112,122,214,336,47,23,57,75,147,307,0.494,0.5,0,0.494,0.67,0.54,perduwi01
Sam Perkins,29,LAL,NBA,1990-91,73,66,2504,368,744,350,680,18,64,229,279,167,371,538,108,64,78,103,247,983,0.495,0.515,0.281,0.507,0.821,0.567,perkisa01
Tim Perry,25,PHO,NBA,1990-91,46,2,587,75,144,75,139,0,5,43,70,53,73,126,27,23,43,32,60,193,0.521,0.54,0,0.521,0.614,0.552,perryti01
Chuck Person,26,IND,NBA,1990-91,80,79,2566,620,1231,551,1028,69,203,165,229,121,296,417,238,56,17,184,221,1474,0.504,0.536,0.34,0.532,0.721,0.553,persoch01
Jim Petersen,28,GSW,NBA,1990-91,62,21,834,114,236,113,232,1,4,50,76,69,131,200,27,13,41,48,153,279,0.483,0.487,0.25,0.485,0.658,0.518,peterji01
Drazen Petrovic,26,TOT,NBA,1990-91,61,0,1015,243,493,220,428,23,65,114,137,51,59,110,86,43,1,81,132,623,0.493,0.514,0.354,0.516,0.832,0.563,petrodr01
Ricky Pierce,31,TOT,NBA,1990-91,78,2,2167,561,1156,515,1040,46,116,430,471,67,124,191,168,60,13,147,170,1598,0.485,0.495,0.397,0.505,0.913,0.586,piercri01
Ed Pinckney,27,BOS,NBA,1990-91,70,16,1165,131,243,131,242,0,1,104,116,155,186,341,45,61,43,45,147,366,0.539,0.541,0,0.539,0.897,0.622,pincked01
Scottie Pippen,25,CHI,NBA,1990-91,82,82,3014,600,1153,579,1085,21,68,240,340,163,432,595,511,193,93,232,270,1461,0.52,0.534,0.309,0.529,0.706,0.561,pippesc01
Olden Polynice,26,TOT,NBA,1990-91,79,30,2092,316,564,316,563,0,1,146,252,220,333,553,42,43,32,88,192,778,0.56,0.561,0,0.56,0.579,0.576,polynol01
Dave Popson,26,BOS,NBA,1990-91,19,0,64,13,32,13,32,0,0,9,10,7,7,14,2,1,2,6,12,35,0.406,0.406,,0.406,0.9,0.481,popsoda01
Terry Porter,27,POR,NBA,1990-91,81,81,2665,486,944,356,631,130,313,279,339,52,230,282,649,158,12,189,151,1381,0.515,0.564,0.415,0.584,0.823,0.632,portete01
Paul Pressey,32,SAS,NBA,1990-91,70,18,1683,201,426,185,369,16,57,110,133,50,126,176,271,63,32,130,174,528,0.472,0.501,0.281,0.491,0.827,0.545,presspa01
Mark Price,26,CLE,NBA,1990-91,16,16,571,97,195,79,142,18,53,59,62,8,37,45,166,42,2,56,23,271,0.497,0.556,0.34,0.544,0.952,0.61,pricema01
Kevin Pritchard,23,GSW,NBA,1990-91,62,1,773,88,229,83,198,5,31,62,77,16,49,65,81,30,8,59,104,243,0.384,0.419,0.161,0.395,0.805,0.462,pritcke01
Brian Quinnett,24,NYK,NBA,1990-91,68,5,1011,139,303,124,260,15,43,26,36,65,80,145,53,22,13,52,100,319,0.459,0.477,0.349,0.483,0.722,0.5,quinnbr01
Kurt Rambis,32,PHO,NBA,1990-91,62,17,900,83,167,83,165,0,2,60,85,77,189,266,64,25,11,45,107,226,0.497,0.503,0,0.497,0.706,0.553,rambiku01
Blair Rasmussen,28,DEN,NBA,1990-91,70,69,2325,405,885,403,880,2,5,63,93,170,508,678,70,52,132,81,307,875,0.458,0.458,0.4,0.459,0.677,0.473,rasmubl01
J.R. Reid,22,CHH,NBA,1990-91,80,80,2467,360,773,360,771,0,2,182,259,154,348,502,89,87,47,153,286,902,0.466,0.467,0,0.466,0.703,0.508,reidjr01
Robert Reid,35,PHI,NBA,1990-91,3,0,37,2,14,2,14,0,0,0,0,2,7,9,4,1,3,3,3,4,0.143,0.143,,0.143,,0.143,reidro01
Jerry Reynolds,28,ORL,NBA,1990-91,80,9,1843,344,793,334,759,10,34,336,419,88,211,299,203,95,56,172,123,1034,0.434,0.44,0.294,0.44,0.802,0.529,reynoje01
Glen Rice,23,MIA,NBA,1990-91,77,77,2646,550,1193,479,1009,71,184,171,209,85,296,381,189,101,26,166,216,1342,0.461,0.475,0.386,0.491,0.818,0.522,ricegl01
Pooh Richardson,24,MIN,NBA,1990-91,82,82,3154,635,1350,593,1222,42,128,89,165,82,204,286,734,131,13,174,114,1401,0.47,0.485,0.328,0.486,0.539,0.492,richapo01
Mitch Richmond,25,GSW,NBA,1990-91,77,77,3027,703,1424,663,1309,40,115,394,465,147,305,452,238,126,34,230,207,1840,0.494,0.506,0.348,0.508,0.847,0.565,richmmi01
Doc Rivers,29,ATL,NBA,1990-91,79,79,2586,444,1020,356,758,88,262,221,262,47,206,253,340,148,47,125,216,1197,0.435,0.47,0.336,0.478,0.844,0.527,riverdo01
Fred Roberts,30,MIL,NBA,1990-91,82,82,2114,357,670,353,645,4,25,170,209,107,174,281,135,63,29,135,190,888,0.533,0.547,0.16,0.536,0.813,0.583,roberfr01
Alvin Robertson,28,MIL,NBA,1990-91,81,81,2598,438,904,415,841,23,63,199,263,191,268,459,444,246,16,212,273,1098,0.485,0.493,0.365,0.497,0.757,0.538,roberal01
Clifford Robinson,24,POR,NBA,1990-91,82,11,1940,373,806,367,787,6,19,205,314,123,226,349,151,78,76,133,263,957,0.463,0.466,0.316,0.467,0.653,0.507,robincl02
David Robinson,25,SAS,NBA,1990-91,82,81,3095,754,1366,753,1359,1,7,592,777,335,728,1063,208,127,320,270,264,2101,0.552,0.554,0.143,0.552,0.762,0.615,robinda01
Larry Robinson,23,TOT,NBA,1990-91,36,10,425,62,150,62,149,0,1,15,27,29,22,51,35,16,1,27,49,139,0.413,0.416,0,0.413,0.556,0.429,robinla01
Rumeal Robinson,24,ATL,NBA,1990-91,47,16,674,108,242,106,231,2,11,47,80,20,51,71,132,32,8,76,65,265,0.446,0.459,0.182,0.45,0.588,0.478,robinru01
Dennis Rodman,29,DET,NBA,1990-91,82,77,2747,276,560,270,530,6,30,111,176,361,665,1026,85,65,55,94,281,669,0.493,0.509,0.2,0.498,0.631,0.525,rodmade01
Tree Rollins,35,DET,NBA,1990-91,37,0,202,14,33,14,33,0,0,8,14,13,29,42,4,2,20,15,35,36,0.424,0.424,,0.424,0.571,0.46,rollitr01
Delaney Rudd,28,UTA,NBA,1990-91,82,0,874,124,285,107,224,17,61,59,71,14,52,66,216,36,2,102,92,324,0.435,0.478,0.279,0.465,0.831,0.512,ruddde01
John Salley,26,DET,NBA,1990-91,74,1,1649,179,377,179,376,0,1,186,256,137,190,327,70,52,112,91,240,544,0.475,0.476,0,0.475,0.727,0.556,sallejo01
Ralph Sampson,30,SAC,NBA,1990-91,25,4,348,34,93,33,88,1,5,5,19,41,70,111,17,11,17,27,54,74,0.366,0.375,0.2,0.371,0.263,0.365,sampsra01
Jeff Sanders,25,CHH,NBA,1990-91,3,0,43,6,14,6,14,0,0,1,2,3,6,9,1,1,1,1,6,13,0.429,0.429,,0.429,0.5,0.437,sandeje01
Mike Sanders,30,IND,NBA,1990-91,80,7,1357,206,494,202,474,4,20,47,57,73,112,185,106,37,26,65,198,463,0.417,0.426,0.2,0.421,0.825,0.446,sandemi01
Danny Schayes,31,MIL,NBA,1990-91,82,38,2228,298,597,298,592,0,5,274,328,174,361,535,98,55,61,106,264,870,0.499,0.503,0,0.499,0.835,0.587,schayda01
Steve Scheffler,23,CHH,NBA,1990-91,39,0,227,20,39,20,39,0,0,19,21,21,24,45,9,6,2,4,20,59,0.513,0.513,,0.513,0.905,0.612,schefst01
Dwayne Schintzius,22,SAS,NBA,1990-91,42,7,398,68,155,68,153,0,2,22,40,28,93,121,17,2,29,34,64,158,0.439,0.444,0,0.439,0.55,0.458,schindw01
Detlef Schrempf,28,IND,NBA,1990-91,82,3,2632,432,831,417,791,15,40,441,539,178,482,660,301,58,22,175,262,1320,0.52,0.527,0.375,0.529,0.818,0.618,schrede01
Byron Scott,29,LAL,NBA,1990-91,82,82,2630,501,1051,430,832,71,219,118,148,54,192,246,177,95,21,85,146,1191,0.477,0.517,0.324,0.51,0.797,0.534,scottby01
Dennis Scott,22,ORL,NBA,1990-91,82,73,2336,503,1183,378,849,125,334,153,204,62,173,235,134,62,25,127,203,1284,0.425,0.445,0.374,0.478,0.75,0.504,scottde01
Rony Seikaly,25,MIA,NBA,1990-91,64,59,2171,395,822,393,816,2,6,258,417,207,502,709,95,51,86,205,213,1050,0.481,0.482,0.333,0.482,0.619,0.522,seikaro01
John Shasky,26,DAL,NBA,1990-91,57,0,510,51,116,51,116,0,0,48,79,58,76,134,11,14,20,27,75,150,0.44,0.44,,0.44,0.608,0.497,shaskjo01
Brian Shaw,24,BOS,NBA,1990-91,79,79,2772,442,942,439,915,3,27,204,249,104,266,370,602,105,34,223,206,1091,0.469,0.48,0.111,0.471,0.819,0.519,shawbr01
Jack Sikma,35,MIL,NBA,1990-91,77,44,1940,295,691,249,556,46,135,166,197,108,333,441,143,65,64,130,218,802,0.427,0.448,0.341,0.46,0.843,0.516,sikmaja01
Lionel Simmons,22,SAC,NBA,1990-91,79,79,2978,549,1301,546,1290,3,11,320,435,193,504,697,315,113,85,230,249,1421,0.422,0.423,0.273,0.423,0.736,0.476,simmoli01
Scott Skiles,26,ORL,NBA,1990-91,79,66,2714,462,1039,369,811,93,228,340,377,57,213,270,660,89,4,252,192,1357,0.445,0.455,0.408,0.489,0.902,0.563,skilesc01
Charles Smith,23,BOS,NBA,1990-91,5,0,30,3,7,3,7,0,0,3,5,0,2,2,6,1,0,3,7,9,0.429,0.429,,0.429,0.6,0.489,smithch02
Charles Smith,25,LAC,NBA,1990-91,74,74,2703,548,1168,548,1161,0,7,384,484,216,392,608,134,81,145,165,267,1480,0.469,0.472,0,0.469,0.793,0.536,smithch01
Clinton Smith,27,WSB,NBA,1990-91,5,0,45,2,4,2,4,0,0,3,6,2,2,4,4,1,0,1,3,7,0.5,0.5,,0.5,0.5,0.527,smithcl01
Derek Smith,29,BOS,NBA,1990-91,2,0,16,1,4,1,3,0,1,3,4,0,0,0,5,1,1,1,3,5,0.25,0.333,0,0.25,0.75,0.434,smithde02
Kenny Smith,25,HOU,NBA,1990-91,78,78,2699,522,1003,473,868,49,135,287,340,36,127,163,554,106,11,237,131,1380,0.52,0.545,0.363,0.545,0.844,0.599,smithke01
Larry Smith,33,HOU,NBA,1990-91,81,28,1923,128,263,128,263,0,0,12,50,302,407,709,88,83,22,93,265,268,0.487,0.487,,0.487,0.24,0.47,smithla01
Michael Smith,25,BOS,NBA,1990-91,47,3,389,95,200,89,176,6,24,22,27,21,35,56,43,6,2,37,27,218,0.475,0.506,0.25,0.49,0.815,0.514,smithmi01
Otis Smith,27,ORL,NBA,1990-91,75,39,1885,407,902,398,856,9,46,221,301,176,213,389,169,85,35,140,190,1044,0.451,0.465,0.196,0.456,0.734,0.505,smithot01
Tony Smith,22,LAL,NBA,1990-91,64,1,695,97,220,97,213,0,7,40,57,24,47,71,135,28,12,69,80,234,0.441,0.455,0,0.441,0.702,0.477,smithto02
Rik Smits,24,IND,NBA,1990-91,76,38,1690,342,705,342,705,0,0,144,189,116,241,357,84,24,111,86,246,828,0.485,0.485,,0.485,0.762,0.525,smitsri01
Mike Smrek,28,TOT,NBA,1990-91,15,0,95,9,27,9,27,0,0,6,12,7,19,26,4,3,3,3,27,24,0.333,0.333,,0.333,0.5,0.372,smrekmi01
Rory Sparrow,32,SAC,NBA,1990-91,80,74,2375,371,756,340,678,31,78,58,83,45,141,186,362,83,16,126,189,831,0.491,0.501,0.397,0.511,0.699,0.524,sparrro01
Felton Spencer,23,MIN,NBA,1990-91,81,46,2099,195,381,195,380,0,1,182,252,272,369,641,25,48,121,77,337,572,0.512,0.513,0,0.512,0.722,0.581,spencfe01
John Starks,25,NYK,NBA,1990-91,61,10,1173,180,410,153,317,27,93,79,105,30,101,131,204,59,17,74,137,466,0.439,0.483,0.29,0.472,0.752,0.511,starkjo01
Everette Stephens,24,MIL,NBA,1990-91,3,0,6,2,3,2,3,0,0,2,2,0,0,0,2,0,0,0,0,6,0.667,0.667,,0.667,1,0.773,stephev01
John Stockton,28,UTA,NBA,1990-91,82,82,3103,496,978,438,810,58,168,363,434,46,191,237,1164,234,16,298,233,1413,0.507,0.541,0.345,0.537,0.836,0.604,stockjo01
Rod Strickland,24,SAS,NBA,1990-91,58,56,2076,314,651,303,618,11,33,161,211,57,162,219,463,117,11,156,125,800,0.482,0.49,0.333,0.491,0.763,0.538,stricro02
Jon Sundvold,29,MIA,NBA,1990-91,24,0,225,43,107,28,72,15,35,11,11,3,6,9,24,7,0,16,11,112,0.402,0.389,0.429,0.472,1,0.501,sundvjo01
Roy Tarpley,26,DAL,NBA,1990-91,5,5,171,43,79,43,78,0,1,16,18,16,39,55,12,6,9,13,20,102,0.544,0.551,0,0.544,0.889,0.587,tarplro01
Terry Teagle,30,LAL,NBA,1990-91,82,0,1498,335,757,335,748,0,9,145,177,82,99,181,82,31,8,83,165,815,0.443,0.448,0,0.443,0.819,0.488,teaglte01
Reggie Theus,33,NJN,NBA,1990-91,81,81,2955,583,1247,531,1103,52,144,292,343,69,160,229,378,85,35,252,231,1510,0.468,0.481,0.361,0.488,0.851,0.54,theusre01
Irving Thomas,25,LAL,NBA,1990-91,26,0,108,17,50,17,50,0,0,12,21,14,17,31,10,4,1,13,24,46,0.34,0.34,,0.34,0.571,0.388,thomair01
Isiah Thomas,29,DET,NBA,1990-91,48,46,1657,289,665,270,600,19,65,179,229,35,125,160,446,75,10,185,118,776,0.435,0.45,0.292,0.449,0.782,0.507,thomais01
Jim Thomas,30,MIN,NBA,1990-91,3,0,14,1,4,1,4,0,0,0,0,0,0,0,1,1,0,1,0,2,0.25,0.25,,0.25,,0.25,thomaji01
Billy Thompson,27,MIA,NBA,1990-91,73,46,1481,205,411,205,407,0,4,89,124,120,192,312,111,32,48,117,161,499,0.499,0.504,0,0.499,0.718,0.536,thompbi01
LaSalle Thompson,29,IND,NBA,1990-91,82,77,1946,276,565,275,560,1,5,72,104,154,409,563,147,63,63,168,265,625,0.488,0.491,0.2,0.489,0.692,0.512,thompla01
Mychal Thompson,36,LAL,NBA,1990-91,72,4,1077,113,228,113,226,0,2,62,88,74,154,228,21,23,23,47,112,288,0.496,0.5,0,0.496,0.705,0.54,thompmy01
Bob Thornton,28,MIN,NBA,1990-91,12,1,110,4,13,4,13,0,0,8,10,1,14,15,1,0,3,9,18,16,0.308,0.308,,0.308,0.8,0.46,thornbo01
Otis Thorpe,28,HOU,NBA,1990-91,82,82,3039,549,988,546,981,3,7,334,480,287,559,846,197,73,20,217,278,1435,0.556,0.557,0.429,0.557,0.696,0.598,thorpot01
Sedale Threatt,29,SEA,NBA,1990-91,80,57,2066,433,835,423,800,10,35,137,173,25,74,99,273,113,8,138,191,1013,0.519,0.529,0.286,0.525,0.792,0.556,threase01
Wayman Tisdale,26,SAC,NBA,1990-91,33,31,1116,262,542,262,541,0,1,136,170,75,178,253,66,23,28,82,99,660,0.483,0.484,0,0.483,0.8,0.535,tisdawa01
Tom Tolbert,25,GSW,NBA,1990-91,62,32,1371,183,433,176,412,7,21,127,172,87,188,275,76,35,38,80,195,500,0.423,0.427,0.333,0.431,0.738,0.491,tolbeto01
Andy Toolson,25,UTA,NBA,1990-91,47,15,470,50,124,38,92,12,32,25,33,32,35,67,31,14,2,24,58,137,0.403,0.413,0.375,0.452,0.758,0.495,toolsan01
Kelly Tripucka,31,CHH,NBA,1990-91,77,1,1289,187,412,172,367,15,45,152,167,46,130,176,159,33,13,92,130,541,0.454,0.469,0.333,0.472,0.91,0.557,tripuke01
Trent Tucker,31,NYK,NBA,1990-91,65,13,1194,191,434,127,281,64,153,17,27,33,72,105,111,44,9,46,120,463,0.44,0.452,0.418,0.514,0.63,0.519,tucketr01
Andre Turner,26,PHI,NBA,1990-91,70,1,1407,168,383,156,350,12,33,64,87,36,116,152,311,63,0,95,124,412,0.439,0.446,0.364,0.454,0.736,0.489,turnean01
Jeff Turner,28,ORL,NBA,1990-91,71,43,1683,259,532,253,517,6,15,85,112,108,255,363,97,29,10,126,234,609,0.487,0.489,0.4,0.492,0.759,0.524,turneje01
Kelvin Upshaw,28,DAL,NBA,1990-91,48,1,514,104,231,97,202,7,29,55,64,20,35,55,86,28,5,39,77,270,0.45,0.48,0.241,0.465,0.859,0.521,upshake01
Darnell Valentine,31,CLE,NBA,1990-91,65,60,1841,230,496,224,471,6,25,143,172,37,135,172,351,98,12,126,170,609,0.464,0.476,0.24,0.47,0.831,0.533,valenda01
Kiki Vandeweghe,32,NYK,NBA,1990-91,75,72,2420,458,927,407,786,51,141,259,288,78,102,180,110,42,10,108,122,1226,0.494,0.518,0.362,0.522,0.899,0.582,vandeki01
Loy Vaught,22,LAC,NBA,1990-91,73,0,1178,175,359,175,357,0,2,49,74,124,225,349,40,20,23,49,135,399,0.487,0.49,0,0.487,0.662,0.51,vaughlo01
Sam Vincent,27,ORL,NBA,1990-91,49,17,975,152,353,149,334,3,19,99,120,17,90,107,197,30,5,91,74,406,0.431,0.446,0.158,0.435,0.825,0.5,vincesa01
Stojko Vrankovic,27,BOS,NBA,1990-91,31,0,166,24,52,24,52,0,0,10,18,15,36,51,4,1,29,24,43,58,0.462,0.462,,0.462,0.556,0.484,vrankst01
Milt Wagner,27,MIA,NBA,1990-91,13,1,116,24,57,18,40,6,17,9,11,0,7,7,15,2,3,12,14,63,0.421,0.45,0.353,0.474,0.818,0.509,wagnemi01
Darrell Walker,29,WSB,NBA,1990-91,71,65,2305,230,535,230,526,0,9,93,154,140,358,498,459,78,33,154,199,553,0.43,0.437,0,0.43,0.604,0.459,walkeda01
Kenny Walker,26,NYK,NBA,1990-91,54,8,771,83,191,83,190,0,1,64,82,63,94,157,13,18,30,30,92,230,0.435,0.437,0,0.435,0.78,0.506,walkeke01
Spud Webb,27,ATL,NBA,1990-91,75,64,2197,359,803,305,635,54,168,231,266,41,133,174,417,118,6,146,180,1003,0.447,0.48,0.321,0.481,0.868,0.545,webbsp01
Bill Wennington,27,SAC,NBA,1990-91,77,23,1455,181,415,180,410,1,5,74,94,101,239,340,69,46,59,51,230,437,0.436,0.439,0.2,0.437,0.787,0.479,wennibi01
Doug West,23,MIN,NBA,1990-91,75,1,824,118,246,118,245,0,1,58,84,56,80,136,48,35,23,41,115,294,0.48,0.482,0,0.48,0.69,0.52,westdo01
Mark West,30,PHO,NBA,1990-91,82,64,1957,247,382,247,382,0,0,135,206,171,393,564,37,32,161,86,266,629,0.647,0.647,,0.647,0.655,0.665,westma01
Randy White,23,DAL,NBA,1990-91,79,29,1901,265,665,259,628,6,37,159,225,173,331,504,63,81,44,131,308,695,0.398,0.412,0.162,0.403,0.707,0.455,whitera01
Morlon Wiley,24,ORL,NBA,1990-91,34,0,350,45,108,39,96,6,12,17,25,4,13,17,73,24,0,34,37,113,0.417,0.406,0.5,0.444,0.68,0.475,wileymo01
Dominique Wilkins,31,ATL,NBA,1990-91,81,81,3078,770,1640,685,1391,85,249,476,574,261,471,732,265,123,65,201,156,2101,0.47,0.492,0.341,0.495,0.829,0.555,wilkido01
Eddie Lee Wilkins,28,NYK,NBA,1990-91,68,1,668,114,255,114,254,0,1,51,90,69,111,180,15,17,7,50,91,279,0.447,0.449,0,0.447,0.567,0.474,wilkied01
Gerald Wilkins,27,NYK,NBA,1990-91,68,56,2164,380,804,371,761,9,43,169,206,78,129,207,275,82,23,161,181,938,0.473,0.488,0.209,0.478,0.82,0.524,wilkige01
Buck Williams,30,POR,NBA,1990-91,80,80,2582,358,595,358,595,0,0,217,308,227,524,751,97,47,47,137,247,933,0.602,0.602,,0.602,0.705,0.639,willibu01
Herb Williams,32,DAL,NBA,1990-91,60,36,1832,332,655,332,651,0,4,83,130,86,271,357,95,30,88,113,197,747,0.507,0.51,0,0.507,0.638,0.524,willihe01
Hot Rod Williams,28,CLE,NBA,1990-91,43,14,1293,199,430,199,429,0,1,107,164,111,179,290,100,36,69,63,126,505,0.463,0.464,0,0.463,0.652,0.503,williho01
Jayson Williams,22,PHI,NBA,1990-91,52,1,508,72,161,71,159,1,2,37,56,41,70,111,16,9,6,40,92,182,0.447,0.447,0.5,0.45,0.661,0.49,willija01
John Williams,24,WSB,NBA,1990-91,33,11,941,164,393,154,352,10,41,73,97,42,135,177,133,39,6,68,63,411,0.417,0.438,0.244,0.43,0.753,0.472,willijo02
Kenny Williams,21,IND,NBA,1990-91,75,0,527,93,179,93,176,0,3,34,50,56,75,131,31,11,31,41,81,220,0.52,0.528,0,0.52,0.68,0.547,willike03
Micheal Williams,24,IND,NBA,1990-91,73,37,1706,261,523,260,516,1,7,290,330,49,127,176,348,150,17,150,202,813,0.499,0.504,0.143,0.5,0.879,0.608,willimi02
Reggie Williams,26,TOT,NBA,1990-91,73,46,1896,384,855,327,698,57,157,166,197,133,173,306,133,113,41,112,253,991,0.449,0.468,0.363,0.482,0.843,0.526,willire01
Scott Williams,22,CHI,NBA,1990-91,51,0,337,53,104,52,102,1,2,20,28,42,56,98,16,12,13,23,51,127,0.51,0.51,0.5,0.514,0.714,0.546,willisc01
Kevin Willis,28,ATL,NBA,1990-91,80,80,2373,444,881,440,871,4,10,159,238,259,445,704,99,60,40,153,235,1051,0.504,0.505,0.4,0.506,0.668,0.533,willike02
Trevor Wilson,22,ATL,NBA,1990-91,25,0,162,21,70,21,68,0,2,13,26,16,24,40,11,5,1,17,13,55,0.3,0.309,0,0.3,0.5,0.338,wilsotr01
Kennard Winchester,24,HOU,NBA,1990-91,64,1,607,98,245,90,225,8,20,35,45,34,33,67,25,16,13,30,70,239,0.4,0.4,0.4,0.416,0.778,0.451,winchke01
David Wingate,27,SAS,NBA,1990-91,25,0,563,53,138,52,129,1,9,29,41,24,51,75,46,19,5,42,66,136,0.384,0.403,0.111,0.388,0.707,0.436,wingada01
Randy Wittman,31,IND,NBA,1990-91,41,0,355,35,79,35,74,0,5,4,6,6,27,33,25,10,4,10,9,74,0.443,0.473,0,0.443,0.667,0.453,wittmra01
Joe Wolf,26,DEN,NBA,1990-91,74,38,1593,234,519,232,504,2,15,69,83,136,264,400,107,60,31,95,244,539,0.451,0.46,0.133,0.453,0.831,0.485,wolfjo01
David Wood,26,HOU,NBA,1990-91,82,13,1421,148,349,120,259,28,90,108,133,107,139,246,94,58,16,89,236,432,0.424,0.463,0.311,0.464,0.812,0.53,woodda01
Leon Wood,28,SAC,NBA,1990-91,12,0,222,25,63,13,25,12,38,19,21,5,14,19,49,5,0,12,10,81,0.397,0.52,0.316,0.492,0.905,0.561,woodle01
Mike Woodson,32,TOT,NBA,1990-91,15,3,171,26,77,25,70,1,7,11,13,3,10,13,15,5,5,12,18,64,0.338,0.357,0.143,0.344,0.846,0.387,woodsmi01
Orlando Woolridge,31,DEN,NBA,1990-91,53,50,1823,490,983,490,979,0,4,350,439,141,220,361,119,69,23,152,145,1330,0.498,0.501,0,0.498,0.797,0.565,woolror01
Haywoode Workman,25,WSB,NBA,1990-91,73,56,2034,234,515,222,465,12,50,101,133,51,191,242,353,87,7,135,162,581,0.454,0.477,0.24,0.466,0.759,0.507,workmha01
James Worthy,29,LAL,NBA,1990-91,78,74,3008,716,1455,690,1365,26,90,212,266,107,249,356,275,104,35,127,117,1670,0.492,0.505,0.289,0.501,0.797,0.531,worthja01
Howard Wright,23,TOT,NBA,1990-91,15,0,164,19,47,19,46,0,1,16,24,12,33,45,3,4,5,11,28,54,0.404,0.413,0,0.404,0.667,0.469,wrighho02
A.J. Wynder,26,BOS,NBA,1990-91,6,0,39,3,12,3,11,0,1,6,8,1,2,3,8,1,0,4,1,12,0.25,0.273,0,0.25,0.75,0.387,wyndeaj01
Danny Young,28,POR,NBA,1990-91,75,1,897,103,271,67,167,36,104,41,45,22,53,75,141,50,7,50,49,283,0.38,0.401,0.346,0.446,0.911,0.487,youngda01
Alaa Abdelnaby,23,POR,NBA,1991-92,71,1,934,178,361,178,361,0,0,76,101,81,179,260,30,25,16,66,132,432,0.493,0.493,,0.493,0.752,0.533,abdelal01
Mahmoud Abdul-Rauf,22,DEN,NBA,1991-92,81,11,1538,356,845,325,751,31,94,94,108,22,92,114,192,44,4,117,130,837,0.421,0.433,0.33,0.44,0.87,0.469,abdulma02
Mark Acres,29,ORL,NBA,1991-92,68,6,926,78,151,77,148,1,3,51,67,97,155,252,22,25,15,33,140,208,0.517,0.52,0.333,0.52,0.761,0.576,acresma01
Michael Adams,29,WSB,NBA,1991-92,78,78,2795,485,1233,360,847,125,386,313,360,58,252,310,594,145,9,212,162,1408,0.393,0.425,0.324,0.444,0.869,0.506,adamsmi01
Rafael Addison,27,NJN,NBA,1991-92,76,8,1175,187,432,173,383,14,49,56,76,65,100,165,68,28,28,46,109,444,0.433,0.452,0.286,0.449,0.737,0.477,addisra01
Mark Aguirre,32,DET,NBA,1991-92,75,12,1582,339,787,324,716,15,71,158,230,67,169,236,126,51,11,105,171,851,0.431,0.453,0.211,0.44,0.687,0.479,aguirma01
Danny Ainge,32,POR,NBA,1991-92,81,6,1595,299,676,221,446,78,230,108,131,40,108,148,202,73,13,70,148,784,0.442,0.496,0.339,0.5,0.824,0.534,aingeda01
Victor Alexander,22,GSW,NBA,1991-92,80,28,1350,243,459,243,458,0,1,103,149,106,230,336,32,45,62,91,176,589,0.529,0.531,0,0.529,0.691,0.561,alexavi01
Greg Anderson,27,DEN,NBA,1991-92,82,82,2793,389,854,389,850,0,4,167,268,337,604,941,78,88,65,201,263,945,0.456,0.458,0,0.456,0.623,0.486,andergr01
Kenny Anderson,21,NJN,NBA,1991-92,64,13,1086,187,480,184,467,3,13,73,98,38,89,127,203,67,9,97,68,450,0.39,0.394,0.231,0.393,0.745,0.43,anderke01
Nick Anderson,24,ORL,NBA,1991-92,60,59,2203,482,1042,452,957,30,85,202,303,98,286,384,163,97,33,126,132,1196,0.463,0.472,0.353,0.477,0.667,0.509,anderni01
Ron Anderson,33,PHI,NBA,1991-92,82,11,2432,469,1008,427,881,42,127,143,163,96,182,278,135,86,11,109,128,1123,0.465,0.485,0.331,0.486,0.877,0.52,anderro01
Willie Anderson,25,SAS,NBA,1991-92,57,55,1889,312,685,299,629,13,56,107,138,62,238,300,302,54,51,140,151,744,0.455,0.475,0.232,0.465,0.775,0.499,anderwi01
Michael Ansley,24,TOT,NBA,1991-92,10,0,45,8,18,8,18,0,0,5,6,2,4,6,2,0,0,3,7,21,0.444,0.444,,0.444,0.833,0.509,anslemi01
Greg Anthony,24,NYK,NBA,1991-92,82,1,1510,161,435,153,380,8,55,117,158,33,103,136,314,59,9,98,170,447,0.37,0.403,0.145,0.379,0.741,0.443,anthogr01
B.J. Armstrong,24,CHI,NBA,1991-92,82,3,1875,335,697,300,610,35,87,104,129,19,126,145,266,46,5,94,88,809,0.481,0.492,0.402,0.506,0.806,0.537,armstbj01
Vincent Askew,25,GSW,NBA,1991-92,80,10,1496,193,379,192,369,1,10,111,160,89,144,233,188,47,23,84,128,498,0.509,0.52,0.1,0.511,0.694,0.554,askewvi01
Keith Askins,24,MIA,NBA,1991-92,59,4,843,84,205,59,132,25,73,26,37,65,77,142,38,40,15,47,109,219,0.41,0.447,0.342,0.471,0.703,0.495,askinke01
Stacey Augmon,23,ATL,NBA,1991-92,82,82,2505,440,899,439,893,1,6,213,320,191,229,420,201,124,27,181,161,1094,0.489,0.492,0.167,0.49,0.666,0.526,augmost01
Isaac Austin,22,UTA,NBA,1991-92,31,0,112,21,46,21,46,0,0,19,30,11,24,35,5,2,2,8,20,61,0.457,0.457,,0.457,0.633,0.515,austiis01
Milos Babic,23,MIA,NBA,1991-92,9,0,35,6,13,6,13,0,0,6,8,2,9,11,6,1,0,5,0,18,0.462,0.462,,0.462,0.75,0.545,babicmi01
John Bagley,31,BOS,NBA,1991-92,73,59,1742,223,506,213,464,10,42,68,95,38,123,161,480,57,4,148,123,524,0.441,0.459,0.238,0.451,0.716,0.478,baglejo01
Thurl Bailey,30,TOT,NBA,1991-92,84,18,2104,368,836,368,834,0,2,215,270,122,363,485,78,35,117,108,160,951,0.44,0.441,0,0.44,0.796,0.498,baileth01
Steve Bardo,23,SAS,NBA,1991-92,1,0,1,0,0,0,0,0,0,0,0,1,0,1,0,0,0,0,0,0,,,,,,,bardost01
Charles Barkley,28,PHI,NBA,1991-92,75,75,2881,622,1126,590,989,32,137,454,653,271,559,830,308,136,44,235,196,1730,0.552,0.597,0.234,0.567,0.695,0.612,barklch01
Dana Barros,24,SEA,NBA,1991-92,75,1,1331,238,493,155,307,83,186,60,79,17,64,81,125,51,4,56,84,619,0.483,0.505,0.446,0.567,0.759,0.586,barroda01
John Battle,29,CLE,NBA,1991-92,76,2,1637,316,659,314,642,2,17,145,171,19,93,112,159,36,5,91,116,779,0.48,0.489,0.118,0.481,0.848,0.53,battljo01
Kenny Battle,27,TOT,NBA,1991-92,16,0,92,11,17,11,16,0,1,10,12,4,12,16,4,2,2,4,10,32,0.647,0.688,0,0.647,0.833,0.718,battlke01
William Bedford,28,DET,NBA,1991-92,32,8,363,50,121,50,120,0,1,14,22,24,39,63,12,6,18,15,56,114,0.413,0.417,0,0.413,0.636,0.436,bedfowi01
Benoit Benjamin,27,SEA,NBA,1991-92,63,61,1941,354,740,354,738,0,2,171,249,130,383,513,76,39,118,175,185,879,0.478,0.48,0,0.478,0.687,0.517,benjabe01
Winston Bennett,26,TOT,NBA,1991-92,54,45,833,80,211,80,210,0,1,35,50,63,99,162,38,19,9,33,122,195,0.379,0.381,0,0.379,0.7,0.418,bennewi01
David Benoit,23,UTA,NBA,1991-92,77,2,1161,175,375,172,361,3,14,81,100,105,191,296,34,19,44,71,124,434,0.467,0.476,0.214,0.471,0.81,0.518,benoida01
Larry Bird,35,BOS,NBA,1991-92,45,45,1662,353,758,301,630,52,128,150,162,46,388,434,306,42,33,125,82,908,0.466,0.478,0.406,0.5,0.926,0.547,birdla01
Rolando Blackman,32,DAL,NBA,1991-92,75,74,2527,535,1161,470,992,65,169,239,266,78,161,239,204,50,22,153,134,1374,0.461,0.474,0.385,0.489,0.898,0.538,blackro01
Lance Blanks,25,DET,NBA,1991-92,43,0,189,25,55,19,39,6,16,8,11,9,13,22,19,14,1,14,26,64,0.455,0.487,0.375,0.509,0.727,0.535,blankla01
Mookie Blaylock,24,NJN,NBA,1991-92,72,67,2548,429,993,417,939,12,54,126,177,101,168,269,492,170,40,152,182,996,0.432,0.444,0.222,0.438,0.712,0.465,blaylmo01
Muggsy Bogues,27,CHH,NBA,1991-92,82,69,2790,317,671,315,644,2,27,94,120,58,177,235,743,170,6,156,156,730,0.472,0.489,0.074,0.474,0.783,0.504,boguemu01
Manute Bol,29,PHI,NBA,1991-92,71,2,1267,49,128,49,119,0,9,12,26,54,168,222,22,11,205,41,139,110,0.383,0.412,0,0.383,0.462,0.394,bolma01
Anthony Bonner,23,SAC,NBA,1991-92,79,18,2287,294,658,293,654,1,4,151,241,192,293,485,125,94,26,133,194,740,0.447,0.448,0.25,0.448,0.627,0.484,bonnean01
Anthony Bowie,28,ORL,NBA,1991-92,52,26,1721,312,633,295,589,17,44,117,136,70,175,245,163,55,38,107,101,758,0.493,0.501,0.386,0.506,0.86,0.547,bowiean01
Sam Bowie,30,NJN,NBA,1991-92,71,61,2179,421,947,413,922,8,25,212,280,203,375,578,186,41,120,150,212,1062,0.445,0.448,0.32,0.449,0.757,0.496,bowiesa01
Terrell Brandon,21,CLE,NBA,1991-92,82,9,1605,252,601,251,578,1,23,100,124,49,113,162,316,81,22,136,107,605,0.419,0.434,0.043,0.42,0.806,0.461,brandte01
Randy Breuer,31,MIN,NBA,1991-92,67,25,1176,161,344,161,343,0,1,41,77,98,183,281,89,27,99,41,117,363,0.468,0.469,0,0.468,0.532,0.48,breuera01
Frank Brickowski,32,MIL,NBA,1991-92,65,60,1556,306,584,303,578,3,6,125,163,97,247,344,122,60,23,112,223,740,0.524,0.524,0.5,0.527,0.767,0.564,brickfr01
Kevin Brooks,22,DEN,NBA,1991-92,37,0,270,43,97,41,86,2,11,17,21,13,26,39,11,8,2,18,19,105,0.443,0.477,0.182,0.454,0.81,0.494,brookke01
Scott Brooks,26,MIN,NBA,1991-92,82,0,1082,167,374,135,284,32,90,51,63,27,72,99,205,66,7,51,82,417,0.447,0.475,0.356,0.489,0.81,0.519,brooksc01
Chucky Brown,23,TOT,NBA,1991-92,42,2,431,60,128,60,125,0,3,30,49,31,51,82,26,12,7,29,48,150,0.469,0.48,0,0.469,0.612,0.501,brownch01
Dee Brown,23,BOS,NBA,1991-92,31,20,883,149,350,144,328,5,22,60,78,15,64,79,164,33,7,59,74,363,0.426,0.439,0.227,0.433,0.769,0.472,brownde01
Mike Brown,28,UTA,NBA,1991-92,82,1,1783,221,488,221,487,0,1,190,285,187,289,476,81,42,34,105,196,632,0.453,0.454,0,0.453,0.667,0.515,brownmi01
Myron Brown,22,MIN,NBA,1991-92,4,0,23,4,6,3,3,1,3,0,0,0,3,3,6,1,0,4,2,9,0.667,1,0.333,0.75,,0.75,brownmy01
Randy Brown,23,SAC,NBA,1991-92,56,0,535,77,169,77,163,0,6,38,58,26,43,69,59,35,12,42,68,192,0.456,0.472,0,0.456,0.655,0.494,brownra02
Tony Brown,31,TOT,NBA,1991-92,57,2,655,102,249,83,186,19,63,48,66,32,52,84,48,30,5,35,82,271,0.41,0.446,0.302,0.448,0.727,0.487,brownto01
Mark Bryant,26,POR,NBA,1991-92,56,0,800,95,198,95,195,0,3,40,60,87,114,201,41,26,8,30,105,230,0.48,0.487,0,0.48,0.667,0.512,bryanma01
Jud Buechler,23,TOT,NBA,1991-92,28,0,290,29,71,29,70,0,1,12,21,18,34,52,23,19,7,13,31,70,0.408,0.414,0,0.408,0.571,0.436,buechju01
Matt Bullard,24,HOU,NBA,1991-92,80,7,1278,205,447,141,281,64,166,38,50,73,150,223,75,26,21,56,129,512,0.459,0.502,0.386,0.53,0.76,0.546,bullama01
Willie Burton,23,MIA,NBA,1991-92,68,50,1585,280,622,274,607,6,15,196,245,76,168,244,123,46,37,119,186,762,0.45,0.451,0.4,0.455,0.8,0.522,burtowi01
Steve Burtt,29,PHO,NBA,1991-92,31,2,356,74,160,73,154,1,6,38,54,10,24,34,59,16,4,33,58,187,0.463,0.474,0.167,0.466,0.704,0.509,burttst01
Michael Cage,30,SEA,NBA,1991-92,82,69,2461,307,542,307,537,0,5,106,171,266,462,728,92,99,55,78,237,720,0.566,0.572,0,0.566,0.62,0.583,cagemi01
Demetrius Calip,22,LAL,NBA,1991-92,7,0,58,4,18,3,13,1,5,2,3,1,4,5,12,1,0,5,8,11,0.222,0.231,0.2,0.25,0.667,0.285,calipde01
Elden Campbell,23,LAL,NBA,1991-92,81,47,1876,220,491,220,489,0,2,138,223,155,268,423,59,53,159,73,203,578,0.448,0.45,0,0.448,0.619,0.491,campbel01
Tony Campbell,29,MIN,NBA,1991-92,78,41,2441,527,1137,514,1100,13,37,240,299,141,145,286,229,84,31,165,206,1307,0.464,0.467,0.351,0.469,0.803,0.515,campbto01
Antoine Carr,30,SAS,NBA,1991-92,81,27,1867,359,732,358,727,1,5,162,212,128,218,346,63,32,96,114,264,881,0.49,0.492,0.2,0.491,0.764,0.534,carran01
Bill Cartwright,34,CHI,NBA,1991-92,64,64,1471,208,445,208,445,0,0,96,159,93,231,324,87,22,14,75,131,512,0.467,0.467,,0.467,0.604,0.497,cartwbi01
Terry Catledge,28,ORL,NBA,1991-92,78,67,2430,457,922,457,918,0,4,240,346,257,292,549,109,58,16,138,196,1154,0.496,0.498,0,0.496,0.694,0.537,catlete01
Duane Causwell,23,SAC,NBA,1991-92,80,77,2291,250,455,250,454,0,1,136,222,196,384,580,59,47,215,124,281,636,0.549,0.551,0,0.549,0.613,0.575,causwdu01
Cedric Ceballos,22,PHO,NBA,1991-92,64,4,725,176,365,175,359,1,6,109,148,60,92,152,50,16,11,71,52,462,0.482,0.487,0.167,0.484,0.736,0.537,cebalce01
Tom Chambers,32,PHO,NBA,1991-92,69,66,1948,426,989,408,940,18,49,258,311,86,315,401,142,57,37,103,196,1128,0.431,0.434,0.367,0.44,0.83,0.501,chambto01
Rex Chapman,24,TOT,NBA,1991-92,22,11,567,113,252,105,223,8,29,36,53,10,48,58,89,15,8,45,51,270,0.448,0.471,0.276,0.464,0.679,0.49,chapmre01
Maurice Cheeks,35,ATL,NBA,1991-92,56,0,1086,115,249,112,243,3,6,26,43,29,66,95,185,83,0,36,73,259,0.462,0.461,0.5,0.468,0.605,0.483,cheekma01
Pete Chilcutt,23,SAC,NBA,1991-92,69,2,817,113,250,111,248,2,2,23,28,78,109,187,38,32,17,41,70,251,0.452,0.448,1,0.456,0.821,0.478,chilcpe01
Derrick Coleman,24,NJN,NBA,1991-92,65,58,2207,483,958,460,882,23,76,300,393,203,415,618,205,54,98,248,168,1289,0.504,0.522,0.303,0.516,0.763,0.57,colemde01
Bimbo Coles,23,MIA,NBA,1991-92,81,28,1976,295,649,285,597,10,52,216,262,69,120,189,366,73,13,167,151,816,0.455,0.477,0.192,0.462,0.824,0.534,colesbi01
Marty Conlon,24,SEA,NBA,1991-92,45,1,381,48,101,48,101,0,0,24,32,33,36,69,12,9,7,27,40,120,0.475,0.475,,0.475,0.75,0.521,conloma01
Lester Conner,32,MIL,NBA,1991-92,81,9,1420,103,239,103,232,0,7,81,115,63,121,184,294,97,10,79,86,287,0.431,0.444,0,0.431,0.704,0.496,connele01
Anthony Cook,24,DEN,NBA,1991-92,22,0,115,15,25,15,25,0,0,4,6,13,21,34,2,5,4,3,10,34,0.6,0.6,,0.6,0.667,0.615,cookan01
Wayne Cooper,35,POR,NBA,1991-92,35,0,344,35,82,35,82,0,0,7,11,38,63,101,21,4,27,15,57,77,0.427,0.427,,0.427,0.636,0.443,coopewa01
Tom Copa,27,SAS,NBA,1991-92,33,1,132,22,40,22,40,0,0,4,13,14,22,36,3,2,6,8,29,48,0.55,0.55,,0.55,0.308,0.525,copato01
Lanard Copeland,26,LAC,NBA,1991-92,10,0,48,7,23,7,21,0,2,2,2,1,6,7,5,2,0,4,5,16,0.304,0.333,0,0.304,1,0.335,copella01
Tyrone Corbin,29,TOT,NBA,1991-92,80,9,2207,303,630,303,626,0,4,174,201,163,309,472,140,82,20,97,193,780,0.481,0.484,0,0.481,0.866,0.543,corbity01
Chris Corchiani,23,ORL,NBA,1991-92,51,1,741,77,193,67,156,10,37,91,104,18,60,78,141,45,2,74,94,255,0.399,0.429,0.27,0.425,0.875,0.534,corchch01
Corey Crowder,22,UTA,NBA,1991-92,51,0,328,43,112,30,82,13,30,15,18,16,25,41,17,7,2,13,35,114,0.384,0.366,0.433,0.442,0.833,0.475,crowdco01
Terry Cummings,30,SAS,NBA,1991-92,70,67,2149,514,1053,509,1040,5,13,177,249,247,384,631,102,58,34,115,210,1210,0.488,0.489,0.385,0.491,0.711,0.52,cummite01
Dell Curry,27,CHH,NBA,1991-92,77,0,2020,504,1038,430,855,74,183,127,152,57,202,259,177,93,20,134,156,1209,0.486,0.503,0.404,0.521,0.836,0.547,curryde01
Quintin Dailey,31,SEA,NBA,1991-92,11,1,98,9,37,9,36,0,1,13,16,2,10,12,4,5,1,10,6,31,0.243,0.25,0,0.243,0.813,0.352,dailequ01
Brad Daugherty,26,CLE,NBA,1991-92,73,73,2643,576,1010,576,1008,0,2,414,533,191,569,760,262,65,78,185,190,1566,0.57,0.571,0,0.57,0.777,0.629,daughbr01
Brad Davis,36,DAL,NBA,1991-92,33,0,429,38,86,33,68,5,18,11,15,4,29,33,66,11,3,27,57,92,0.442,0.485,0.278,0.471,0.733,0.497,davisbr01
Dale Davis,22,IND,NBA,1991-92,64,23,1301,154,279,154,278,0,1,87,152,158,252,410,30,27,74,49,191,395,0.552,0.554,0,0.552,0.572,0.571,davisda01
Terry Davis,24,DAL,NBA,1991-92,68,67,2149,256,531,256,526,0,5,181,285,228,444,672,57,26,29,117,202,693,0.482,0.487,0,0.482,0.635,0.528,daviste01
Walter Davis,37,DEN,NBA,1991-92,46,0,741,185,403,180,387,5,16,82,94,20,50,70,68,29,1,45,69,457,0.459,0.465,0.313,0.465,0.872,0.514,daviswa03
Johnny Dawkins,28,PHI,NBA,1991-92,82,82,2815,394,902,358,801,36,101,164,186,42,185,227,567,89,5,183,158,988,0.437,0.447,0.356,0.457,0.882,0.502,dawkijo01
Bison Dele,22,ORL,NBA,1991-92,48,2,905,171,324,171,324,0,0,95,142,115,157,272,33,41,53,86,139,437,0.528,0.528,,0.528,0.669,0.565,delebi01
Vlade Divac,23,LAL,NBA,1991-92,36,18,979,157,317,152,298,5,19,86,112,87,160,247,60,55,35,88,114,405,0.495,0.51,0.263,0.503,0.768,0.553,divacvl01
James Donaldson,34,TOT,NBA,1991-92,58,32,1075,112,245,112,245,0,0,61,86,99,190,289,33,8,49,48,103,285,0.457,0.457,,0.457,0.709,0.504,donalja01
Sherman Douglas,25,TOT,NBA,1991-92,42,2,752,117,253,116,243,1,10,73,107,13,50,63,172,25,9,68,78,308,0.462,0.477,0.1,0.464,0.682,0.513,douglsh01
Greg Dreiling,29,IND,NBA,1991-92,60,23,509,43,87,42,86,1,1,30,40,22,74,96,25,10,16,31,123,117,0.494,0.488,1,0.5,0.75,0.559,dreilgr01
Clyde Drexler,29,POR,NBA,1991-92,76,76,2751,694,1476,580,1138,114,338,401,505,166,334,500,512,138,70,240,229,1903,0.47,0.51,0.337,0.509,0.794,0.56,drexlcl01
Kevin Duckworth,27,POR,NBA,1991-92,82,82,2222,362,786,362,783,0,3,156,226,151,346,497,99,38,37,143,264,880,0.461,0.462,0,0.461,0.69,0.497,duckwke01
Chris Dudley,26,NJN,NBA,1991-92,82,21,1902,190,472,190,472,0,0,80,171,343,396,739,58,38,179,79,275,460,0.403,0.403,,0.403,0.468,0.42,dudlech02
Joe Dumars,28,DET,NBA,1991-92,82,82,3192,587,1311,538,1191,49,120,412,475,82,106,188,375,71,12,193,145,1635,0.448,0.452,0.408,0.466,0.867,0.538,dumarjo01
Ledell Eackles,25,WSB,NBA,1991-92,65,25,1463,355,759,348,724,7,35,139,187,39,139,178,125,47,7,75,145,856,0.468,0.481,0.2,0.472,0.743,0.509,eacklle01
Mark Eaton,35,UTA,NBA,1991-92,81,81,2023,107,240,107,240,0,0,52,87,150,341,491,40,36,205,60,239,266,0.446,0.446,,0.446,0.598,0.478,eatonma01
Patrick Eddie,24,NYK,NBA,1991-92,4,0,13,2,9,2,9,0,0,0,0,0,1,1,0,0,0,0,3,4,0.222,0.222,,0.222,,0.222,eddiepa01
Blue Edwards,26,UTA,NBA,1991-92,81,81,2283,433,830,394,727,39,103,113,146,86,212,298,137,81,46,122,236,1018,0.522,0.542,0.379,0.545,0.774,0.569,edwarbl01
James Edwards,36,LAC,NBA,1991-92,72,11,1437,250,538,250,537,0,1,198,271,55,147,202,53,24,33,72,236,698,0.465,0.466,0,0.465,0.731,0.531,edwarja01
Kevin Edwards,26,MIA,NBA,1991-92,81,1,1840,325,716,318,684,7,32,162,191,56,155,211,170,99,20,120,138,819,0.454,0.465,0.219,0.459,0.848,0.512,edwarke01
Craig Ehlo,30,CLE,NBA,1991-92,63,62,2016,310,684,241,517,69,167,87,123,94,213,307,238,78,22,104,150,776,0.453,0.466,0.413,0.504,0.707,0.526,ehlocr01
Mario Elie,28,GSW,NBA,1991-92,79,32,1677,221,424,198,354,23,70,155,182,69,158,227,174,68,15,83,159,620,0.521,0.559,0.329,0.548,0.852,0.615,eliema01
Sean Elliott,23,SAS,NBA,1991-92,82,82,3120,514,1040,489,958,25,82,285,331,143,296,439,214,84,29,152,149,1338,0.494,0.51,0.305,0.506,0.861,0.564,elliose01
Dale Ellis,31,MIL,NBA,1991-92,81,11,2191,485,1034,347,705,138,329,164,212,92,161,253,104,57,18,119,151,1272,0.469,0.492,0.419,0.536,0.774,0.564,ellisda01
LeRon Ellis,22,LAC,NBA,1991-92,29,0,103,17,50,17,50,0,0,9,19,12,12,24,1,6,9,11,11,43,0.34,0.34,,0.34,0.474,0.368,ellisle02
Pervis Ellison,24,WSB,NBA,1991-92,66,64,2511,547,1014,546,1011,1,3,227,312,217,523,740,190,62,177,196,222,1322,0.539,0.54,0.333,0.54,0.728,0.574,ellispe01
A.J. English,24,WSB,NBA,1991-92,81,6,1665,366,846,360,812,6,34,148,176,74,94,168,143,32,9,89,160,886,0.433,0.443,0.176,0.436,0.841,0.48,engliaj01
Patrick Ewing,29,NYK,NBA,1991-92,82,82,3150,796,1525,795,1519,1,6,377,511,228,693,921,156,88,245,209,277,1970,0.522,0.523,0.167,0.522,0.738,0.563,ewingpa01
Dave Feitl,29,NJN,NBA,1991-92,34,0,175,33,77,33,77,0,0,16,19,21,40,61,6,2,3,19,22,82,0.429,0.429,,0.429,0.842,0.48,feitlda01
Duane Ferrell,26,ATL,NBA,1991-92,66,12,1598,331,632,320,599,11,33,166,218,105,105,210,92,49,17,99,134,839,0.524,0.534,0.333,0.532,0.761,0.576,ferredu01
Danny Ferry,25,CLE,NBA,1991-92,68,1,937,134,328,117,280,17,48,61,73,53,160,213,75,22,15,46,135,346,0.409,0.418,0.354,0.434,0.836,0.48,ferryda01
Vern Fleming,29,IND,NBA,1991-92,82,6,1737,294,610,288,583,6,27,132,179,69,140,209,266,56,7,140,134,726,0.482,0.494,0.222,0.487,0.737,0.527,flemive01
Sleepy Floyd,31,HOU,NBA,1991-92,82,3,1662,286,704,249,581,37,123,135,170,34,116,150,239,57,21,128,128,744,0.406,0.429,0.301,0.433,0.794,0.478,floydsl01
Greg Foster,23,WSB,NBA,1991-92,49,3,548,89,193,89,192,0,1,35,49,43,102,145,35,6,12,36,83,213,0.461,0.464,0,0.461,0.714,0.496,fostegr01
Rick Fox,22,BOS,NBA,1991-92,81,5,1535,241,525,218,455,23,70,139,184,73,147,220,126,78,30,123,230,644,0.459,0.479,0.329,0.481,0.755,0.531,foxri01
Tellis Frank,26,MIN,NBA,1991-92,10,0,140,18,33,18,33,0,0,10,15,8,18,26,8,5,4,5,24,46,0.545,0.545,,0.545,0.667,0.581,frankte01
Anthony Frederick,27,CHH,NBA,1991-92,66,26,852,161,370,157,353,4,17,63,92,75,69,144,71,40,26,58,91,389,0.435,0.445,0.235,0.441,0.685,0.474,fredean01
Kevin Gamble,26,BOS,NBA,1991-92,82,77,2496,480,908,471,877,9,31,139,157,80,206,286,219,75,37,97,200,1108,0.529,0.537,0.29,0.534,0.885,0.567,gamblke01
Winston Garland,27,DEN,NBA,1991-92,78,67,2209,333,750,324,722,9,28,171,199,67,123,190,411,98,22,175,206,846,0.444,0.449,0.321,0.45,0.859,0.505,garlawi01
Tom Garrick,25,TOT,NBA,1991-92,40,5,549,59,143,58,139,1,4,18,26,12,44,56,98,36,4,44,54,137,0.413,0.417,0.25,0.416,0.692,0.444,garrito01
Chris Gatling,24,GSW,NBA,1991-92,54,1,612,117,206,117,202,0,4,72,109,75,107,182,16,31,36,44,101,306,0.568,0.579,0,0.568,0.661,0.602,gatlich01
Kenny Gattison,27,CHH,NBA,1991-92,82,71,2223,423,799,423,797,0,2,196,285,177,403,580,131,59,69,140,273,1042,0.529,0.531,0,0.529,0.688,0.564,gattike01
Tate George,23,NJN,NBA,1991-92,70,2,1037,165,386,164,380,1,6,87,106,36,69,105,162,41,3,82,98,418,0.427,0.432,0.167,0.429,0.821,0.483,georgta01
Kendall Gill,23,CHH,NBA,1991-92,79,79,2906,666,1427,660,1402,6,25,284,381,165,237,402,329,154,46,180,237,1622,0.467,0.471,0.24,0.469,0.745,0.509,gillke01
Armen Gilliam,27,PHI,NBA,1991-92,81,81,2771,512,1001,512,999,0,2,343,425,234,426,660,118,51,85,166,176,1367,0.511,0.513,0,0.511,0.807,0.575,gilliar01
Gerald Glass,24,MIN,NBA,1991-92,75,41,1822,383,871,367,817,16,54,77,125,107,153,260,175,66,30,103,171,859,0.44,0.449,0.296,0.449,0.616,0.464,glassge01
Mike Gminski,32,CHH,NBA,1991-92,35,10,499,90,199,89,196,1,3,21,28,37,81,118,31,11,16,20,37,202,0.452,0.454,0.333,0.455,0.75,0.478,gminsmi01
Dan Godfread,24,HOU,NBA,1991-92,1,0,2,0,0,0,0,0,0,0,0,0,0,0,0,0,0,0,0,0,,,,,,,godfrda01
Paul Graham,24,ATL,NBA,1991-92,78,9,1718,305,682,250,541,55,141,126,170,72,159,231,175,96,21,91,193,791,0.447,0.462,0.39,0.488,0.741,0.523,grahapa01
Ron Grandison,27,CHH,NBA,1991-92,3,0,25,2,4,2,4,0,0,6,10,3,8,11,1,1,1,3,4,10,0.5,0.5,,0.5,0.6,0.595,grandro01
Gary Grant,26,LAC,NBA,1991-92,78,53,2049,275,595,260,544,15,51,44,54,34,150,184,538,138,14,187,181,609,0.462,0.478,0.294,0.475,0.815,0.492,grantga01
Greg Grant,25,TOT,NBA,1991-92,68,0,891,99,225,92,207,7,18,20,24,14,55,69,217,45,2,46,76,225,0.44,0.444,0.389,0.456,0.833,0.478,grantgr01
Harvey Grant,26,WSB,NBA,1991-92,64,60,2388,489,1022,488,1014,1,8,176,220,157,275,432,170,74,27,109,178,1155,0.478,0.481,0.125,0.479,0.8,0.516,grantha01
Horace Grant,26,CHI,NBA,1991-92,81,81,2859,457,790,457,788,0,2,235,317,344,463,807,217,100,131,98,196,1149,0.578,0.58,0,0.578,0.741,0.618,grantho01
Jeff Grayer,26,MIL,NBA,1991-92,82,11,1659,309,689,290,623,19,66,102,153,129,128,257,150,64,13,105,142,739,0.448,0.465,0.288,0.462,0.667,0.489,grayeje01
A.C. Green,28,LAL,NBA,1991-92,82,53,2902,382,803,370,747,12,56,340,457,306,456,762,117,91,36,111,141,1116,0.476,0.495,0.214,0.483,0.744,0.556,greenac01
Rickey Green,37,BOS,NBA,1991-92,26,0,367,46,103,45,99,1,4,13,18,3,21,24,68,17,1,18,28,106,0.447,0.455,0.25,0.451,0.722,0.478,greenri01
Sean Green,21,IND,NBA,1991-92,35,0,256,62,158,60,148,2,10,15,28,22,20,42,22,13,6,27,31,141,0.392,0.405,0.2,0.399,0.536,0.414,greense01
Sidney Green,31,SAS,NBA,1991-92,80,1,1127,147,344,147,344,0,0,73,89,92,250,342,36,29,11,62,148,367,0.427,0.427,,0.427,0.82,0.479,greensi02
Jack Haley,28,LAL,NBA,1991-92,49,9,394,31,84,31,84,0,0,14,29,31,64,95,7,7,8,25,75,76,0.369,0.369,,0.369,0.483,0.393,haleyja01
Tom Hammonds,24,WSB,NBA,1991-92,37,19,984,195,400,195,399,0,1,50,82,49,136,185,36,22,13,58,118,440,0.488,0.489,0,0.488,0.61,0.504,hammoto01
Bob Hansen,31,TOT,NBA,1991-92,68,2,809,79,178,72,151,7,27,8,22,17,60,77,69,27,3,28,134,173,0.444,0.477,0.259,0.463,0.364,0.461,hansebo01
Tim Hardaway,25,GSW,NBA,1991-92,81,81,3332,734,1592,607,1216,127,376,298,389,81,229,310,807,164,13,267,208,1893,0.461,0.499,0.338,0.501,0.766,0.537,hardati01
Derek Harper,30,DAL,NBA,1991-92,65,64,2252,448,1011,390,825,58,186,198,261,49,121,170,373,101,17,154,150,1152,0.443,0.473,0.312,0.472,0.759,0.512,harpede01
Ron Harper,28,LAC,NBA,1991-92,82,82,3144,569,1292,505,1081,64,211,293,398,120,327,447,417,152,72,252,199,1495,0.44,0.467,0.303,0.465,0.736,0.51,harpero01
Scott Hastings,31,DEN,NBA,1991-92,40,4,421,17,50,17,41,0,9,24,28,30,68,98,26,10,15,22,56,58,0.34,0.415,0,0.34,0.857,0.465,hastisc01
Hersey Hawkins,25,PHI,NBA,1991-92,81,81,3013,521,1127,430,898,91,229,403,461,53,218,271,248,157,43,189,174,1536,0.462,0.479,0.397,0.503,0.874,0.578,hawkihe01
Gerald Henderson,36,TOT,NBA,1991-92,16,0,96,12,32,9,24,3,8,9,11,1,7,8,10,3,0,8,12,36,0.375,0.375,0.375,0.422,0.818,0.489,hendege01
Steve Henson,23,MIL,NBA,1991-92,50,1,386,52,144,29,96,23,48,23,29,17,24,41,82,15,1,40,50,150,0.361,0.302,0.479,0.441,0.793,0.478,hensost01
Carl Herrera,25,HOU,NBA,1991-92,43,7,566,83,161,83,160,0,1,25,44,33,66,99,27,16,25,37,60,191,0.516,0.519,0,0.516,0.568,0.529,herreca01
Rod Higgins,32,GSW,NBA,1991-92,25,6,535,87,211,54,116,33,95,48,59,30,55,85,22,15,13,15,75,255,0.412,0.466,0.347,0.491,0.814,0.538,higgiro01
Sean Higgins,23,TOT,NBA,1991-92,38,12,616,127,277,121,252,6,25,31,36,29,73,102,41,16,6,41,58,291,0.458,0.48,0.24,0.469,0.861,0.497,higgise01
Tyrone Hill,23,GSW,NBA,1991-92,82,75,1886,254,487,254,486,0,1,163,235,182,411,593,47,73,43,106,315,671,0.522,0.523,0,0.522,0.694,0.568,hillty01
Donald Hodge,22,DAL,NBA,1991-92,51,27,1058,163,328,163,328,0,0,100,150,118,157,275,39,25,23,75,128,426,0.497,0.497,,0.497,0.667,0.541,hodgedo01
Craig Hodges,31,CHI,NBA,1991-92,56,2,555,93,242,57,146,36,96,16,17,7,17,24,54,14,1,22,33,238,0.384,0.39,0.375,0.459,0.941,0.477,hodgecr01
Dave Hoppen,27,PHI,NBA,1991-92,11,0,40,2,7,2,7,0,0,5,10,1,9,10,2,0,0,3,6,9,0.286,0.286,,0.286,0.5,0.395,hoppeda01
Dennis Hopson,26,TOT,NBA,1991-92,71,0,1314,276,593,264,546,12,47,179,253,105,101,206,102,67,39,100,115,743,0.465,0.484,0.255,0.476,0.708,0.527,hopsode01
Jeff Hornacek,28,PHO,NBA,1991-92,81,81,3078,635,1240,552,1051,83,189,279,315,106,301,407,411,158,31,170,218,1632,0.512,0.525,0.439,0.546,0.886,0.592,hornaje01
Brian Howard,24,DAL,NBA,1991-92,27,0,318,54,104,53,102,1,2,22,31,17,34,51,14,11,8,15,55,131,0.519,0.52,0.5,0.524,0.71,0.557,howarbr01
Jay Humphries,29,MIL,NBA,1991-92,71,71,2261,377,803,335,659,42,144,195,249,44,140,184,466,119,13,148,210,991,0.469,0.508,0.292,0.496,0.783,0.543,humphja01
Cedric Hunter,27,CHH,NBA,1991-92,1,0,1,0,0,0,0,0,0,0,0,0,0,0,0,0,0,0,0,0,,,,,,,huntece01
Mike Iuzzolino,24,DAL,NBA,1991-92,52,21,1280,160,355,101,219,59,136,107,128,27,71,98,194,33,1,92,79,486,0.451,0.461,0.434,0.534,0.836,0.591,iuzzomi01
Jaren Jackson,24,GSW,NBA,1991-92,5,0,54,11,23,11,23,0,0,4,6,5,5,10,3,2,0,4,7,26,0.478,0.478,,0.478,0.667,0.507,jacksja01
Mark Jackson,26,NYK,NBA,1991-92,81,81,2461,367,747,356,704,11,43,171,222,95,210,305,694,112,13,211,153,916,0.491,0.506,0.256,0.499,0.77,0.542,jacksma01
Dave Jamerson,24,HOU,NBA,1991-92,48,0,378,79,191,71,163,8,28,25,27,22,21,43,33,17,0,24,39,191,0.414,0.436,0.286,0.435,0.926,0.471,jamerda01
Henry James,26,CLE,NBA,1991-92,65,5,866,164,403,135,313,29,90,61,76,35,77,112,25,16,11,43,94,418,0.407,0.431,0.322,0.443,0.803,0.479,jameshe01
Les Jepsen,24,SAC,NBA,1991-92,31,0,87,9,24,9,23,0,1,7,11,12,18,30,1,1,5,3,17,25,0.375,0.391,0,0.375,0.636,0.433,jepsele01
Avery Johnson,26,TOT,NBA,1991-92,69,15,1235,158,330,154,315,4,15,66,101,13,67,80,266,61,9,110,89,386,0.479,0.489,0.267,0.485,0.653,0.515,johnsav01
Buck Johnson,28,HOU,NBA,1991-92,80,69,2202,290,633,289,624,1,9,104,143,95,217,312,158,72,49,104,234,685,0.458,0.463,0.111,0.459,0.727,0.492,johnsbu01
Eddie Johnson,32,SEA,NBA,1991-92,81,19,2366,534,1164,507,1057,27,107,291,338,118,174,292,161,55,11,130,199,1386,0.459,0.48,0.252,0.47,0.861,0.528,johnsed03
Kevin Johnson,25,PHO,NBA,1991-92,78,78,2899,539,1125,529,1079,10,46,448,555,61,231,292,836,116,23,272,180,1536,0.479,0.49,0.217,0.484,0.807,0.561,johnske02
Larry Johnson,22,CHH,NBA,1991-92,82,77,3047,616,1258,611,1236,5,22,339,409,323,576,899,292,81,51,160,225,1576,0.49,0.494,0.227,0.492,0.829,0.548,johnsla02
Vinnie Johnson,35,SAS,NBA,1991-92,60,23,1350,202,499,183,439,19,60,55,85,67,115,182,145,41,14,74,93,478,0.405,0.417,0.317,0.424,0.647,0.446,johnsvi01
Charles Jones,34,WSB,NBA,1991-92,75,32,1365,33,90,33,90,0,0,20,40,105,212,317,62,43,92,39,214,86,0.367,0.367,,0.367,0.5,0.4,jonesch01
Michael Jordan,28,CHI,NBA,1991-92,80,80,3102,943,1818,916,1718,27,100,491,590,91,420,511,489,182,75,200,201,2404,0.519,0.533,0.27,0.526,0.832,0.579,jordami01
Shawn Kemp,22,SEA,NBA,1991-92,64,23,1808,362,718,362,715,0,3,270,361,264,401,665,86,70,124,156,261,994,0.504,0.506,0,0.504,0.748,0.567,kempsh01
Steve Kerr,26,CLE,NBA,1991-92,48,20,847,121,237,89,163,32,74,45,54,14,64,78,110,27,10,31,29,319,0.511,0.546,0.432,0.578,0.833,0.612,kerrst01
Jerome Kersey,29,POR,NBA,1991-92,77,76,2553,398,852,397,844,1,8,174,262,241,392,633,243,114,71,151,254,971,0.467,0.47,0.125,0.468,0.664,0.502,kerseje01
Alec Kessler,25,MIA,NBA,1991-92,77,4,1197,158,383,158,383,0,0,94,115,114,200,314,34,17,32,58,185,410,0.413,0.413,,0.413,0.817,0.473,kesslal01
Bo Kimble,25,LAC,NBA,1991-92,34,0,277,44,111,40,98,4,13,20,31,13,19,32,17,10,6,15,37,112,0.396,0.408,0.308,0.414,0.645,0.449,kimblbo01
Albert King,32,WSB,NBA,1991-92,6,0,59,11,30,9,23,2,7,7,8,1,10,11,5,3,0,2,7,31,0.367,0.391,0.286,0.4,0.875,0.462,kingal01
Rich King,22,SEA,NBA,1991-92,40,2,213,27,71,27,70,0,1,34,45,20,29,49,12,4,5,18,42,88,0.38,0.386,0,0.38,0.756,0.485,kingri01
Stacey King,25,CHI,NBA,1991-92,79,12,1268,215,425,213,420,2,5,119,158,87,118,205,77,21,25,76,129,551,0.506,0.507,0.4,0.508,0.753,0.557,kingst01
Greg Kite,30,ORL,NBA,1991-92,72,44,1479,94,215,94,214,0,1,40,68,156,246,402,44,30,57,61,212,228,0.437,0.439,0,0.437,0.588,0.465,kitegr01
Joe Kleine,30,BOS,NBA,1991-92,70,3,991,144,293,140,285,4,8,34,48,94,202,296,32,23,14,27,99,326,0.491,0.491,0.5,0.498,0.708,0.519,kleinjo01
Negele Knight,24,PHO,NBA,1991-92,42,1,631,103,217,99,204,4,13,33,48,16,30,46,112,24,3,58,58,243,0.475,0.485,0.308,0.484,0.688,0.51,knighne01
Bart Kofoed,27,SEA,NBA,1991-92,44,0,239,25,53,24,46,1,7,15,26,6,20,26,51,2,2,20,26,66,0.472,0.522,0.143,0.481,0.577,0.512,kofoeba01
Jon Koncak,28,ATL,NBA,1991-92,77,14,1489,111,284,111,272,0,12,19,29,62,199,261,132,50,67,54,207,241,0.391,0.408,0,0.391,0.655,0.406,koncajo01
Larry Krystkowiak,27,MIL,NBA,1991-92,79,16,1848,293,660,293,655,0,5,128,169,131,298,429,114,54,12,115,218,714,0.444,0.447,0,0.444,0.757,0.486,krystla01
Bill Laimbeer,34,DET,NBA,1991-92,81,46,2234,342,727,310,642,32,85,67,75,104,347,451,160,51,54,102,225,783,0.47,0.483,0.376,0.492,0.893,0.515,laimbbi01
Jerome Lane,25,TOT,NBA,1991-92,14,5,177,14,46,14,46,0,0,9,27,32,34,66,17,2,1,14,28,37,0.304,0.304,,0.304,0.333,0.32,laneje01
Andrew Lang,25,PHO,NBA,1991-92,81,71,1965,248,475,248,474,0,1,126,164,170,376,546,43,48,201,87,306,622,0.522,0.523,0,0.522,0.768,0.568,langan01
Eric Leckner,25,CHH,NBA,1991-92,59,2,716,79,154,79,153,0,1,38,51,49,157,206,31,9,18,39,114,196,0.513,0.516,0,0.513,0.745,0.555,leckner01
Doug Lee,27,NJN,NBA,1991-92,46,0,307,50,116,40,79,10,37,10,19,17,18,35,22,11,1,12,39,120,0.431,0.506,0.27,0.474,0.526,0.482,leedo01
Gary Leonard,24,ATL,NBA,1991-92,5,0,13,4,6,4,6,0,0,2,2,3,2,5,1,1,0,1,3,10,0.667,0.667,,0.667,1,0.727,leonaga01
Jim Les,28,SAC,NBA,1991-92,62,5,712,74,192,29,61,45,131,38,47,11,52,63,143,31,3,42,58,231,0.385,0.475,0.344,0.503,0.809,0.543,lesji01
Fat Lever,31,DAL,NBA,1991-92,31,5,884,135,349,118,297,17,52,60,80,56,105,161,107,46,12,36,73,347,0.387,0.397,0.327,0.411,0.75,0.452,leverfa01
Cliff Levingston,31,CHI,NBA,1991-92,79,0,1020,125,251,124,245,1,6,60,96,109,118,227,66,27,45,42,134,311,0.498,0.506,0.167,0.5,0.625,0.53,levincl01
Reggie Lewis,26,BOS,NBA,1991-92,82,82,3070,703,1397,698,1376,5,21,292,343,117,277,394,185,125,105,136,258,1703,0.503,0.507,0.238,0.505,0.851,0.55,lewisre01
Marcus Liberty,23,DEN,NBA,1991-92,75,13,1527,275,621,258,571,17,50,131,180,144,164,308,58,66,29,90,165,698,0.443,0.452,0.34,0.457,0.728,0.498,liberma01
Todd Lichti,25,DEN,NBA,1991-92,68,10,1176,173,376,172,367,1,9,99,118,36,82,118,74,43,12,72,131,446,0.46,0.469,0.111,0.461,0.839,0.521,lichtto01
Alton Lister,33,GSW,NBA,1991-92,26,12,293,44,79,44,79,0,0,14,33,21,71,92,14,5,16,20,61,102,0.557,0.557,,0.557,0.424,0.545,listeal01
Brad Lohaus,27,MIL,NBA,1991-92,70,8,1081,162,360,105,216,57,144,27,41,65,184,249,74,40,71,46,144,408,0.45,0.486,0.396,0.529,0.659,0.54,lohaubr01
Grant Long,25,MIA,NBA,1991-92,82,82,3063,440,890,434,868,6,22,326,404,259,432,691,225,139,40,185,248,1212,0.494,0.5,0.273,0.498,0.807,0.568,longgr01
Luc Longley,23,MIN,NBA,1991-92,66,3,991,114,249,114,249,0,0,53,80,67,190,257,53,35,64,83,157,281,0.458,0.458,,0.458,0.663,0.494,longllu01
Kevin Lynch,23,CHH,NBA,1991-92,55,3,819,93,223,90,215,3,8,35,46,30,55,85,83,37,9,44,107,224,0.417,0.419,0.375,0.424,0.761,0.46,lynchke01
Mark Macon,22,DEN,NBA,1991-92,76,67,2304,333,889,329,859,4,30,135,185,80,140,220,168,154,14,155,242,805,0.375,0.383,0.133,0.377,0.73,0.415,maconma01
Dan Majerle,26,PHO,NBA,1991-92,82,15,2853,551,1153,464,925,87,228,229,303,148,335,483,274,131,43,102,158,1418,0.478,0.502,0.382,0.516,0.756,0.551,majerda01
Jeff Malone,30,UTA,NBA,1991-92,81,81,2922,691,1353,690,1341,1,12,256,285,49,184,233,180,56,5,140,126,1639,0.511,0.515,0.083,0.511,0.898,0.554,malonje01
Karl Malone,28,UTA,NBA,1991-92,81,81,3054,798,1516,795,1499,3,17,673,865,225,684,909,241,108,51,248,226,2272,0.526,0.53,0.176,0.527,0.778,0.599,malonka01
Moses Malone,36,MIL,NBA,1991-92,82,77,2511,440,929,437,921,3,8,396,504,320,424,744,93,74,64,150,136,1279,0.474,0.474,0.375,0.475,0.786,0.556,malonmo01
Danny Manning,25,LAC,NBA,1991-92,82,82,2904,650,1199,650,1194,0,5,279,385,229,335,564,285,135,122,210,293,1579,0.542,0.544,0,0.542,0.725,0.577,mannida01
Sarunas Marciulionis,27,GSW,NBA,1991-92,72,5,2117,491,912,488,902,3,10,376,477,68,140,208,243,116,10,193,237,1361,0.538,0.541,0.3,0.54,0.788,0.607,marcisa01
Anthony Mason,25,NYK,NBA,1991-92,82,0,2198,203,399,203,399,0,0,167,260,216,357,573,106,46,20,101,229,573,0.509,0.509,,0.509,0.642,0.558,masonan01
Tony Massenburg,24,TOT,NBA,1991-92,18,0,90,10,25,10,25,0,0,9,15,7,18,25,0,1,1,9,21,29,0.4,0.4,,0.4,0.6,0.459,masseto01
Vernon Maxwell,26,HOU,NBA,1991-92,80,80,2700,502,1216,340,743,162,473,206,267,37,206,243,326,104,28,178,200,1372,0.413,0.458,0.342,0.479,0.772,0.514,maxweve01
Tharon Mayes,23,TOT,NBA,1991-92,24,0,255,30,99,15,58,15,41,24,36,3,13,16,35,16,2,31,41,99,0.303,0.259,0.366,0.379,0.667,0.431,mayesth01
Travis Mays,23,ATL,NBA,1991-92,2,0,32,6,14,3,8,3,6,2,2,1,1,2,1,0,0,3,4,17,0.429,0.375,0.5,0.536,1,0.571,maystr01
Bob McCann,27,DET,NBA,1991-92,26,0,129,13,33,13,32,0,1,4,13,12,18,30,6,6,4,7,23,30,0.394,0.406,0,0.394,0.308,0.387,mccanbo01
George McCloud,24,IND,NBA,1991-92,51,5,892,128,313,96,219,32,94,50,64,45,87,132,116,26,11,62,95,338,0.409,0.438,0.34,0.46,0.781,0.495,mccloge01
Tim McCormick,29,NYK,NBA,1991-92,22,0,108,14,33,14,33,0,0,14,21,14,20,34,9,2,0,8,18,42,0.424,0.424,,0.424,0.667,0.497,mccorti01
Rodney McCray,30,DAL,NBA,1991-92,75,48,2106,271,622,246,537,25,85,110,153,149,319,468,219,48,30,115,180,677,0.436,0.458,0.294,0.456,0.719,0.491,mccraro01
Xavier McDaniel,28,NYK,NBA,1991-92,82,82,2344,488,1021,476,982,12,39,137,192,176,284,460,149,57,24,147,241,1125,0.478,0.485,0.308,0.484,0.714,0.509,mcdanxa01
Kevin McHale,34,BOS,NBA,1991-92,56,1,1398,323,634,323,621,0,13,134,163,119,211,330,82,11,59,82,112,780,0.509,0.52,0,0.509,0.822,0.553,mchalke01
Derrick McKey,25,SEA,NBA,1991-92,52,44,1757,285,604,266,554,19,50,188,222,95,173,268,120,61,47,114,142,777,0.472,0.48,0.38,0.488,0.847,0.554,mckeyde01
Carlton McKinney,27,NYK,NBA,1991-92,2,0,9,2,9,2,9,0,0,0,0,0,1,1,0,0,0,0,1,4,0.222,0.222,,0.222,,0.222,mckinca01
Nate McMillan,27,SEA,NBA,1991-92,72,30,1652,177,405,150,307,27,98,54,84,92,160,252,359,129,29,112,218,435,0.437,0.489,0.276,0.47,0.643,0.492,mcmilna01
Reggie Miller,26,IND,NBA,1991-92,82,82,3120,562,1121,433,780,129,341,442,515,82,236,318,314,105,26,157,210,1695,0.501,0.555,0.378,0.559,0.858,0.629,millere01
Terry Mills,24,NJN,NBA,1991-92,82,24,1714,310,670,302,647,8,23,114,152,187,266,453,84,48,41,82,200,742,0.463,0.467,0.348,0.469,0.75,0.503,millste01
Sam Mitchell,28,MIN,NBA,1991-92,82,63,2151,307,725,305,714,2,11,209,266,158,315,473,94,53,39,97,230,825,0.423,0.427,0.182,0.425,0.786,0.49,mitchsa01
Rodney Monroe,23,ATL,NBA,1991-92,38,0,313,53,144,47,117,6,27,19,23,12,21,33,27,12,2,23,19,131,0.368,0.402,0.222,0.389,0.826,0.425,monroro01
Tracy Moore,26,DAL,NBA,1991-92,42,2,782,130,325,100,241,30,84,65,78,31,51,82,48,32,4,44,97,355,0.4,0.415,0.357,0.446,0.833,0.494,mooretr01
Chris Morris,26,NJN,NBA,1991-92,77,74,2394,346,726,324,616,22,110,165,231,199,295,494,197,129,81,171,211,879,0.477,0.526,0.2,0.492,0.714,0.531,morrich01
John Morton,24,TOT,NBA,1991-92,25,0,270,36,93,34,77,2,16,32,38,6,20,26,32,13,1,28,23,106,0.387,0.442,0.125,0.398,0.842,0.483,mortojo01
Chris Mullin,28,GSW,NBA,1991-92,81,81,3346,830,1584,766,1409,64,175,350,420,127,323,450,286,173,62,202,171,2074,0.524,0.544,0.366,0.544,0.833,0.586,mullich01
Eric Murdock,23,UTA,NBA,1991-92,50,0,478,76,183,71,157,5,26,46,61,21,33,54,92,30,7,50,52,203,0.415,0.452,0.192,0.429,0.754,0.484,murdoer01
Tod Murphy,28,MIN,NBA,1991-92,47,3,429,39,80,38,78,1,2,19,34,36,74,110,11,9,8,18,40,98,0.488,0.487,0.5,0.494,0.559,0.516,murphto01
Jerrod Mustaf,22,PHO,NBA,1991-92,52,3,545,92,193,92,193,0,0,49,71,45,100,145,45,21,16,51,59,233,0.477,0.477,,0.477,0.69,0.52,mustaje01
Dikembe Mutombo,25,DEN,NBA,1991-92,71,71,2716,428,869,428,869,0,0,321,500,316,554,870,156,43,210,252,273,1177,0.493,0.493,,0.493,0.642,0.54,mutomdi01
Larry Nance,32,CLE,NBA,1991-92,81,81,2880,556,1032,556,1026,0,6,263,320,213,457,670,232,80,243,87,200,1375,0.539,0.542,0,0.539,0.822,0.586,nancela01
Ed Nealy,31,PHO,NBA,1991-92,52,4,505,62,121,42,71,20,50,16,24,25,86,111,37,16,2,17,45,160,0.512,0.592,0.4,0.595,0.667,0.608,nealyed01
Chuck Nevitt,32,CHI,NBA,1991-92,4,0,9,1,3,1,3,0,0,0,0,0,1,1,1,0,0,3,2,2,0.333,0.333,,0.333,,0.333,nevitch01
Johnny Newman,28,CHH,NBA,1991-92,55,55,1651,295,618,282,572,13,46,236,308,71,108,179,146,70,14,129,181,839,0.477,0.493,0.283,0.488,0.766,0.557,newmajo01
Ken Norman,27,LAC,NBA,1991-92,77,24,2009,402,821,398,793,4,28,121,226,158,290,448,125,53,66,100,145,929,0.49,0.502,0.143,0.492,0.535,0.505,normake01
Charles Oakley,28,NYK,NBA,1991-92,82,82,2309,210,402,210,399,0,3,86,117,256,444,700,133,67,15,123,258,506,0.522,0.526,0,0.522,0.735,0.558,oaklech01
Alan Ogg,24,MIA,NBA,1991-92,43,0,367,46,84,46,84,0,0,16,30,30,44,74,7,5,28,19,73,108,0.548,0.548,,0.548,0.533,0.556,oggal01
Hakeem Olajuwon,29,HOU,NBA,1991-92,70,69,2636,591,1177,591,1176,0,1,328,428,246,599,845,157,127,304,187,263,1510,0.502,0.503,0,0.502,0.766,0.553,olajuha01
Brian Oliver,23,PHI,NBA,1991-92,34,0,279,33,100,33,96,0,4,15,22,10,20,30,20,10,2,24,33,81,0.33,0.344,0,0.33,0.682,0.369,olivebr01
Jimmy Oliver,22,CLE,NBA,1991-92,27,8,252,39,98,38,89,1,9,17,22,9,18,27,20,9,2,9,22,96,0.398,0.427,0.111,0.403,0.773,0.446,oliveji01
Billy Owens,22,GSW,NBA,1991-92,80,77,2510,468,891,467,882,1,9,204,312,243,396,639,188,90,65,179,276,1141,0.525,0.529,0.111,0.526,0.654,0.555,owensbi01
Keith Owens,22,LAL,NBA,1991-92,20,0,80,9,32,9,32,0,0,8,10,8,7,15,3,5,4,2,11,26,0.281,0.281,,0.281,0.8,0.357,owenske01
Robert Pack,22,POR,NBA,1991-92,72,0,894,115,272,115,262,0,10,102,127,32,65,97,140,40,4,92,101,332,0.423,0.439,0,0.423,0.803,0.506,packro01
Robert Parish,38,BOS,NBA,1991-92,79,79,2285,468,874,468,874,0,0,179,232,219,486,705,70,68,97,131,172,1115,0.535,0.535,,0.535,0.772,0.571,parisro01
John Paxson,31,CHI,NBA,1991-92,79,79,1946,257,487,245,443,12,44,29,37,21,75,96,241,49,9,44,142,555,0.528,0.553,0.273,0.54,0.784,0.551,paxsojo01
Kenny Payne,25,PHI,NBA,1991-92,49,3,353,65,145,60,133,5,12,9,13,13,41,54,17,16,8,19,34,144,0.448,0.451,0.417,0.466,0.692,0.478,payneke01
Gary Payton,23,SEA,NBA,1991-92,81,79,2549,331,734,328,711,3,23,99,148,123,172,295,506,147,21,174,248,764,0.451,0.461,0.13,0.453,0.669,0.478,paytoga01
Will Perdue,26,CHI,NBA,1991-92,77,7,1007,152,278,151,276,1,2,45,91,108,204,312,80,16,43,72,133,350,0.547,0.547,0.5,0.549,0.495,0.55,perduwi01
Sam Perkins,30,LAL,NBA,1991-92,63,63,2332,361,803,346,734,15,69,304,372,192,364,556,141,64,62,83,192,1041,0.45,0.471,0.217,0.459,0.817,0.538,perkisa01
Elliot Perry,22,TOT,NBA,1991-92,50,0,437,49,129,48,122,1,7,27,41,14,25,39,78,34,3,50,36,126,0.38,0.393,0.143,0.384,0.659,0.428,perryel01
Tim Perry,26,PHO,NBA,1991-92,80,69,2483,413,789,410,781,3,8,153,215,204,347,551,134,44,116,141,237,982,0.523,0.525,0.375,0.525,0.712,0.556,perryti01
Chuck Person,27,IND,NBA,1991-92,81,81,2923,616,1284,484,930,132,354,133,197,114,312,426,382,68,18,216,247,1497,0.48,0.52,0.373,0.531,0.675,0.546,persoch01
Jim Petersen,29,GSW,NBA,1991-92,27,2,169,18,40,18,38,0,2,7,10,12,33,45,9,5,6,5,35,43,0.45,0.474,0,0.45,0.7,0.484,peterji01
Drazen Petrovic,27,NJN,NBA,1991-92,82,82,3027,668,1315,545,1038,123,277,232,287,97,161,258,252,105,11,215,248,1691,0.508,0.525,0.444,0.555,0.808,0.587,petrodr01
Bobby Phills,22,CLE,NBA,1991-92,10,0,65,12,28,12,26,0,2,7,11,4,4,8,4,3,1,8,3,31,0.429,0.462,0,0.429,0.636,0.472,phillbo01
Ricky Pierce,32,SEA,NBA,1991-92,78,78,2658,620,1306,587,1183,33,123,417,455,93,140,233,241,86,20,189,213,1690,0.475,0.496,0.268,0.487,0.916,0.561,piercri01
Ed Pinckney,28,BOS,NBA,1991-92,81,36,1917,203,378,203,377,0,1,207,255,252,312,564,62,70,56,73,158,613,0.537,0.538,0,0.537,0.812,0.625,pincked01
Scottie Pippen,26,CHI,NBA,1991-92,82,82,3164,687,1359,671,1279,16,80,330,434,185,445,630,572,155,93,253,242,1720,0.506,0.525,0.2,0.511,0.76,0.555,pippesc01
Olden Polynice,27,LAC,NBA,1991-92,76,65,1834,244,470,244,469,0,1,125,201,195,341,536,46,45,20,83,165,613,0.519,0.52,0,0.519,0.622,0.549,polynol01
Dave Popson,27,MIL,NBA,1991-92,5,0,26,3,7,3,6,0,1,1,2,2,3,5,3,2,1,4,5,7,0.429,0.5,0,0.429,0.5,0.444,popsoda01
Terry Porter,28,POR,NBA,1991-92,82,82,2784,521,1129,393,805,128,324,315,368,51,204,255,477,127,12,188,155,1485,0.461,0.488,0.395,0.518,0.856,0.575,portete01
Paul Pressey,33,SAS,NBA,1991-92,56,7,759,60,161,57,140,3,21,28,41,22,73,95,142,29,19,64,86,151,0.373,0.407,0.143,0.382,0.683,0.422,presspa01
Mark Price,27,CLE,NBA,1991-92,72,72,2138,438,897,337,636,101,261,270,285,38,135,173,535,94,12,159,113,1247,0.488,0.53,0.387,0.545,0.947,0.61,pricema01
Kevin Pritchard,24,BOS,NBA,1991-92,11,0,136,16,34,16,31,0,3,14,18,1,10,11,30,3,4,11,17,46,0.471,0.516,0,0.471,0.778,0.549,pritcke01
Brian Quinnett,25,TOT,NBA,1991-92,39,0,326,43,124,30,83,13,41,16,26,16,35,51,12,16,8,16,32,115,0.347,0.361,0.317,0.399,0.615,0.425,quinnbr01
Kurt Rambis,33,PHO,NBA,1991-92,28,5,381,38,82,38,82,0,0,14,18,23,83,106,37,12,14,25,46,90,0.463,0.463,,0.463,0.778,0.5,rambiku01
Mark Randall,24,TOT,NBA,1991-92,54,0,441,68,149,65,133,3,16,32,43,39,32,71,33,12,3,25,39,171,0.456,0.489,0.188,0.466,0.744,0.509,randama01
Blair Rasmussen,29,ATL,NBA,1991-92,81,61,1968,347,726,342,703,5,23,30,40,94,299,393,107,35,48,51,233,729,0.478,0.486,0.217,0.481,0.75,0.49,rasmubl01
J.R. Reid,23,CHH,NBA,1991-92,51,7,1257,213,435,213,432,0,3,134,190,96,221,317,81,49,23,84,159,560,0.49,0.493,0,0.49,0.705,0.54,reidjr01
Jerry Reynolds,29,ORL,NBA,1991-92,46,16,1159,197,518,194,494,3,24,158,189,47,102,149,151,63,17,96,69,555,0.38,0.393,0.125,0.383,0.836,0.462,reynoje01
Glen Rice,24,MIA,NBA,1991-92,79,79,3007,672,1432,517,1036,155,396,266,318,84,310,394,184,90,35,145,170,1765,0.469,0.499,0.391,0.523,0.836,0.561,ricegl01
Pooh Richardson,25,MIN,NBA,1991-92,82,82,2922,587,1261,534,1106,53,155,123,178,91,210,301,685,119,25,204,152,1350,0.466,0.483,0.342,0.487,0.691,0.504,richapo01
Mitch Richmond,26,SAC,NBA,1991-92,80,80,3095,685,1465,582,1197,103,268,330,406,62,257,319,411,92,34,247,231,1803,0.468,0.486,0.384,0.503,0.813,0.548,richmmi01
David Rivers,27,LAC,NBA,1991-92,15,0,122,10,30,10,29,0,1,10,11,10,9,19,21,7,1,17,14,30,0.333,0.345,0,0.333,0.909,0.431,riverda01
Doc Rivers,30,LAC,NBA,1991-92,59,25,1657,226,533,200,441,26,92,163,196,23,124,147,233,111,19,92,166,641,0.424,0.454,0.283,0.448,0.832,0.518,riverdo01
Fred Roberts,31,MIL,NBA,1991-92,80,63,1746,311,645,292,608,19,37,128,171,103,154,257,122,52,40,122,177,769,0.482,0.48,0.514,0.497,0.749,0.534,roberfr01
Stanley Roberts,21,ORL,NBA,1991-92,55,34,1118,236,446,236,445,0,1,101,196,113,223,336,39,22,83,78,221,573,0.529,0.53,0,0.529,0.515,0.538,roberst01
Alvin Robertson,29,MIL,NBA,1991-92,82,79,2463,396,922,329,712,67,210,151,198,175,175,350,360,210,32,223,263,1010,0.43,0.462,0.319,0.466,0.763,0.5,roberal01
Cliff Robinson,31,LAL,NBA,1991-92,9,0,78,11,27,11,26,0,1,7,8,7,12,19,9,5,0,7,4,29,0.407,0.423,0,0.407,0.875,0.475,robincl01
Clifford Robinson,25,POR,NBA,1991-92,82,7,2124,398,854,397,843,1,11,219,330,140,276,416,137,85,107,154,274,1016,0.466,0.471,0.091,0.467,0.664,0.508,robincl02
David Robinson,26,SAS,NBA,1991-92,68,68,2564,592,1074,591,1066,1,8,393,561,261,568,829,181,158,305,182,219,1578,0.551,0.554,0.125,0.552,0.701,0.597,robinda01
Larry Robinson,24,BOS,NBA,1991-92,1,0,6,1,5,1,5,0,0,0,0,2,0,2,1,0,0,1,3,2,0.2,0.2,,0.2,,0.2,robinla01
Rumeal Robinson,25,ATL,NBA,1991-92,81,64,2220,423,928,389,824,34,104,175,275,64,155,219,446,105,24,206,178,1055,0.456,0.472,0.327,0.474,0.636,0.503,robinru01
Dennis Rodman,30,DET,NBA,1991-92,82,80,3301,342,635,310,534,32,101,84,140,523,1007,1530,191,68,70,140,248,800,0.539,0.581,0.317,0.564,0.6,0.574,rodmade01
Tree Rollins,36,HOU,NBA,1991-92,59,5,697,46,86,46,86,0,0,26,30,61,110,171,15,14,62,18,85,118,0.535,0.535,,0.535,0.867,0.595,rollitr01
Donald Royal,25,SAS,NBA,1991-92,60,4,718,80,178,80,178,0,0,92,133,65,59,124,34,25,7,39,73,252,0.449,0.449,,0.449,0.692,0.533,royaldo01
Delaney Rudd,29,UTA,NBA,1991-92,65,0,538,75,188,64,141,11,47,32,42,15,39,54,109,15,1,49,64,193,0.399,0.454,0.234,0.428,0.762,0.467,ruddde01
Jeff Ruland,33,PHI,NBA,1991-92,13,5,209,20,38,20,38,0,0,11,16,16,31,47,5,7,4,20,45,51,0.526,0.526,,0.526,0.688,0.566,rulanje01
John Salley,27,DET,NBA,1991-92,72,38,1774,249,486,249,483,0,3,186,260,106,190,296,116,49,110,102,222,684,0.512,0.516,0,0.512,0.715,0.57,sallejo01
Ralph Sampson,31,WSB,NBA,1991-92,10,0,108,9,29,9,27,0,2,4,6,11,19,30,4,3,8,10,14,22,0.31,0.333,0,0.31,0.667,0.348,sampsra01
Jeff Sanders,26,ATL,NBA,1991-92,12,0,117,20,45,20,45,0,0,7,9,9,17,26,9,5,3,5,15,47,0.444,0.444,,0.444,0.778,0.48,sandeje01
Mike Sanders,31,TOT,NBA,1991-92,31,20,633,92,161,91,158,1,3,36,47,27,69,96,53,24,10,22,83,221,0.571,0.576,0.333,0.575,0.766,0.608,sandemi01
Danny Schayes,32,MIL,NBA,1991-92,43,4,726,83,199,83,199,0,0,74,96,58,110,168,34,19,19,41,98,240,0.417,0.417,,0.417,0.771,0.497,schayda01
Steve Scheffler,24,TOT,NBA,1991-92,11,0,61,6,9,6,9,0,0,9,12,10,4,14,0,3,1,1,10,21,0.667,0.667,,0.667,0.75,0.735,schefst01
Dwayne Schintzius,23,SAC,NBA,1991-92,33,0,400,50,117,50,113,0,4,10,12,43,75,118,20,6,28,19,67,110,0.427,0.442,0,0.427,0.833,0.45,schindw01
Detlef Schrempf,29,IND,NBA,1991-92,80,4,2605,496,925,473,854,23,71,365,441,202,568,770,312,62,37,191,286,1380,0.536,0.554,0.324,0.549,0.828,0.617,schrede01
Byron Scott,30,LAL,NBA,1991-92,82,82,2679,460,1005,406,848,54,157,244,291,74,236,310,226,105,28,119,140,1218,0.458,0.479,0.344,0.485,0.838,0.537,scottby01
Dennis Scott,23,ORL,NBA,1991-92,18,15,608,133,331,104,242,29,89,64,71,14,52,66,35,20,9,31,49,359,0.402,0.43,0.326,0.446,0.901,0.496,scottde01
Rony Seikaly,26,MIA,NBA,1991-92,79,78,2800,463,947,463,944,0,3,370,505,307,627,934,109,40,121,216,278,1296,0.489,0.49,0,0.489,0.733,0.554,seikaro01
Brad Sellers,29,DET,NBA,1991-92,43,1,226,41,88,41,87,0,1,20,26,15,27,42,14,1,10,15,20,102,0.466,0.471,0,0.466,0.769,0.513,sellebr01
Charles Shackleford,25,PHI,NBA,1991-92,72,62,1399,205,422,205,421,0,1,63,95,145,270,415,46,38,51,62,205,473,0.486,0.487,0,0.486,0.663,0.51,shackch01
Brian Shaw,25,TOT,NBA,1991-92,63,26,1423,209,513,204,490,5,23,72,91,50,154,204,250,57,22,99,115,495,0.407,0.416,0.217,0.412,0.791,0.448,shawbr01
Lionel Simmons,23,SAC,NBA,1991-92,78,78,2895,527,1162,526,1157,1,5,281,365,149,485,634,337,135,132,218,205,1336,0.454,0.455,0.2,0.454,0.77,0.505,simmoli01
Scott Skiles,27,ORL,NBA,1991-92,75,63,2377,359,868,268,618,91,250,248,277,36,166,202,544,74,5,233,188,1057,0.414,0.434,0.364,0.466,0.895,0.534,skilesc01
Charles Smith,26,LAC,NBA,1991-92,49,25,1310,251,539,251,533,0,6,212,270,95,206,301,56,41,98,69,159,714,0.466,0.471,0,0.466,0.785,0.543,smithch01
Doug Smith,22,DAL,NBA,1991-92,76,32,1707,291,702,291,691,0,11,89,121,129,262,391,129,62,34,97,259,671,0.415,0.421,0,0.415,0.736,0.444,smithdo03
Kenny Smith,26,HOU,NBA,1991-92,81,80,2735,432,910,378,773,54,137,219,253,34,143,177,562,104,7,227,112,1137,0.475,0.489,0.394,0.504,0.866,0.557,smithke01
LaBradford Smith,22,WSB,NBA,1991-92,48,5,708,100,246,98,225,2,21,45,56,30,51,81,99,44,1,63,98,247,0.407,0.436,0.095,0.411,0.804,0.456,smithla02
Larry Smith,34,HOU,NBA,1991-92,45,7,800,50,92,50,91,0,1,4,11,107,149,256,33,21,7,44,121,104,0.543,0.549,0,0.543,0.364,0.537,smithla01
Otis Smith,28,ORL,NBA,1991-92,55,5,877,116,318,108,297,8,21,70,91,40,76,116,57,36,13,62,85,310,0.365,0.364,0.381,0.377,0.769,0.433,smithot01
Steve Smith,22,MIA,NBA,1991-92,61,59,1806,297,654,257,529,40,125,95,127,81,107,188,278,59,19,152,162,729,0.454,0.486,0.32,0.485,0.748,0.513,smithst01
Tony Smith,23,LAL,NBA,1991-92,63,0,820,113,283,113,272,0,11,49,75,31,45,76,109,39,8,50,91,275,0.399,0.415,0,0.399,0.653,0.435,smithto02
Rik Smits,25,IND,NBA,1991-92,74,55,1772,436,855,436,853,0,2,152,193,124,293,417,116,29,100,130,231,1024,0.51,0.511,0,0.51,0.788,0.545,smitsri01
Mike Smrek,29,GSW,NBA,1991-92,2,0,3,0,0,0,0,0,0,0,0,0,1,1,0,0,0,0,0,0,,,,,,,smrekmi01
Rory Sparrow,33,TOT,NBA,1991-92,46,0,489,58,151,55,136,3,15,8,13,3,25,28,83,12,5,33,57,127,0.384,0.404,0.2,0.394,0.615,0.405,sparrro01
Felton Spencer,24,MIN,NBA,1991-92,61,54,1481,141,331,141,331,0,0,123,178,167,268,435,53,27,79,70,241,405,0.426,0.426,,0.426,0.691,0.495,spencfe01
John Starks,26,NYK,NBA,1991-92,82,0,2118,405,902,311,632,94,270,235,302,45,146,191,276,103,18,150,231,1139,0.449,0.492,0.348,0.501,0.778,0.55,starkjo01
Larry Stewart,23,WSB,NBA,1991-92,76,43,2229,303,590,303,587,0,3,188,233,186,263,449,120,51,44,112,225,794,0.514,0.516,0,0.514,0.807,0.573,stewala01
John Stockton,29,UTA,NBA,1991-92,82,82,3002,453,939,370,735,83,204,308,366,68,202,270,1126,244,22,286,234,1297,0.482,0.503,0.407,0.527,0.842,0.59,stockjo01
Rod Strickland,25,SAS,NBA,1991-92,57,54,2053,300,659,295,644,5,15,182,265,92,173,265,491,118,17,160,122,787,0.455,0.458,0.333,0.459,0.687,0.507,stricro02
Derek Strong,23,WSB,NBA,1991-92,1,0,12,0,4,0,4,0,0,3,4,1,4,5,1,0,0,1,1,3,0,0,,0,0.75,0.26,stronde01
Lamont Strothers,23,POR,NBA,1991-92,4,0,17,4,12,4,10,0,2,2,4,1,0,1,1,1,1,2,2,10,0.333,0.4,0,0.333,0.5,0.363,strotla01
Jon Sundvold,30,MIA,NBA,1991-92,3,0,8,1,3,0,2,1,1,0,0,0,0,0,2,0,0,0,2,3,0.333,0,1,0.5,,0.5,sundvjo01
Greg Sutton,24,SAS,NBA,1991-92,67,2,601,93,240,67,151,26,89,34,45,6,41,47,91,26,9,70,111,246,0.388,0.444,0.292,0.442,0.756,0.473,suttogr01
Terry Teagle,31,LAL,NBA,1991-92,82,0,1602,364,805,363,801,1,4,151,197,91,92,183,113,66,9,114,148,880,0.452,0.453,0.25,0.453,0.766,0.493,teaglte01
Carl Thomas,22,SAC,NBA,1991-92,1,0,31,5,12,4,10,1,2,1,2,0,0,0,1,1,0,1,3,12,0.417,0.4,0.5,0.458,0.5,0.466,thomaca01
Charles Thomas,22,DET,NBA,1991-92,36,0,156,18,51,16,34,2,17,10,15,6,16,22,22,4,1,17,20,48,0.353,0.471,0.118,0.373,0.667,0.417,thomach01
Isiah Thomas,30,DET,NBA,1991-92,78,78,2918,564,1264,539,1178,25,86,292,378,68,179,247,560,118,15,252,194,1445,0.446,0.458,0.291,0.456,0.772,0.505,thomais01
Billy Thompson,28,GSW,NBA,1991-92,1,0,1,0,0,0,0,0,0,0,0,0,0,0,0,0,0,0,0,0,,,,,,,thompbi01
LaSalle Thompson,30,IND,NBA,1991-92,80,49,1299,168,359,168,357,0,2,58,71,98,283,381,102,52,34,98,207,394,0.468,0.471,0,0.468,0.817,0.505,thompla01
Stephen Thompson,23,TOT,NBA,1991-92,19,0,91,14,37,14,36,0,1,3,8,11,8,19,8,6,3,5,9,31,0.378,0.389,0,0.378,0.375,0.383,thompst01
Bob Thornton,29,UTA,NBA,1991-92,2,0,6,1,7,1,7,0,0,2,2,2,0,2,0,0,0,0,1,4,0.143,0.143,,0.143,1,0.254,thornbo01
Otis Thorpe,29,HOU,NBA,1991-92,82,82,3056,558,943,558,936,0,7,304,463,285,577,862,250,52,37,237,307,1420,0.592,0.596,0,0.592,0.657,0.619,thorpot01
Sedale Threatt,30,LAL,NBA,1991-92,82,82,3070,509,1041,489,979,20,62,202,243,43,210,253,593,168,16,182,231,1240,0.489,0.499,0.323,0.499,0.831,0.54,threase01
Wayman Tisdale,27,SAC,NBA,1991-92,72,71,2521,522,1043,522,1041,0,2,151,198,135,334,469,106,55,79,124,248,1195,0.5,0.501,0,0.5,0.763,0.529,tisdawa01
Tom Tolbert,26,GSW,NBA,1991-92,35,0,310,33,86,31,78,2,8,22,40,14,41,55,21,10,6,20,73,90,0.384,0.397,0.25,0.395,0.55,0.434,tolbeto01
Trent Tucker,32,SAS,NBA,1991-92,24,0,415,60,129,41,81,19,48,16,20,8,29,37,27,21,3,14,39,155,0.465,0.506,0.396,0.539,0.8,0.562,tucketr01
Andre Turner,27,WSB,NBA,1991-92,70,3,871,111,261,110,245,1,16,61,77,17,73,90,177,57,2,84,59,284,0.425,0.449,0.063,0.427,0.792,0.482,turnean01
Jeff Turner,29,ORL,NBA,1991-92,75,42,1591,225,499,224,491,1,8,79,114,62,184,246,92,24,16,106,229,530,0.451,0.456,0.125,0.452,0.693,0.483,turneje01
John Turner,24,HOU,NBA,1991-92,42,0,345,43,98,43,98,0,0,31,59,38,40,78,12,6,4,32,40,117,0.439,0.439,,0.439,0.525,0.472,turnejo01
Kiki Vandeweghe,33,NYK,NBA,1991-92,67,0,956,188,383,162,317,26,66,65,81,31,57,88,57,15,8,27,87,467,0.491,0.511,0.394,0.525,0.802,0.558,vandeki01
Loy Vaught,23,LAC,NBA,1991-92,79,38,1687,271,551,267,546,4,5,55,69,160,352,512,71,37,31,66,165,601,0.492,0.489,0.8,0.495,0.797,0.517,vaughlo01
Joao Vianna,25,DAL,NBA,1991-92,1,0,9,1,2,1,2,0,0,0,0,0,0,0,2,0,0,1,3,2,0.5,0.5,,0.5,,0.5,viannjo01
Sam Vincent,28,ORL,NBA,1991-92,39,18,885,150,349,149,336,1,13,110,130,19,82,101,148,35,4,72,55,411,0.43,0.443,0.077,0.431,0.846,0.506,vincesa01
Alexander Volkov,27,ATL,NBA,1991-92,77,27,1516,251,569,216,459,35,110,125,198,103,162,265,250,66,30,102,178,662,0.441,0.471,0.318,0.472,0.631,0.504,volkoal01
Stojko Vrankovic,28,BOS,NBA,1991-92,19,0,110,15,32,15,32,0,0,7,12,8,20,28,5,0,17,10,22,37,0.469,0.469,,0.469,0.583,0.496,vrankst01
Darrell Walker,30,DET,NBA,1991-92,74,4,1541,161,381,161,371,0,10,65,105,85,153,238,205,63,18,79,134,387,0.423,0.434,0,0.423,0.619,0.453,walkeda01
Spud Webb,28,SAC,NBA,1991-92,77,77,2724,448,1006,375,807,73,199,262,305,30,193,223,547,125,24,229,193,1231,0.445,0.465,0.367,0.482,0.859,0.54,webbsp01
Doug West,24,MIN,NBA,1991-92,80,72,2540,463,894,459,871,4,23,186,231,107,150,257,281,66,26,120,239,1116,0.518,0.527,0.174,0.52,0.805,0.56,westdo01
Mark West,31,PHO,NBA,1991-92,82,11,1436,196,310,196,310,0,0,109,171,134,238,372,22,14,81,82,239,501,0.632,0.632,,0.632,0.637,0.65,westma01
Ennis Whatley,29,POR,NBA,1991-92,23,0,209,21,51,21,47,0,4,27,31,6,15,21,34,14,3,14,12,69,0.412,0.447,0,0.412,0.871,0.534,whatlen01
Randy White,24,DAL,NBA,1991-92,65,12,1021,145,382,141,355,4,27,124,162,96,140,236,31,31,22,68,157,418,0.38,0.397,0.148,0.385,0.765,0.461,whitera01
Mitchell Wiggins,32,PHI,NBA,1991-92,49,0,569,88,229,88,228,0,1,35,51,43,51,94,22,20,1,25,67,211,0.384,0.386,0,0.384,0.686,0.42,wiggimi01
Morlon Wiley,25,TOT,NBA,1991-92,53,19,870,83,193,69,151,14,42,24,35,24,57,81,180,47,3,60,89,204,0.43,0.457,0.333,0.466,0.686,0.489,wileymo01
Dominique Wilkins,32,ATL,NBA,1991-92,42,42,1601,424,914,387,786,37,128,294,352,103,192,295,158,52,24,122,77,1179,0.464,0.492,0.289,0.484,0.835,0.552,wilkido01
Gerald Wilkins,28,NYK,NBA,1991-92,82,82,2344,431,964,393,856,38,108,116,159,74,132,206,219,76,17,113,195,1016,0.447,0.459,0.352,0.467,0.73,0.491,wilkige01
Buck Williams,31,POR,NBA,1991-92,80,80,2519,340,563,340,562,0,1,221,293,260,444,704,108,62,41,130,244,901,0.604,0.605,0,0.604,0.754,0.651,willibu01
Herb Williams,33,DAL,NBA,1991-92,75,26,2040,367,851,366,845,1,6,124,171,106,348,454,94,35,98,114,189,859,0.431,0.433,0.167,0.432,0.725,0.464,willihe01
Hot Rod Williams,29,CLE,NBA,1991-92,80,12,2432,341,678,341,674,0,4,270,359,228,379,607,196,60,182,83,191,952,0.503,0.506,0,0.503,0.752,0.569,williho01
Jayson Williams,23,PHI,NBA,1991-92,50,8,646,75,206,75,206,0,0,56,88,62,83,145,12,20,20,44,110,206,0.364,0.364,,0.364,0.636,0.421,willija01
Kenny Williams,22,IND,NBA,1991-92,60,6,565,113,218,113,214,0,4,26,43,64,65,129,40,20,41,22,99,252,0.518,0.528,0,0.518,0.605,0.532,willike03
Micheal Williams,25,IND,NBA,1991-92,79,76,2750,404,824,396,791,8,33,372,427,73,209,282,647,233,22,240,262,1188,0.49,0.501,0.242,0.495,0.871,0.587,willimi02
Reggie Williams,27,DEN,NBA,1991-92,81,80,2623,601,1277,545,1121,56,156,216,269,145,260,405,235,148,68,173,270,1474,0.471,0.486,0.359,0.493,0.803,0.528,willire01
Scott Williams,23,CHI,NBA,1991-92,63,0,690,83,172,83,169,0,3,48,74,90,157,247,50,13,36,35,122,214,0.483,0.491,0,0.483,0.649,0.523,willisc01
Kevin Willis,29,ATL,NBA,1991-92,81,80,2962,591,1224,585,1187,6,37,292,363,418,840,1258,173,72,54,197,223,1480,0.483,0.493,0.162,0.485,0.804,0.535,willike02
Kennard Winchester,25,TOT,NBA,1991-92,19,0,81,13,30,12,28,1,2,8,10,6,9,15,8,2,2,2,5,35,0.433,0.429,0.5,0.45,0.8,0.509,winchke01
David Wingate,28,WSB,NBA,1991-92,81,72,2127,266,572,265,554,1,18,105,146,80,189,269,247,123,21,124,162,638,0.465,0.478,0.056,0.466,0.719,0.501,wingada01
Randy Wittman,32,IND,NBA,1991-92,24,0,115,8,19,8,19,0,0,1,2,1,8,9,11,2,0,3,4,17,0.421,0.421,,0.421,0.5,0.428,wittmra01
Joe Wolf,27,DEN,NBA,1991-92,67,0,1160,100,277,99,266,1,11,53,66,97,143,240,61,32,14,60,124,254,0.361,0.372,0.091,0.363,0.803,0.415,wolfjo01
Orlando Woolridge,32,DET,NBA,1991-92,82,61,2113,452,907,451,898,1,9,241,353,109,151,260,88,41,33,133,154,1146,0.498,0.502,0.111,0.499,0.683,0.539,woolror01
James Worthy,30,LAL,NBA,1991-92,54,54,2108,450,1007,441,964,9,43,166,204,98,207,305,252,76,23,127,89,1075,0.447,0.457,0.209,0.451,0.814,0.49,worthja01
Danny Young,29,TOT,NBA,1991-92,62,5,1023,100,255,77,185,23,70,57,67,16,59,75,172,46,4,47,53,280,0.392,0.416,0.329,0.437,0.851,0.492,youngda01
Alaa Abdelnaby,24,TOT,NBA,1992-93,75,52,1311,245,473,245,472,0,1,88,116,126,211,337,27,25,26,97,189,578,0.518,0.519,0,0.518,0.759,0.551,abdelal01
Mahmoud Abdul-Rauf,23,DEN,NBA,1992-93,81,81,2710,633,1407,563,1210,70,197,217,232,51,174,225,344,84,8,187,179,1553,0.45,0.465,0.355,0.475,0.935,0.515,abdulma02
Mark Acres,30,TOT,NBA,1992-93,18,7,269,26,49,25,47,1,2,11,16,26,41,67,5,3,6,13,34,64,0.531,0.532,0.5,0.541,0.688,0.571,acresma01
Michael Adams,30,WSB,NBA,1992-93,70,70,2499,365,831,297,619,68,212,237,277,52,188,240,526,100,4,175,146,1035,0.439,0.48,0.321,0.48,0.856,0.543,adamsmi01
Rafael Addison,28,NJN,NBA,1992-93,68,15,1164,182,411,175,377,7,34,57,70,45,87,132,53,23,11,64,125,428,0.443,0.464,0.206,0.451,0.814,0.484,addisra01
Mark Aguirre,33,DET,NBA,1992-93,51,15,1056,187,422,157,339,30,83,99,129,43,109,152,105,16,7,68,101,503,0.443,0.463,0.361,0.479,0.767,0.525,aguirma01
Danny Ainge,33,PHO,NBA,1992-93,80,0,2163,337,730,187,358,150,372,123,145,49,165,214,260,69,8,113,175,947,0.462,0.522,0.403,0.564,0.848,0.596,aingeda01
Victor Alexander,23,GSW,NBA,1992-93,72,59,1753,344,667,334,645,10,22,111,162,132,288,420,93,34,53,120,218,809,0.516,0.518,0.455,0.523,0.685,0.548,alexavi01
Eric Anderson,22,NYK,NBA,1992-93,16,0,44,5,18,5,18,0,0,11,13,6,8,14,3,3,1,5,14,21,0.278,0.278,,0.278,0.846,0.443,anderer01
Kenny Anderson,22,NJN,NBA,1992-93,55,55,2010,370,850,363,825,7,25,180,232,51,175,226,449,96,11,153,140,927,0.435,0.44,0.28,0.439,0.776,0.487,anderke01
Nick Anderson,25,ORL,NBA,1992-93,79,76,2920,594,1324,506,1075,88,249,298,402,122,355,477,265,128,56,164,200,1574,0.449,0.471,0.353,0.482,0.741,0.524,anderni01
Ron Anderson,34,PHI,NBA,1992-93,69,0,1263,225,544,186,424,39,120,72,89,62,122,184,93,31,5,63,75,561,0.414,0.439,0.325,0.449,0.809,0.481,anderro01
Willie Anderson,26,SAS,NBA,1992-93,38,7,560,80,186,79,178,1,8,22,28,7,50,57,79,14,6,44,52,183,0.43,0.444,0.125,0.433,0.786,0.461,anderwi01
Greg Anthony,25,NYK,NBA,1992-93,70,35,1699,174,419,170,389,4,30,107,159,42,128,170,398,113,12,104,141,459,0.415,0.437,0.133,0.42,0.673,0.469,anthogr01
B.J. Armstrong,25,CHI,NBA,1992-93,82,74,2492,408,818,345,679,63,139,130,151,27,122,149,330,66,6,83,169,1009,0.499,0.508,0.453,0.537,0.861,0.57,armstbj01
Vincent Askew,26,TOT,NBA,1992-93,73,4,1129,152,309,150,303,2,6,105,149,62,99,161,122,40,19,69,135,411,0.492,0.495,0.333,0.495,0.705,0.549,askewvi01
Keith Askins,25,MIA,NBA,1992-93,69,1,935,88,213,66,148,22,65,29,40,74,124,198,31,31,29,37,141,227,0.413,0.446,0.338,0.465,0.725,0.492,askinke01
Stacey Augmon,24,ATL,NBA,1992-93,73,66,2112,397,792,397,788,0,4,227,307,141,146,287,170,91,18,157,141,1021,0.501,0.504,0,0.501,0.739,0.551,augmost01
Isaac Austin,23,UTA,NBA,1992-93,46,3,306,50,112,50,111,0,1,29,44,38,41,79,6,8,14,23,60,129,0.446,0.45,0,0.446,0.659,0.491,austiis01
Anthony Avent,23,MIL,NBA,1992-93,82,78,2285,347,802,347,800,0,2,112,172,180,332,512,91,57,73,140,237,806,0.433,0.434,0,0.433,0.651,0.459,aventan01
John Bagley,32,BOS,NBA,1992-93,10,0,97,9,25,9,24,0,1,5,6,1,6,7,20,2,0,17,11,23,0.36,0.375,0,0.36,0.833,0.416,baglejo01
Thurl Bailey,31,MIN,NBA,1992-93,70,3,1276,203,446,203,446,0,0,119,142,53,162,215,61,20,47,60,88,525,0.455,0.455,,0.455,0.838,0.516,baileth01
Steve Bardo,24,DAL,NBA,1992-93,23,0,175,19,62,18,56,1,6,12,17,10,27,37,29,8,3,17,28,51,0.306,0.321,0.167,0.315,0.706,0.367,bardost01
Charles Barkley,29,PHO,NBA,1992-93,76,76,2859,716,1376,649,1156,67,220,445,582,237,691,928,385,119,74,233,196,1944,0.52,0.561,0.305,0.545,0.765,0.596,barklch01
Dana Barros,25,SEA,NBA,1992-93,69,2,1243,214,474,150,305,64,169,49,59,18,89,107,151,63,3,58,78,541,0.451,0.492,0.379,0.519,0.831,0.541,barroda01
Jon Barry,23,MIL,NBA,1992-93,47,0,552,76,206,55,143,21,63,33,49,10,33,43,68,35,3,42,57,206,0.369,0.385,0.333,0.42,0.673,0.453,barryjo01
John Battle,30,CLE,NBA,1992-93,41,0,497,83,200,82,194,1,6,56,72,4,25,29,54,9,5,22,39,223,0.415,0.423,0.167,0.418,0.778,0.481,battljo01
Kenny Battle,28,BOS,NBA,1992-93,3,1,29,6,13,6,12,0,1,2,2,7,4,11,2,1,0,2,2,14,0.462,0.5,0,0.462,1,0.504,battlke01
William Bedford,29,SAS,NBA,1992-93,16,0,66,9,27,8,26,1,1,6,12,1,9,10,0,0,1,1,15,25,0.333,0.308,1,0.352,0.5,0.387,bedfowi01
Benoit Benjamin,28,TOT,NBA,1992-93,59,6,754,133,271,133,271,0,0,69,104,51,158,209,22,31,48,78,134,335,0.491,0.491,,0.491,0.663,0.529,benjabe01
Tony Bennett,23,CHH,NBA,1992-93,75,2,857,110,260,84,180,26,80,30,41,12,51,63,136,30,0,50,110,276,0.423,0.467,0.325,0.473,0.732,0.496,benneto01
David Benoit,24,UTA,NBA,1992-93,82,27,1712,258,592,224,494,34,98,114,152,116,276,392,43,45,43,90,201,664,0.436,0.453,0.347,0.465,0.75,0.504,benoida01
Rolando Blackman,33,NYK,NBA,1992-93,60,33,1434,239,539,208,466,31,73,71,90,23,79,102,157,22,10,65,129,580,0.443,0.446,0.425,0.472,0.789,0.501,blackro01
Alex Blackwell,22,LAL,NBA,1992-93,27,0,109,14,42,14,39,0,3,6,8,10,13,23,7,4,2,5,14,34,0.333,0.359,0,0.333,0.75,0.373,blackal01
Lance Blanks,26,MIN,NBA,1992-93,61,2,642,65,150,54,107,11,43,20,32,18,50,68,72,16,5,31,61,161,0.433,0.505,0.256,0.47,0.625,0.491,blankla01
Ricky Blanton,26,CHI,NBA,1992-93,2,0,13,3,7,3,7,0,0,0,0,2,1,3,1,2,0,1,1,6,0.429,0.429,,0.429,,0.429,blantri01
Mookie Blaylock,25,ATL,NBA,1992-93,80,78,2820,414,964,296,649,118,315,123,169,89,191,280,671,203,23,187,156,1069,0.429,0.456,0.375,0.491,0.728,0.515,blaylmo01
Muggsy Bogues,28,CHH,NBA,1992-93,81,80,2833,331,730,325,704,6,26,140,168,51,247,298,711,161,5,154,179,808,0.453,0.462,0.231,0.458,0.833,0.503,boguemu01
Manute Bol,30,PHI,NBA,1992-93,58,23,855,52,127,42,95,10,32,12,19,44,149,193,18,14,119,50,87,126,0.409,0.442,0.313,0.449,0.632,0.465,bolma01
Walter Bond,23,DAL,NBA,1992-93,74,38,1578,227,565,220,523,7,42,129,167,52,144,196,122,75,18,112,223,590,0.402,0.421,0.167,0.408,0.772,0.462,bondwa01
Anthony Bonner,24,SAC,NBA,1992-93,70,35,1764,229,497,229,490,0,7,143,241,188,267,455,96,86,17,105,183,601,0.461,0.467,0,0.461,0.593,0.498,bonnean01
Anthony Bowie,29,ORL,NBA,1992-93,77,45,1761,268,569,253,521,15,48,67,84,36,158,194,175,54,14,84,131,618,0.471,0.486,0.313,0.484,0.798,0.51,bowiean01
Sam Bowie,31,NJN,NBA,1992-93,79,65,2092,287,638,285,632,2,6,141,181,158,398,556,127,32,128,120,226,717,0.45,0.451,0.333,0.451,0.779,0.5,bowiesa01
Terrell Brandon,22,CLE,NBA,1992-93,82,8,1622,297,621,284,579,13,42,118,143,37,142,179,302,79,27,107,122,725,0.478,0.491,0.31,0.489,0.825,0.53,brandte01
Randy Breuer,32,ATL,NBA,1992-93,12,0,107,15,31,15,31,0,0,2,5,10,18,28,6,2,3,5,12,32,0.484,0.484,,0.484,0.4,0.482,breuera01
Frank Brickowski,33,MIL,NBA,1992-93,66,64,2075,456,836,448,810,8,26,195,268,120,285,405,196,80,44,202,235,1115,0.545,0.553,0.308,0.55,0.728,0.584,brickfr01
Kevin Brooks,23,DEN,NBA,1992-93,55,2,571,93,233,87,207,6,26,35,40,22,59,81,34,10,2,39,46,227,0.399,0.42,0.231,0.412,0.875,0.453,brookke01
Scott Brooks,27,HOU,NBA,1992-93,82,0,1516,183,385,142,286,41,99,112,135,22,77,99,243,79,3,72,136,519,0.475,0.497,0.414,0.529,0.83,0.584,brooksc01
Chucky Brown,24,NJN,NBA,1992-93,77,20,1186,160,331,160,326,0,5,71,98,88,144,232,51,20,24,56,112,391,0.483,0.491,0,0.483,0.724,0.523,brownch01
Dee Brown,24,BOS,NBA,1992-93,80,48,2254,328,701,302,619,26,82,192,242,45,201,246,461,138,32,136,203,874,0.468,0.488,0.317,0.486,0.793,0.541,brownde01
Mike Brown,29,UTA,NBA,1992-93,82,21,1551,176,409,176,408,0,1,113,164,147,244,391,64,32,23,95,190,465,0.43,0.431,0,0.43,0.689,0.483,brownmi01
Randy Brown,24,SAC,NBA,1992-93,75,34,1726,225,486,223,480,2,6,115,157,75,137,212,196,108,34,120,206,567,0.463,0.465,0.333,0.465,0.732,0.511,brownra02
Mark Bryant,27,POR,NBA,1992-93,80,24,1396,186,370,186,369,0,1,104,148,132,192,324,41,37,23,65,226,476,0.503,0.504,0,0.503,0.703,0.547,bryanma01
Jud Buechler,24,GSW,NBA,1992-93,70,9,1287,176,403,156,344,20,59,65,87,81,114,195,94,47,19,55,98,437,0.437,0.453,0.339,0.462,0.747,0.495,buechju01
Matt Bullard,25,HOU,NBA,1992-93,79,4,1356,213,494,122,251,91,243,58,74,66,156,222,110,30,11,57,129,575,0.431,0.486,0.374,0.523,0.784,0.546,bullama01
Willie Burton,24,MIA,NBA,1992-93,26,8,451,54,141,49,126,5,15,91,127,22,48,70,16,13,16,50,58,204,0.383,0.389,0.333,0.401,0.717,0.518,burtowi01
Steve Burtt,30,WSB,NBA,1992-93,4,0,35,10,26,9,23,1,3,8,10,2,1,3,6,2,0,4,5,29,0.385,0.391,0.333,0.404,0.8,0.477,burttst01
Michael Cage,31,SEA,NBA,1992-93,82,66,2156,219,416,219,415,0,1,61,130,268,391,659,69,76,46,59,183,499,0.526,0.528,0,0.526,0.469,0.527,cagemi01
Dexter Cambridge,23,DAL,NBA,1992-93,53,13,885,151,312,151,308,0,4,68,99,88,79,167,58,24,6,63,128,370,0.484,0.49,0,0.484,0.687,0.52,cambrde01
Elden Campbell,24,LAL,NBA,1992-93,79,13,1551,238,520,238,517,0,3,130,204,127,205,332,48,59,100,69,165,606,0.458,0.46,0,0.458,0.637,0.497,campbel01
Tony Campbell,30,NYK,NBA,1992-93,58,13,1062,194,396,192,391,2,5,59,87,59,96,155,62,34,5,51,150,449,0.49,0.491,0.4,0.492,0.678,0.517,campbto01
Antoine Carr,31,SAS,NBA,1992-93,71,46,1947,379,705,379,700,0,5,174,224,107,281,388,97,35,87,96,264,932,0.538,0.541,0,0.538,0.777,0.58,carran01
Bill Cartwright,35,CHI,NBA,1992-93,63,63,1253,141,343,141,343,0,0,72,98,83,150,233,83,20,10,62,154,354,0.411,0.411,,0.411,0.735,0.458,cartwbi01
Terry Catledge,29,ORL,NBA,1992-93,21,1,262,36,73,36,73,0,0,27,34,18,28,46,5,4,1,25,31,99,0.493,0.493,,0.493,0.794,0.563,catlete01
Duane Causwell,24,SAC,NBA,1992-93,55,45,1211,175,321,175,320,0,1,103,165,112,191,303,35,32,87,58,192,453,0.545,0.547,0,0.545,0.624,0.575,causwdu01
Cedric Ceballos,23,PHO,NBA,1992-93,74,46,1607,381,662,381,660,0,2,187,258,172,236,408,77,54,28,106,103,949,0.576,0.577,0,0.576,0.725,0.612,cebalce01
Tom Chambers,33,PHO,NBA,1992-93,73,0,1723,320,716,309,688,11,28,241,288,96,249,345,101,43,23,92,212,892,0.447,0.449,0.393,0.455,0.837,0.529,chambto01
Rex Chapman,25,WSB,NBA,1992-93,60,23,1300,287,602,244,486,43,116,132,163,19,69,88,116,38,10,79,119,749,0.477,0.502,0.371,0.512,0.81,0.556,chapmre01
Maurice Cheeks,36,NJN,NBA,1992-93,35,0,510,51,93,51,91,0,2,24,27,5,37,42,107,33,2,33,35,126,0.548,0.56,0,0.548,0.889,0.601,cheekma01
Pete Chilcutt,24,SAC,NBA,1992-93,59,9,834,165,340,165,340,0,0,32,46,80,114,194,64,22,21,54,102,362,0.485,0.485,,0.485,0.696,0.502,chilcpe01
Doug Christie,22,LAL,NBA,1992-93,23,0,332,45,106,43,94,2,12,50,66,24,27,51,53,22,5,50,53,142,0.425,0.457,0.167,0.434,0.758,0.526,chrisdo01
Derrick Coleman,25,NJN,NBA,1992-93,76,73,2759,564,1226,541,1127,23,99,421,521,247,605,852,276,92,126,243,210,1572,0.46,0.48,0.232,0.469,0.808,0.54,colemde01
Bimbo Coles,24,MIA,NBA,1992-93,81,37,2232,318,686,276,549,42,137,177,220,58,108,166,373,80,11,108,199,855,0.464,0.503,0.307,0.494,0.805,0.546,colesbi01
Marty Conlon,25,SAC,NBA,1992-93,46,0,467,81,171,81,167,0,4,57,81,48,75,123,37,13,5,28,43,219,0.474,0.485,0,0.474,0.704,0.53,conloma01
Lester Conner,33,LAC,NBA,1992-93,31,0,422,28,62,28,62,0,0,18,19,16,33,49,65,34,4,21,39,74,0.452,0.452,,0.452,0.947,0.526,connele01
Duane Cooper,23,LAL,NBA,1992-93,65,0,645,62,158,55,128,7,30,25,35,13,37,50,150,18,2,69,66,156,0.392,0.43,0.233,0.415,0.714,0.45,coopedu01
Tyrone Corbin,30,UTA,NBA,1992-93,82,58,2555,385,766,385,761,0,5,180,218,194,325,519,173,108,32,108,252,950,0.503,0.506,0,0.503,0.826,0.551,corbity01
Chris Corchiani,24,TOT,NBA,1992-93,10,0,105,14,24,14,21,0,3,16,21,1,6,7,16,6,0,8,18,44,0.583,0.667,0,0.583,0.762,0.662,corchch01
Joe Courtney,23,TOT,NBA,1992-93,12,0,104,13,32,13,32,0,0,7,9,4,15,19,3,5,5,6,17,33,0.406,0.406,,0.406,0.778,0.459,courtjo01
John Crotty,23,UTA,NBA,1992-93,40,0,243,37,72,35,58,2,14,26,38,4,13,17,55,11,0,30,29,102,0.514,0.603,0.143,0.528,0.684,0.575,crottjo01
Terry Cummings,31,SAS,NBA,1992-93,8,0,76,11,29,11,29,0,0,5,10,6,13,19,4,1,1,2,17,27,0.379,0.379,,0.379,0.5,0.404,cummite01
Radisav Curcic,27,DAL,NBA,1992-93,20,0,166,16,41,16,41,0,0,26,36,17,32,49,12,7,2,8,30,58,0.39,0.39,,0.39,0.722,0.51,curcira01
Dell Curry,28,CHH,NBA,1992-93,80,0,2094,498,1102,403,865,95,237,136,157,51,235,286,180,87,23,129,150,1227,0.452,0.466,0.401,0.495,0.866,0.524,curryde01
Lloyd Daniels,25,SAS,NBA,1992-93,77,10,1573,285,644,226,467,59,177,72,99,86,130,216,148,38,30,102,144,701,0.443,0.484,0.333,0.488,0.727,0.51,daniell01
Brad Daugherty,27,CLE,NBA,1992-93,71,71,2691,520,911,519,909,1,2,391,492,164,562,726,312,53,56,150,174,1432,0.571,0.571,0.5,0.571,0.795,0.635,daughbr01
Dale Davis,23,IND,NBA,1992-93,82,82,2264,304,535,304,535,0,0,119,225,291,432,723,69,63,148,79,274,727,0.568,0.568,,0.568,0.529,0.573,davisda01
Hubert Davis,22,NYK,NBA,1992-93,50,2,815,110,251,104,232,6,19,43,54,13,43,56,83,22,4,45,71,269,0.438,0.448,0.316,0.45,0.796,0.49,davishu01
Terry Davis,25,DAL,NBA,1992-93,75,74,2462,393,863,391,855,2,8,167,281,259,442,701,68,36,28,160,199,955,0.455,0.457,0.25,0.457,0.594,0.484,daviste01
Johnny Dawkins,29,PHI,NBA,1992-93,74,10,1598,258,590,232,506,26,84,113,142,33,103,136,339,80,4,121,91,655,0.437,0.458,0.31,0.459,0.796,0.502,dawkijo01
Todd Day,23,MIL,NBA,1992-93,71,37,1931,358,828,304,644,54,184,213,297,144,147,291,117,75,48,118,222,983,0.432,0.472,0.293,0.465,0.717,0.513,dayto01
Vinny Del Negro,26,SAS,NBA,1992-93,73,31,1526,218,430,212,406,6,24,101,117,19,144,163,291,44,1,92,146,543,0.507,0.522,0.25,0.514,0.863,0.564,delnevi01
Bison Dele,23,ORL,NBA,1992-93,21,0,240,40,78,40,77,0,1,16,20,24,32,56,5,14,17,25,48,96,0.513,0.519,0,0.513,0.8,0.553,delebi01
Vlade Divac,24,LAL,NBA,1992-93,82,69,2525,397,819,376,744,21,75,235,341,220,509,729,232,128,140,214,311,1050,0.485,0.505,0.28,0.498,0.689,0.542,divacvl01
James Donaldson,35,UTA,NBA,1992-93,6,1,94,8,14,8,14,0,0,5,9,6,23,29,1,1,7,4,13,21,0.571,0.571,,0.571,0.556,0.585,donalja01
Sherman Douglas,26,BOS,NBA,1992-93,79,36,1932,264,530,258,501,6,29,84,150,65,97,162,508,49,10,161,166,618,0.498,0.515,0.207,0.504,0.56,0.518,douglsh01
Greg Dreiling,30,IND,NBA,1992-93,43,0,239,19,58,19,54,0,4,8,15,26,40,66,8,5,8,9,60,46,0.328,0.352,0,0.328,0.533,0.356,dreilgr01
Clyde Drexler,30,POR,NBA,1992-93,49,49,1671,350,816,319,683,31,133,245,292,126,183,309,278,95,37,115,159,976,0.429,0.467,0.233,0.448,0.839,0.517,drexlcl01
Kevin Duckworth,28,POR,NBA,1992-93,74,55,1762,301,688,301,686,0,2,127,174,118,269,387,70,45,39,87,222,729,0.438,0.439,0,0.438,0.73,0.477,duckwke01
Chris Dudley,27,NJN,NBA,1992-93,71,16,1398,94,266,94,266,0,0,57,110,215,298,513,16,17,103,54,195,245,0.353,0.353,,0.353,0.518,0.39,dudlech02
Joe Dumars,29,DET,NBA,1992-93,77,77,3094,677,1454,565,1155,112,299,343,397,63,85,148,308,78,7,138,141,1809,0.466,0.489,0.375,0.504,0.864,0.555,dumarjo01
Richard Dumas,23,PHO,NBA,1992-93,48,32,1320,302,576,301,573,1,3,152,215,100,123,223,60,85,39,92,127,757,0.524,0.525,0.333,0.525,0.707,0.564,dumasri02
Pat Durham,25,GSW,NBA,1992-93,5,1,78,6,25,6,25,0,0,9,12,5,9,14,4,1,1,7,6,21,0.24,0.24,,0.24,0.75,0.347,durhapa01
Mark Eaton,36,UTA,NBA,1992-93,64,57,1104,71,130,71,130,0,0,35,50,73,191,264,17,18,79,43,143,177,0.546,0.546,,0.546,0.7,0.582,eatonma01
Blue Edwards,27,MIL,NBA,1992-93,82,81,2729,554,1083,517,977,37,106,237,300,123,259,382,214,129,45,175,242,1382,0.512,0.529,0.349,0.529,0.79,0.569,edwarbl01
James Edwards,37,LAL,NBA,1992-93,52,0,617,122,270,122,270,0,0,84,118,30,70,100,41,10,7,51,122,328,0.452,0.452,,0.452,0.712,0.509,edwarja01
Kevin Edwards,27,MIA,NBA,1992-93,40,30,1134,216,462,211,445,5,17,119,141,48,73,121,120,68,12,75,69,556,0.468,0.474,0.294,0.473,0.844,0.53,edwarke01
Craig Ehlo,31,CLE,NBA,1992-93,82,73,2559,385,785,292,541,93,244,86,120,113,290,403,254,104,22,124,170,949,0.49,0.54,0.381,0.55,0.717,0.566,ehlocr01
Mario Elie,29,POR,NBA,1992-93,82,7,1757,240,524,195,395,45,129,183,214,59,157,216,177,74,20,89,145,708,0.458,0.494,0.349,0.501,0.855,0.573,eliema01
Sean Elliott,24,SAS,NBA,1992-93,70,70,2604,451,918,414,814,37,104,268,337,85,237,322,265,68,28,152,132,1207,0.491,0.509,0.356,0.511,0.795,0.566,elliose01
Dale Ellis,32,SAS,NBA,1992-93,82,76,2731,545,1092,426,795,119,297,157,197,81,231,312,107,78,18,111,179,1366,0.499,0.536,0.401,0.554,0.797,0.579,ellisda01
LaPhonso Ellis,22,DEN,NBA,1992-93,82,82,2749,483,958,481,945,2,13,237,317,274,470,744,151,72,111,153,293,1205,0.504,0.509,0.154,0.505,0.748,0.549,ellisla01
Pervis Ellison,25,WSB,NBA,1992-93,49,48,1701,341,655,341,651,0,4,170,242,138,295,433,117,45,108,110,154,852,0.521,0.524,0,0.521,0.702,0.559,ellispe01
Jo Jo English,22,CHI,NBA,1992-93,6,0,31,3,10,3,7,0,3,0,2,2,4,6,1,3,2,4,5,6,0.3,0.429,0,0.3,0,0.276,englijo01
Patrick Ewing,30,NYK,NBA,1992-93,81,81,3003,779,1550,778,1543,1,7,400,556,191,789,980,151,74,161,265,286,1959,0.503,0.504,0.143,0.503,0.719,0.546,ewingpa01
Duane Ferrell,27,ATL,NBA,1992-93,82,15,1736,327,696,318,660,9,36,176,226,97,94,191,132,59,17,103,160,839,0.47,0.482,0.25,0.476,0.779,0.527,ferredu01
Danny Ferry,26,CLE,NBA,1992-93,76,1,1461,220,459,186,377,34,82,99,113,81,198,279,137,29,49,83,171,573,0.479,0.493,0.415,0.516,0.876,0.563,ferryda01
Vern Fleming,30,IND,NBA,1992-93,75,8,1503,280,554,273,518,7,36,143,197,63,106,169,224,63,9,121,126,710,0.505,0.527,0.194,0.512,0.726,0.554,flemive01
Sleepy Floyd,32,HOU,NBA,1992-93,52,10,867,124,305,108,249,16,56,81,102,14,72,86,132,32,6,68,59,345,0.407,0.434,0.286,0.433,0.794,0.493,floydsl01
Greg Foster,24,TOT,NBA,1992-93,43,0,298,55,120,55,116,0,4,15,21,32,51,83,21,3,14,25,58,125,0.458,0.474,0,0.458,0.714,0.484,fostegr01
Rick Fox,23,BOS,NBA,1992-93,71,14,1082,184,380,180,357,4,23,81,101,55,104,159,113,61,21,77,133,453,0.484,0.504,0.174,0.489,0.802,0.534,foxri01
Kevin Gamble,27,BOS,NBA,1992-93,82,58,2541,459,906,407,767,52,139,123,149,46,200,246,226,86,37,81,185,1093,0.507,0.531,0.374,0.535,0.826,0.562,gamblke01
Winston Garland,28,HOU,NBA,1992-93,66,4,1004,152,343,146,330,6,13,81,89,32,76,108,138,39,4,67,116,391,0.443,0.442,0.462,0.452,0.91,0.512,garlawi01
Chris Gatling,25,GSW,NBA,1992-93,70,11,1248,249,462,249,456,0,6,150,207,129,191,320,40,44,53,102,197,648,0.539,0.546,0,0.539,0.725,0.586,gatlich01
Kenny Gattison,28,CHH,NBA,1992-93,75,5,1475,203,384,203,381,0,3,102,169,108,245,353,68,48,55,64,237,508,0.529,0.533,0,0.529,0.604,0.554,gattike01
Matt Geiger,23,MIA,NBA,1992-93,48,2,554,76,145,76,141,0,4,62,92,46,74,120,14,15,18,36,123,214,0.524,0.539,0,0.524,0.674,0.577,geigema01
Tate George,24,NJN,NBA,1992-93,48,1,380,51,135,51,130,0,5,20,24,9,18,27,59,10,3,31,25,122,0.378,0.392,0,0.378,0.833,0.419,georgta01
Kendall Gill,24,CHH,NBA,1992-93,69,67,2430,463,1032,446,970,17,62,224,290,120,220,340,268,98,36,174,191,1167,0.449,0.46,0.274,0.457,0.772,0.503,gillke01
Armen Gilliam,28,PHI,NBA,1992-93,80,26,1742,359,774,359,773,0,1,274,325,136,336,472,116,37,54,157,123,992,0.464,0.464,0,0.464,0.843,0.541,gilliar01
Gerald Glass,25,TOT,NBA,1992-93,60,5,848,142,339,135,306,7,33,25,39,61,81,142,77,33,18,35,104,316,0.419,0.441,0.212,0.429,0.641,0.444,glassge01
Mike Gminski,33,CHH,NBA,1992-93,34,0,251,42,83,42,83,0,0,9,10,34,51,85,7,1,9,11,28,93,0.506,0.506,,0.506,0.9,0.532,gminsmi01
Paul Graham,25,ATL,NBA,1992-93,80,11,1508,256,560,214,419,42,141,96,131,61,129,190,164,86,6,120,185,650,0.457,0.511,0.298,0.495,0.733,0.526,grahapa01
Gary Grant,27,LAC,NBA,1992-93,74,8,1624,210,476,199,434,11,42,55,74,27,112,139,353,106,9,129,168,486,0.441,0.459,0.262,0.453,0.743,0.478,grantga01
Greg Grant,26,PHI,NBA,1992-93,72,0,996,77,220,57,152,20,68,20,31,24,43,67,206,43,1,54,73,194,0.35,0.375,0.294,0.395,0.645,0.415,grantgr01
Harvey Grant,27,WSB,NBA,1992-93,72,72,2667,560,1149,559,1139,1,10,218,300,133,279,412,205,72,44,90,168,1339,0.487,0.491,0.1,0.488,0.727,0.523,grantha01
Horace Grant,27,CHI,NBA,1992-93,77,77,2745,421,829,420,824,1,5,174,281,341,388,729,201,89,96,110,218,1017,0.508,0.51,0.2,0.508,0.619,0.534,grantho01
Jeff Grayer,27,GSW,NBA,1992-93,48,12,1025,165,353,163,339,2,14,91,136,71,86,157,70,31,8,54,120,423,0.467,0.481,0.143,0.47,0.669,0.512,grayeje01
A.C. Green,29,LAL,NBA,1992-93,82,55,2819,379,706,363,660,16,46,277,375,287,424,711,116,88,39,116,149,1051,0.537,0.55,0.348,0.548,0.739,0.603,greenac01
Litterial Green,22,ORL,NBA,1992-93,52,4,626,87,198,86,188,1,10,60,96,11,23,34,116,23,4,42,70,235,0.439,0.457,0.1,0.442,0.625,0.489,greenli01
Sean Green,22,IND,NBA,1992-93,13,0,81,28,55,25,45,3,10,3,4,4,5,9,7,2,1,9,11,62,0.509,0.556,0.3,0.536,0.75,0.546,greense01
Sidney Green,32,TOT,NBA,1992-93,39,0,329,34,89,34,87,0,2,25,31,32,86,118,24,6,5,20,37,93,0.382,0.391,0,0.382,0.806,0.453,greensi02
Tom Gugliotta,23,WSB,NBA,1992-93,81,81,2795,484,1135,446,1000,38,135,181,281,219,562,781,306,134,35,230,195,1187,0.426,0.446,0.281,0.443,0.644,0.472,guglito01
Jay Guidinger,23,CLE,NBA,1992-93,32,5,215,19,55,19,55,0,0,13,25,26,38,64,17,9,10,10,48,51,0.345,0.345,,0.345,0.52,0.386,guidija01
Tom Hammonds,25,TOT,NBA,1992-93,54,5,713,105,221,105,220,0,1,38,62,38,89,127,24,18,12,34,77,248,0.475,0.477,0,0.475,0.613,0.499,hammoto01
Tim Hardaway,26,GSW,NBA,1992-93,66,66,2609,522,1168,420,859,102,309,273,367,60,203,263,699,116,12,220,152,1419,0.447,0.489,0.33,0.491,0.744,0.534,hardati01
Derek Harper,31,DAL,NBA,1992-93,62,60,2108,393,939,292,682,101,257,239,316,42,81,123,334,80,16,136,145,1126,0.419,0.428,0.393,0.472,0.756,0.522,harpede01
Ron Harper,29,LAC,NBA,1992-93,80,77,2970,542,1203,490,1017,52,186,307,399,117,308,425,360,177,73,222,212,1443,0.451,0.482,0.28,0.472,0.769,0.523,harpero01
Scott Hastings,32,DEN,NBA,1992-93,76,0,670,57,112,55,104,2,8,40,55,44,93,137,34,12,8,29,115,156,0.509,0.529,0.25,0.518,0.727,0.573,hastisc01
Hersey Hawkins,26,PHI,NBA,1992-93,81,81,2977,551,1172,429,865,122,307,419,487,91,255,346,317,137,30,180,189,1643,0.47,0.496,0.397,0.522,0.86,0.593,hawkihe01
Steve Henson,24,ATL,NBA,1992-93,53,2,719,71,182,34,102,37,80,34,40,12,43,55,155,30,1,52,85,213,0.39,0.333,0.463,0.492,0.85,0.534,hensost01
Carl Herrera,26,HOU,NBA,1992-93,81,12,1800,240,444,240,442,0,2,125,176,148,306,454,61,47,35,92,190,605,0.541,0.543,0,0.541,0.71,0.58,herreca01
Rod Higgins,33,SAC,NBA,1992-93,69,4,1425,199,483,156,350,43,133,130,151,66,127,193,119,51,29,63,141,571,0.412,0.446,0.323,0.457,0.861,0.52,higgiro01
Sean Higgins,24,GSW,NBA,1992-93,29,4,591,96,215,83,178,13,37,35,47,23,45,68,66,13,5,64,54,240,0.447,0.466,0.351,0.477,0.745,0.509,higgise01
Tyrone Hill,24,GSW,NBA,1992-93,74,66,2070,251,494,251,490,0,4,138,221,255,499,754,68,41,40,92,320,640,0.508,0.512,0,0.508,0.624,0.541,hillty01
Donald Hodge,23,DAL,NBA,1992-93,79,8,1267,161,400,161,400,0,0,71,104,93,201,294,75,33,37,90,204,393,0.403,0.403,,0.403,0.683,0.441,hodgedo01
Dave Hoppen,28,NJN,NBA,1992-93,2,0,10,1,1,1,1,0,0,0,2,1,3,4,0,0,0,0,2,2,1,1,,1,0,0.532,hoppeda01
Jeff Hornacek,29,PHI,NBA,1992-93,79,78,2860,582,1239,485,990,97,249,250,289,84,258,342,548,131,21,222,203,1511,0.47,0.49,0.39,0.509,0.865,0.553,hornaje01
Robert Horry,22,HOU,NBA,1992-93,79,79,2330,323,682,311,635,12,47,143,200,113,279,392,191,80,83,156,210,801,0.474,0.49,0.255,0.482,0.715,0.52,horryro01
Byron Houston,23,GSW,NBA,1992-93,79,8,1274,145,325,143,318,2,7,129,194,119,196,315,69,44,43,87,253,421,0.446,0.45,0.286,0.449,0.665,0.513,houstby01
Brian Howard,25,DAL,NBA,1992-93,68,22,1295,183,414,182,407,1,7,72,94,66,146,212,67,55,34,68,217,439,0.442,0.447,0.143,0.443,0.766,0.482,howarbr01
Stephen Howard,22,UTA,NBA,1992-93,49,0,260,35,93,35,93,0,0,34,53,26,34,60,10,15,12,23,58,104,0.376,0.376,,0.376,0.642,0.447,howarst01
Jay Humphries,30,UTA,NBA,1992-93,78,20,2034,287,659,272,584,15,75,101,130,40,103,143,317,101,11,132,236,690,0.436,0.466,0.2,0.447,0.777,0.482,humphja01
Byron Irvin,26,WSB,NBA,1992-93,4,2,45,9,18,8,17,1,1,3,6,2,2,4,2,1,0,4,5,22,0.5,0.471,1,0.528,0.5,0.533,irvinby01
Mike Iuzzolino,25,DAL,NBA,1992-93,70,23,1769,221,478,167,334,54,144,114,149,31,109,140,328,49,6,129,101,610,0.462,0.5,0.375,0.519,0.765,0.561,iuzzomi01
Jaren Jackson,25,LAC,NBA,1992-93,34,0,350,53,128,51,123,2,5,23,27,19,20,39,35,19,5,17,45,131,0.414,0.415,0.4,0.422,0.852,0.468,jacksja01
Jim Jackson,22,DAL,NBA,1992-93,28,28,938,184,466,163,393,21,73,68,92,42,80,122,131,40,11,115,80,457,0.395,0.415,0.288,0.417,0.739,0.451,jacksji01
Mark Jackson,27,LAC,NBA,1992-93,82,81,3117,459,945,437,863,22,82,241,300,129,259,388,724,136,12,220,158,1181,0.486,0.506,0.268,0.497,0.803,0.548,jacksma01
Henry James,27,TOT,NBA,1992-93,10,0,88,21,51,18,38,3,13,22,26,7,4,11,1,3,0,7,9,67,0.412,0.474,0.231,0.441,0.846,0.537,jameshe01
Keith Jennings,24,GSW,NBA,1992-93,8,0,136,25,42,20,33,5,9,14,18,2,9,11,23,4,0,7,18,69,0.595,0.606,0.556,0.655,0.778,0.691,jennike01
Avery Johnson,27,SAS,NBA,1992-93,75,49,2030,256,510,256,502,0,8,144,182,20,126,146,561,85,16,145,141,656,0.502,0.51,0,0.502,0.791,0.556,johnsav01
Buck Johnson,29,WSB,NBA,1992-93,73,19,1287,193,403,193,400,0,3,92,126,78,117,195,89,36,18,70,187,478,0.479,0.483,0,0.479,0.73,0.521,johnsbu01
Dave Johnson,22,POR,NBA,1992-93,42,0,356,57,149,54,135,3,14,40,59,18,30,48,13,8,1,28,23,157,0.383,0.4,0.214,0.393,0.678,0.449,johnsda01
Eddie Johnson,33,SEA,NBA,1992-93,82,0,1869,463,991,446,935,17,56,234,257,124,148,272,135,36,4,134,173,1177,0.467,0.477,0.304,0.476,0.911,0.533,johnsed03
Frank Johnson,34,PHO,NBA,1992-93,77,0,1122,136,312,135,300,1,12,59,76,41,72,113,186,60,8,80,112,332,0.436,0.45,0.083,0.438,0.776,0.481,johnsfr01
Kevin Johnson,26,PHO,NBA,1992-93,49,47,1643,282,565,281,557,1,8,226,276,30,74,104,384,85,19,151,100,791,0.499,0.504,0.125,0.5,0.819,0.576,johnske02
Larry Johnson,23,CHH,NBA,1992-93,82,82,3323,728,1385,710,1314,18,71,336,438,281,583,864,353,53,27,227,187,1810,0.526,0.54,0.254,0.532,0.767,0.574,johnsla02
Charles Jones,35,WSB,NBA,1992-93,67,21,1206,33,63,33,62,0,1,22,38,87,190,277,42,38,77,38,144,88,0.524,0.532,0,0.524,0.579,0.552,jonesch01
Michael Jordan,29,CHI,NBA,1992-93,78,78,3067,992,2003,911,1773,81,230,476,569,135,387,522,428,221,61,207,188,2541,0.495,0.514,0.352,0.515,0.837,0.564,jordami01
Thomas Jordan,24,PHI,NBA,1992-93,4,0,106,18,41,18,41,0,0,8,17,5,14,19,3,3,5,12,14,44,0.439,0.439,,0.439,0.471,0.454,jordath01
Adam Keefe,22,ATL,NBA,1992-93,82,6,1549,188,376,188,375,0,1,166,237,171,261,432,80,57,16,100,195,542,0.5,0.501,0,0.5,0.7,0.564,keefead01
Shawn Kemp,23,SEA,NBA,1992-93,78,68,2582,515,1047,515,1043,0,4,358,503,287,546,833,155,119,146,217,327,1388,0.492,0.494,0,0.492,0.712,0.547,kempsh01
Tim Kempton,29,PHO,NBA,1992-93,30,0,167,19,48,19,48,0,0,18,31,12,27,39,19,4,4,16,30,56,0.396,0.396,,0.396,0.581,0.454,kemptti01
Steve Kerr,27,TOT,NBA,1992-93,52,0,481,53,122,47,96,6,26,22,24,5,40,45,70,10,1,27,36,134,0.434,0.49,0.231,0.459,0.917,0.505,kerrst01
Jerome Kersey,30,POR,NBA,1992-93,65,50,1719,281,642,273,614,8,28,116,183,126,280,406,121,80,41,84,181,686,0.438,0.445,0.286,0.444,0.634,0.475,kerseje01
Alec Kessler,26,MIA,NBA,1992-93,40,2,415,57,122,52,111,5,11,36,47,25,66,91,14,4,12,21,63,155,0.467,0.468,0.455,0.488,0.766,0.543,kesslal01
Bo Kimble,26,NYK,NBA,1992-93,9,0,55,14,33,12,25,2,8,3,8,3,8,11,5,1,0,6,10,33,0.424,0.48,0.25,0.455,0.375,0.452,kimblbo01
Stan Kimbrough,26,SAC,NBA,1992-93,3,0,15,2,6,1,4,1,2,0,0,0,0,0,1,1,0,0,1,5,0.333,0.25,0.5,0.417,,0.417,kimbrst01
Bernard King,36,NJN,NBA,1992-93,32,2,430,91,177,89,170,2,7,39,57,35,41,76,18,11,3,21,53,223,0.514,0.524,0.286,0.52,0.684,0.552,kingbe01
Rich King,23,SEA,NBA,1992-93,3,0,12,2,5,2,5,0,0,2,2,1,4,5,1,0,0,3,1,6,0.4,0.4,,0.4,1,0.51,kingri01
Stacey King,26,CHI,NBA,1992-93,76,3,1059,160,340,158,334,2,6,86,122,105,102,207,71,26,20,70,128,408,0.471,0.473,0.333,0.474,0.705,0.518,kingst01
Greg Kite,31,ORL,NBA,1992-93,64,1,640,38,84,38,83,0,1,13,24,66,127,193,10,13,12,35,133,89,0.452,0.458,0,0.452,0.542,0.471,kitegr01
Joe Kleine,31,BOS,NBA,1992-93,78,3,1129,108,267,108,261,0,6,41,58,113,233,346,39,17,17,37,123,257,0.404,0.414,0,0.404,0.707,0.439,kleinjo01
Negele Knight,25,PHO,NBA,1992-93,52,35,888,124,317,124,310,0,7,67,86,28,36,64,145,23,4,73,66,315,0.391,0.4,0,0.391,0.779,0.444,knighne01
Bart Kofoed,28,BOS,NBA,1992-93,7,0,41,3,13,3,12,0,1,11,14,0,1,1,10,2,1,3,1,17,0.231,0.25,0,0.231,0.786,0.444,kofoeba01
Jon Koncak,29,ATL,NBA,1992-93,78,65,1975,124,267,121,259,3,8,24,50,100,327,427,140,75,100,52,264,275,0.464,0.467,0.375,0.47,0.48,0.476,koncajo01
Larry Krystkowiak,28,UTA,NBA,1992-93,71,0,1362,198,425,198,424,0,1,117,147,74,205,279,68,42,13,62,181,513,0.466,0.467,0,0.466,0.796,0.524,krystla01
Christian Laettner,23,MIN,NBA,1992-93,81,81,2823,503,1061,499,1021,4,40,462,553,171,537,708,223,105,83,275,290,1472,0.474,0.489,0.1,0.476,0.835,0.564,laettch01
Bill Laimbeer,35,DET,NBA,1992-93,79,41,1933,292,574,282,547,10,27,93,104,110,309,419,127,46,40,59,212,687,0.509,0.516,0.37,0.517,0.894,0.554,laimbbi01
Jerome Lane,26,CLE,NBA,1992-93,21,2,149,27,54,27,54,0,0,5,20,24,29,53,17,12,3,7,32,59,0.5,0.5,,0.5,0.25,0.47,laneje01
Andrew Lang,26,PHI,NBA,1992-93,73,59,1861,149,351,148,346,1,5,87,114,136,300,436,79,46,141,89,261,386,0.425,0.428,0.2,0.426,0.763,0.481,langan01
Doug Lee,28,NJN,NBA,1992-93,5,0,33,2,7,1,4,1,3,0,0,0,2,2,5,0,1,3,7,5,0.286,0.25,0.333,0.357,,0.357,leedo01
Tim Legler,26,TOT,NBA,1992-93,33,0,635,105,241,83,176,22,65,57,71,25,34,59,46,24,6,28,63,289,0.436,0.472,0.338,0.481,0.803,0.531,legleti01
Jim Les,29,SAC,NBA,1992-93,73,0,881,110,259,44,105,66,154,42,50,20,69,89,169,40,7,48,81,328,0.425,0.419,0.429,0.552,0.84,0.584,lesji01
Reggie Lewis,27,BOS,NBA,1992-93,80,80,3144,663,1410,649,1350,14,60,326,376,88,259,347,298,118,77,133,248,1666,0.47,0.481,0.233,0.475,0.867,0.529,lewisre01
Marcus Liberty,24,DEN,NBA,1992-93,78,32,1585,252,620,230,561,22,59,102,156,131,204,335,105,64,21,79,143,628,0.406,0.41,0.373,0.424,0.654,0.456,liberma01
Todd Lichti,26,DEN,NBA,1992-93,48,12,752,124,276,122,270,2,6,81,102,35,67,102,52,28,11,49,60,331,0.449,0.452,0.333,0.453,0.794,0.516,lichtto01
Alton Lister,34,GSW,NBA,1992-93,20,9,174,19,42,19,42,0,0,7,13,15,29,44,5,0,9,18,40,45,0.452,0.452,,0.452,0.538,0.472,listeal01
Brad Lohaus,28,MIL,NBA,1992-93,80,24,1766,283,614,198,384,85,230,73,101,59,217,276,127,47,74,93,178,724,0.461,0.516,0.37,0.53,0.723,0.55,lohaubr01
Grant Long,26,MIA,NBA,1992-93,76,62,2728,397,847,391,821,6,26,261,341,197,371,568,182,104,31,133,264,1061,0.469,0.476,0.231,0.472,0.765,0.532,longgr01
Luc Longley,24,MIN,NBA,1992-93,55,25,1045,133,292,133,292,0,0,53,74,71,169,240,51,47,77,88,169,319,0.455,0.455,,0.455,0.716,0.491,longllu01
Kevin Lynch,24,CHH,NBA,1992-93,40,8,324,30,59,30,58,0,1,26,38,12,23,35,25,11,6,24,44,86,0.508,0.517,0,0.508,0.684,0.568,lynchke01
Sam Mack,22,SAS,NBA,1992-93,40,0,267,47,118,44,96,3,22,45,58,18,30,48,15,14,5,22,44,142,0.398,0.458,0.136,0.411,0.776,0.495,macksa01
Don MacLean,23,WSB,NBA,1992-93,62,4,674,157,361,154,355,3,6,90,111,33,89,122,39,11,4,42,82,407,0.435,0.434,0.5,0.439,0.811,0.497,macledo01
Mark Macon,23,DEN,NBA,1992-93,48,27,1141,158,381,158,375,0,6,42,60,33,70,103,126,69,3,72,135,358,0.415,0.421,0,0.415,0.7,0.439,maconma01
Rick Mahorn,34,NJN,NBA,1992-93,74,9,1077,101,214,100,211,1,3,88,110,93,186,279,33,19,31,58,156,291,0.472,0.474,0.333,0.474,0.8,0.554,mahorri01
Dan Majerle,27,PHO,NBA,1992-93,82,82,3199,509,1096,342,658,167,438,203,261,120,263,383,311,138,33,133,180,1388,0.464,0.52,0.381,0.541,0.778,0.573,majerda01
Jeff Malone,31,UTA,NBA,1992-93,79,59,2558,595,1205,592,1196,3,9,236,277,31,142,173,128,42,4,125,117,1429,0.494,0.495,0.333,0.495,0.852,0.538,malonje01
Karl Malone,29,UTA,NBA,1992-93,82,82,3099,797,1443,793,1423,4,20,619,836,227,692,919,308,124,85,240,261,2217,0.552,0.557,0.2,0.554,0.74,0.612,malonka01
Moses Malone,37,MIL,NBA,1992-93,11,0,104,13,42,13,42,0,0,24,31,22,24,46,7,1,8,10,6,50,0.31,0.31,,0.31,0.774,0.449,malonmo01
Danny Manning,26,LAC,NBA,1992-93,79,77,2761,702,1379,694,1349,8,30,388,484,198,322,520,207,108,101,230,323,1800,0.509,0.514,0.267,0.512,0.802,0.565,mannida01
Sarunas Marciulionis,28,GSW,NBA,1992-93,30,8,836,178,328,175,313,3,15,162,213,40,57,97,105,51,2,76,92,521,0.543,0.559,0.2,0.547,0.761,0.618,marcisa01
Anthony Mason,26,NYK,NBA,1992-93,81,0,2482,316,629,316,629,0,0,199,292,231,409,640,170,43,19,137,240,831,0.502,0.502,,0.502,0.682,0.549,masonan01
Marlon Maxey,23,MIN,NBA,1992-93,43,3,520,93,169,93,168,0,1,45,70,66,98,164,12,11,18,38,75,231,0.55,0.554,0,0.55,0.643,0.578,maxeyma01
Vernon Maxwell,27,HOU,NBA,1992-93,71,68,2251,349,858,229,497,120,361,164,228,29,192,221,297,86,8,140,124,982,0.407,0.461,0.332,0.477,0.719,0.512,maxweve01
Lee Mayberry,22,MIL,NBA,1992-93,82,4,1503,171,375,128,265,43,110,39,68,26,92,118,273,59,7,85,148,424,0.456,0.483,0.391,0.513,0.574,0.524,maybele01
Travis Mays,24,ATL,NBA,1992-93,49,9,787,129,309,100,225,29,84,54,82,20,33,53,72,21,3,51,59,341,0.417,0.444,0.345,0.464,0.659,0.494,maystr01
Bob McCann,28,MIN,NBA,1992-93,79,7,1536,200,410,200,408,0,2,95,152,92,190,282,68,51,58,79,202,495,0.488,0.49,0,0.488,0.625,0.519,mccanbo01
George McCloud,25,IND,NBA,1992-93,78,21,1500,216,525,158,344,58,181,75,102,60,145,205,192,53,11,107,165,565,0.411,0.459,0.32,0.467,0.735,0.496,mccloge01
Rodney McCray,31,CHI,NBA,1992-93,64,5,1019,92,204,90,199,2,5,36,52,53,105,158,81,12,15,53,99,222,0.451,0.452,0.4,0.456,0.692,0.489,mccraro01
Xavier McDaniel,29,BOS,NBA,1992-93,82,27,2215,457,924,451,902,6,22,191,241,168,321,489,163,72,51,171,249,1111,0.495,0.5,0.273,0.498,0.793,0.539,mcdanxa01
Kevin McHale,35,BOS,NBA,1992-93,71,0,1656,298,649,296,631,2,18,164,195,95,263,358,73,16,59,92,126,762,0.459,0.469,0.111,0.461,0.841,0.519,mchalke01
Derrick McKey,26,SEA,NBA,1992-93,77,68,2439,387,780,347,668,40,112,220,297,121,206,327,197,105,58,152,208,1034,0.496,0.519,0.357,0.522,0.741,0.568,mckeyde01
Nate McMillan,28,SEA,NBA,1992-93,73,25,1977,213,459,188,394,25,65,95,134,84,222,306,384,173,33,139,240,546,0.464,0.477,0.385,0.491,0.709,0.527,mcmilna01
Oliver Miller,22,PHO,NBA,1992-93,56,1,1069,121,255,121,252,0,3,71,100,70,205,275,118,38,100,108,145,313,0.475,0.48,0,0.475,0.71,0.523,milleol01
Reggie Miller,27,IND,NBA,1992-93,82,82,2954,571,1193,404,774,167,419,427,485,67,191,258,262,120,26,145,182,1736,0.479,0.522,0.399,0.549,0.88,0.617,millere01
Terry Mills,25,DET,NBA,1992-93,81,46,2183,494,1072,484,1036,10,36,201,254,176,296,472,111,44,50,142,282,1199,0.461,0.467,0.278,0.465,0.791,0.506,millste01
Harold Miner,21,MIA,NBA,1992-93,73,0,1383,292,615,289,606,3,9,163,214,74,73,147,73,34,8,92,130,750,0.475,0.477,0.333,0.477,0.762,0.529,minerha01
Sam Mitchell,29,IND,NBA,1992-93,81,1,1402,215,483,211,460,4,23,150,185,93,155,248,76,23,10,51,207,584,0.445,0.459,0.174,0.449,0.811,0.517,mitchsa01
Tracy Moore,27,DAL,NBA,1992-93,39,1,510,103,249,80,182,23,67,53,61,23,29,52,47,21,4,32,54,282,0.414,0.44,0.343,0.46,0.869,0.511,mooretr01
Chris Morris,27,NJN,NBA,1992-93,77,57,2302,436,907,419,831,17,76,197,248,227,227,454,106,144,52,119,171,1086,0.481,0.504,0.224,0.49,0.794,0.534,morrich01
Isaiah Morris,23,DET,NBA,1992-93,25,0,102,26,57,26,57,0,0,3,4,6,6,12,4,3,1,8,14,55,0.456,0.456,,0.456,0.75,0.468,morriis01
Alonzo Mourning,22,CHH,NBA,1992-93,78,78,2644,572,1119,572,1116,0,3,495,634,263,542,805,76,27,271,236,286,1639,0.511,0.513,0,0.511,0.781,0.586,mournal01
Chris Mullin,29,GSW,NBA,1992-93,46,46,1902,474,930,414,797,60,133,183,226,42,190,232,166,68,41,139,76,1191,0.51,0.519,0.451,0.542,0.81,0.578,mullich01
Eric Murdock,24,MIL,NBA,1992-93,79,78,2437,438,936,407,817,31,119,231,296,95,189,284,603,174,7,207,177,1138,0.468,0.498,0.261,0.485,0.78,0.534,murdoer01
Tracy Murray,21,POR,NBA,1992-93,48,14,495,108,260,87,190,21,70,35,40,40,43,83,11,8,5,31,59,272,0.415,0.458,0.3,0.456,0.875,0.49,murratr01
Jerrod Mustaf,23,PHO,NBA,1992-93,32,9,336,57,130,57,129,0,1,33,53,29,54,83,10,14,11,22,40,147,0.438,0.442,0,0.438,0.623,0.479,mustaje01
Dikembe Mutombo,26,DEN,NBA,1992-93,82,82,3029,398,781,398,781,0,0,335,492,344,726,1070,147,43,287,216,284,1131,0.51,0.51,,0.51,0.681,0.567,mutomdi01
Larry Nance,33,CLE,NBA,1992-93,77,77,2753,533,971,533,967,0,4,202,247,184,484,668,223,54,198,107,223,1268,0.549,0.551,0,0.549,0.818,0.587,nancela01
Ed Nealy,32,TOT,NBA,1992-93,41,4,308,26,69,18,42,8,27,9,12,12,52,64,15,12,2,7,41,69,0.377,0.429,0.296,0.435,0.75,0.464,nealyed01
Melvin Newbern,25,DET,NBA,1992-93,33,1,311,42,113,41,105,1,8,34,60,19,18,37,57,23,1,32,42,119,0.372,0.39,0.125,0.376,0.567,0.427,newbeme01
Johnny Newman,29,CHH,NBA,1992-93,64,27,1471,279,534,267,489,12,45,194,240,72,71,143,117,45,19,90,154,764,0.522,0.546,0.267,0.534,0.808,0.597,newmajo01
Ken Norman,28,LAC,NBA,1992-93,76,71,2477,498,975,488,937,10,38,131,220,209,362,571,165,59,58,125,156,1137,0.511,0.521,0.263,0.516,0.595,0.53,normake01
Shaquille O'Neal,20,ORL,NBA,1992-93,81,81,3071,733,1304,733,1302,0,2,427,721,342,780,1122,152,60,286,307,321,1893,0.562,0.563,0,0.562,0.592,0.584,onealsh01
Dan O'Sullivan,24,TOT,NBA,1992-93,6,0,17,3,5,3,5,0,0,3,4,2,4,6,1,1,0,0,4,9,0.6,0.6,,0.6,0.75,0.666,osullda01
Charles Oakley,29,NYK,NBA,1992-93,82,82,2230,219,431,219,430,0,1,127,176,288,420,708,126,85,15,124,289,565,0.508,0.509,0,0.508,0.722,0.556,oaklech01
Alan Ogg,25,TOT,NBA,1992-93,6,0,29,5,13,5,13,0,0,3,4,3,7,10,4,1,3,3,6,13,0.385,0.385,,0.385,0.75,0.44,oggal01
Hakeem Olajuwon,30,HOU,NBA,1992-93,82,82,3242,848,1603,848,1595,0,8,444,570,283,785,1068,291,150,342,262,305,2140,0.529,0.532,0,0.529,0.779,0.577,olajuha01
Matt Othick,23,SAS,NBA,1992-93,4,0,39,3,5,1,1,2,4,0,2,1,1,2,7,1,0,4,7,8,0.6,1,0.5,0.8,0,0.68,othicma01
Doug Overton,23,WSB,NBA,1992-93,45,13,990,152,323,149,310,3,13,59,81,25,81,106,157,31,6,72,81,366,0.471,0.481,0.231,0.475,0.728,0.51,overtdo01
Billy Owens,23,GSW,NBA,1992-93,37,37,1201,247,493,246,482,1,11,117,183,108,156,264,144,35,28,106,105,612,0.501,0.51,0.091,0.502,0.639,0.534,owensbi01
Robert Pack,23,DEN,NBA,1992-93,77,1,1579,285,606,284,598,1,8,239,311,52,108,160,335,81,10,185,182,810,0.47,0.475,0.125,0.471,0.768,0.545,packro01
Gerald Paddio,27,SEA,NBA,1992-93,41,3,307,71,159,69,151,2,8,14,21,17,33,50,33,14,6,16,24,158,0.447,0.457,0.25,0.453,0.667,0.47,paddige01
Walter Palmer,24,DAL,NBA,1992-93,20,0,124,27,57,27,57,0,0,6,9,12,32,44,5,1,5,10,29,60,0.474,0.474,,0.474,0.667,0.492,palmewa01
Robert Parish,39,BOS,NBA,1992-93,79,79,2146,416,777,416,777,0,0,162,235,246,494,740,61,57,107,120,201,994,0.535,0.535,,0.535,0.689,0.565,parisro01
John Paxson,32,CHI,NBA,1992-93,59,8,1030,105,233,86,192,19,41,17,20,9,39,48,136,38,2,31,99,246,0.451,0.448,0.463,0.491,0.85,0.509,paxsojo01
Kenny Payne,26,PHI,NBA,1992-93,13,0,154,38,90,34,72,4,18,4,4,4,20,24,18,5,2,7,15,84,0.422,0.472,0.222,0.444,1,0.458,payneke01
Gary Payton,24,SEA,NBA,1992-93,82,78,2548,476,963,469,929,7,34,151,196,95,186,281,399,177,21,148,250,1110,0.494,0.505,0.206,0.498,0.77,0.529,paytoga01
Anthony Peeler,23,LAL,NBA,1992-93,77,11,1656,297,634,251,516,46,118,162,206,64,115,179,166,60,14,123,193,802,0.468,0.486,0.39,0.505,0.786,0.553,peelean01
Will Perdue,27,CHI,NBA,1992-93,72,16,998,137,246,137,245,0,1,67,111,103,184,287,74,22,47,74,139,341,0.557,0.559,0,0.557,0.604,0.578,perduwi01
Sam Perkins,31,TOT,NBA,1992-93,79,62,2351,381,799,357,728,24,71,250,305,163,361,524,156,60,82,108,225,1036,0.477,0.49,0.338,0.492,0.82,0.555,perkisa01
Tim Perry,27,PHI,NBA,1992-93,81,51,2104,287,613,277,564,10,49,147,207,154,255,409,126,40,91,123,159,731,0.468,0.491,0.204,0.476,0.71,0.519,perryti01
Chuck Person,28,MIN,NBA,1992-93,78,75,2985,541,1248,423,916,118,332,109,168,98,335,433,343,67,30,219,198,1309,0.433,0.462,0.355,0.481,0.649,0.495,persoch01
Drazen Petrovic,28,NJN,NBA,1992-93,70,67,2660,587,1134,512,967,75,167,315,362,42,148,190,247,94,13,204,237,1564,0.518,0.529,0.449,0.551,0.87,0.605,petrodr01
Bobby Phills,23,CLE,NBA,1992-93,31,0,139,38,82,36,77,2,5,15,25,6,11,17,10,10,2,18,19,93,0.463,0.468,0.4,0.476,0.6,0.5,phillbo01
Ricky Pierce,33,SEA,NBA,1992-93,77,72,2218,524,1071,482,958,42,113,313,352,58,134,192,220,100,7,160,167,1403,0.489,0.503,0.372,0.509,0.889,0.572,piercri01
Ed Pinckney,29,BOS,NBA,1992-93,7,5,151,10,24,10,24,0,0,12,13,14,29,43,1,4,7,8,13,32,0.417,0.417,,0.417,0.923,0.538,pincked01
Scottie Pippen,27,CHI,NBA,1992-93,81,81,3123,628,1327,606,1234,22,93,232,350,203,418,621,507,173,73,246,219,1510,0.473,0.491,0.237,0.482,0.663,0.51,pippesc01
Gary Plummer,30,DEN,NBA,1992-93,60,0,737,106,228,106,225,0,3,69,95,53,120,173,40,14,11,78,141,281,0.465,0.471,0,0.465,0.726,0.521,plummga01
Olden Polynice,28,DET,NBA,1992-93,67,18,1299,210,429,210,428,0,1,66,142,181,237,418,29,31,21,54,126,486,0.49,0.491,0,0.49,0.465,0.494,polynol01
Terry Porter,29,POR,NBA,1992-93,81,81,2883,503,1108,360,763,143,345,327,388,58,258,316,419,101,10,199,122,1476,0.454,0.472,0.414,0.519,0.843,0.577,portete01
Paul Pressey,34,GSW,NBA,1992-93,18,0,268,29,66,29,62,0,4,21,27,8,23,31,30,11,5,23,36,79,0.439,0.468,0,0.439,0.778,0.507,presspa01
Brent Price,24,WSB,NBA,1992-93,68,9,859,100,279,92,231,8,48,54,68,28,75,103,154,56,3,85,90,262,0.358,0.398,0.167,0.373,0.794,0.424,pricebr01
Mark Price,28,CLE,NBA,1992-93,75,74,2380,477,986,355,693,122,293,289,305,37,164,201,602,89,11,196,105,1365,0.484,0.512,0.416,0.546,0.948,0.609,pricema01
Anthony Pullard,26,MIL,NBA,1992-93,8,0,37,8,18,8,18,0,0,1,3,2,6,8,2,2,2,5,5,17,0.444,0.444,,0.444,0.333,0.44,pullaan01
Kurt Rambis,34,TOT,NBA,1992-93,72,1,822,67,129,67,127,0,2,43,65,77,150,227,53,43,18,42,122,177,0.519,0.528,0,0.519,0.662,0.562,rambiku01
Mark Randall,25,TOT,NBA,1992-93,37,0,248,40,80,39,72,1,8,16,26,27,28,55,11,4,2,17,33,97,0.5,0.542,0.125,0.506,0.615,0.53,randama01
Blair Rasmussen,30,ATL,NBA,1992-93,22,6,283,30,80,28,74,2,6,9,13,20,35,55,5,5,10,12,61,71,0.375,0.378,0.333,0.388,0.692,0.414,rasmubl01
J.R. Reid,24,TOT,NBA,1992-93,83,25,1887,283,595,283,590,0,5,214,280,120,336,456,80,47,31,125,266,780,0.476,0.48,0,0.476,0.764,0.543,reidjr01
Glen Rice,25,MIA,NBA,1992-93,82,82,3082,582,1324,434,938,148,386,242,295,92,332,424,180,92,25,157,201,1554,0.44,0.463,0.383,0.495,0.82,0.534,ricegl01
Pooh Richardson,26,IND,NBA,1992-93,74,73,2396,337,703,334,674,3,29,92,124,63,204,267,573,94,12,167,132,769,0.479,0.496,0.103,0.482,0.742,0.508,richapo01
Mitch Richmond,27,SAC,NBA,1992-93,45,45,1728,371,782,323,652,48,130,197,233,18,136,154,221,53,9,130,137,987,0.474,0.495,0.369,0.505,0.845,0.558,richmmi01
Doc Rivers,31,NYK,NBA,1992-93,77,45,1886,216,494,177,371,39,123,133,162,26,166,192,405,123,9,114,215,604,0.437,0.477,0.317,0.477,0.821,0.534,riverdo01
Fred Roberts,32,MIL,NBA,1992-93,79,5,1488,226,428,214,399,12,29,135,169,91,146,237,118,57,27,67,138,599,0.528,0.536,0.414,0.542,0.799,0.596,roberfr01
Stanley Roberts,22,LAC,NBA,1992-93,77,76,1816,375,711,375,711,0,0,120,246,181,297,478,59,34,141,121,332,870,0.527,0.527,,0.527,0.488,0.531,roberst01
Alvin Robertson,30,TOT,NBA,1992-93,69,54,2006,247,539,207,417,40,122,84,128,107,162,269,263,155,18,133,218,618,0.458,0.496,0.328,0.495,0.656,0.519,roberal01
Clifford Robinson,26,POR,NBA,1992-93,82,12,2575,632,1336,613,1259,19,77,287,416,165,377,542,182,98,163,173,287,1570,0.473,0.487,0.247,0.48,0.69,0.517,robincl02
David Robinson,27,SAS,NBA,1992-93,82,82,3211,676,1348,673,1331,3,17,561,766,229,727,956,301,127,264,241,239,1916,0.501,0.506,0.176,0.503,0.732,0.569,robinda01
Larry Robinson,25,WSB,NBA,1992-93,4,0,33,6,16,6,15,0,1,3,5,1,2,3,3,1,1,1,0,15,0.375,0.4,0,0.375,0.6,0.412,robinla01
Rumeal Robinson,26,NJN,NBA,1992-93,80,28,1585,270,638,250,582,20,56,112,195,49,110,159,323,96,12,140,169,672,0.423,0.43,0.357,0.439,0.574,0.464,robinru01
Dennis Rodman,31,DET,NBA,1992-93,62,55,2410,183,429,168,356,15,73,87,163,367,765,1132,102,48,45,103,201,468,0.427,0.472,0.205,0.444,0.534,0.467,rodmade01
Tree Rollins,37,HOU,NBA,1992-93,42,0,247,11,41,11,39,0,2,9,12,12,48,60,10,6,15,9,43,31,0.268,0.282,0,0.268,0.75,0.335,rollitr01
Sean Rooks,23,DAL,NBA,1992-93,72,68,2087,368,747,368,745,0,2,234,389,196,340,536,95,38,81,160,204,970,0.493,0.494,0,0.493,0.602,0.528,rooksse01
Donald Royal,26,ORL,NBA,1992-93,77,0,1636,194,391,194,388,0,3,318,390,116,179,295,80,36,25,113,179,706,0.496,0.5,0,0.496,0.815,0.627,royaldo01
Delaney Rudd,30,POR,NBA,1992-93,15,1,95,7,36,6,25,1,11,11,14,4,5,9,17,1,0,11,7,26,0.194,0.24,0.091,0.208,0.786,0.308,ruddde01
Jeff Ruland,34,DET,NBA,1992-93,11,0,55,5,11,5,11,0,0,2,4,9,9,18,2,2,0,6,16,12,0.455,0.455,,0.455,0.5,0.47,rulanje01
John Salley,28,MIA,NBA,1992-93,51,34,1422,154,307,154,307,0,0,115,144,113,200,313,83,32,70,101,192,423,0.502,0.502,,0.502,0.799,0.571,sallejo01
Jeff Sanders,27,ATL,NBA,1992-93,9,0,120,10,25,10,25,0,0,4,8,12,17,29,6,8,1,11,16,24,0.4,0.4,,0.4,0.5,0.421,sandeje01
Mike Sanders,32,CLE,NBA,1992-93,53,51,1189,197,396,196,392,1,4,59,78,52,118,170,75,39,30,57,150,454,0.497,0.5,0.25,0.499,0.756,0.528,sandemi01
Danny Schayes,33,MIL,NBA,1992-93,70,7,1124,105,263,105,260,0,3,112,137,72,177,249,78,36,36,65,148,322,0.399,0.404,0,0.399,0.818,0.498,schayda01
Steve Scheffler,25,SEA,NBA,1992-93,29,5,166,25,48,25,48,0,0,16,24,15,21,36,5,6,1,5,37,66,0.521,0.521,,0.521,0.667,0.564,schefst01
Dwayne Schintzius,24,NJN,NBA,1992-93,5,0,35,2,7,2,7,0,0,3,3,2,6,8,2,2,2,0,4,7,0.286,0.286,,0.286,1,0.421,schindw01
Detlef Schrempf,30,IND,NBA,1992-93,82,60,3098,517,1085,509,1033,8,52,525,653,210,570,780,493,79,27,243,305,1567,0.476,0.493,0.154,0.48,0.804,0.571,schrede01
Byron Scott,31,LAL,NBA,1992-93,58,53,1677,296,659,252,524,44,135,156,184,27,107,134,157,55,13,70,98,792,0.449,0.481,0.326,0.483,0.848,0.535,scottby01
Dennis Scott,24,ORL,NBA,1992-93,54,43,1759,329,763,221,495,108,268,92,117,38,148,186,136,57,18,104,131,858,0.431,0.446,0.403,0.502,0.786,0.527,scottde01
Malik Sealy,22,IND,NBA,1992-93,58,2,672,136,319,129,288,7,31,51,74,60,52,112,47,36,7,58,74,330,0.426,0.448,0.226,0.437,0.689,0.469,sealyma01
Rony Seikaly,27,MIA,NBA,1992-93,72,64,2456,417,868,416,860,1,8,397,540,259,587,846,100,38,83,203,260,1232,0.48,0.484,0.125,0.481,0.735,0.557,seikaro01
Brad Sellers,30,MIN,NBA,1992-93,54,4,533,49,130,49,129,0,1,37,39,27,56,83,46,6,11,27,40,135,0.377,0.38,0,0.377,0.949,0.459,sellebr01
Charles Shackleford,26,PHI,NBA,1992-93,48,0,568,80,164,80,162,0,2,31,49,65,140,205,26,13,25,36,92,191,0.488,0.494,0,0.488,0.633,0.515,shackch01
Brian Shaw,26,MIA,NBA,1992-93,68,45,1603,197,501,154,371,43,130,61,78,70,187,257,235,48,19,96,163,498,0.393,0.415,0.331,0.436,0.782,0.465,shawbr01
Lionel Simmons,24,SAC,NBA,1992-93,69,68,2502,468,1055,467,1044,1,11,298,364,156,339,495,312,95,38,196,197,1235,0.444,0.447,0.091,0.444,0.819,0.508,simmoli01
Scott Skiles,28,ORL,NBA,1992-93,78,78,3086,416,891,336,656,80,235,289,324,52,238,290,735,86,2,267,244,1201,0.467,0.512,0.34,0.512,0.892,0.581,skilesc01
Charles Smith,27,NYK,NBA,1992-93,81,68,2172,358,764,358,762,0,2,287,367,170,262,432,142,48,96,155,254,1003,0.469,0.47,0,0.469,0.782,0.542,smithch01
Chris Smith,22,MIN,NBA,1992-93,80,6,1266,125,289,123,275,2,14,95,120,32,64,96,196,48,16,68,96,347,0.433,0.447,0.143,0.436,0.792,0.508,smithch03
Doug Smith,23,DAL,NBA,1992-93,61,42,1524,289,666,289,662,0,4,56,74,96,232,328,104,48,52,115,280,634,0.434,0.437,0,0.434,0.757,0.454,smithdo03
Kenny Smith,27,HOU,NBA,1992-93,82,82,2422,387,744,291,525,96,219,195,222,28,132,160,446,80,7,163,110,1065,0.52,0.554,0.438,0.585,0.878,0.633,smithke01
LaBradford Smith,23,WSB,NBA,1992-93,69,33,1546,261,570,253,547,8,23,109,127,26,80,106,186,58,9,103,178,639,0.458,0.463,0.348,0.465,0.858,0.51,smithla02
Larry Smith,35,SAS,NBA,1992-93,66,13,833,38,87,38,87,0,0,9,22,103,165,268,28,23,16,39,133,85,0.437,0.437,,0.437,0.409,0.44,smithla01
Reggie Smith,22,POR,NBA,1992-93,23,0,68,10,27,10,26,0,1,3,14,15,6,21,1,4,1,4,16,23,0.37,0.385,0,0.37,0.214,0.347,smithre01
Steve Smith,23,MIA,NBA,1992-93,48,43,1610,279,619,226,487,53,132,155,197,56,141,197,267,50,16,129,148,766,0.451,0.464,0.402,0.494,0.787,0.543,smithst01
Tony Smith,24,LAL,NBA,1992-93,55,9,752,133,275,131,264,2,11,62,82,46,41,87,63,50,7,40,72,330,0.484,0.496,0.182,0.487,0.756,0.53,smithto02
Rik Smits,26,IND,NBA,1992-93,81,81,2072,494,1017,494,1017,0,0,167,228,126,306,432,121,27,75,147,285,1155,0.486,0.486,,0.486,0.732,0.517,smitsri01
Andre Spencer,28,TOT,NBA,1992-93,20,1,422,73,163,73,161,0,2,41,54,38,43,81,24,17,7,26,64,187,0.448,0.453,0,0.448,0.759,0.501,spencan01
Elmore Spencer,23,LAC,NBA,1992-93,44,4,280,44,82,44,82,0,0,16,32,17,45,62,8,8,18,26,54,104,0.537,0.537,,0.537,0.5,0.541,spencel01
Felton Spencer,25,MIN,NBA,1992-93,71,48,1296,105,226,105,226,0,0,83,127,134,190,324,17,23,66,70,243,293,0.465,0.465,,0.465,0.654,0.52,spencfe01
Latrell Sprewell,22,GSW,NBA,1992-93,77,69,2741,449,968,376,770,73,198,211,283,79,192,271,295,126,52,203,166,1182,0.464,0.488,0.369,0.502,0.746,0.541,sprewla01
John Starks,27,NYK,NBA,1992-93,80,51,2477,513,1199,405,863,108,336,263,331,54,150,204,404,91,12,173,234,1397,0.428,0.469,0.321,0.473,0.795,0.519,starkjo01
Barry Stevens,30,GSW,NBA,1992-93,2,0,6,1,2,1,2,0,0,0,0,2,0,2,0,0,0,0,1,2,0.5,0.5,,0.5,,0.5,steveba01
Larry Stewart,24,WSB,NBA,1992-93,81,8,1823,306,564,306,562,0,2,184,253,154,229,383,146,47,29,153,191,796,0.543,0.544,0,0.543,0.727,0.589,stewala01
Bryant Stith,22,DEN,NBA,1992-93,39,12,865,124,278,124,274,0,4,99,119,39,85,124,49,24,5,44,82,347,0.446,0.453,0,0.446,0.832,0.525,stithbr01
Alex Stivrins,30,TOT,NBA,1992-93,19,0,76,19,39,19,37,0,2,3,4,7,12,19,3,2,2,7,11,41,0.487,0.514,0,0.487,0.75,0.503,stivral01
John Stockton,30,UTA,NBA,1992-93,82,82,2863,437,899,365,712,72,187,293,367,64,173,237,987,199,21,266,224,1239,0.486,0.513,0.385,0.526,0.798,0.584,stockjo01
Rod Strickland,26,POR,NBA,1992-93,78,35,2474,396,816,392,786,4,30,273,381,120,217,337,559,131,24,199,153,1069,0.485,0.499,0.133,0.488,0.717,0.543,stricro02
Derek Strong,24,MIL,NBA,1992-93,23,0,339,42,92,38,84,4,8,68,85,40,75,115,14,11,1,13,20,156,0.457,0.452,0.5,0.478,0.8,0.603,stronde01
Lamont Strothers,24,DAL,NBA,1992-93,9,0,138,20,61,18,48,2,13,8,10,8,6,14,13,8,0,15,13,50,0.328,0.375,0.154,0.344,0.8,0.382,strotla01
Terry Teagle,32,HOU,NBA,1992-93,2,0,25,2,7,2,7,0,0,1,2,0,3,3,2,0,0,1,1,5,0.286,0.286,,0.286,0.5,0.317,teaglte01
Isiah Thomas,31,DET,NBA,1992-93,79,79,2922,526,1258,465,1060,61,198,278,377,71,161,232,671,123,18,284,222,1391,0.418,0.439,0.308,0.442,0.737,0.488,thomais01
LaSalle Thompson,31,IND,NBA,1992-93,63,0,730,104,213,104,212,0,1,29,39,55,123,178,34,29,24,47,137,237,0.488,0.491,0,0.488,0.744,0.515,thompla01
Otis Thorpe,30,HOU,NBA,1992-93,72,69,2357,385,690,385,688,0,2,153,256,219,370,589,181,43,19,151,234,923,0.558,0.56,0,0.558,0.598,0.575,thorpot01
Sedale Threatt,31,LAL,NBA,1992-93,82,82,2893,522,1028,508,975,14,53,177,215,47,226,273,564,142,11,173,248,1235,0.508,0.521,0.264,0.515,0.823,0.55,threase01
Wayman Tisdale,28,SAC,NBA,1992-93,76,75,2283,544,1068,544,1066,0,2,175,231,127,373,500,108,52,47,117,277,1263,0.509,0.51,0,0.509,0.758,0.54,tisdawa01
Tom Tolbert,27,ORL,NBA,1992-93,72,61,1838,226,454,217,426,9,28,122,168,133,279,412,91,33,21,124,192,583,0.498,0.509,0.321,0.508,0.726,0.552,tolbeto01
Trent Tucker,33,CHI,NBA,1992-93,69,0,909,143,295,91,164,52,131,18,22,16,55,71,82,24,6,18,65,356,0.485,0.555,0.397,0.573,0.818,0.584,tucketr01
Jeff Turner,30,ORL,NBA,1992-93,75,20,1479,231,437,221,420,10,17,56,70,74,178,252,107,19,9,66,192,528,0.529,0.526,0.588,0.54,0.8,0.564,turneje01
Kiki Vandeweghe,34,LAC,NBA,1992-93,41,3,494,92,203,80,166,12,37,58,66,12,36,48,25,13,7,20,45,254,0.453,0.482,0.324,0.483,0.879,0.547,vandeki01
Loy Vaught,24,LAC,NBA,1992-93,79,4,1653,313,616,312,612,1,4,116,155,164,328,492,54,55,39,83,172,743,0.508,0.51,0.25,0.509,0.748,0.543,vaughlo01
Gundars Vetra,25,MIN,NBA,1992-93,13,0,89,19,40,16,37,3,3,4,6,4,4,8,6,2,0,2,12,45,0.475,0.432,1,0.513,0.667,0.528,vetragu01
Darrell Walker,31,TOT,NBA,1992-93,37,2,511,34,96,34,95,0,1,12,26,22,36,58,53,33,2,25,63,80,0.354,0.358,0,0.354,0.462,0.372,walkeda01
Duane Washington,28,LAC,NBA,1992-93,4,0,28,0,5,0,5,0,0,0,0,0,2,2,5,1,0,2,2,0,0,0,,0,,0,washidu01
Clarence Weatherspoon,22,PHI,NBA,1992-93,82,82,2654,494,1053,493,1049,1,4,291,408,179,410,589,147,85,67,176,188,1280,0.469,0.47,0.25,0.47,0.713,0.519,weathcl01
Marcus Webb,22,BOS,NBA,1992-93,9,0,51,13,25,13,24,0,1,13,21,5,5,10,2,1,2,5,11,39,0.52,0.542,0,0.52,0.619,0.57,webbma01
Spud Webb,29,SAC,NBA,1992-93,69,68,2335,342,789,305,654,37,135,279,328,44,149,193,481,104,6,194,177,1000,0.433,0.466,0.274,0.457,0.851,0.536,webbsp01
Robert Werdann,22,DEN,NBA,1992-93,28,0,149,18,59,18,58,0,1,17,31,23,29,52,7,6,4,12,38,53,0.305,0.31,0,0.305,0.548,0.365,werdaro01
Doug West,25,MIN,NBA,1992-93,80,80,3104,646,1249,644,1226,2,23,249,296,89,158,247,235,85,21,165,279,1543,0.517,0.525,0.087,0.518,0.841,0.559,westdo01
Mark West,32,PHO,NBA,1992-93,82,82,1558,175,285,175,285,0,0,86,166,153,305,458,29,16,103,93,243,436,0.614,0.614,,0.614,0.518,0.609,westma01
Randy White,25,DAL,NBA,1992-93,64,20,1433,235,540,225,498,10,42,138,184,154,216,370,49,63,45,108,226,618,0.435,0.452,0.238,0.444,0.75,0.498,whitera01
Morlon Wiley,26,TOT,NBA,1992-93,58,15,995,96,254,42,100,54,154,17,26,29,62,91,181,65,3,80,127,263,0.378,0.42,0.351,0.484,0.654,0.495,wileymo01
Dominique Wilkins,33,ATL,NBA,1992-93,71,70,2647,741,1584,621,1268,120,316,519,627,187,295,482,227,70,27,184,116,2121,0.468,0.49,0.38,0.506,0.828,0.57,wilkido01
Eddie Lee Wilkins,30,PHI,NBA,1992-93,26,0,192,55,97,55,95,0,2,48,78,14,26,40,2,7,1,17,34,158,0.567,0.579,0,0.567,0.615,0.602,wilkied01
Gerald Wilkins,29,CLE,NBA,1992-93,80,35,2079,361,797,345,739,16,58,152,181,74,140,214,183,78,18,94,154,890,0.453,0.467,0.276,0.463,0.84,0.508,wilkige01
Buck Williams,32,POR,NBA,1992-93,82,82,2498,270,528,270,527,0,1,138,214,232,458,690,75,81,61,101,270,678,0.511,0.512,0,0.511,0.645,0.545,willibu01
Corey Williams,22,CHI,NBA,1992-93,35,0,242,31,85,30,82,1,3,18,22,19,12,31,23,4,2,11,24,81,0.365,0.366,0.333,0.371,0.818,0.428,willico01
Herb Williams,34,NYK,NBA,1992-93,55,0,571,72,175,72,175,0,0,14,21,44,102,146,19,21,28,22,78,158,0.411,0.411,,0.411,0.667,0.429,willihe01
Hot Rod Williams,30,CLE,NBA,1992-93,67,13,2055,263,560,263,560,0,0,212,296,127,288,415,152,48,105,116,171,738,0.47,0.47,,0.47,0.716,0.535,williho01
Jayson Williams,24,NJN,NBA,1992-93,12,2,139,21,46,21,46,0,0,7,18,22,19,41,0,4,4,8,24,49,0.457,0.457,,0.457,0.389,0.454,willija01
John Williams,26,LAC,NBA,1992-93,74,8,1638,205,477,193,424,12,53,70,129,88,228,316,142,83,23,79,188,492,0.43,0.455,0.226,0.442,0.543,0.461,willijo02
Kenny Williams,23,IND,NBA,1992-93,57,0,844,150,282,150,279,0,3,48,68,102,126,228,38,21,45,28,87,348,0.532,0.538,0,0.532,0.706,0.558,willike03
Lorenzo Williams,23,TOT,NBA,1992-93,27,7,179,17,36,17,36,0,0,2,7,17,38,55,5,5,17,8,29,36,0.472,0.472,,0.472,0.286,0.461,willilo01
Micheal Williams,26,MIN,NBA,1992-93,76,76,2661,353,791,327,684,26,107,419,462,84,189,273,661,165,23,227,268,1151,0.446,0.478,0.243,0.463,0.907,0.579,willimi02
Reggie Williams,28,DEN,NBA,1992-93,79,79,2722,535,1167,502,1045,33,122,238,296,132,296,428,295,126,76,194,284,1341,0.458,0.48,0.27,0.473,0.804,0.517,willire01
Scott Williams,24,CHI,NBA,1992-93,71,5,1369,166,356,166,349,0,7,90,126,168,283,451,68,55,66,73,230,422,0.466,0.476,0,0.466,0.714,0.513,willisc01
Walt Williams,22,SAC,NBA,1992-93,59,26,1673,358,823,297,632,61,191,224,302,115,150,265,178,66,29,179,209,1001,0.435,0.47,0.319,0.472,0.742,0.524,williwa02
Kevin Willis,30,ATL,NBA,1992-93,80,80,2878,616,1218,609,1189,7,29,196,300,335,693,1028,165,68,41,213,264,1435,0.506,0.512,0.241,0.509,0.653,0.531,willike02
Kennard Winchester,26,HOU,NBA,1992-93,39,0,340,61,139,57,120,4,19,17,22,17,32,49,13,10,10,15,40,143,0.439,0.475,0.211,0.453,0.773,0.481,winchke01
David Wingate,29,CHH,NBA,1992-93,72,55,1471,180,336,179,330,1,6,79,107,49,125,174,183,66,9,89,135,440,0.536,0.542,0.167,0.537,0.738,0.574,wingada01
Joe Wolf,28,TOT,NBA,1992-93,23,0,165,20,44,20,43,0,1,13,16,14,34,48,5,7,1,7,24,53,0.455,0.465,0,0.455,0.813,0.519,wolfjo01
David Wood,28,SAS,NBA,1992-93,64,2,598,52,117,47,96,5,21,46,55,38,59,97,34,13,12,29,93,155,0.444,0.49,0.238,0.466,0.836,0.549,woodda01
Randy Woods,22,LAC,NBA,1992-93,41,1,174,23,66,20,52,3,14,19,26,6,8,14,40,14,1,16,26,68,0.348,0.385,0.214,0.371,0.731,0.439,woodsra01
Orlando Woolridge,33,TOT,NBA,1992-93,58,47,1555,289,599,289,590,0,9,120,177,87,98,185,115,27,27,79,122,698,0.482,0.49,0,0.482,0.678,0.516,woolror01
James Worthy,31,LAL,NBA,1992-93,82,69,2359,510,1142,480,1031,30,111,171,211,73,174,247,278,92,27,137,87,1221,0.447,0.466,0.27,0.46,0.81,0.494,worthja01
Howard Wright,25,ORL,NBA,1992-93,4,0,10,4,5,4,5,0,0,0,2,1,1,2,0,0,0,0,0,8,0.8,0.8,,0.8,0,0.68,wrighho02
Danny Young,30,DET,NBA,1992-93,65,2,836,69,167,47,99,22,68,28,32,13,34,47,119,31,5,30,36,188,0.413,0.475,0.324,0.479,0.875,0.519,youngda01
Alaa Abdelnaby,25,BOS,NBA,1993-94,13,0,159,24,55,24,55,0,0,16,25,12,34,46,3,2,3,17,20,64,0.436,0.436,,0.436,0.64,0.485,abdelal01
Mahmoud Abdul-Rauf,24,DEN,NBA,1993-94,80,78,2617,588,1279,546,1146,42,133,219,229,27,141,168,362,82,10,151,150,1437,0.46,0.476,0.316,0.476,0.956,0.521,abdulma02
Michael Adams,31,WSB,NBA,1993-94,70,67,2337,285,698,230,507,55,191,224,270,37,146,183,480,96,6,167,140,849,0.408,0.454,0.288,0.448,0.83,0.52,adamsmi01
Mark Aguirre,34,LAC,NBA,1993-94,39,0,859,163,348,126,255,37,93,50,72,28,88,116,104,21,8,70,98,413,0.468,0.494,0.398,0.522,0.694,0.544,aguirma01
Danny Ainge,34,PHO,NBA,1993-94,68,1,1555,224,537,144,293,80,244,78,94,28,103,131,180,57,8,81,140,606,0.417,0.491,0.328,0.492,0.83,0.524,aingeda01
Gary Alexander,24,TOT,NBA,1993-94,11,0,55,8,14,8,14,0,0,3,9,7,8,15,2,3,0,8,10,19,0.571,0.571,,0.571,0.333,0.529,alexaga01
Victor Alexander,24,GSW,NBA,1993-94,69,39,1318,266,502,264,489,2,13,68,129,114,194,308,66,28,32,86,168,602,0.53,0.54,0.154,0.532,0.527,0.539,alexavi01
Eric Anderson,23,NYK,NBA,1993-94,11,0,39,7,17,5,15,2,2,5,14,6,11,17,2,0,1,2,9,21,0.412,0.333,1,0.471,0.357,0.453,anderer01
Greg Anderson,29,DET,NBA,1993-94,77,47,1624,201,370,200,367,1,3,88,154,183,388,571,51,55,68,94,234,491,0.543,0.545,0.333,0.545,0.571,0.561,andergr01
Kenny Anderson,23,NJN,NBA,1993-94,82,82,3135,576,1381,536,1249,40,132,346,423,89,233,322,784,158,15,266,201,1538,0.417,0.429,0.303,0.432,0.818,0.491,anderke01
Nick Anderson,26,ORL,NBA,1993-94,81,81,2811,504,1054,403,740,101,314,168,250,113,363,476,294,134,33,165,148,1277,0.478,0.545,0.322,0.526,0.672,0.549,anderni01
Ron Anderson,35,TOT,NBA,1993-94,21,2,356,35,86,28,60,7,26,19,23,16,37,53,17,8,3,10,16,96,0.407,0.467,0.269,0.448,0.826,0.499,anderro01
Willie Anderson,27,SAS,NBA,1993-94,80,79,2488,394,837,372,769,22,68,145,171,68,174,242,347,71,46,153,187,955,0.471,0.484,0.324,0.484,0.848,0.523,anderwi01
Greg Anthony,26,NYK,NBA,1993-94,80,36,1994,225,571,177,411,48,160,130,168,43,146,189,365,114,13,127,163,628,0.394,0.431,0.3,0.436,0.774,0.487,anthogr01
B.J. Armstrong,26,CHI,NBA,1993-94,82,82,2770,479,1007,419,872,60,135,194,227,28,142,170,323,80,9,131,147,1212,0.476,0.481,0.444,0.505,0.855,0.547,armstbj01
Vincent Askew,27,SEA,NBA,1993-94,80,3,1690,273,567,267,536,6,31,175,211,60,124,184,194,73,19,70,145,727,0.481,0.498,0.194,0.487,0.829,0.551,askewvi01
Keith Askins,26,MIA,NBA,1993-94,37,0,319,36,88,32,67,4,21,9,10,33,49,82,13,11,1,21,57,85,0.409,0.478,0.19,0.432,0.9,0.46,askinke01
Stacey Augmon,25,ATL,NBA,1993-94,82,82,2605,439,861,438,854,1,7,333,436,178,216,394,187,149,45,147,179,1212,0.51,0.513,0.143,0.51,0.764,0.576,augmost01
Isaac Austin,24,PHI,NBA,1993-94,14,0,201,29,66,29,65,0,1,14,23,25,44,69,17,5,10,17,29,72,0.439,0.446,0,0.439,0.609,0.473,austiis01
Anthony Avent,24,TOT,NBA,1993-94,74,40,1371,150,398,150,398,0,0,89,123,144,194,338,65,33,31,85,147,389,0.377,0.377,,0.377,0.724,0.43,aventan01
John Bagley,33,ATL,NBA,1993-94,3,0,13,0,2,0,2,0,0,2,2,0,1,1,3,0,0,0,2,2,0,0,,0,1,0.347,baglejo01
Thurl Bailey,32,MIN,NBA,1993-94,79,3,1297,232,455,232,453,0,2,119,149,66,149,215,54,20,58,58,93,583,0.51,0.512,0,0.51,0.799,0.56,baileth01
Vin Baker,22,MIL,NBA,1993-94,82,63,2560,435,869,434,864,1,5,234,411,277,344,621,163,60,114,162,231,1105,0.501,0.502,0.2,0.501,0.569,0.526,bakervi01
Charles Barkley,30,PHO,NBA,1993-94,65,65,2298,518,1046,470,868,48,178,318,452,198,529,727,296,101,37,206,160,1402,0.495,0.541,0.27,0.518,0.704,0.563,barklch01
Dana Barros,26,PHI,NBA,1993-94,81,70,2519,412,878,277,524,135,354,116,145,28,168,196,424,107,5,167,96,1075,0.469,0.529,0.381,0.546,0.8,0.571,barroda01
Jon Barry,24,MIL,NBA,1993-94,72,7,1242,158,382,126,267,32,115,97,122,36,110,146,168,102,17,83,110,445,0.414,0.472,0.278,0.455,0.795,0.511,barryjo01
John Battle,31,CLE,NBA,1993-94,51,1,814,130,273,125,254,5,19,73,97,7,32,39,83,22,1,41,66,338,0.476,0.492,0.263,0.485,0.753,0.535,battljo01
Benoit Benjamin,29,NJN,NBA,1993-94,77,74,1817,283,589,283,589,0,0,152,214,135,364,499,44,35,90,97,198,718,0.48,0.48,,0.48,0.71,0.525,benjabe01
Tony Bennett,24,CHH,NBA,1993-94,74,5,983,105,263,78,188,27,75,11,15,16,74,90,163,39,1,40,84,248,0.399,0.415,0.36,0.451,0.733,0.46,benneto01
David Benoit,25,UTA,NBA,1993-94,55,18,1070,139,361,127,302,12,59,68,88,89,171,260,23,23,37,37,115,358,0.385,0.421,0.203,0.402,0.773,0.448,benoida01
Rolando Blackman,34,NYK,NBA,1993-94,55,1,969,161,369,131,285,30,84,48,53,23,70,93,76,25,6,44,100,400,0.436,0.46,0.357,0.477,0.906,0.51,blackro01
Mookie Blaylock,26,ATL,NBA,1993-94,81,81,2915,444,1079,330,738,114,341,116,159,117,307,424,789,212,44,196,144,1118,0.411,0.447,0.334,0.464,0.73,0.487,blaylmo01
Corie Blount,25,CHI,NBA,1993-94,67,8,690,76,174,76,174,0,0,46,75,76,118,194,56,19,33,52,93,198,0.437,0.437,,0.437,0.613,0.478,blounco01
Muggsy Bogues,29,CHH,NBA,1993-94,77,77,2746,354,751,352,739,2,12,125,155,78,235,313,780,133,2,171,147,835,0.471,0.476,0.167,0.473,0.806,0.51,boguemu01
Manute Bol,31,TOT,NBA,1993-94,14,0,116,4,19,4,16,0,3,0,0,3,15,18,1,2,16,5,13,8,0.211,0.25,0,0.211,,0.211,bolma01
Walter Bond,24,UTA,NBA,1993-94,56,4,559,63,156,44,102,19,54,31,40,20,41,61,31,16,12,17,90,176,0.404,0.431,0.352,0.465,0.775,0.507,bondwa01
Anthony Bonner,25,NYK,NBA,1993-94,73,38,1402,162,288,162,288,0,0,50,105,150,194,344,88,76,13,89,175,374,0.563,0.563,,0.563,0.476,0.56,bonnean01
Anthony Bowie,30,ORL,NBA,1993-94,70,0,948,139,289,138,271,1,18,41,49,29,91,120,102,32,12,58,81,320,0.481,0.509,0.056,0.483,0.837,0.515,bowiean01
Sam Bowie,32,LAL,NBA,1993-94,25,7,556,75,172,74,168,1,4,72,83,27,104,131,47,4,28,43,65,223,0.436,0.44,0.25,0.439,0.867,0.535,bowiesa01
Shawn Bradley,21,PHI,NBA,1993-94,49,45,1385,201,491,201,488,0,3,102,168,98,208,306,98,45,147,148,170,504,0.409,0.412,0,0.409,0.607,0.446,bradlsh01
Terrell Brandon,23,CLE,NBA,1993-94,73,10,1548,230,548,223,516,7,32,139,162,38,121,159,277,84,16,111,108,606,0.42,0.432,0.219,0.426,0.858,0.489,brandte01
Randy Breuer,33,SAC,NBA,1993-94,26,3,247,8,26,8,25,0,1,3,14,15,41,56,8,6,19,9,30,19,0.308,0.32,0,0.308,0.214,0.295,breuera01
Frank Brickowski,34,TOT,NBA,1993-94,71,46,2094,368,754,364,734,4,20,195,254,85,319,404,222,80,27,181,242,935,0.488,0.496,0.2,0.491,0.768,0.54,brickfr01
Kevin Brooks,24,DEN,NBA,1993-94,34,0,190,36,99,32,76,4,23,9,10,5,16,21,3,0,2,12,19,85,0.364,0.421,0.174,0.384,0.9,0.411,brookke01
Scott Brooks,28,HOU,NBA,1993-94,73,0,1225,142,289,119,228,23,61,74,85,10,92,102,149,51,2,55,98,381,0.491,0.522,0.377,0.531,0.871,0.584,brooksc01
Chucky Brown,25,DAL,NBA,1993-94,1,0,10,1,1,1,1,0,0,1,1,0,1,1,0,0,0,0,2,3,1,1,,1,1,1.042,brownch01
Dee Brown,25,BOS,NBA,1993-94,77,76,2867,490,1021,460,925,30,96,182,219,63,237,300,347,156,47,126,207,1192,0.48,0.497,0.313,0.495,0.831,0.533,brownde01
Mike Brown,30,MIN,NBA,1993-94,82,40,1921,111,260,111,258,0,2,77,118,119,328,447,72,51,29,75,218,299,0.427,0.43,0,0.427,0.653,0.479,brownmi01
P.J. Brown,24,NJN,NBA,1993-94,79,54,1950,167,402,166,396,1,6,115,152,188,305,493,93,71,93,72,177,450,0.415,0.419,0.167,0.417,0.757,0.48,brownpj01
Randy Brown,25,SAC,NBA,1993-94,61,2,1041,110,251,110,247,0,4,53,87,40,72,112,133,63,14,75,132,273,0.438,0.445,0,0.438,0.609,0.472,brownra02
Mark Bryant,28,POR,NBA,1993-94,79,10,1441,185,384,185,383,0,1,72,104,117,198,315,37,32,29,66,187,442,0.482,0.483,0,0.482,0.692,0.514,bryanma01
Jud Buechler,25,GSW,NBA,1993-94,36,0,218,42,84,30,55,12,29,10,20,13,19,32,16,8,1,12,24,106,0.5,0.545,0.414,0.571,0.5,0.571,buechju01
Matt Bullard,26,HOU,NBA,1993-94,65,0,725,78,226,28,72,50,154,20,26,23,61,84,64,14,6,28,67,226,0.345,0.389,0.325,0.456,0.769,0.476,bullama01
Evers Burns,22,SAC,NBA,1993-94,23,0,143,22,55,22,55,0,0,12,23,13,17,30,9,6,3,7,33,56,0.4,0.4,,0.4,0.522,0.43,burnsev01
Scott Burrell,23,CHH,NBA,1993-94,51,16,767,98,234,96,228,2,6,46,70,46,86,132,62,37,16,45,88,244,0.419,0.421,0.333,0.423,0.657,0.461,burresc01
Willie Burton,25,MIA,NBA,1993-94,53,1,697,124,283,121,268,3,15,120,158,50,86,136,39,18,20,54,96,371,0.438,0.451,0.2,0.443,0.759,0.526,burtowi01
Mitchell Butler,23,WSB,NBA,1993-94,75,19,1321,207,418,207,413,0,5,104,180,106,119,225,77,54,20,87,131,518,0.495,0.501,0,0.495,0.578,0.521,butlemi02
Michael Cage,32,SEA,NBA,1993-94,82,42,1708,171,314,171,313,0,1,36,74,164,280,444,45,77,38,51,179,378,0.545,0.546,0,0.545,0.486,0.545,cagemi01
Elden Campbell,25,LAL,NBA,1993-94,76,74,2253,373,808,373,806,0,2,188,273,167,352,519,86,64,146,98,241,934,0.462,0.463,0,0.462,0.689,0.503,campbel01
Tony Campbell,31,TOT,NBA,1993-94,63,14,1214,227,512,220,484,7,28,94,120,76,110,186,82,50,15,84,134,555,0.443,0.455,0.25,0.45,0.783,0.491,campbto01
Antoine Carr,32,SAS,NBA,1993-94,34,0,465,78,160,78,159,0,1,42,58,12,39,51,15,9,22,15,75,198,0.488,0.491,0,0.488,0.724,0.534,carran01
Bill Cartwright,36,CHI,NBA,1993-94,42,41,780,98,191,98,191,0,0,39,57,43,109,152,57,8,8,50,83,235,0.513,0.513,,0.513,0.684,0.544,cartwbi01
Sam Cassell,24,HOU,NBA,1993-94,66,6,1122,162,388,136,300,26,88,90,107,25,109,134,192,59,7,94,136,440,0.418,0.453,0.295,0.451,0.841,0.506,cassesa01
Duane Causwell,25,SAC,NBA,1993-94,41,8,674,71,137,71,137,0,0,40,68,68,118,186,11,19,49,33,109,182,0.518,0.518,,0.518,0.588,0.545,causwdu01
Cedric Ceballos,24,PHO,NBA,1993-94,53,43,1602,425,795,425,786,0,9,160,221,153,191,344,91,59,23,93,124,1010,0.535,0.541,0,0.535,0.724,0.566,cebalce01
Tom Chambers,34,UTA,NBA,1993-94,80,0,1838,329,748,315,703,14,45,221,281,87,239,326,79,40,32,89,232,893,0.44,0.448,0.311,0.449,0.786,0.512,chambto01
Rex Chapman,26,WSB,NBA,1993-94,60,59,2025,431,865,367,700,64,165,168,206,57,89,146,185,59,8,117,83,1094,0.498,0.524,0.388,0.535,0.816,0.572,chapmre01
Calbert Cheaney,22,WSB,NBA,1993-94,65,21,1604,327,696,326,673,1,23,124,161,88,102,190,126,63,10,108,148,779,0.47,0.484,0.043,0.471,0.77,0.508,cheanca01
Pete Chilcutt,25,TOT,NBA,1993-94,76,24,1365,203,448,200,433,3,15,41,65,129,242,371,86,53,39,74,164,450,0.453,0.462,0.2,0.456,0.631,0.472,chilcpe01
Doug Christie,23,LAL,NBA,1993-94,65,34,1515,244,562,205,443,39,119,145,208,93,142,235,136,89,28,140,186,672,0.434,0.463,0.328,0.469,0.697,0.514,chrisdo01
Ben Coleman,32,DET,NBA,1993-94,9,0,77,12,25,12,25,0,0,4,8,10,16,26,0,2,2,7,9,28,0.48,0.48,,0.48,0.5,0.491,colembe01
Derrick Coleman,26,NJN,NBA,1993-94,77,77,2778,541,1209,503,1088,38,121,439,567,262,608,870,262,68,142,208,209,1559,0.447,0.462,0.314,0.463,0.774,0.534,colemde01
Bimbo Coles,25,MIA,NBA,1993-94,76,4,1726,233,519,213,420,20,99,102,131,50,109,159,263,75,12,107,132,588,0.449,0.507,0.202,0.468,0.779,0.51,colesbi01
Marty Conlon,26,TOT,NBA,1993-94,30,9,579,95,165,95,163,0,2,43,53,53,86,139,34,9,8,33,69,233,0.576,0.583,0,0.576,0.811,0.619,conloma01
Lester Conner,34,IND,NBA,1993-94,11,0,169,14,38,14,35,0,3,3,6,10,14,24,31,14,1,9,12,31,0.368,0.4,0,0.368,0.5,0.381,connele01
Anthony Cook,26,TOT,NBA,1993-94,25,0,203,26,54,26,53,0,1,10,25,20,36,56,4,3,14,12,22,62,0.481,0.491,0,0.481,0.4,0.477,cookan01
Duane Cooper,24,PHO,NBA,1993-94,23,2,136,18,41,17,34,1,7,11,15,2,7,9,28,3,0,20,12,48,0.439,0.5,0.143,0.451,0.733,0.504,coopedu01
Tyrone Corbin,31,UTA,NBA,1993-94,82,17,2149,268,588,262,559,6,29,117,144,150,239,389,122,99,24,92,212,659,0.456,0.469,0.207,0.461,0.813,0.506,corbity01
Chris Corchiani,25,BOS,NBA,1993-94,51,0,467,40,94,29,56,11,38,26,38,8,36,44,86,22,2,38,47,117,0.426,0.518,0.289,0.484,0.684,0.528,corchch01
Joe Courtney,24,TOT,NBA,1993-94,52,1,345,67,148,65,145,2,3,32,47,28,28,56,15,10,12,21,44,168,0.453,0.448,0.667,0.459,0.681,0.498,courtjo01
John Crotty,24,UTA,NBA,1993-94,45,0,313,45,99,34,75,11,24,31,36,11,20,31,77,15,1,27,36,132,0.455,0.453,0.458,0.51,0.861,0.575,crottjo01
Terry Cummings,32,SAS,NBA,1993-94,59,29,1133,183,428,183,426,0,2,63,107,132,165,297,50,31,13,59,137,429,0.428,0.43,0,0.428,0.589,0.452,cummite01
Earl Cureton,36,HOU,NBA,1993-94,2,0,30,2,8,2,8,0,0,0,2,4,8,12,0,0,0,1,4,4,0.25,0.25,,0.25,0,0.225,curetea01
Dell Curry,29,CHH,NBA,1993-94,82,0,2173,533,1171,381,793,152,378,117,134,71,191,262,221,98,27,120,161,1335,0.455,0.48,0.402,0.52,0.873,0.543,curryde01
Michael Curry,25,PHI,NBA,1993-94,10,0,43,3,14,3,12,0,2,3,4,0,1,1,1,1,0,3,6,9,0.214,0.25,0,0.214,0.75,0.286,currymi01
Lloyd Daniels,26,SAS,NBA,1993-94,65,5,980,140,372,96,247,44,125,46,64,45,66,111,94,29,16,60,69,370,0.376,0.389,0.352,0.435,0.719,0.462,daniell01
Brad Daugherty,28,CLE,NBA,1993-94,50,50,1838,296,606,296,606,0,0,256,326,128,380,508,149,41,36,110,145,848,0.488,0.488,,0.488,0.785,0.566,daughbr01
Antonio Davis,25,IND,NBA,1993-94,81,4,1732,216,425,216,424,0,1,194,302,190,315,505,55,45,84,107,189,626,0.508,0.509,0,0.508,0.642,0.561,davisan01
Brian Davis,23,MIN,NBA,1993-94,68,3,374,40,126,39,123,1,3,50,68,21,34,55,22,16,4,19,34,131,0.317,0.317,0.333,0.321,0.735,0.42,davisbr02
Dale Davis,24,IND,NBA,1993-94,66,64,2292,308,582,308,581,0,1,155,294,280,438,718,100,48,106,102,214,771,0.529,0.53,0,0.529,0.527,0.542,davisda01
Hubert Davis,23,NYK,NBA,1993-94,56,27,1333,238,505,185,373,53,132,85,103,23,44,67,165,40,4,76,118,614,0.471,0.496,0.402,0.524,0.825,0.558,davishu01
Terry Davis,26,DAL,NBA,1993-94,15,5,286,24,59,24,59,0,0,8,12,30,44,74,6,9,1,5,27,56,0.407,0.407,,0.407,0.667,0.436,daviste01
Johnny Dawkins,30,PHI,NBA,1993-94,72,12,1343,177,423,140,318,37,105,84,100,28,95,123,263,63,5,111,74,475,0.418,0.44,0.352,0.462,0.84,0.509,dawkijo01
Todd Day,24,MIL,NBA,1993-94,76,39,2127,351,845,318,697,33,148,231,331,115,195,310,138,103,52,129,221,966,0.415,0.456,0.223,0.435,0.698,0.488,dayto01
Terry Dehere,22,LAC,NBA,1993-94,64,6,759,129,342,106,285,23,57,61,81,25,43,68,78,28,3,61,69,342,0.377,0.372,0.404,0.411,0.753,0.453,deherte01
Vinny Del Negro,27,SAS,NBA,1993-94,77,56,1949,309,634,294,591,15,43,140,170,27,134,161,320,64,1,102,168,773,0.487,0.497,0.349,0.499,0.824,0.545,delnevi01
Bison Dele,24,DEN,NBA,1993-94,80,1,1507,251,464,251,461,0,3,137,211,138,308,446,50,49,87,104,221,639,0.541,0.544,0,0.541,0.649,0.574,delebi01
Dell Demps,23,GSW,NBA,1993-94,2,0,11,2,6,2,6,0,0,0,2,0,0,0,1,2,0,1,1,4,0.333,0.333,,0.333,0,0.291,dempsde01
Vlade Divac,25,LAL,NBA,1993-94,79,73,2685,453,895,444,848,9,47,208,303,282,569,851,307,92,112,191,288,1123,0.506,0.524,0.191,0.511,0.686,0.546,divacvl01
Sherman Douglas,27,BOS,NBA,1993-94,78,78,2789,425,919,412,863,13,56,177,276,70,123,193,683,89,11,233,171,1040,0.462,0.477,0.232,0.47,0.641,0.5,douglsh01
Greg Dreiling,31,DAL,NBA,1993-94,54,19,685,52,104,51,103,1,1,27,38,47,123,170,31,16,24,43,159,132,0.5,0.495,1,0.505,0.711,0.547,dreilgr01
Clyde Drexler,31,POR,NBA,1993-94,68,68,2334,473,1105,402,886,71,219,286,368,154,291,445,333,98,34,167,202,1303,0.428,0.454,0.324,0.46,0.777,0.514,drexlcl01
Kevin Duckworth,29,WSB,NBA,1993-94,69,52,1485,184,441,184,441,0,0,88,132,103,222,325,56,37,35,101,223,456,0.417,0.417,,0.417,0.667,0.457,duckwke01
Chris Dudley,28,POR,NBA,1993-94,6,3,86,6,25,6,25,0,0,2,4,16,8,24,5,4,3,2,18,14,0.24,0.24,,0.24,0.5,0.262,dudlech02
Joe Dumars,30,DET,NBA,1993-94,69,69,2591,505,1118,381,798,124,320,276,330,35,116,151,261,63,4,159,118,1410,0.452,0.477,0.388,0.507,0.836,0.558,dumarjo01
Acie Earl,23,BOS,NBA,1993-94,74,8,1149,151,372,151,371,0,1,108,160,85,162,247,12,24,53,72,178,410,0.406,0.407,0,0.406,0.675,0.463,earlac01
Bill Edwards,22,PHI,NBA,1993-94,3,0,44,2,18,2,13,0,5,2,5,5,9,14,4,3,1,4,6,6,0.111,0.154,0,0.111,0.4,0.149,edwarbi01
Blue Edwards,28,MIL,NBA,1993-94,82,64,2322,382,800,344,694,38,106,151,189,104,225,329,171,83,27,146,235,953,0.478,0.496,0.358,0.501,0.799,0.54,edwarbl01
Doug Edwards,23,ATL,NBA,1993-94,16,0,107,17,49,17,48,0,1,9,16,7,11,18,8,2,5,6,9,43,0.347,0.354,0,0.347,0.563,0.384,edwardo01
James Edwards,38,LAL,NBA,1993-94,45,2,469,78,168,78,168,0,0,54,79,11,54,65,22,4,3,30,90,210,0.464,0.464,,0.464,0.684,0.518,edwarja01
Kevin Edwards,28,NJN,NBA,1993-94,82,82,2727,471,1028,436,929,35,99,167,217,94,187,281,232,120,34,135,150,1144,0.458,0.469,0.354,0.475,0.77,0.509,edwarke01
Craig Ehlo,32,ATL,NBA,1993-94,82,0,2147,316,708,239,487,77,221,112,154,71,208,279,273,136,26,130,161,821,0.446,0.491,0.348,0.501,0.727,0.529,ehlocr01
Mario Elie,30,HOU,NBA,1993-94,67,8,1606,208,466,152,299,56,167,154,179,28,153,181,208,50,8,109,124,626,0.446,0.508,0.335,0.506,0.86,0.575,eliema01
Sean Elliott,25,DET,NBA,1993-94,73,73,2409,360,791,334,704,26,87,139,173,68,195,263,197,54,27,129,174,885,0.455,0.474,0.299,0.472,0.803,0.51,elliose01
Dale Ellis,33,SAS,NBA,1993-94,77,75,2590,478,967,347,635,131,332,83,107,70,185,255,80,66,11,75,141,1170,0.494,0.546,0.395,0.562,0.776,0.577,ellisda01
Harold Ellis,23,LAC,NBA,1993-94,49,16,923,159,292,159,288,0,4,106,149,94,59,153,31,73,2,43,97,424,0.545,0.552,0,0.545,0.711,0.593,ellisha01
LaPhonso Ellis,23,DEN,NBA,1993-94,79,79,2699,483,963,476,940,7,23,242,359,220,462,682,167,63,80,172,304,1215,0.502,0.506,0.304,0.505,0.674,0.542,ellisla01
LeRon Ellis,24,CHH,NBA,1993-94,50,1,680,88,182,88,182,0,0,45,68,70,118,188,24,17,25,21,83,221,0.484,0.484,,0.484,0.662,0.521,ellisle02
Pervis Ellison,26,WSB,NBA,1993-94,47,24,1178,137,292,137,289,0,3,70,97,77,165,242,70,25,50,73,140,344,0.469,0.474,0,0.469,0.722,0.514,ellispe01
Jo Jo English,23,CHI,NBA,1993-94,36,0,419,56,129,48,112,8,17,10,21,9,36,45,38,8,10,36,61,130,0.434,0.429,0.471,0.465,0.476,0.47,englijo01
Patrick Ewing,31,NYK,NBA,1993-94,79,79,2972,745,1503,741,1489,4,14,445,582,219,666,885,179,90,217,260,275,1939,0.496,0.498,0.286,0.497,0.765,0.551,ewingpa01
Jim Farmer,29,DEN,NBA,1993-94,4,0,29,2,6,2,4,0,2,0,0,0,2,2,4,0,0,5,3,4,0.333,0.5,0,0.333,,0.333,farmeji01
Duane Ferrell,28,ATL,NBA,1993-94,72,13,1155,184,379,183,370,1,9,144,184,62,67,129,65,44,16,64,85,513,0.485,0.495,0.111,0.487,0.783,0.558,ferredu01
Danny Ferry,27,CLE,NBA,1993-94,70,1,965,149,334,135,283,14,51,38,43,47,94,141,74,28,22,41,113,350,0.446,0.477,0.275,0.467,0.884,0.496,ferryda01
Vern Fleming,31,IND,NBA,1993-94,55,5,1053,147,318,147,314,0,4,64,87,27,96,123,173,40,6,87,98,358,0.462,0.468,0,0.462,0.736,0.502,flemive01
Sleepy Floyd,33,SAS,NBA,1993-94,53,2,737,70,209,62,173,8,36,52,78,10,60,70,101,12,8,61,71,200,0.335,0.358,0.222,0.354,0.667,0.411,floydsl01
Alphonso Ford,22,SEA,NBA,1993-94,6,0,16,7,13,6,12,1,1,1,2,0,0,0,1,2,0,1,2,16,0.538,0.5,1,0.577,0.5,0.576,fordal01
Greg Foster,25,MIL,NBA,1993-94,3,0,19,4,7,4,7,0,0,2,2,0,3,3,0,0,1,1,3,10,0.571,0.571,,0.571,1,0.635,fostegr01
Rick Fox,24,BOS,NBA,1993-94,82,53,2096,340,728,307,628,33,100,174,230,105,250,355,217,81,52,158,244,887,0.467,0.489,0.33,0.49,0.757,0.535,foxri01
Tellis Frank,28,MIN,NBA,1993-94,67,11,959,67,160,67,158,0,2,54,76,83,137,220,57,35,35,49,163,188,0.419,0.424,0,0.419,0.711,0.486,frankte01
Corey Gaines,28,NYK,NBA,1993-94,18,0,78,9,20,7,15,2,5,13,15,3,10,13,30,2,0,5,12,33,0.45,0.467,0.4,0.5,0.867,0.62,gaineco01
Chad Gallagher,24,UTA,NBA,1993-94,2,0,3,3,3,3,3,0,0,0,0,0,0,0,0,0,0,0,2,6,1,1,,1,,1,gallach01
Kevin Gamble,28,BOS,NBA,1993-94,75,28,1880,368,804,343,701,25,103,103,126,41,118,159,149,57,22,77,134,864,0.458,0.489,0.243,0.473,0.817,0.503,gamblke01
Chris Gatling,26,GSW,NBA,1993-94,82,23,1296,271,461,271,460,0,1,129,208,143,254,397,41,40,63,84,223,671,0.588,0.589,0,0.588,0.62,0.607,gatlich01
Kenny Gattison,29,CHH,NBA,1993-94,77,18,1644,233,445,233,445,0,0,126,195,105,253,358,95,59,46,79,229,592,0.524,0.524,,0.524,0.646,0.558,gattike01
Andrew Gaze,28,WSB,NBA,1993-94,7,0,70,8,17,4,9,4,8,2,2,1,6,7,5,2,1,3,9,22,0.471,0.444,0.5,0.588,1,0.615,gazean01
Matt Geiger,24,MIA,NBA,1993-94,72,0,1199,202,352,201,347,1,5,116,149,119,184,303,32,36,29,61,201,521,0.574,0.579,0.2,0.575,0.779,0.624,geigema01
Kendall Gill,25,SEA,NBA,1993-94,79,77,2435,429,969,391,849,38,120,215,275,91,177,268,275,151,32,143,194,1111,0.443,0.461,0.317,0.462,0.782,0.51,gillke01
Armen Gilliam,29,NJN,NBA,1993-94,82,5,1969,348,682,348,681,0,1,274,361,197,303,500,69,38,61,106,129,970,0.51,0.511,0,0.51,0.759,0.577,gilliar01
Mike Gminski,34,TOT,NBA,1993-94,29,7,309,36,103,36,103,0,0,14,18,22,52,74,11,13,16,13,23,86,0.35,0.35,,0.35,0.778,0.388,gminsmi01
Ricky Grace,26,ATL,NBA,1993-94,3,0,8,2,3,2,3,0,0,0,2,0,1,1,1,0,0,0,3,4,0.667,0.667,,0.667,0,0.515,graceri01
Greg Graham,23,PHI,NBA,1993-94,70,6,889,122,305,120,280,2,25,92,110,21,65,86,66,61,4,65,54,338,0.4,0.429,0.08,0.403,0.836,0.478,grahagr01
Paul Graham,26,ATL,NBA,1993-94,21,0,128,21,57,18,44,3,13,13,17,4,8,12,13,4,5,5,11,58,0.368,0.409,0.231,0.395,0.765,0.45,grahapa01
Gary Grant,28,LAC,NBA,1993-94,78,8,1533,253,563,236,501,17,62,65,76,42,100,142,291,119,12,136,139,588,0.449,0.471,0.274,0.464,0.855,0.493,grantga01
Harvey Grant,28,POR,NBA,1993-94,77,73,2112,356,774,354,767,2,7,84,131,109,242,351,107,70,49,56,179,798,0.46,0.462,0.286,0.461,0.641,0.48,grantha01
Horace Grant,28,CHI,NBA,1993-94,70,69,2570,460,878,460,872,0,6,137,230,306,463,769,236,74,84,109,164,1057,0.524,0.528,0,0.524,0.596,0.54,grantho01
Josh Grant,26,GSW,NBA,1993-94,53,0,382,59,146,42,85,17,61,22,29,27,62,89,24,18,8,30,62,157,0.404,0.494,0.279,0.462,0.759,0.494,grantjo01
Jeff Grayer,28,GSW,NBA,1993-94,67,4,1096,191,363,189,351,2,12,71,118,76,115,191,62,33,13,63,103,455,0.526,0.538,0.167,0.529,0.602,0.548,grayeje01
A.C. Green,30,PHO,NBA,1993-94,82,55,2825,465,926,457,891,8,35,266,362,275,478,753,137,70,38,100,142,1204,0.502,0.513,0.229,0.506,0.735,0.555,greenac01
Litterial Green,23,ORL,NBA,1993-94,29,0,126,22,57,21,53,1,4,28,37,6,6,12,9,6,1,13,16,73,0.386,0.396,0.25,0.395,0.757,0.498,greenli01
Sean Green,23,TOT,NBA,1993-94,36,0,334,63,183,53,142,10,41,13,18,10,24,34,16,18,6,27,21,149,0.344,0.373,0.244,0.372,0.722,0.39,greense01
Tom Gugliotta,24,WSB,NBA,1993-94,78,78,2795,540,1159,500,1011,40,148,213,311,189,539,728,276,172,51,247,174,1333,0.466,0.495,0.27,0.483,0.685,0.514,guglito01
Andres Guibert,25,MIN,NBA,1993-94,5,0,33,6,20,6,20,0,0,3,6,10,6,16,2,0,1,6,6,15,0.3,0.3,,0.3,0.5,0.331,guibean01
Jay Guidinger,24,CLE,NBA,1993-94,32,0,131,16,32,16,32,0,0,15,21,15,18,33,3,4,5,16,23,47,0.5,0.5,,0.5,0.714,0.57,guidija01
Jack Haley,30,SAS,NBA,1993-94,28,0,94,21,48,21,48,0,0,17,21,6,18,24,1,0,0,10,18,59,0.438,0.438,,0.438,0.81,0.515,haleyja01
Geert Hammink,24,ORL,NBA,1993-94,1,0,3,1,3,1,3,0,0,0,0,1,0,1,1,0,0,0,1,2,0.333,0.333,,0.333,,0.333,hammige01
Tom Hammonds,26,DEN,NBA,1993-94,74,2,877,115,230,115,230,0,0,71,104,62,137,199,34,20,12,41,91,301,0.5,0.5,,0.5,0.683,0.546,hammoto01
Anfernee Hardaway,22,ORL,NBA,1993-94,82,82,3015,509,1092,459,905,50,187,245,330,192,247,439,544,190,51,292,205,1313,0.466,0.507,0.267,0.489,0.742,0.531,hardaan01
Derek Harper,32,TOT,NBA,1993-94,82,55,2204,303,744,230,541,73,203,112,163,20,121,141,334,125,8,135,163,791,0.407,0.425,0.36,0.456,0.687,0.485,harpede01
Ron Harper,30,LAC,NBA,1993-94,75,75,2856,569,1335,498,1099,71,236,299,418,129,331,460,344,144,54,242,167,1508,0.426,0.453,0.301,0.453,0.715,0.496,harpero01
Lucious Harris,23,DAL,NBA,1993-94,77,0,1165,162,385,155,352,7,33,87,119,45,112,157,106,49,10,78,117,418,0.421,0.44,0.212,0.43,0.731,0.478,harrilu01
Tony Harris,26,BOS,NBA,1993-94,5,0,88,9,31,6,22,3,9,23,25,3,7,10,8,4,0,6,8,44,0.29,0.273,0.333,0.339,0.92,0.524,harrito01
Antonio Harvey,23,LAL,NBA,1993-94,27,6,247,29,79,29,79,0,0,12,26,26,33,59,5,8,19,17,39,70,0.367,0.367,,0.367,0.462,0.387,harvean01
Scott Haskin,23,IND,NBA,1993-94,27,2,186,21,45,21,45,0,0,13,19,17,38,55,6,2,15,13,33,55,0.467,0.467,,0.467,0.684,0.515,haskisc01
Hersey Hawkins,27,CHH,NBA,1993-94,82,82,2648,395,859,317,624,78,235,312,362,89,288,377,216,135,22,158,167,1180,0.46,0.508,0.332,0.505,0.862,0.579,hawkihe01
Skeeter Henry,26,PHO,NBA,1993-94,4,0,15,1,5,1,3,0,2,2,4,0,2,2,4,0,0,1,1,4,0.2,0.333,0,0.2,0.5,0.296,henrysk01
Steve Henson,25,CHH,NBA,1993-94,3,0,17,1,2,0,1,1,1,0,0,0,1,1,5,0,0,1,3,3,0.5,0,1,0.75,,0.75,hensost01
Carl Herrera,27,HOU,NBA,1993-94,75,0,1292,142,310,142,310,0,0,69,97,101,184,285,37,32,26,69,159,353,0.458,0.458,,0.458,0.711,0.5,herreca01
Rod Higgins,34,CLE,NBA,1993-94,36,11,547,71,163,49,113,22,50,31,42,25,57,82,36,25,14,21,53,195,0.436,0.434,0.44,0.503,0.738,0.537,higgiro01
Tyrone Hill,25,CLE,NBA,1993-94,57,20,1447,216,398,216,396,0,2,171,256,184,315,499,46,53,35,78,193,603,0.543,0.545,0,0.543,0.668,0.59,hillty01
Donald Hodge,24,DAL,NBA,1993-94,50,0,428,46,101,46,101,0,0,44,52,46,49,95,32,15,13,30,66,136,0.455,0.455,,0.455,0.846,0.549,hodgedo01
Tito Horford,28,WSB,NBA,1993-94,3,0,28,0,2,0,2,0,0,0,0,1,2,3,0,1,3,1,3,0,0,0,,0,,0,horfoti01
Jeff Hornacek,30,TOT,NBA,1993-94,80,62,2820,472,1004,402,796,70,208,260,296,60,219,279,419,127,13,171,186,1274,0.47,0.505,0.337,0.505,0.878,0.562,hornaje01
Robert Horry,23,HOU,NBA,1993-94,81,81,2370,322,702,278,566,44,136,115,157,128,312,440,231,119,75,137,186,803,0.459,0.491,0.324,0.49,0.732,0.521,horryro01
Allan Houston,22,DET,NBA,1993-94,79,20,1519,272,671,237,554,35,117,89,108,19,101,120,100,34,13,99,165,668,0.405,0.428,0.299,0.431,0.824,0.465,houstal01
Byron Houston,24,GSW,NBA,1993-94,71,2,866,81,177,80,170,1,7,33,54,67,127,194,32,33,31,49,181,196,0.458,0.471,0.143,0.46,0.611,0.488,houstby01
Stephen Howard,23,UTA,NBA,1993-94,9,0,53,10,17,10,17,0,0,11,16,10,6,16,1,1,3,6,13,31,0.588,0.588,,0.588,0.688,0.645,howarst01
Jay Humphries,31,UTA,NBA,1993-94,75,19,1619,233,535,195,439,38,96,57,76,35,92,127,219,65,11,95,168,561,0.436,0.444,0.396,0.471,0.75,0.493,humphja01
Lindsey Hunter,23,DET,NBA,1993-94,82,26,2172,335,893,266,686,69,207,104,142,47,142,189,390,121,10,184,174,843,0.375,0.388,0.333,0.414,0.732,0.441,hunteli01
Bobby Hurley,22,SAC,NBA,1993-94,19,19,499,54,146,52,130,2,16,24,30,6,28,34,115,13,1,48,28,134,0.37,0.4,0.125,0.377,0.8,0.421,hurlebo01
Jaren Jackson,26,POR,NBA,1993-94,29,0,187,34,87,34,81,0,6,12,14,6,11,17,27,4,2,14,20,80,0.391,0.42,0,0.391,0.857,0.429,jacksja01
Jim Jackson,23,DAL,NBA,1993-94,82,82,3066,637,1432,620,1372,17,60,285,347,169,219,388,374,87,25,334,161,1576,0.445,0.452,0.283,0.451,0.821,0.497,jacksji01
Mark Jackson,28,LAC,NBA,1993-94,79,79,2711,331,732,295,605,36,127,167,211,107,241,348,678,120,6,232,115,865,0.452,0.488,0.283,0.477,0.791,0.524,jacksma01
Stanley Jackson,23,MIN,NBA,1993-94,17,0,92,17,33,16,28,1,5,3,3,12,15,27,16,5,0,10,13,38,0.515,0.571,0.2,0.53,1,0.554,jacksst01
Dave Jamerson,26,TOT,NBA,1993-94,5,0,14,0,7,0,7,0,0,2,3,0,4,4,1,0,0,1,0,2,0,0,,0,0.667,0.12,jamerda01
Henry James,28,LAC,NBA,1993-94,12,0,75,16,42,12,24,4,18,5,5,6,8,14,1,2,0,2,9,41,0.381,0.5,0.222,0.429,1,0.464,jameshe01
Keith Jennings,25,GSW,NBA,1993-94,76,2,1097,138,342,82,191,56,151,100,120,16,73,89,218,65,0,74,62,432,0.404,0.429,0.371,0.485,0.833,0.547,jennike01
Chris Jent,24,HOU,NBA,1993-94,3,0,78,13,26,9,15,4,11,1,2,4,11,15,7,0,0,5,13,31,0.5,0.6,0.364,0.577,0.5,0.577,jentch01
Avery Johnson,28,GSW,NBA,1993-94,82,70,2332,356,724,356,712,0,12,178,253,41,135,176,433,113,8,172,160,890,0.492,0.5,0,0.492,0.704,0.533,johnsav01
Dave Johnson,23,CHI,NBA,1993-94,17,0,119,17,54,17,53,0,1,13,21,9,7,16,4,4,0,9,7,47,0.315,0.321,0,0.315,0.619,0.372,johnsda01
Eddie Johnson,34,CHH,NBA,1993-94,73,27,1460,339,738,280,588,59,150,99,127,80,144,224,125,36,8,84,143,836,0.459,0.476,0.393,0.499,0.78,0.527,johnsed03
Ervin Johnson,26,SEA,NBA,1993-94,45,3,280,44,106,44,106,0,0,29,46,48,70,118,7,10,22,24,45,117,0.415,0.415,,0.415,0.63,0.463,johnser02
Frank Johnson,35,PHO,NBA,1993-94,70,5,875,134,299,132,287,2,12,54,69,29,53,82,148,41,1,65,120,324,0.448,0.46,0.167,0.452,0.783,0.492,johnsfr01
Kevin Johnson,27,PHO,NBA,1993-94,67,67,2449,477,980,471,953,6,27,380,464,55,112,167,637,125,10,235,127,1340,0.487,0.494,0.222,0.49,0.819,0.566,johnske02
Larry Johnson,24,CHH,NBA,1993-94,51,51,1757,346,672,341,651,5,21,137,197,143,305,448,184,29,14,116,131,834,0.515,0.524,0.238,0.519,0.695,0.55,johnsla02
Charles Jones,36,DET,NBA,1993-94,42,0,877,36,78,36,77,0,1,19,34,89,146,235,29,14,43,12,136,91,0.462,0.468,0,0.462,0.559,0.489,jonesch01
Popeye Jones,23,DAL,NBA,1993-94,81,47,1773,195,407,195,406,0,1,78,107,299,306,605,99,61,31,94,246,468,0.479,0.48,0,0.479,0.729,0.515,jonespo01
Adonis Jordan,23,DEN,NBA,1993-94,6,0,79,6,23,3,13,3,10,0,0,3,3,6,19,0,1,6,6,15,0.261,0.231,0.3,0.326,,0.326,jordaad01
Reggie Jordan,26,LAL,NBA,1993-94,23,0,259,44,103,42,99,2,4,35,51,46,21,67,26,14,5,14,26,125,0.427,0.424,0.5,0.437,0.686,0.498,jordare01
Adam Keefe,23,ATL,NBA,1993-94,63,1,763,96,213,96,213,0,0,81,111,77,124,201,34,20,9,60,80,273,0.451,0.451,,0.451,0.73,0.521,keefead01
Shawn Kemp,24,SEA,NBA,1993-94,79,73,2597,533,990,532,986,1,4,364,491,312,539,851,207,142,166,259,312,1431,0.538,0.54,0.25,0.539,0.741,0.593,kempsh01
Tim Kempton,30,TOT,NBA,1993-94,13,0,136,15,38,15,38,0,0,9,16,10,14,24,9,6,2,11,33,39,0.395,0.395,,0.395,0.563,0.433,kemptti01
Steve Kerr,28,CHI,NBA,1993-94,82,0,2036,287,577,235,453,52,124,83,97,26,105,131,210,75,3,57,97,709,0.497,0.519,0.419,0.542,0.856,0.572,kerrst01
Jerome Kersey,31,POR,NBA,1993-94,78,6,1276,203,469,202,461,1,8,101,135,130,201,331,75,71,49,63,213,508,0.433,0.438,0.125,0.434,0.748,0.481,kerseje01
Alec Kessler,27,MIA,NBA,1993-94,15,0,66,11,25,6,16,5,9,6,8,4,6,10,2,1,1,5,14,33,0.44,0.375,0.556,0.54,0.75,0.579,kesslal01
Warren Kidd,23,PHI,NBA,1993-94,68,14,884,100,169,100,169,0,0,47,86,76,157,233,19,19,23,44,129,247,0.592,0.592,,0.592,0.547,0.597,kiddwa01
Chris King,24,SEA,NBA,1993-94,15,0,86,19,48,17,41,2,7,15,26,5,10,15,11,4,0,12,12,55,0.396,0.415,0.286,0.417,0.577,0.463,kingch01
Rich King,24,SEA,NBA,1993-94,27,0,78,15,34,15,33,0,1,11,22,9,11,20,8,1,2,7,18,41,0.441,0.455,0,0.441,0.5,0.469,kingri01
Stacey King,27,TOT,NBA,1993-94,49,30,1053,146,341,146,339,0,2,93,136,90,151,241,58,31,42,83,121,385,0.428,0.431,0,0.428,0.684,0.48,kingst01
Greg Kite,32,ORL,NBA,1993-94,29,0,309,13,35,13,35,0,0,8,22,22,48,70,4,2,12,17,61,34,0.371,0.371,,0.371,0.364,0.38,kitegr01
Joe Kleine,32,PHO,NBA,1993-94,74,4,848,125,256,120,245,5,11,30,39,50,143,193,45,14,19,35,118,285,0.488,0.49,0.455,0.498,0.769,0.522,kleinjo01
Negele Knight,26,TOT,NBA,1993-94,65,18,1438,225,475,221,454,4,21,141,174,28,75,103,197,34,11,94,121,595,0.474,0.487,0.19,0.478,0.81,0.539,knighne01
Jon Koncak,30,ATL,NBA,1993-94,82,78,1823,159,369,159,366,0,3,24,36,83,282,365,102,63,125,44,236,342,0.431,0.434,0,0.431,0.667,0.444,koncajo01
Larry Krystkowiak,29,ORL,NBA,1993-94,34,11,682,71,148,71,147,0,1,31,39,38,85,123,35,14,4,29,74,173,0.48,0.483,0,0.48,0.795,0.524,krystla01
Toni Kukoc,25,CHI,NBA,1993-94,75,8,1808,313,726,281,608,32,118,156,210,98,199,297,252,81,33,167,122,814,0.431,0.462,0.271,0.453,0.743,0.497,kukocto01
Christian Laettner,24,MIN,NBA,1993-94,70,67,2428,396,883,390,858,6,25,375,479,160,442,602,307,87,86,259,264,1173,0.448,0.455,0.24,0.452,0.783,0.536,laettch01
Bill Laimbeer,36,DET,NBA,1993-94,11,5,248,47,90,44,81,3,9,11,13,9,47,56,14,6,4,10,30,108,0.522,0.543,0.333,0.539,0.846,0.564,laimbbi01
Andrew Lang,27,ATL,NBA,1993-94,82,0,1608,215,458,214,454,1,4,73,106,126,187,313,51,38,87,81,192,504,0.469,0.471,0.25,0.471,0.689,0.499,langan01
Eric Leckner,27,PHI,NBA,1993-94,71,36,1163,139,286,139,284,0,2,84,130,75,207,282,86,18,34,86,190,362,0.486,0.489,0,0.486,0.646,0.527,leckner01
Tim Legler,27,DAL,NBA,1993-94,79,0,1322,231,528,179,389,52,139,142,169,36,92,128,120,52,13,60,133,656,0.438,0.46,0.374,0.487,0.84,0.545,legleti01
Jim Les,30,SAC,NBA,1993-94,18,0,169,13,34,5,16,8,18,11,13,5,8,13,39,7,1,11,16,45,0.382,0.313,0.444,0.5,0.846,0.566,lesji01
Fat Lever,33,DAL,NBA,1993-94,81,54,1947,227,557,201,483,26,74,75,98,83,200,283,213,159,15,88,155,555,0.408,0.416,0.351,0.431,0.765,0.462,leverfa01
Marcus Liberty,25,TOT,NBA,1993-94,38,0,285,40,123,30,95,10,28,19,39,26,35,61,17,11,4,24,34,109,0.325,0.316,0.357,0.366,0.487,0.389,liberma01
Todd Lichti,27,TOT,NBA,1993-94,13,0,126,20,51,18,49,2,2,16,25,8,14,22,11,7,1,5,16,58,0.392,0.367,1,0.412,0.64,0.468,lichtto01
Brad Lohaus,29,MIL,NBA,1993-94,67,2,962,102,281,56,147,46,134,20,29,33,117,150,62,30,55,58,142,270,0.363,0.381,0.343,0.445,0.69,0.46,lohaubr01
Grant Long,27,MIA,NBA,1993-94,69,59,2201,300,672,299,666,1,6,187,238,190,305,495,170,89,26,125,244,788,0.446,0.449,0.167,0.447,0.786,0.507,longgr01
Luc Longley,25,TOT,NBA,1993-94,76,46,1502,219,465,219,464,0,1,90,125,129,304,433,109,45,79,119,216,528,0.471,0.472,0,0.471,0.72,0.508,longllu01
George Lynch,23,LAL,NBA,1993-94,71,46,1762,291,573,291,568,0,5,99,166,220,190,410,96,102,27,87,177,681,0.508,0.512,0,0.508,0.596,0.527,lynchge01
Malcolm Mackey,23,PHO,NBA,1993-94,22,0,69,14,37,14,35,0,2,4,8,12,12,24,1,0,3,2,9,32,0.378,0.4,0,0.378,0.5,0.395,mackema01
Don MacLean,24,WSB,NBA,1993-94,75,69,2487,517,1030,514,1009,3,21,328,398,140,327,467,160,47,22,152,169,1365,0.502,0.509,0.143,0.503,0.824,0.566,macledo01
Mark Macon,24,TOT,NBA,1993-94,42,1,496,69,184,67,174,2,10,23,34,18,23,41,51,39,1,40,73,163,0.375,0.385,0.2,0.38,0.676,0.41,maconma01
Gerald Madkins,24,CLE,NBA,1993-94,22,0,149,11,31,6,16,5,15,8,10,1,10,11,19,9,0,13,16,35,0.355,0.375,0.333,0.435,0.8,0.494,madkige01
Rick Mahorn,35,NJN,NBA,1993-94,28,0,226,23,47,23,46,0,1,13,20,16,38,54,5,3,5,7,38,59,0.489,0.5,0,0.489,0.65,0.529,mahorri01
Dan Majerle,28,PHO,NBA,1993-94,80,76,3207,476,1138,284,635,192,503,176,238,120,229,349,275,129,43,137,153,1320,0.418,0.447,0.382,0.503,0.739,0.531,majerda01
Jeff Malone,32,TOT,NBA,1993-94,77,73,2560,525,1081,518,1069,7,12,205,247,51,148,199,125,40,5,85,123,1262,0.486,0.485,0.583,0.489,0.83,0.53,malonje01
Karl Malone,30,UTA,NBA,1993-94,82,82,3329,772,1552,764,1520,8,32,511,736,235,705,940,328,125,126,234,268,2063,0.497,0.503,0.25,0.5,0.694,0.55,malonka01
Moses Malone,38,PHI,NBA,1993-94,55,0,618,102,232,102,231,0,1,90,117,106,120,226,34,11,17,59,52,294,0.44,0.442,0,0.44,0.769,0.519,malonmo01
Danny Manning,27,TOT,NBA,1993-94,68,66,2520,586,1201,583,1184,3,17,228,341,131,334,465,261,99,82,233,260,1403,0.488,0.492,0.176,0.489,0.669,0.519,mannida01
Roy Marble,27,DEN,NBA,1993-94,5,0,32,2,12,2,12,0,0,0,3,3,5,8,1,0,2,3,1,4,0.167,0.167,,0.167,0,0.15,marblro01
Bob Martin,24,LAC,NBA,1993-94,53,1,535,40,88,40,88,0,0,31,51,36,81,117,17,8,33,29,106,111,0.455,0.455,,0.455,0.608,0.503,martibo01
Jamal Mashburn,21,DAL,NBA,1993-94,79,73,2896,561,1382,476,1083,85,299,306,438,107,246,353,266,89,14,245,205,1513,0.406,0.44,0.284,0.437,0.699,0.48,mashbja01
Anthony Mason,27,NYK,NBA,1993-94,73,12,1903,206,433,206,432,0,1,116,161,158,269,427,151,31,9,107,190,528,0.476,0.477,0,0.476,0.72,0.524,masonan01
Marlon Maxey,24,MIN,NBA,1993-94,55,2,626,89,167,89,165,0,2,70,98,75,124,199,10,16,33,40,113,248,0.533,0.539,0,0.533,0.714,0.59,maxeyma01
Vernon Maxwell,28,HOU,NBA,1993-94,75,73,2571,380,976,260,573,120,403,143,191,42,187,229,380,125,20,185,143,1023,0.389,0.454,0.298,0.451,0.749,0.483,maxweve01
Lee Mayberry,23,MIL,NBA,1993-94,82,6,1472,167,402,126,283,41,119,58,84,26,75,101,215,46,4,97,114,433,0.415,0.445,0.345,0.466,0.69,0.493,maybele01
Xavier McDaniel,30,BOS,NBA,1993-94,82,5,1971,387,839,377,798,10,41,144,213,142,258,400,126,48,39,116,193,928,0.461,0.472,0.244,0.467,0.676,0.497,mcdanxa01
Derrick McKey,27,IND,NBA,1993-94,76,76,2613,355,710,346,679,9,31,192,254,129,273,402,327,111,49,228,248,911,0.5,0.51,0.29,0.506,0.756,0.554,mckeyde01
Nate McMillan,29,SEA,NBA,1993-94,73,8,1887,177,396,125,263,52,133,31,55,50,233,283,387,216,22,126,201,437,0.447,0.475,0.391,0.513,0.564,0.52,mcmilna01
Darnell Mee,22,DEN,NBA,1993-94,38,0,285,28,88,23,64,5,24,12,27,17,18,35,16,15,13,18,34,73,0.318,0.359,0.208,0.347,0.444,0.365,meeda01
Oliver Miller,23,PHO,NBA,1993-94,69,30,1786,277,455,275,446,2,9,80,137,140,336,476,244,83,156,164,230,636,0.609,0.617,0.222,0.611,0.584,0.617,milleol01
Reggie Miller,28,IND,NBA,1993-94,79,79,2638,524,1042,401,750,123,292,403,444,30,182,212,248,119,24,175,193,1574,0.503,0.535,0.421,0.562,0.908,0.636,millere01
Chris Mills,24,CLE,NBA,1993-94,79,18,2022,284,677,246,555,38,122,137,176,134,267,401,128,54,50,89,232,743,0.419,0.443,0.311,0.448,0.778,0.492,millsch01
Terry Mills,26,DET,NBA,1993-94,80,74,2773,588,1151,564,1078,24,73,181,227,193,479,672,177,64,62,153,309,1381,0.511,0.523,0.329,0.521,0.797,0.552,millste01
Harold Miner,22,MIA,NBA,1993-94,63,31,1358,254,532,250,526,4,6,149,180,75,81,156,95,31,13,95,132,661,0.477,0.475,0.667,0.481,0.828,0.541,minerha01
Sam Mitchell,30,IND,NBA,1993-94,75,18,1084,140,306,140,301,0,5,82,110,71,119,190,65,33,9,50,152,362,0.458,0.465,0,0.458,0.745,0.511,mitchsa01
Tracy Moore,28,DET,NBA,1993-94,3,0,10,2,3,2,3,0,0,2,2,0,1,1,0,2,0,0,0,6,0.667,0.667,,0.667,1,0.773,mooretr01
Darren Morningstar,24,TOT,NBA,1993-94,23,15,367,39,82,39,82,0,0,18,30,31,50,81,15,14,2,19,70,96,0.476,0.476,,0.476,0.6,0.504,mornida01
Chris Morris,28,NJN,NBA,1993-94,50,27,1349,203,454,150,307,53,147,85,118,91,137,228,83,55,49,52,120,544,0.447,0.489,0.361,0.506,0.72,0.538,morrich01
Alonzo Mourning,23,CHH,NBA,1993-94,60,59,2018,427,845,427,843,0,2,433,568,177,433,610,86,27,188,199,207,1287,0.505,0.507,0,0.505,0.762,0.588,mournal01
Chris Mullin,30,GSW,NBA,1993-94,62,39,2324,410,869,355,718,55,151,165,219,64,281,345,315,107,53,178,114,1040,0.472,0.494,0.364,0.503,0.753,0.539,mullich01
Eric Murdock,25,MIL,NBA,1993-94,82,76,2533,477,1019,408,851,69,168,234,288,91,170,261,546,197,12,206,189,1257,0.468,0.479,0.411,0.502,0.813,0.549,murdoer01
Gheorghe Muresan,22,WSB,NBA,1993-94,54,2,650,128,235,128,235,0,0,48,71,66,126,192,18,28,48,54,120,304,0.545,0.545,,0.545,0.676,0.571,muresgh01
Tod Murphy,30,TOT,NBA,1993-94,9,0,67,6,12,6,12,0,0,3,6,4,6,10,4,2,0,1,10,15,0.5,0.5,,0.5,0.5,0.512,murphto01
Tracy Murray,22,POR,NBA,1993-94,66,1,820,167,355,117,246,50,109,50,72,43,68,111,31,21,20,37,76,434,0.47,0.476,0.459,0.541,0.694,0.561,murratr01
Jerrod Mustaf,24,PHO,NBA,1993-94,33,2,196,30,84,30,84,0,0,13,22,20,35,55,8,4,5,10,29,73,0.357,0.357,,0.357,0.591,0.39,mustaje01
Dikembe Mutombo,27,DEN,NBA,1993-94,82,82,2853,365,642,365,641,0,1,256,439,286,685,971,127,59,336,206,262,986,0.569,0.569,0,0.569,0.583,0.59,mutomdi01
Pete Myers,30,CHI,NBA,1993-94,82,81,2030,253,556,245,527,8,29,136,194,54,127,181,245,78,20,136,195,650,0.455,0.465,0.276,0.462,0.701,0.507,myerspe01
Larry Nance,34,CLE,NBA,1993-94,33,19,909,153,314,153,314,0,0,64,85,77,150,227,49,27,55,38,96,370,0.487,0.487,,0.487,0.753,0.526,nancela01
Chuck Nevitt,34,SAS,NBA,1993-94,1,0,1,0,0,0,0,0,0,3,6,1,0,1,0,0,0,1,1,3,,,,,0.5,0.568,nevitch01
Johnny Newman,30,TOT,NBA,1993-94,81,18,1697,313,664,289,574,24,90,182,225,86,94,180,72,69,27,90,196,832,0.471,0.503,0.267,0.489,0.809,0.545,newmajo01
Ken Norman,29,MIL,NBA,1993-94,82,75,2539,412,919,349,730,63,189,92,183,169,331,500,222,58,46,150,209,979,0.448,0.478,0.333,0.483,0.503,0.49,normake01
Shaquille O'Neal,21,ORL,NBA,1993-94,81,81,3224,953,1591,953,1589,0,2,471,850,384,688,1072,195,76,231,222,281,2377,0.599,0.6,0,0.599,0.554,0.605,onealsh01
Dan O'Sullivan,25,DET,NBA,1993-94,13,0,56,4,12,4,12,0,0,9,12,2,8,10,3,0,0,3,10,17,0.333,0.333,,0.333,0.75,0.492,osullda01
Charles Oakley,30,NYK,NBA,1993-94,82,82,2932,363,760,363,757,0,3,243,313,349,616,965,218,110,18,193,293,969,0.478,0.48,0,0.478,0.776,0.54,oaklech01
Hakeem Olajuwon,31,HOU,NBA,1993-94,80,80,3277,894,1694,886,1675,8,19,388,542,229,726,955,287,128,297,271,289,2184,0.528,0.529,0.421,0.53,0.716,0.565,olajuha01
Jimmy Oliver,24,BOS,NBA,1993-94,44,6,540,89,214,76,182,13,32,25,33,8,38,46,33,16,1,21,39,216,0.416,0.418,0.406,0.446,0.758,0.473,oliveji01
Bo Outlaw,22,LAC,NBA,1993-94,37,14,871,98,167,98,165,0,2,61,103,81,131,212,36,36,37,31,94,257,0.587,0.594,0,0.587,0.592,0.605,outlabo01
Doug Overton,24,WSB,NBA,1993-94,61,1,749,87,216,86,205,1,11,43,52,19,50,69,92,21,1,54,48,218,0.403,0.42,0.091,0.405,0.827,0.456,overtdo01
Billy Owens,24,GSW,NBA,1993-94,79,72,2738,492,971,489,956,3,15,199,326,230,410,640,326,83,60,214,269,1186,0.507,0.512,0.2,0.508,0.61,0.532,owensbi01
Robert Pack,24,DEN,NBA,1993-94,66,4,1382,223,503,217,474,6,29,179,236,25,98,123,356,81,9,204,147,631,0.443,0.458,0.207,0.449,0.758,0.52,packro01
Gerald Paddio,28,TOT,NBA,1993-94,18,1,137,22,60,22,59,0,1,9,16,5,11,16,11,4,0,6,9,53,0.367,0.373,0,0.367,0.563,0.395,paddige01
Robert Parish,40,BOS,NBA,1993-94,74,74,1987,356,725,356,725,0,0,154,208,141,401,542,82,42,96,108,190,866,0.491,0.491,,0.491,0.74,0.53,parisro01
John Paxson,33,CHI,NBA,1993-94,27,0,343,30,68,21,46,9,22,1,2,3,17,20,33,7,2,6,18,70,0.441,0.457,0.409,0.507,0.5,0.508,paxsojo01
Gary Payton,25,SEA,NBA,1993-94,82,82,2881,584,1159,569,1105,15,54,166,279,105,164,269,494,188,19,173,227,1349,0.504,0.515,0.278,0.51,0.595,0.526,paytoga01
Anthony Peeler,24,LAL,NBA,1993-94,30,30,923,176,409,162,346,14,63,57,71,48,61,109,94,43,8,59,93,423,0.43,0.468,0.222,0.447,0.803,0.48,peelean01
Mike Peplowski,23,SAC,NBA,1993-94,55,19,667,76,141,76,140,0,1,24,44,49,120,169,24,17,25,34,131,176,0.539,0.543,0,0.539,0.545,0.549,peplomi01
Will Perdue,28,CHI,NBA,1993-94,43,6,397,47,112,47,111,0,1,23,32,40,86,126,34,8,11,42,61,117,0.42,0.423,0,0.42,0.719,0.464,perduwi01
Sam Perkins,32,SEA,NBA,1993-94,81,41,2170,341,779,242,509,99,270,218,272,120,246,366,111,67,31,103,197,999,0.438,0.475,0.367,0.501,0.801,0.556,perkisa01
Elliot Perry,24,PHO,NBA,1993-94,27,9,432,42,113,42,110,0,3,21,28,12,27,39,125,25,1,43,36,105,0.372,0.382,0,0.372,0.75,0.419,perryel01
Tim Perry,28,PHI,NBA,1993-94,80,68,2336,272,625,199,425,73,200,102,176,117,287,404,94,60,82,80,154,719,0.435,0.468,0.365,0.494,0.58,0.512,perryti01
Chuck Person,29,MIN,NBA,1993-94,77,37,2029,356,843,256,571,100,272,82,108,55,198,253,185,45,12,121,164,894,0.422,0.448,0.368,0.482,0.759,0.502,persoch01
Richard Petruska,25,HOU,NBA,1993-94,22,0,92,20,46,13,31,7,15,6,8,9,22,31,1,2,3,15,15,53,0.435,0.419,0.467,0.511,0.75,0.535,petruri01
Bobby Phills,24,CLE,NBA,1993-94,72,53,1531,242,514,241,502,1,12,113,157,71,141,212,133,67,12,63,135,598,0.471,0.48,0.083,0.472,0.72,0.513,phillbo01
Ricky Pierce,34,SEA,NBA,1993-94,51,0,1022,272,577,266,545,6,32,189,211,29,54,83,91,42,5,64,84,739,0.471,0.488,0.188,0.477,0.896,0.552,piercri01
Ed Pinckney,30,BOS,NBA,1993-94,76,35,1524,151,289,151,289,0,0,92,125,160,318,478,62,58,44,62,131,394,0.522,0.522,,0.522,0.736,0.573,pincked01
Scottie Pippen,28,CHI,NBA,1993-94,72,72,2759,627,1278,564,1081,63,197,270,409,173,456,629,403,211,58,232,227,1587,0.491,0.522,0.32,0.515,0.66,0.544,pippesc01
Olden Polynice,29,TOT,NBA,1993-94,68,65,2402,346,662,346,660,0,2,97,191,299,510,809,41,42,67,78,189,789,0.523,0.524,0,0.523,0.508,0.529,polynol01
Terry Porter,30,POR,NBA,1993-94,77,34,2074,348,836,238,554,110,282,204,234,45,170,215,401,79,18,166,132,1010,0.416,0.43,0.39,0.482,0.872,0.538,portete01
Brent Price,25,WSB,NBA,1993-94,65,13,1035,141,326,91,176,50,150,68,87,31,59,90,213,55,2,119,114,400,0.433,0.517,0.333,0.509,0.782,0.549,pricebr01
Mark Price,29,CLE,NBA,1993-94,76,73,2386,480,1005,362,708,118,297,238,268,39,189,228,589,103,11,189,93,1316,0.478,0.511,0.397,0.536,0.888,0.586,pricema01
Dino Radja,26,BOS,NBA,1993-94,80,47,2303,491,942,491,941,0,1,226,301,191,386,577,114,70,67,149,276,1208,0.521,0.522,0,0.521,0.751,0.562,radjadi01
Kurt Rambis,35,LAL,NBA,1993-94,50,1,635,59,114,59,113,0,1,46,71,84,105,189,32,22,23,26,89,164,0.518,0.522,0,0.518,0.648,0.565,rambiku01
Mark Randall,26,DEN,NBA,1993-94,28,0,155,17,50,15,36,2,14,22,28,9,13,22,11,8,3,10,18,58,0.34,0.417,0.143,0.36,0.786,0.465,randama01
J.R. Reid,25,SAS,NBA,1993-94,70,11,1344,260,530,260,527,0,3,107,153,91,129,220,73,43,25,84,165,627,0.491,0.493,0,0.491,0.699,0.525,reidjr01
Glen Rice,26,MIA,NBA,1993-94,81,81,2999,663,1421,531,1075,132,346,250,284,76,358,434,184,110,32,130,186,1708,0.467,0.494,0.382,0.513,0.88,0.552,ricegl01
Pooh Richardson,27,IND,NBA,1993-94,37,25,1022,160,354,157,342,3,12,47,77,28,82,110,237,32,3,88,78,370,0.452,0.459,0.25,0.456,0.61,0.477,richapo01
Mitch Richmond,28,SAC,NBA,1993-94,78,78,2897,635,1428,508,1116,127,312,426,511,70,216,286,313,103,17,216,211,1823,0.445,0.455,0.407,0.489,0.834,0.551,richmmi01
Isaiah Rider,22,MIN,NBA,1993-94,79,60,2415,522,1115,468,965,54,150,215,265,118,197,315,202,54,28,218,194,1313,0.468,0.485,0.36,0.492,0.811,0.533,rideris01
Eric Riley,23,HOU,NBA,1993-94,47,2,219,34,70,34,69,0,1,20,37,24,35,59,9,5,9,15,30,88,0.486,0.493,0,0.486,0.541,0.51,rileyer01
Doc Rivers,32,NYK,NBA,1993-94,19,19,499,55,127,36,75,19,52,14,22,4,35,39,100,25,5,29,44,143,0.433,0.48,0.365,0.508,0.636,0.523,riverdo01
Stanley Roberts,23,LAC,NBA,1993-94,14,14,350,43,100,43,100,0,0,18,44,27,66,93,11,6,25,24,54,104,0.43,0.43,,0.43,0.409,0.436,roberst01
Clifford Robinson,27,POR,NBA,1993-94,82,64,2853,641,1404,628,1351,13,53,352,460,164,386,550,159,118,111,169,263,1647,0.457,0.465,0.245,0.461,0.765,0.513,robincl02
David Robinson,28,SAS,NBA,1993-94,80,80,3241,840,1658,830,1629,10,29,693,925,241,614,855,381,139,265,253,228,2383,0.507,0.51,0.345,0.51,0.749,0.577,robinda01
James Robinson,23,POR,NBA,1993-94,58,3,673,104,285,81,212,23,73,45,67,34,44,78,68,30,15,52,69,276,0.365,0.382,0.315,0.405,0.672,0.439,robinja02
Larry Robinson,26,HOU,NBA,1993-94,6,0,55,10,20,8,12,2,8,3,8,4,6,10,6,7,0,10,8,25,0.5,0.667,0.25,0.55,0.375,0.531,robinla01
Rumeal Robinson,27,TOT,NBA,1993-94,31,0,396,55,152,47,132,8,20,13,29,6,26,32,63,18,3,43,48,131,0.362,0.356,0.4,0.388,0.448,0.398,robinru01
Dennis Rodman,32,SAS,NBA,1993-94,79,51,2989,156,292,151,268,5,24,53,102,453,914,1367,184,52,32,138,229,370,0.534,0.563,0.208,0.543,0.52,0.549,rodmade01
Rodney Rogers,22,DEN,NBA,1993-94,79,14,1406,239,545,204,453,35,92,127,189,90,136,226,101,63,48,131,195,640,0.439,0.45,0.38,0.471,0.672,0.509,rogerro01
Tree Rollins,38,ORL,NBA,1993-94,45,1,384,29,53,29,53,0,0,18,30,33,63,96,9,7,35,13,55,76,0.547,0.547,,0.547,0.6,0.574,rollitr01
Sean Rooks,24,DAL,NBA,1993-94,47,28,1255,193,393,193,392,0,1,150,210,84,175,259,49,21,44,80,109,536,0.491,0.492,0,0.491,0.714,0.552,rooksse01
Donald Royal,27,ORL,NBA,1993-94,74,0,1357,174,347,174,345,0,2,199,269,94,154,248,61,50,16,76,121,547,0.501,0.504,0,0.501,0.74,0.588,royaldo01
Bryon Russell,23,UTA,NBA,1993-94,67,48,1121,135,279,133,257,2,22,62,101,61,120,181,54,68,19,55,138,334,0.484,0.518,0.091,0.487,0.614,0.516,russebr01
John Salley,29,MIA,NBA,1993-94,76,45,1910,208,436,206,433,2,3,164,225,132,275,407,135,56,78,94,260,582,0.477,0.476,0.667,0.479,0.729,0.544,sallejo01
Danny Schayes,34,TOT,NBA,1993-94,36,6,363,28,84,28,84,0,0,29,32,31,48,79,13,10,10,23,45,85,0.333,0.333,,0.333,0.906,0.433,schayda01
Steve Scheffler,26,SEA,NBA,1993-94,35,1,152,28,46,28,46,0,0,19,20,11,15,26,6,7,0,8,25,75,0.609,0.609,,0.609,0.95,0.684,schefst01
Dwayne Schintzius,25,NJN,NBA,1993-94,30,7,319,29,84,29,84,0,0,10,17,26,63,89,13,7,17,13,49,68,0.345,0.345,,0.345,0.588,0.372,schindw01
Detlef Schrempf,31,SEA,NBA,1993-94,81,80,2728,445,903,423,835,22,68,300,390,144,310,454,275,73,9,173,273,1212,0.493,0.507,0.324,0.505,0.769,0.564,schrede01
Byron Scott,32,IND,NBA,1993-94,67,2,1197,256,548,229,474,27,74,157,195,19,91,110,133,62,9,103,80,696,0.467,0.483,0.365,0.492,0.805,0.549,scottby01
Dennis Scott,25,ORL,NBA,1993-94,82,37,2283,384,949,229,561,155,388,123,159,54,164,218,216,81,32,93,161,1046,0.405,0.408,0.399,0.486,0.774,0.513,scottde01
Malik Sealy,23,IND,NBA,1993-94,43,5,623,111,274,107,258,4,16,59,87,43,75,118,48,31,8,51,84,285,0.405,0.415,0.25,0.412,0.678,0.456,sealyma01
Rony Seikaly,28,MIA,NBA,1993-94,72,60,2410,392,803,392,801,0,2,304,422,244,496,740,136,59,100,195,279,1088,0.488,0.489,0,0.488,0.72,0.55,seikaro01
Brian Shaw,27,MIA,NBA,1993-94,77,52,2037,278,667,205,451,73,216,64,89,104,246,350,385,71,21,173,195,693,0.417,0.455,0.338,0.472,0.719,0.491,shawbr01
Lionel Simmons,25,SAC,NBA,1993-94,75,74,2702,436,996,430,979,6,17,251,323,168,394,562,305,104,50,183,189,1129,0.438,0.439,0.353,0.441,0.777,0.496,simmoli01
Scott Skiles,29,ORL,NBA,1993-94,82,46,2303,276,644,208,479,68,165,195,222,42,147,189,503,47,2,193,171,815,0.429,0.434,0.412,0.481,0.878,0.549,skilesc01
Charles Smith,28,NYK,NBA,1993-94,43,21,1105,176,397,168,381,8,16,87,121,66,99,165,50,26,45,64,144,447,0.443,0.441,0.5,0.453,0.719,0.496,smithch01
Chris Smith,23,MIN,NBA,1993-94,80,16,1617,184,423,174,384,10,39,95,141,15,107,122,285,38,18,101,131,473,0.435,0.453,0.256,0.447,0.674,0.488,smithch03
Doug Smith,24,DAL,NBA,1993-94,79,42,1684,295,678,293,669,2,9,106,127,114,235,349,119,82,38,93,287,698,0.435,0.438,0.222,0.437,0.835,0.476,smithdo03
Kenny Smith,28,HOU,NBA,1993-94,78,78,2209,341,711,252,491,89,220,135,155,24,114,138,327,59,4,126,121,906,0.48,0.513,0.405,0.542,0.871,0.581,smithke01
LaBradford Smith,24,TOT,NBA,1993-94,66,2,877,124,306,103,246,21,60,63,84,34,50,84,109,40,5,50,96,332,0.405,0.419,0.35,0.44,0.75,0.484,smithla02
Reggie Smith,23,POR,NBA,1993-94,43,9,316,29,72,29,72,0,0,18,38,40,59,99,4,12,6,12,47,76,0.403,0.403,,0.403,0.474,0.428,smithre01
Steve Smith,24,MIA,NBA,1993-94,78,77,2776,491,1076,400,814,91,262,273,327,156,196,352,394,84,35,202,217,1346,0.456,0.491,0.347,0.499,0.835,0.552,smithst01
Tony Smith,25,LAL,NBA,1993-94,73,31,1617,272,617,256,567,16,50,85,119,106,89,195,148,59,14,76,128,645,0.441,0.451,0.32,0.454,0.714,0.482,smithto02
Rik Smits,27,IND,NBA,1993-94,78,75,2113,493,923,493,922,0,1,238,300,135,348,483,156,49,82,151,281,1224,0.534,0.535,0,0.534,0.793,0.58,smitsri01
Andre Spencer,29,TOT,NBA,1993-94,28,1,349,52,118,52,118,0,0,55,77,30,43,73,22,19,7,21,43,159,0.441,0.441,,0.441,0.714,0.523,spencan01
Elmore Spencer,24,LAC,NBA,1993-94,76,63,1930,288,540,288,538,0,2,97,162,96,319,415,75,30,127,168,208,673,0.533,0.535,0,0.533,0.599,0.55,spencel01
Felton Spencer,26,UTA,NBA,1993-94,79,79,2210,256,507,256,507,0,0,165,272,235,423,658,43,41,67,127,304,677,0.505,0.505,,0.505,0.607,0.54,spencfe01
Latrell Sprewell,23,GSW,NBA,1993-94,82,82,3533,613,1417,472,1026,141,391,353,456,80,321,401,385,180,76,226,158,1720,0.433,0.46,0.361,0.482,0.774,0.532,sprewla01
John Starks,28,NYK,NBA,1993-94,59,54,2057,410,977,297,640,113,337,187,248,37,148,185,348,95,6,184,191,1120,0.42,0.464,0.335,0.477,0.754,0.516,starkjo01
Larry Stewart,25,WSB,NBA,1993-94,3,0,35,3,8,3,8,0,0,7,10,1,6,7,2,2,1,2,4,13,0.375,0.375,,0.375,0.7,0.524,stewala01
Bryant Stith,23,DEN,NBA,1993-94,82,82,2853,365,811,363,802,2,9,291,351,119,230,349,199,116,16,131,165,1023,0.45,0.453,0.222,0.451,0.829,0.53,stithbr01
John Stockton,31,UTA,NBA,1993-94,82,82,2969,458,868,410,719,48,149,272,338,72,186,258,1031,199,22,266,236,1236,0.528,0.57,0.322,0.555,0.805,0.608,stockjo01
Rod Strickland,27,POR,NBA,1993-94,82,58,2889,528,1093,526,1083,2,10,353,471,122,248,370,740,147,24,257,171,1411,0.483,0.486,0.2,0.484,0.749,0.543,stricro02
Derek Strong,25,MIL,NBA,1993-94,67,11,1131,141,341,138,328,3,13,159,206,109,172,281,48,38,14,61,69,444,0.413,0.421,0.231,0.418,0.772,0.514,stronde01
Isiah Thomas,32,DET,NBA,1993-94,58,56,1750,318,763,279,637,39,126,181,258,46,113,159,399,68,6,202,126,856,0.417,0.438,0.31,0.442,0.702,0.488,thomais01
Kevin Thompson,22,POR,NBA,1993-94,14,0,58,6,14,6,13,0,1,1,2,7,6,13,3,0,2,5,11,13,0.429,0.462,0,0.429,0.5,0.437,thompke01
LaSalle Thompson,32,IND,NBA,1993-94,30,1,282,27,77,27,77,0,0,16,30,26,49,75,16,10,8,23,59,70,0.351,0.351,,0.351,0.533,0.388,thompla01
Otis Thorpe,31,HOU,NBA,1993-94,82,82,2909,449,801,449,799,0,2,251,382,271,599,870,189,66,28,185,253,1149,0.561,0.562,0,0.561,0.657,0.593,thorpot01
Sedale Threatt,32,LAL,NBA,1993-94,81,20,2278,411,852,406,819,5,33,138,155,28,125,153,344,110,19,106,186,965,0.482,0.496,0.152,0.485,0.89,0.524,threase01
Wayman Tisdale,29,SAC,NBA,1993-94,79,77,2557,552,1102,552,1102,0,0,215,266,159,401,560,139,37,52,124,290,1319,0.501,0.501,,0.501,0.808,0.541,tisdawa01
Tom Tolbert,28,LAC,NBA,1993-94,49,6,640,74,177,68,161,6,16,33,45,36,72,108,30,13,15,39,61,187,0.418,0.422,0.375,0.435,0.733,0.475,tolbeto01
Sedric Toney,31,CLE,NBA,1993-94,12,0,64,2,12,2,11,0,1,2,2,1,2,3,11,0,0,5,8,6,0.167,0.182,0,0.167,1,0.233,toneyse01
Keith Tower,23,ORL,NBA,1993-94,11,0,32,4,9,4,9,0,0,0,0,0,6,6,1,0,0,0,6,8,0.444,0.444,,0.444,,0.444,towerke01
Jeff Turner,31,ORL,NBA,1993-94,68,51,1536,199,426,181,371,18,55,35,45,79,192,271,60,23,11,75,239,451,0.467,0.488,0.327,0.488,0.778,0.506,turneje01
Nick Van Exel,22,LAL,NBA,1993-94,81,80,2700,413,1049,290,685,123,364,150,192,47,191,238,466,85,8,145,154,1099,0.394,0.423,0.338,0.452,0.781,0.485,vanexni01
Loy Vaught,25,LAC,NBA,1993-94,75,56,2118,373,695,373,690,0,5,131,182,218,438,656,74,76,22,96,221,877,0.537,0.541,0,0.537,0.72,0.566,vaughlo01
Kenny Walker,29,WSB,NBA,1993-94,73,4,1397,132,274,132,271,0,3,87,125,118,171,289,33,26,59,44,156,351,0.482,0.487,0,0.482,0.696,0.533,walkeke01
Rex Walters,23,NJN,NBA,1993-94,48,0,386,60,115,46,87,14,28,28,34,6,32,38,71,15,3,30,41,162,0.522,0.529,0.5,0.583,0.824,0.623,waltere01
Clarence Weatherspoon,23,PHI,NBA,1993-94,82,82,3147,602,1246,598,1229,4,17,298,430,254,578,832,192,100,116,195,152,1506,0.483,0.487,0.235,0.485,0.693,0.525,weathcl01
Spud Webb,30,SAC,NBA,1993-94,79,62,2567,373,810,318,646,55,164,204,251,44,178,222,528,93,23,168,182,1005,0.46,0.492,0.335,0.494,0.813,0.546,webbsp01
Chris Webber,20,GSW,NBA,1993-94,76,76,2438,572,1037,572,1023,0,14,189,355,305,389,694,272,93,164,206,247,1333,0.552,0.559,0,0.552,0.532,0.559,webbech01
Bill Wennington,30,CHI,NBA,1993-94,76,0,1371,235,482,235,480,0,2,72,88,117,236,353,70,43,29,75,214,542,0.488,0.49,0,0.488,0.818,0.52,wennibi01
Matt Wenstrom,23,BOS,NBA,1993-94,11,0,37,6,10,6,10,0,0,6,10,6,6,12,0,0,2,4,7,18,0.6,0.6,,0.6,0.6,0.625,wenstma01
David Wesley,23,NJN,NBA,1993-94,60,0,542,64,174,53,127,11,47,44,53,10,34,44,123,38,4,52,47,183,0.368,0.417,0.234,0.399,0.83,0.464,wesleda01
Doug West,26,MIN,NBA,1993-94,72,61,2182,434,891,433,883,1,8,187,231,61,170,231,172,65,24,137,236,1056,0.487,0.49,0.125,0.488,0.81,0.532,westdo01
Mark West,33,PHO,NBA,1993-94,82,50,1236,162,286,162,286,0,0,58,116,112,183,295,33,31,109,74,214,382,0.566,0.566,,0.566,0.5,0.567,westma01
Ennis Whatley,31,ATL,NBA,1993-94,82,1,1004,120,236,120,230,0,6,52,66,22,77,99,181,59,2,78,93,292,0.508,0.522,0,0.508,0.788,0.551,whatlen01
Randy White,26,DAL,NBA,1993-94,18,3,320,45,112,39,92,6,20,19,33,30,53,83,11,10,10,18,46,115,0.402,0.424,0.3,0.429,0.576,0.454,whitera01
Chris Whitney,22,SAS,NBA,1993-94,40,4,339,25,82,15,52,10,30,12,15,5,24,29,53,11,1,37,53,72,0.305,0.288,0.333,0.366,0.8,0.406,whitnch01
Morlon Wiley,27,TOT,NBA,1993-94,16,0,158,9,29,6,19,3,10,0,0,0,10,10,23,15,0,17,21,21,0.31,0.316,0.3,0.362,,0.362,wileymo01
Dominique Wilkins,34,TOT,NBA,1993-94,74,74,2635,698,1588,613,1293,85,295,442,522,182,299,481,169,92,30,172,126,1923,0.44,0.474,0.288,0.466,0.847,0.529,wilkido01
Gerald Wilkins,30,CLE,NBA,1993-94,82,82,2768,446,975,362,763,84,212,194,250,106,197,303,255,105,38,131,186,1170,0.457,0.474,0.396,0.501,0.776,0.539,wilkige01
Aaron Williams,22,UTA,NBA,1993-94,6,0,12,2,8,2,8,0,0,0,1,1,2,3,1,0,0,1,4,4,0.25,0.25,,0.25,0,0.237,williaa01
Buck Williams,33,POR,NBA,1993-94,81,81,2636,291,524,291,523,0,1,201,296,315,528,843,80,58,47,111,239,783,0.555,0.556,0,0.555,0.679,0.598,willibu01
Corey Williams,23,MIN,NBA,1993-94,4,0,46,5,13,5,12,0,1,1,1,1,5,6,6,2,0,2,6,11,0.385,0.417,0,0.385,1,0.409,willico01
Herb Williams,35,NYK,NBA,1993-94,70,3,774,103,233,103,232,0,1,27,42,56,126,182,28,18,43,39,108,233,0.442,0.444,0,0.442,0.643,0.463,willihe01
Hot Rod Williams,31,CLE,NBA,1993-94,76,72,2660,394,825,394,825,0,0,252,346,207,368,575,193,78,130,139,219,1040,0.478,0.478,,0.478,0.728,0.532,williho01
Jayson Williams,25,NJN,NBA,1993-94,70,0,877,125,293,125,293,0,0,72,119,109,154,263,26,17,36,35,140,322,0.427,0.427,,0.427,0.605,0.466,willija01
John Williams,27,LAC,NBA,1993-94,34,6,725,81,188,76,168,5,20,24,36,37,90,127,97,25,10,35,85,191,0.431,0.452,0.25,0.444,0.667,0.469,willijo02
Kenny Williams,24,IND,NBA,1993-94,68,1,982,191,391,191,387,0,4,45,64,93,112,205,52,24,49,45,99,427,0.488,0.494,0,0.488,0.703,0.509,willike03
Lorenzo Williams,24,TOT,NBA,1993-94,38,11,716,49,110,49,109,0,1,12,28,95,122,217,25,18,46,22,92,110,0.445,0.45,0,0.445,0.429,0.45,willilo01
Micheal Williams,27,MIN,NBA,1993-94,71,66,2206,314,687,304,642,10,45,333,397,67,154,221,512,118,24,203,193,971,0.457,0.474,0.222,0.464,0.839,0.563,willimi02
Reggie Williams,29,DEN,NBA,1993-94,82,68,2654,418,1014,354,784,64,230,165,225,98,294,392,300,117,66,163,288,1065,0.412,0.452,0.278,0.444,0.733,0.478,willire01
Scott Williams,25,CHI,NBA,1993-94,38,11,638,114,236,113,231,1,5,60,98,69,112,181,39,16,21,44,112,289,0.483,0.489,0.2,0.485,0.612,0.518,willisc01
Walt Williams,23,SAC,NBA,1993-94,57,4,1356,226,580,188,448,38,132,148,233,71,164,235,132,52,23,145,200,638,0.39,0.42,0.288,0.422,0.635,0.467,williwa02
Kevin Willis,31,ATL,NBA,1993-94,80,80,2867,627,1257,618,1233,9,24,268,376,335,628,963,150,79,38,188,250,1531,0.499,0.501,0.375,0.502,0.713,0.538,willike02
Trevor Wilson,25,TOT,NBA,1993-94,57,13,1221,187,388,187,386,0,2,92,166,120,153,273,72,38,11,93,123,466,0.482,0.484,0,0.482,0.554,0.505,wilsotr01
David Wingate,30,CHH,NBA,1993-94,50,36,1005,136,283,132,271,4,12,34,51,30,104,134,104,42,6,53,85,310,0.481,0.487,0.333,0.488,0.667,0.507,wingada01
David Wood,29,DET,NBA,1993-94,78,3,1182,119,259,97,210,22,49,62,82,104,135,239,51,39,19,35,201,322,0.459,0.462,0.449,0.502,0.756,0.546,woodda01
Randy Woods,23,LAC,NBA,1993-94,40,0,352,49,133,22,55,27,78,20,35,13,16,29,71,24,2,34,40,145,0.368,0.4,0.346,0.47,0.571,0.489,woodsra01
Orlando Woolridge,34,PHI,NBA,1993-94,74,1,1955,364,773,363,759,1,14,208,302,103,195,298,139,41,56,142,186,937,0.471,0.478,0.071,0.472,0.689,0.517,woolror01
Haywoode Workman,28,IND,NBA,1993-94,65,52,1714,195,460,177,404,18,56,93,116,32,172,204,404,85,4,151,152,501,0.424,0.438,0.321,0.443,0.802,0.49,workmha01
James Worthy,32,LAL,NBA,1993-94,80,2,1597,340,838,308,727,32,111,100,135,48,133,181,154,45,18,97,80,812,0.406,0.424,0.288,0.425,0.741,0.452,worthja01
Luther Wright,22,UTA,NBA,1993-94,15,2,92,8,23,8,22,0,1,3,4,6,4,10,0,1,2,6,21,19,0.348,0.364,0,0.348,0.75,0.384,wrighlu01
Alaa Abdelnaby,26,TOT,NBA,1994-95,54,0,506,118,231,118,229,0,2,20,35,37,77,114,13,15,12,45,104,256,0.511,0.515,0,0.511,0.571,0.519,abdelal01
Mahmoud Abdul-Rauf,25,DEN,NBA,1994-95,73,43,2082,472,1005,389,790,83,215,138,156,32,105,137,263,77,9,119,126,1165,0.47,0.492,0.386,0.511,0.885,0.543,abdulma02
Michael Adams,32,CHH,NBA,1994-95,29,0,443,67,148,38,67,29,81,25,30,6,23,29,95,23,1,26,41,188,0.453,0.567,0.358,0.551,0.833,0.583,adamsmi01
Rafael Addison,30,DET,NBA,1994-95,79,16,1776,279,586,255,503,24,83,74,99,67,175,242,109,53,25,76,236,656,0.476,0.507,0.289,0.497,0.747,0.521,addisra01
Danny Ainge,35,PHO,NBA,1994-95,74,1,1374,194,422,116,208,78,214,105,130,25,84,109,210,46,7,79,155,571,0.46,0.558,0.364,0.552,0.808,0.596,aingeda01
Victor Alexander,25,GSW,NBA,1994-95,50,29,1237,230,447,224,422,6,25,36,60,87,204,291,60,28,29,76,145,502,0.515,0.531,0.24,0.521,0.6,0.53,alexavi01
Derrick Alston,22,PHI,NBA,1994-95,64,1,1032,120,258,120,254,0,4,59,120,98,121,219,33,39,35,53,107,299,0.465,0.472,0,0.465,0.492,0.481,alstode01
Greg Anderson,30,ATL,NBA,1994-95,51,0,622,57,104,57,104,0,0,34,71,62,126,188,17,23,32,32,103,148,0.548,0.548,,0.548,0.479,0.547,andergr01
Kenny Anderson,24,NJN,NBA,1994-95,72,70,2689,411,1031,314,737,97,294,348,414,73,177,250,680,103,14,225,184,1267,0.399,0.426,0.33,0.446,0.841,0.522,anderke01
Nick Anderson,27,ORL,NBA,1994-95,76,76,2588,439,923,260,492,179,431,143,203,85,250,335,314,125,22,141,124,1200,0.476,0.528,0.415,0.573,0.704,0.593,anderni01
Willie Anderson,28,SAS,NBA,1994-95,38,11,556,76,162,73,143,3,19,30,41,15,40,55,52,26,10,38,71,185,0.469,0.51,0.158,0.478,0.732,0.514,anderwi01
Greg Anthony,27,NYK,NBA,1994-95,61,2,943,128,293,72,138,56,155,60,76,7,57,64,160,50,7,57,99,372,0.437,0.522,0.361,0.532,0.789,0.57,anthogr01
B.J. Armstrong,27,CHI,NBA,1994-95,82,82,2577,418,894,310,641,108,253,206,233,25,161,186,244,84,8,103,159,1150,0.468,0.484,0.427,0.528,0.884,0.577,armstbj01
Darrell Armstrong,26,ORL,NBA,1994-95,3,0,8,3,8,1,2,2,6,2,2,1,0,1,3,1,0,1,3,10,0.375,0.5,0.333,0.5,1,0.563,armstda01
Vincent Askew,28,SEA,NBA,1994-95,71,1,1721,248,504,217,410,31,94,176,238,65,116,181,176,49,13,85,191,703,0.492,0.529,0.33,0.523,0.739,0.577,askewvi01
Keith Askins,27,MIA,NBA,1994-95,50,5,854,81,207,60,129,21,78,46,57,86,112,198,39,35,17,25,109,229,0.391,0.465,0.269,0.442,0.807,0.493,askinke01
Stacey Augmon,26,ATL,NBA,1994-95,76,76,2362,397,876,390,850,7,26,252,346,157,211,368,197,100,47,152,163,1053,0.453,0.459,0.269,0.457,0.728,0.512,augmost01
Anthony Avent,25,ORL,NBA,1994-95,71,3,1066,105,244,105,244,0,0,48,75,97,196,293,41,28,50,53,170,258,0.43,0.43,,0.43,0.64,0.466,aventan01
Vin Baker,23,MIL,NBA,1994-95,82,82,3361,594,1229,587,1205,7,24,256,432,289,557,846,296,86,116,221,277,1451,0.483,0.487,0.292,0.486,0.593,0.511,bakervi01
Charles Barkley,31,PHO,NBA,1994-95,68,66,2382,554,1141,480,922,74,219,379,507,203,553,756,276,110,45,150,201,1561,0.486,0.521,0.338,0.518,0.748,0.572,barklch01
Dana Barros,27,PHI,NBA,1994-95,82,82,3318,571,1165,374,740,197,425,347,386,27,247,274,619,149,4,242,159,1686,0.49,0.505,0.464,0.575,0.899,0.632,barroda01
Jon Barry,25,MIL,NBA,1994-95,52,0,602,57,134,41,86,16,48,61,80,15,34,49,85,30,4,41,54,191,0.425,0.477,0.333,0.485,0.763,0.564,barryjo01
John Battle,32,CLE,NBA,1994-95,28,0,280,43,114,32,83,11,31,19,26,3,8,11,37,8,1,17,28,116,0.377,0.386,0.355,0.425,0.731,0.462,battljo01
Sergei Bazarevich,29,ATL,NBA,1994-95,10,0,74,11,22,10,16,1,6,7,9,1,6,7,14,1,1,7,10,30,0.5,0.625,0.167,0.523,0.778,0.578,bazarse01
Benoit Benjamin,30,NJN,NBA,1994-95,61,57,1598,271,531,271,531,0,0,133,175,94,346,440,38,23,64,125,151,675,0.51,0.51,,0.51,0.76,0.555,benjabe01
Elmer Bennett,24,CLE,NBA,1994-95,4,0,18,6,11,6,9,0,2,3,4,0,1,1,3,4,0,3,3,15,0.545,0.667,0,0.545,0.75,0.588,benneel01
Tony Bennett,25,CHH,NBA,1994-95,3,0,46,6,13,4,4,2,9,0,0,0,2,2,4,0,0,3,6,14,0.462,1,0.222,0.538,,0.538,benneto01
David Benoit,26,UTA,NBA,1994-95,71,67,1841,285,587,247,472,38,115,132,157,96,272,368,58,45,47,75,183,740,0.486,0.523,0.33,0.518,0.841,0.564,benoida01
James Blackwell,26,TOT,NBA,1994-95,13,0,80,8,13,8,13,0,0,2,3,2,9,11,11,4,0,5,8,18,0.615,0.615,,0.615,0.667,0.628,blackja01
Mookie Blaylock,27,ATL,NBA,1994-95,80,80,3069,509,1198,310,643,199,555,156,214,117,276,393,616,200,26,242,164,1373,0.425,0.482,0.359,0.508,0.729,0.531,blaylmo01
Corie Blount,26,CHI,NBA,1994-95,68,9,889,100,210,100,208,0,2,38,67,107,133,240,60,26,33,59,146,238,0.476,0.481,0,0.476,0.567,0.497,blounco01
Muggsy Bogues,30,CHH,NBA,1994-95,78,78,2629,348,730,342,700,6,30,160,180,51,206,257,675,103,0,132,151,862,0.477,0.489,0.2,0.481,0.889,0.533,boguemu01
Manute Bol,32,GSW,NBA,1994-95,5,2,81,6,10,3,5,3,5,0,0,1,11,12,0,0,9,1,10,15,0.6,0.6,0.6,0.75,,0.75,bolma01
Walter Bond,25,TOT,NBA,1994-95,23,0,290,39,84,24,43,15,41,14,20,8,24,32,24,6,4,17,47,107,0.464,0.558,0.366,0.554,0.7,0.577,bondwa01
Anthony Bonner,26,NYK,NBA,1994-95,58,23,1126,88,193,87,188,1,5,44,67,113,149,262,80,48,23,79,159,221,0.456,0.463,0.2,0.459,0.657,0.497,bonnean01
Anthony Bowie,31,ORL,NBA,1994-95,77,4,1261,177,369,165,329,12,40,61,73,54,85,139,159,47,21,86,138,427,0.48,0.502,0.3,0.496,0.836,0.532,bowiean01
Sam Bowie,33,LAL,NBA,1994-95,67,10,1225,118,267,116,256,2,11,68,89,72,216,288,118,21,80,91,182,306,0.442,0.453,0.182,0.446,0.764,0.5,bowiesa01
Shawn Bradley,22,PHI,NBA,1994-95,82,59,2365,315,693,315,690,0,3,148,232,243,416,659,53,54,274,142,338,778,0.455,0.457,0,0.455,0.638,0.489,bradlsh01
Terrell Brandon,24,CLE,NBA,1994-95,67,41,1961,341,762,293,641,48,121,159,186,35,151,186,363,107,14,144,118,889,0.448,0.457,0.397,0.479,0.855,0.527,brandte01
Tim Breaux,24,HOU,NBA,1994-95,42,2,340,45,121,39,96,6,25,32,49,16,18,34,15,11,4,16,25,128,0.372,0.406,0.24,0.397,0.653,0.449,breauti01
Scott Brooks,29,TOT,NBA,1994-95,59,0,808,126,275,101,206,25,69,64,79,14,52,66,116,34,4,47,56,341,0.458,0.49,0.362,0.504,0.81,0.55,brooksc01
Chucky Brown,26,HOU,NBA,1994-95,41,14,814,105,174,104,171,1,3,38,62,64,125,189,30,11,14,29,105,249,0.603,0.608,0.333,0.606,0.613,0.619,brownch01
Dee Brown,26,BOS,NBA,1994-95,79,69,2792,437,977,311,650,126,327,236,277,63,186,249,301,110,49,146,181,1236,0.447,0.478,0.385,0.512,0.852,0.562,brownde01
Mike Brown,31,MIN,NBA,1994-95,27,0,213,10,40,10,39,0,1,15,27,9,36,45,10,7,0,16,35,35,0.25,0.256,0,0.25,0.556,0.337,brownmi01
P.J. Brown,25,NJN,NBA,1994-95,80,63,2466,254,570,250,546,4,24,139,207,178,309,487,135,69,135,80,262,651,0.446,0.458,0.167,0.449,0.671,0.492,brownpj01
Randy Brown,26,SAC,NBA,1994-95,67,2,1086,124,287,110,240,14,47,55,82,24,84,108,133,99,19,78,153,317,0.432,0.458,0.298,0.456,0.671,0.491,brownra02
Mark Bryant,29,POR,NBA,1994-95,49,0,658,101,192,100,190,1,2,41,63,55,106,161,28,19,16,39,109,244,0.526,0.526,0.5,0.529,0.651,0.555,bryanma01
Jud Buechler,26,CHI,NBA,1994-95,57,0,605,90,183,75,135,15,48,22,39,36,62,98,50,24,12,30,64,217,0.492,0.556,0.313,0.533,0.564,0.542,buechju01
Scott Burrell,24,CHH,NBA,1994-95,65,62,2014,277,593,181,358,96,235,100,144,96,272,368,161,75,40,85,187,750,0.467,0.506,0.409,0.548,0.694,0.571,burresc01
Willie Burton,26,PHI,NBA,1994-95,53,31,1564,243,606,137,331,106,275,220,267,49,115,164,96,32,19,122,167,812,0.401,0.414,0.385,0.488,0.824,0.561,burtowi01
Mitchell Butler,24,WSB,NBA,1994-95,76,5,1554,214,508,168,367,46,141,123,185,43,127,170,91,61,10,106,155,597,0.421,0.458,0.326,0.467,0.665,0.506,butlemi02
Michael Cage,33,CLE,NBA,1994-95,82,21,2040,177,340,177,338,0,2,53,88,203,361,564,56,61,67,56,149,407,0.521,0.524,0,0.521,0.602,0.537,cagemi01
Adrian Caldwell,28,HOU,NBA,1994-95,7,0,30,1,4,1,4,0,0,3,6,1,9,10,0,1,0,1,6,5,0.25,0.25,,0.25,0.5,0.377,caldwad01
Elden Campbell,26,LAL,NBA,1994-95,73,59,2076,360,785,360,784,0,1,193,290,168,277,445,92,69,132,98,246,913,0.459,0.459,0,0.459,0.666,0.5,campbel01
Tony Campbell,32,CLE,NBA,1994-95,78,0,1128,161,392,146,350,15,42,132,159,60,93,153,69,32,8,65,122,469,0.411,0.417,0.357,0.43,0.83,0.508,campbto01
Antoine Carr,33,UTA,NBA,1994-95,78,4,1677,290,546,289,542,1,4,165,201,81,184,265,67,24,68,87,253,746,0.531,0.533,0.25,0.532,0.821,0.588,carran01
Bill Cartwright,37,SEA,NBA,1994-95,29,19,430,27,69,27,69,0,0,15,24,25,62,87,10,6,3,18,70,69,0.391,0.391,,0.391,0.625,0.434,cartwbi01
Sam Cassell,25,HOU,NBA,1994-95,82,1,1882,253,593,190,402,63,191,214,254,38,173,211,405,94,14,167,209,783,0.427,0.473,0.33,0.48,0.843,0.556,cassesa01
Duane Causwell,26,SAC,NBA,1994-95,58,24,820,76,147,76,146,0,1,57,98,57,117,174,15,14,80,33,146,209,0.517,0.521,0,0.517,0.582,0.55,causwdu01
Cedric Ceballos,25,LAL,NBA,1994-95,58,54,2029,497,977,439,831,58,146,209,292,169,295,464,105,60,19,143,131,1261,0.509,0.528,0.397,0.538,0.716,0.57,cebalce01
Tom Chambers,35,UTA,NBA,1994-95,81,4,1240,195,427,191,403,4,24,109,135,66,147,213,73,25,30,52,173,503,0.457,0.474,0.167,0.461,0.807,0.517,chambto01
Rex Chapman,27,WSB,NBA,1994-95,45,29,1468,254,639,168,365,86,274,137,159,23,90,113,128,67,15,62,85,731,0.397,0.46,0.314,0.465,0.862,0.516,chapmre01
Calbert Cheaney,23,WSB,NBA,1994-95,78,71,2651,512,1129,416,846,96,283,173,213,105,216,321,177,80,21,151,215,1293,0.453,0.492,0.339,0.496,0.812,0.529,cheanca01
Pete Chilcutt,26,HOU,NBA,1994-95,68,17,1347,146,328,111,242,35,86,31,42,106,211,317,66,25,43,61,117,358,0.445,0.459,0.407,0.498,0.738,0.517,chilcpe01
Chris Childs,27,NJN,NBA,1994-95,53,11,1021,106,279,65,154,41,125,55,73,14,55,69,219,42,3,76,116,308,0.38,0.422,0.328,0.453,0.753,0.495,childch01
Doug Christie,24,NYK,NBA,1994-95,12,0,79,5,22,4,15,1,7,4,5,3,10,13,8,2,1,13,18,15,0.227,0.267,0.143,0.25,0.8,0.31,chrisdo01
Derrick Coleman,27,NJN,NBA,1994-95,56,54,2103,371,875,343,755,28,120,376,490,167,424,591,187,35,94,172,162,1146,0.424,0.454,0.233,0.44,0.767,0.525,colemde01
Bimbo Coles,26,MIA,NBA,1994-95,68,65,2207,261,607,245,531,16,76,141,174,46,145,191,416,99,13,156,185,679,0.43,0.461,0.211,0.443,0.81,0.497,colesbi01
Steve Colter,32,CLE,NBA,1994-95,57,7,752,67,169,59,134,8,35,54,71,13,46,59,101,30,6,36,53,196,0.396,0.44,0.229,0.42,0.761,0.489,coltest01
Marty Conlon,27,MIL,NBA,1994-95,82,3,2064,344,647,336,618,8,29,119,194,160,266,426,110,42,18,123,218,815,0.532,0.544,0.276,0.538,0.613,0.556,conloma01
Lester Conner,35,LAL,NBA,1994-95,2,0,5,0,0,0,0,0,0,2,2,0,0,0,0,1,0,0,3,2,,,,,1,1.136,connele01
Tyrone Corbin,32,ATL,NBA,1994-95,81,4,1389,205,464,191,408,14,56,78,114,98,164,262,67,55,16,74,161,502,0.442,0.468,0.25,0.457,0.684,0.488,corbity01
John Crotty,25,UTA,NBA,1994-95,80,0,1019,93,231,82,195,11,36,98,121,27,70,97,205,39,6,70,105,295,0.403,0.421,0.306,0.426,0.81,0.519,crottjo01
Corey Crowder,25,SAS,NBA,1994-95,7,0,29,2,10,2,6,0,4,2,6,1,2,3,1,1,0,2,1,6,0.2,0.333,0,0.2,0.333,0.237,crowdco01
Terry Cummings,33,SAS,NBA,1994-95,76,20,1273,224,464,224,464,0,0,72,123,138,240,378,59,36,19,95,188,520,0.483,0.483,,0.483,0.585,0.502,cummite01
Bill Curley,22,DET,NBA,1994-95,53,1,595,58,134,58,134,0,0,27,36,54,70,124,25,21,21,25,128,143,0.433,0.433,,0.433,0.75,0.477,curlebi01
Dell Curry,30,CHH,NBA,1994-95,69,0,1718,343,778,189,417,154,361,95,111,41,127,168,113,55,18,98,144,935,0.441,0.453,0.427,0.54,0.856,0.565,curryde01
Lloyd Daniels,27,TOT,NBA,1994-95,30,14,604,80,209,54,109,26,100,22,27,29,34,63,40,22,10,31,48,208,0.383,0.495,0.26,0.445,0.815,0.471,daniell01
Yinka Dare,22,NJN,NBA,1994-95,1,0,3,0,1,0,1,0,0,0,0,0,1,1,0,0,0,1,2,0,0,0,,0,,0,dareyi01
Antonio Davis,26,IND,NBA,1994-95,44,1,1030,109,245,109,245,0,0,117,174,105,175,280,25,19,29,64,134,335,0.445,0.445,,0.445,0.672,0.521,davisan01
Dale Davis,25,IND,NBA,1994-95,74,70,2346,324,576,324,575,0,1,138,259,259,437,696,58,72,116,124,222,786,0.563,0.563,0,0.563,0.533,0.57,davisda01
Hubert Davis,24,NYK,NBA,1994-95,82,4,1697,296,617,165,329,131,288,97,120,30,80,110,150,35,11,87,146,820,0.48,0.502,0.455,0.586,0.808,0.612,davishu01
Terry Davis,27,DAL,NBA,1994-95,46,2,580,49,113,49,111,0,2,42,66,63,93,156,10,6,3,30,76,140,0.434,0.441,0,0.434,0.636,0.493,daviste01
Johnny Dawkins,31,DET,NBA,1994-95,50,9,1170,125,270,100,197,25,73,50,55,28,85,113,205,52,1,86,74,325,0.463,0.508,0.342,0.509,0.909,0.552,dawkijo01
Tony Dawson,27,BOS,NBA,1994-95,2,0,13,3,8,2,5,1,3,1,1,0,3,3,1,0,0,2,4,8,0.375,0.4,0.333,0.438,1,0.474,dawsoto01
Todd Day,25,MIL,NBA,1994-95,82,81,2717,445,1049,282,631,163,418,257,341,95,227,322,134,104,63,157,283,1310,0.424,0.447,0.39,0.502,0.754,0.546,dayto01
Terry Dehere,23,LAC,NBA,1994-95,80,28,1774,279,685,231,522,48,163,229,292,35,117,152,225,45,7,157,200,835,0.407,0.443,0.294,0.442,0.784,0.513,deherte01
Vinny Del Negro,28,SAS,NBA,1994-95,75,71,2360,372,766,306,604,66,162,128,162,28,164,192,226,61,14,56,179,938,0.486,0.507,0.407,0.529,0.79,0.56,delnevi01
Bison Dele,25,DEN,NBA,1994-95,63,10,1261,196,333,196,333,0,0,106,162,98,200,298,53,38,43,114,210,498,0.589,0.589,,0.589,0.654,0.616,delebi01
Vlade Divac,26,LAL,NBA,1994-95,80,80,2807,485,957,475,904,10,53,297,382,261,568,829,329,109,174,205,305,1277,0.507,0.525,0.189,0.512,0.777,0.568,divacvl01
James Donaldson,37,UTA,NBA,1994-95,43,40,613,44,74,44,74,0,0,22,31,19,88,107,14,6,28,22,66,110,0.595,0.595,,0.595,0.71,0.628,donalja01
Sherman Douglas,28,BOS,NBA,1994-95,65,43,2048,365,769,345,687,20,82,204,296,48,122,170,446,80,2,162,152,954,0.475,0.502,0.244,0.488,0.689,0.53,douglsh01
Greg Dreiling,32,CLE,NBA,1994-95,58,3,483,42,102,42,102,0,0,26,41,32,84,116,22,6,22,25,108,110,0.412,0.412,,0.412,0.634,0.458,dreilgr01
Clyde Drexler,32,TOT,NBA,1994-95,76,75,2728,571,1238,424,830,147,408,364,442,152,328,480,362,136,45,186,206,1653,0.461,0.511,0.36,0.521,0.824,0.577,drexlcl01
Kevin Duckworth,30,WSB,NBA,1994-95,40,22,818,118,267,116,257,2,10,45,70,65,130,195,20,21,24,59,110,283,0.442,0.451,0.2,0.446,0.643,0.475,duckwke01
Chris Dudley,29,POR,NBA,1994-95,82,82,2245,181,446,181,445,0,1,85,183,325,439,764,34,43,126,81,286,447,0.406,0.407,0,0.406,0.464,0.424,dudlech02
Joe Dumars,31,DET,NBA,1994-95,67,67,2544,417,970,314,632,103,338,277,344,47,111,158,368,72,7,219,153,1214,0.43,0.497,0.305,0.483,0.805,0.541,dumarjo01
Richard Dumas,25,PHO,NBA,1994-95,15,1,167,37,73,37,72,0,1,8,16,18,11,29,7,10,2,9,22,82,0.507,0.514,0,0.507,0.5,0.512,dumasri02
Tony Dumas,22,DAL,NBA,1994-95,58,0,613,96,250,74,177,22,73,50,77,32,30,62,57,13,4,50,78,264,0.384,0.418,0.301,0.428,0.649,0.465,dumasto01
Pat Durham,27,MIN,NBA,1994-95,59,2,852,117,237,112,211,5,26,63,96,37,57,94,53,36,32,45,114,302,0.494,0.531,0.192,0.504,0.656,0.541,durhapa01
Ledell Eackles,28,MIA,NBA,1994-95,54,6,898,143,326,125,285,18,41,91,126,33,62,95,72,19,2,53,88,395,0.439,0.439,0.439,0.466,0.722,0.518,eacklle01
Acie Earl,24,BOS,NBA,1994-95,30,3,208,26,68,26,68,0,0,14,29,19,26,45,2,6,8,14,39,66,0.382,0.382,,0.382,0.483,0.409,earlac01
Blue Edwards,29,TOT,NBA,1994-95,67,7,1112,181,393,159,318,22,75,75,90,50,80,130,77,43,16,81,143,459,0.461,0.5,0.293,0.489,0.833,0.531,edwarbl01
Doug Edwards,24,ATL,NBA,1994-95,38,0,212,22,48,22,47,0,1,23,32,19,29,48,13,5,4,22,30,67,0.458,0.468,0,0.458,0.719,0.54,edwardo01
James Edwards,39,POR,NBA,1994-95,28,0,266,32,83,32,83,0,0,11,17,10,33,43,8,5,8,14,44,75,0.386,0.386,,0.386,0.647,0.414,edwarja01
Kevin Edwards,29,NJN,NBA,1994-95,14,14,466,69,154,51,109,18,45,40,42,10,27,37,27,19,5,35,42,196,0.448,0.468,0.4,0.506,0.952,0.568,edwarke01
Craig Ehlo,33,ATL,NBA,1994-95,49,0,1166,191,422,140,288,51,134,44,71,55,92,147,113,46,6,73,86,477,0.453,0.486,0.381,0.513,0.62,0.526,ehlocr01
Howard Eisley,22,TOT,NBA,1994-95,49,4,552,40,122,31,85,9,37,31,40,12,36,48,95,18,6,50,81,120,0.328,0.365,0.243,0.365,0.775,0.43,eisleho01
Mario Elie,31,HOU,NBA,1994-95,81,13,1896,243,487,163,286,80,201,144,171,50,146,196,189,65,12,104,158,710,0.499,0.57,0.398,0.581,0.842,0.631,eliema01
Sean Elliott,26,SAS,NBA,1994-95,81,81,2858,502,1072,366,739,136,333,326,404,63,224,287,206,78,38,151,216,1466,0.468,0.495,0.408,0.532,0.807,0.587,elliose01
Dale Ellis,34,DEN,NBA,1994-95,81,3,1996,351,774,245,511,106,263,110,127,56,166,222,57,37,9,81,142,918,0.453,0.479,0.403,0.522,0.866,0.553,ellisda01
Harold Ellis,24,LAC,NBA,1994-95,69,7,656,91,189,90,176,1,13,69,117,56,32,88,40,67,12,49,102,252,0.481,0.511,0.077,0.484,0.59,0.524,ellisha01
LaPhonso Ellis,24,DEN,NBA,1994-95,6,0,58,9,25,9,25,0,0,6,6,7,10,17,4,1,5,5,12,24,0.36,0.36,,0.36,1,0.434,ellisla01
Pervis Ellison,27,BOS,NBA,1994-95,55,11,1083,152,300,152,298,0,2,71,99,124,185,309,34,22,54,76,179,375,0.507,0.51,0,0.507,0.717,0.546,ellispe01
Jo Jo English,24,CHI,NBA,1994-95,8,0,127,15,39,12,27,3,12,10,13,1,2,3,7,7,1,6,19,43,0.385,0.444,0.25,0.423,0.769,0.481,englijo01
Patrick Ewing,32,NYK,NBA,1994-95,79,79,2920,730,1452,724,1431,6,21,420,560,157,710,867,212,68,159,256,272,1886,0.503,0.506,0.286,0.505,0.75,0.555,ewingpa01
Duane Ferrell,29,IND,NBA,1994-95,56,1,607,83,173,82,167,1,6,64,85,50,38,88,31,26,6,43,79,231,0.48,0.491,0.167,0.483,0.753,0.549,ferredu01
Danny Ferry,28,CLE,NBA,1994-95,82,6,1290,223,500,129,267,94,233,74,84,30,113,143,96,27,22,59,131,614,0.446,0.483,0.403,0.54,0.881,0.572,ferryda01
Matt Fish,25,LAC,NBA,1994-95,26,8,370,49,103,49,102,0,1,25,37,32,52,84,17,16,7,28,70,123,0.476,0.48,0,0.476,0.676,0.516,fishma01
Vern Fleming,32,IND,NBA,1994-95,55,1,686,93,188,93,181,0,7,65,90,20,68,88,109,27,1,43,80,251,0.495,0.514,0,0.495,0.722,0.551,flemive01
Sleepy Floyd,34,NJN,NBA,1994-95,48,1,831,71,212,46,124,25,88,30,43,8,46,54,126,13,6,51,73,197,0.335,0.371,0.284,0.394,0.698,0.427,floydsl01
Alphonso Ford,23,PHI,NBA,1994-95,5,0,98,9,39,9,30,0,9,1,2,8,12,20,9,1,0,8,5,19,0.231,0.3,0,0.231,0.5,0.238,fordal01
Greg Foster,26,TOT,NBA,1994-95,78,3,1144,150,318,143,295,7,23,78,111,85,174,259,39,15,28,71,183,385,0.472,0.485,0.304,0.483,0.703,0.525,fostegr01
Rick Fox,25,BOS,NBA,1994-95,53,7,1039,169,351,138,276,31,75,95,123,61,94,155,139,52,19,78,154,464,0.481,0.5,0.413,0.526,0.772,0.573,foxri01
Corey Gaines,29,PHI,NBA,1994-95,11,8,280,24,51,22,36,2,15,5,11,1,17,18,33,8,1,14,23,55,0.471,0.611,0.133,0.49,0.455,0.492,gaineco01
Kevin Gamble,29,MIA,NBA,1994-95,77,0,1223,220,450,181,352,39,98,87,111,29,93,122,119,52,10,49,130,566,0.489,0.514,0.398,0.532,0.784,0.567,gamblke01
Winston Garland,30,MIN,NBA,1994-95,73,58,1931,170,410,151,335,19,75,89,112,48,120,168,318,71,13,105,184,448,0.415,0.451,0.253,0.438,0.795,0.488,garlawi01
Chris Gatling,27,GSW,NBA,1994-95,58,22,1470,324,512,324,511,0,1,148,250,144,299,443,51,39,52,117,184,796,0.633,0.634,0,0.633,0.592,0.64,gatlich01
Kenny Gattison,30,CHH,NBA,1994-95,21,0,409,47,100,47,99,0,1,31,51,21,54,75,17,7,15,22,64,125,0.47,0.475,0,0.47,0.608,0.51,gattike01
Matt Geiger,25,MIA,NBA,1994-95,74,43,1712,260,485,256,475,4,10,93,143,146,267,413,55,41,51,113,245,617,0.536,0.539,0.4,0.54,0.65,0.563,geigema01
Tate George,26,MIL,NBA,1994-95,3,0,8,1,3,1,2,0,1,2,2,1,0,1,0,0,0,2,1,4,0.333,0.5,0,0.333,1,0.515,georgta01
Kendall Gill,26,SEA,NBA,1994-95,73,58,2125,392,858,329,687,63,171,155,209,99,191,290,192,117,28,138,186,1002,0.457,0.479,0.368,0.494,0.742,0.527,gillke01
Armen Gilliam,30,NJN,NBA,1994-95,82,30,2472,455,905,455,903,0,2,302,392,192,421,613,99,67,89,152,171,1212,0.503,0.504,0,0.503,0.77,0.562,gilliar01
Greg Graham,24,PHI,NBA,1994-95,50,7,775,95,223,89,195,6,28,55,73,19,43,62,66,29,6,48,76,251,0.426,0.456,0.214,0.439,0.753,0.492,grahagr01
Ron Grandison,30,NYK,NBA,1994-95,2,0,8,1,4,1,4,0,0,0,0,3,2,5,2,0,0,0,2,2,0.25,0.25,,0.25,,0.25,grandro01
Brian Grant,22,SAC,NBA,1994-95,80,59,2289,413,809,412,805,1,4,231,363,207,391,598,99,49,116,163,276,1058,0.511,0.512,0.25,0.511,0.636,0.546,grantbr01
Gary Grant,29,LAC,NBA,1994-95,33,2,470,78,166,74,150,4,16,45,55,8,27,35,93,29,3,44,66,205,0.47,0.493,0.25,0.482,0.818,0.539,grantga01
Greg Grant,28,DEN,NBA,1994-95,14,0,151,10,33,8,26,2,7,9,12,2,7,9,43,6,2,14,20,31,0.303,0.308,0.286,0.333,0.75,0.405,grantgr01
Harvey Grant,29,POR,NBA,1994-95,75,14,1771,286,621,278,595,8,26,103,146,103,181,284,82,56,53,62,163,683,0.461,0.467,0.308,0.467,0.705,0.498,grantha01
Horace Grant,29,ORL,NBA,1994-95,74,74,2693,401,707,401,699,0,8,146,211,223,492,715,173,76,88,85,203,948,0.567,0.574,0,0.567,0.692,0.593,grantho01
Jeff Grayer,29,PHI,NBA,1994-95,47,25,1098,163,381,158,366,5,15,58,83,58,91,149,74,27,4,56,80,389,0.428,0.432,0.333,0.434,0.699,0.466,grayeje01
A.C. Green,31,PHO,NBA,1994-95,82,52,2687,311,617,268,490,43,127,251,343,194,475,669,127,55,31,114,146,916,0.504,0.547,0.339,0.539,0.732,0.596,greenac01
Tom Gugliotta,25,TOT,NBA,1994-95,77,63,2568,371,837,311,651,60,186,174,252,165,407,572,279,132,62,189,203,976,0.443,0.478,0.323,0.479,0.69,0.515,guglito01
Andres Guibert,26,MIN,NBA,1994-95,17,0,167,16,47,16,43,0,4,13,19,16,29,45,10,8,1,12,29,45,0.34,0.372,0,0.34,0.684,0.406,guibean01
Jack Haley,31,SAS,NBA,1994-95,31,0,117,26,61,26,60,0,1,21,32,8,19,27,2,3,5,13,31,73,0.426,0.433,0,0.426,0.656,0.486,haleyja01
Geert Hammink,25,ORL,NBA,1994-95,1,0,7,1,3,1,3,0,0,2,2,0,2,2,1,0,0,0,1,4,0.333,0.333,,0.333,1,0.515,hammige01
Tom Hammonds,27,DEN,NBA,1994-95,70,5,956,139,260,139,259,0,1,132,177,55,167,222,36,11,14,56,132,410,0.535,0.537,0,0.535,0.746,0.607,hammoto01
Darrin Hancock,23,CHH,NBA,1994-95,46,7,424,68,121,67,118,1,3,16,39,14,39,53,30,19,4,30,48,153,0.562,0.568,0.333,0.566,0.41,0.554,hancoda01
Anfernee Hardaway,23,ORL,NBA,1994-95,77,77,2901,585,1142,498,893,87,249,356,463,139,197,336,551,130,26,258,158,1613,0.512,0.558,0.349,0.55,0.769,0.599,hardaan01
Tim Hardaway,28,GSW,NBA,1994-95,62,62,2321,430,1007,262,563,168,444,219,288,46,144,190,578,88,12,214,155,1247,0.427,0.465,0.378,0.51,0.76,0.55,hardati01
Jerome Harmon,25,PHI,NBA,1994-95,10,0,158,21,53,20,52,1,1,3,6,9,14,23,12,9,0,7,12,46,0.396,0.385,1,0.406,0.5,0.413,harmoje01
Derek Harper,33,NYK,NBA,1994-95,80,80,2716,337,756,231,464,106,292,139,192,31,163,194,458,79,10,151,219,919,0.446,0.498,0.363,0.516,0.724,0.547,harpede01
Ron Harper,31,CHI,NBA,1994-95,77,53,1536,209,491,178,381,31,110,81,131,51,129,180,157,97,27,100,132,530,0.426,0.467,0.282,0.457,0.618,0.483,harpero01
Lucious Harris,24,DAL,NBA,1994-95,79,31,1695,280,610,225,468,55,142,136,170,85,135,220,132,58,14,77,105,751,0.459,0.481,0.387,0.504,0.8,0.548,harrilu01
Tony Harris,27,BOS,NBA,1994-95,3,0,18,3,8,3,7,0,1,8,9,0,0,0,0,0,0,1,2,14,0.375,0.429,0,0.375,0.889,0.585,harrito01
Antonio Harvey,24,LAL,NBA,1994-95,59,8,572,77,176,76,175,1,1,24,45,39,63,102,23,15,41,25,87,179,0.438,0.434,1,0.44,0.533,0.457,harvean01
Hersey Hawkins,28,CHH,NBA,1994-95,82,82,2731,390,809,259,511,131,298,261,301,60,254,314,262,122,18,150,178,1172,0.482,0.507,0.44,0.563,0.867,0.622,hawkihe01
Steve Henson,26,POR,NBA,1994-95,37,0,380,37,86,14,34,23,52,22,25,3,23,26,85,9,0,30,52,119,0.43,0.412,0.442,0.564,0.88,0.613,hensost01
Carl Herrera,28,HOU,NBA,1994-95,61,26,1331,171,327,171,325,0,2,73,117,98,180,278,44,40,38,71,136,415,0.523,0.526,0,0.523,0.624,0.548,herreca01
Rod Higgins,35,GSW,NBA,1994-95,5,2,46,3,12,2,6,1,6,3,4,4,3,7,3,1,1,1,7,10,0.25,0.333,0.167,0.292,0.75,0.363,higgiro01
Sean Higgins,26,NJN,NBA,1994-95,57,7,735,105,273,82,195,23,78,35,40,25,52,77,29,10,9,35,93,268,0.385,0.421,0.295,0.427,0.875,0.461,higgise01
Grant Hill,22,DET,NBA,1994-95,70,69,2678,508,1064,504,1037,4,27,374,511,125,320,445,353,124,62,202,203,1394,0.477,0.486,0.148,0.479,0.732,0.541,hillgr01
Tyrone Hill,26,CLE,NBA,1994-95,70,67,2397,350,694,350,693,0,1,263,397,269,496,765,55,55,41,151,245,963,0.504,0.505,0,0.504,0.662,0.554,hillty01
Donald Hodge,25,DAL,NBA,1994-95,54,0,633,83,204,79,190,4,14,39,51,40,82,122,41,10,14,39,107,209,0.407,0.416,0.286,0.417,0.765,0.461,hodgedo01
Jeff Hornacek,31,UTA,NBA,1994-95,81,81,2696,482,937,393,718,89,219,284,322,53,157,210,347,129,17,145,181,1337,0.514,0.547,0.406,0.562,0.882,0.62,hornaje01
Robert Horry,24,HOU,NBA,1994-95,64,61,2074,240,537,154,310,86,227,86,113,81,243,324,216,94,76,122,161,652,0.447,0.497,0.379,0.527,0.761,0.556,horryro01
Allan Houston,23,DET,NBA,1994-95,76,39,1996,398,859,240,486,158,373,147,171,29,138,167,164,61,14,113,182,1101,0.463,0.494,0.424,0.555,0.86,0.589,houstal01
Byron Houston,25,SEA,NBA,1994-95,39,0,258,49,107,43,85,6,22,28,38,20,35,55,6,13,5,20,50,132,0.458,0.506,0.273,0.486,0.737,0.533,houstby01
Tom Hovasse,28,ATL,NBA,1994-95,2,0,4,0,1,0,0,0,1,0,0,0,0,0,0,1,0,0,1,0,0,,0,0,,0,hovasto01
Juwan Howard,21,WSB,NBA,1994-95,65,52,2348,455,931,455,924,0,7,194,292,184,361,545,165,52,15,166,236,1104,0.489,0.492,0,0.489,0.664,0.521,howarju01
Jay Humphries,32,TOT,NBA,1994-95,18,0,201,8,34,6,30,2,4,2,4,4,9,13,19,9,0,17,35,20,0.235,0.2,0.5,0.265,0.5,0.28,humphja01
Lindsey Hunter,24,DET,NBA,1994-95,42,26,944,119,318,83,210,36,108,40,55,24,51,75,159,51,7,79,94,314,0.374,0.395,0.333,0.431,0.727,0.459,hunteli01
Bobby Hurley,23,SAC,NBA,1994-95,68,6,1105,103,284,82,208,21,76,58,76,14,56,70,226,29,0,110,79,285,0.363,0.394,0.276,0.4,0.763,0.449,hurlebo01
Jaren Jackson,27,PHI,NBA,1994-95,21,1,257,25,68,21,53,4,15,16,24,18,24,42,19,9,5,17,33,70,0.368,0.396,0.267,0.397,0.667,0.446,jacksja01
Jim Jackson,24,DAL,NBA,1994-95,51,51,1982,484,1026,449,916,35,110,306,380,120,140,260,191,28,12,160,92,1309,0.472,0.49,0.318,0.489,0.805,0.549,jacksji01
Mark Jackson,29,IND,NBA,1994-95,82,67,2402,239,566,212,479,27,87,119,153,73,233,306,616,105,16,210,148,624,0.422,0.443,0.31,0.446,0.778,0.493,jacksma01
Keith Jennings,26,GSW,NBA,1994-95,80,24,1722,190,425,115,221,75,204,134,153,26,122,148,373,95,2,120,133,589,0.447,0.52,0.368,0.535,0.876,0.598,jennike01
Avery Johnson,29,SAS,NBA,1994-95,82,82,3011,448,863,445,841,3,22,202,295,49,159,208,670,114,13,207,154,1101,0.519,0.529,0.136,0.521,0.685,0.554,johnsav01
Ervin Johnson,27,SEA,NBA,1994-95,64,30,907,85,192,85,191,0,1,29,46,101,188,289,16,17,67,54,163,199,0.443,0.445,0,0.443,0.63,0.469,johnser02
Kevin Johnson,28,PHO,NBA,1994-95,47,35,1352,246,523,242,497,4,26,234,289,32,83,115,360,47,18,105,88,730,0.47,0.487,0.154,0.474,0.81,0.561,johnske02
Larry Johnson,25,CHH,NBA,1994-95,81,81,3234,585,1219,504,1009,81,210,274,354,190,395,585,369,78,28,207,174,1525,0.48,0.5,0.386,0.513,0.774,0.555,johnsla02
Askia Jones,23,MIN,NBA,1994-95,11,0,139,15,44,13,32,2,12,13,16,6,5,11,16,6,0,9,19,45,0.341,0.406,0.167,0.364,0.813,0.441,jonesas01
Charles Jones,37,HOU,NBA,1994-95,3,0,36,1,3,1,3,0,0,1,2,2,5,7,0,0,1,0,8,3,0.333,0.333,,0.333,0.5,0.387,jonesch01
Eddie Jones,23,LAL,NBA,1994-95,64,58,1981,342,744,251,498,91,246,122,169,79,170,249,128,131,41,75,175,897,0.46,0.504,0.37,0.521,0.722,0.548,jonesed02
Popeye Jones,24,DAL,NBA,1994-95,80,80,2385,372,839,371,827,1,12,80,124,329,515,844,163,35,27,124,267,825,0.443,0.449,0.083,0.444,0.645,0.462,jonespo01
Michael Jordan,31,CHI,NBA,1994-95,17,17,668,166,404,150,372,16,32,109,136,25,92,117,90,30,13,35,47,457,0.411,0.403,0.5,0.431,0.801,0.493,jordami01
Adam Keefe,24,UTA,NBA,1994-95,75,0,1270,172,298,172,298,0,0,117,173,135,192,327,30,36,25,62,141,461,0.577,0.577,,0.577,0.676,0.616,keefead01
Shawn Kemp,25,SEA,NBA,1994-95,82,79,2679,545,997,543,990,2,7,438,585,318,575,893,149,102,122,259,337,1530,0.547,0.548,0.286,0.548,0.749,0.61,kempsh01
Steve Kerr,29,CHI,NBA,1994-95,82,0,1839,261,495,172,325,89,170,63,81,20,99,119,151,44,3,48,114,674,0.527,0.529,0.524,0.617,0.778,0.635,kerrst01
Jerome Kersey,32,POR,NBA,1994-95,63,0,1143,203,489,196,462,7,27,95,124,93,163,256,82,52,35,64,173,508,0.415,0.424,0.259,0.422,0.766,0.467,kerseje01
Randolph Keys,28,LAL,NBA,1994-95,6,0,83,9,26,9,17,0,9,2,2,6,11,17,2,1,2,2,16,20,0.346,0.529,0,0.346,1,0.372,keysra01
Jason Kidd,21,DAL,NBA,1994-95,79,79,2668,330,857,260,600,70,257,192,275,152,278,430,607,151,24,250,146,922,0.385,0.433,0.272,0.426,0.698,0.471,kiddja01
Rich King,25,SEA,NBA,1994-95,2,0,6,0,2,0,2,0,0,0,2,0,0,0,0,0,0,0,1,0,0,0,,0,0,0,kingri01
Stacey King,28,MIN,NBA,1994-95,50,10,792,99,212,99,211,0,1,68,102,54,111,165,26,24,20,64,126,266,0.467,0.469,0,0.467,0.667,0.518,kingst01
Greg Kite,33,TOT,NBA,1994-95,11,0,77,3,17,3,17,0,0,2,10,12,10,22,1,0,0,6,15,8,0.176,0.176,,0.176,0.2,0.187,kitegr01
Joe Kleine,33,PHO,NBA,1994-95,75,42,968,119,265,119,263,0,2,42,49,82,177,259,39,14,18,35,174,280,0.449,0.452,0,0.449,0.857,0.489,kleinjo01
Negele Knight,27,TOT,NBA,1994-95,47,17,708,85,214,74,186,11,28,18,25,21,40,61,127,21,5,49,70,199,0.397,0.398,0.393,0.423,0.72,0.442,knighne01
Jon Koncak,31,ATL,NBA,1994-95,62,20,943,77,187,65,151,12,36,13,24,23,161,184,52,36,46,20,137,179,0.412,0.43,0.333,0.444,0.542,0.453,koncajo01
Larry Krystkowiak,30,CHI,NBA,1994-95,19,14,287,28,72,28,72,0,0,27,30,19,40,59,26,9,2,25,34,83,0.389,0.389,,0.389,0.9,0.487,krystla01
Toni Kukoc,26,CHI,NBA,1994-95,81,55,2584,487,967,425,769,62,198,235,314,155,285,440,372,102,16,165,163,1271,0.504,0.553,0.313,0.536,0.748,0.575,kukocto01
Christian Laettner,25,MIN,NBA,1994-95,81,80,2770,450,920,437,880,13,40,409,500,164,449,613,234,101,87,225,302,1322,0.489,0.497,0.325,0.496,0.818,0.58,laettch01
Andrew Lang,28,ATL,NBA,1994-95,82,63,2340,320,677,318,674,2,3,152,188,154,302,456,72,45,144,108,271,794,0.473,0.472,0.667,0.474,0.809,0.523,langan01
Antonio Lang,22,PHO,NBA,1994-95,12,0,53,4,10,4,10,0,0,3,4,3,1,4,1,0,2,5,11,11,0.4,0.4,,0.4,0.75,0.468,langan02
Eric Leckner,28,DET,NBA,1994-95,57,11,623,87,165,87,163,0,2,51,72,47,127,174,14,15,15,39,122,225,0.527,0.534,0,0.527,0.708,0.572,leckner01
Doug Lee,30,SAC,NBA,1994-95,22,0,75,9,25,2,7,7,18,18,21,0,5,5,5,6,3,5,18,43,0.36,0.286,0.389,0.5,0.857,0.628,leedo01
Tim Legler,28,GSW,NBA,1994-95,24,0,371,60,115,34,65,26,50,30,34,12,28,40,27,12,1,20,33,176,0.522,0.523,0.52,0.635,0.882,0.677,legleti01
Jim Les,31,ATL,NBA,1994-95,24,0,188,11,38,6,15,5,23,23,27,6,20,26,44,4,0,21,28,50,0.289,0.4,0.217,0.355,0.852,0.501,lesji01
Cliff Levingston,34,DEN,NBA,1994-95,57,0,469,55,130,55,129,0,1,19,45,49,75,124,27,13,20,21,91,129,0.423,0.426,0,0.423,0.422,0.431,levincl01
Alton Lister,36,MIL,NBA,1994-95,60,32,776,66,134,66,133,0,1,35,70,67,169,236,12,16,57,38,146,167,0.493,0.496,0,0.493,0.5,0.507,listeal01
Brad Lohaus,30,MIA,NBA,1994-95,61,1,730,97,231,34,76,63,155,10,15,28,74,102,43,20,25,29,85,267,0.42,0.447,0.406,0.556,0.667,0.562,lohaubr01
Grant Long,28,TOT,NBA,1994-95,81,79,2641,342,716,331,685,11,31,244,325,191,415,606,131,109,34,155,243,939,0.478,0.483,0.355,0.485,0.751,0.547,longgr01
Luc Longley,26,CHI,NBA,1994-95,55,0,1001,135,302,135,300,0,2,88,107,82,181,263,73,24,45,86,177,358,0.447,0.45,0,0.447,0.822,0.513,longllu01
Ryan Lorthridge,22,GSW,NBA,1994-95,37,2,672,106,223,103,209,3,14,57,88,24,47,71,101,28,1,57,42,272,0.475,0.493,0.214,0.482,0.648,0.52,lorthry01
George Lynch,24,LAL,NBA,1994-95,56,15,953,138,295,135,274,3,21,62,86,75,109,184,62,51,10,73,86,341,0.468,0.493,0.143,0.473,0.721,0.512,lynchge01
Don MacLean,25,WSB,NBA,1994-95,39,20,1052,158,361,148,321,10,40,104,136,46,119,165,51,15,3,44,97,430,0.438,0.461,0.25,0.452,0.765,0.511,macledo01
Mark Macon,25,DET,NBA,1994-95,55,6,721,101,265,81,203,20,62,54,68,29,47,76,63,67,1,41,97,276,0.381,0.399,0.323,0.419,0.794,0.468,maconma01
Gerald Madkins,25,CLE,NBA,1994-95,7,0,28,2,6,1,4,1,2,3,4,0,0,0,1,2,0,3,2,8,0.333,0.25,0.5,0.417,0.75,0.515,madkige01
Rick Mahorn,36,NJN,NBA,1994-95,58,7,630,79,151,78,148,1,3,39,49,45,117,162,26,11,12,34,93,198,0.523,0.527,0.333,0.526,0.796,0.574,mahorri01
Dan Majerle,29,PHO,NBA,1994-95,82,46,3091,438,1031,239,483,199,548,206,282,104,271,375,340,96,38,105,155,1281,0.425,0.495,0.363,0.521,0.73,0.555,majerda01
Jeff Malone,33,PHI,NBA,1994-95,19,19,660,144,284,133,256,11,28,51,59,11,44,55,29,15,0,29,35,350,0.507,0.52,0.393,0.526,0.864,0.565,malonje01
Karl Malone,31,UTA,NBA,1994-95,82,82,3126,830,1548,819,1507,11,41,516,695,156,715,871,285,129,85,236,269,2187,0.536,0.543,0.268,0.54,0.742,0.59,malonka01
Moses Malone,39,SAS,NBA,1994-95,17,0,149,13,35,12,33,1,2,22,32,20,26,46,6,2,3,11,15,49,0.371,0.364,0.5,0.386,0.688,0.499,malonmo01
Danny Manning,28,PHO,NBA,1994-95,46,19,1510,340,622,334,601,6,21,136,202,97,179,276,154,41,57,121,176,822,0.547,0.556,0.286,0.551,0.673,0.578,mannida01
Sarunas Marciulionis,30,SEA,NBA,1994-95,66,4,1194,216,457,181,370,35,87,145,198,17,51,68,110,72,3,98,126,612,0.473,0.489,0.402,0.511,0.732,0.562,marcisa01
Donyell Marshall,21,TOT,NBA,1994-95,72,31,2086,345,876,276,633,69,243,147,222,137,268,405,105,45,88,115,157,906,0.394,0.436,0.284,0.433,0.662,0.465,marshdo01
Bob Martin,25,LAC,NBA,1994-95,1,0,14,1,5,1,5,0,0,0,0,2,0,2,1,0,1,0,2,2,0.2,0.2,,0.2,,0.2,martibo01
Darrick Martin,23,MIN,NBA,1994-95,34,9,803,95,233,88,195,7,38,57,65,14,50,64,133,34,0,62,88,254,0.408,0.451,0.184,0.423,0.877,0.485,martida01
Jamal Mashburn,22,DAL,NBA,1994-95,80,80,2980,683,1566,570,1222,113,344,447,605,116,215,331,298,82,8,235,190,1926,0.436,0.466,0.328,0.472,0.739,0.526,mashbja01
Anthony Mason,28,NYK,NBA,1994-95,77,11,2496,287,507,287,506,0,1,191,298,182,468,650,240,69,21,123,253,765,0.566,0.567,0,0.566,0.641,0.599,masonan01
Tony Massenburg,27,LAC,NBA,1994-95,80,50,2127,282,601,282,598,0,3,177,235,160,295,455,67,48,58,118,253,741,0.469,0.472,0,0.469,0.753,0.526,masseto01
Vernon Maxwell,29,HOU,NBA,1994-95,64,54,2038,306,777,163,336,143,441,99,144,18,146,164,274,75,13,137,157,854,0.394,0.485,0.324,0.486,0.688,0.508,maxweve01
Lee Mayberry,24,MIL,NBA,1994-95,82,50,1744,172,408,100,231,72,177,58,83,21,61,82,276,51,4,106,123,474,0.422,0.433,0.407,0.51,0.699,0.533,maybele01
George McCloud,27,DAL,NBA,1994-95,42,3,802,144,328,110,239,34,89,80,96,82,65,147,53,23,9,40,71,402,0.439,0.46,0.382,0.491,0.833,0.543,mccloge01
Xavier McDaniel,31,BOS,NBA,1994-95,68,15,1430,246,546,240,525,6,21,89,125,94,206,300,108,30,20,89,146,587,0.451,0.457,0.286,0.456,0.712,0.488,mcdanxa01
Jim McIlvaine,22,WSB,NBA,1994-95,55,0,534,34,71,34,71,0,0,28,41,40,65,105,10,10,60,19,95,96,0.479,0.479,,0.479,0.683,0.539,mcilvji01
Derrick McKey,28,IND,NBA,1994-95,81,81,2805,411,833,379,744,32,89,221,297,125,269,394,276,125,49,168,260,1075,0.493,0.509,0.36,0.513,0.744,0.558,mckeyde01
Aaron McKie,22,POR,NBA,1994-95,45,20,827,116,261,105,233,11,28,50,73,35,94,129,89,36,16,39,97,293,0.444,0.451,0.393,0.466,0.685,0.5,mckieaa01
Nate McMillan,30,SEA,NBA,1994-95,80,18,2070,166,397,113,242,53,155,34,58,65,237,302,421,165,53,126,275,419,0.418,0.467,0.342,0.485,0.586,0.496,mcmilna01
Darnell Mee,23,DEN,NBA,1994-95,2,0,8,1,5,0,2,1,3,0,0,0,1,1,2,1,0,0,0,3,0.2,0,0.333,0.3,,0.3,meeda01
Anthony Miller,23,LAL,NBA,1994-95,46,1,527,70,132,68,127,2,5,47,76,67,85,152,35,20,7,38,77,189,0.53,0.535,0.4,0.538,0.618,0.571,millean01
Oliver Miller,24,DET,NBA,1994-95,64,22,1558,232,418,229,405,3,13,78,124,162,313,475,93,60,116,115,217,545,0.555,0.565,0.231,0.559,0.629,0.577,milleol01
Reggie Miller,29,IND,NBA,1994-95,81,81,2665,505,1092,310,622,195,470,383,427,30,180,210,242,98,16,151,157,1588,0.462,0.498,0.415,0.552,0.897,0.62,millere01
Chris Mills,25,CLE,NBA,1994-95,80,79,2814,359,855,265,615,94,240,174,213,99,267,366,154,59,35,120,242,986,0.42,0.431,0.392,0.475,0.817,0.52,millsch01
Terry Mills,27,DET,NBA,1994-95,72,69,2514,417,933,308,648,109,285,175,219,124,434,558,160,68,33,144,253,1118,0.447,0.475,0.382,0.505,0.799,0.543,millste01
Harold Miner,23,MIA,NBA,1994-95,45,16,871,123,305,109,256,14,49,69,95,38,79,117,69,15,6,77,85,329,0.403,0.426,0.286,0.426,0.726,0.474,minerha01
Greg Minor,23,BOS,NBA,1994-95,63,8,945,155,301,153,289,2,12,65,78,49,88,137,66,32,16,44,89,377,0.515,0.529,0.167,0.518,0.833,0.562,minorgr01
Sam Mitchell,31,IND,NBA,1994-95,81,12,1377,201,413,200,403,1,10,126,174,95,148,243,61,43,20,54,206,529,0.487,0.496,0.1,0.488,0.724,0.54,mitchsa01
Eric Mobley,24,MIL,NBA,1994-95,46,26,587,78,132,76,130,2,2,22,45,55,98,153,21,8,27,24,63,180,0.591,0.585,1,0.598,0.489,0.593,mobleer01
Eric Montross,23,BOS,NBA,1994-95,78,75,2315,307,575,307,574,0,1,167,263,196,370,566,36,29,61,112,299,781,0.534,0.535,0,0.534,0.635,0.565,montrer01
Chris Morris,29,NJN,NBA,1994-95,71,49,2131,351,856,245,539,106,317,142,195,181,221,402,147,86,51,117,155,950,0.41,0.455,0.334,0.472,0.728,0.504,morrich01
Dwayne Morton,23,GSW,NBA,1994-95,41,6,395,50,129,41,104,9,25,58,85,21,37,58,18,11,15,27,45,167,0.388,0.394,0.36,0.422,0.682,0.502,mortodw01
Alonzo Mourning,24,CHH,NBA,1994-95,77,77,2941,571,1101,560,1067,11,34,490,644,200,561,761,111,49,225,241,275,1643,0.519,0.525,0.324,0.524,0.761,0.593,mournal01
Chris Mullin,31,GSW,NBA,1994-95,25,23,890,170,348,128,255,42,93,94,107,25,90,115,125,38,19,93,53,476,0.489,0.502,0.452,0.549,0.879,0.602,mullich01
Eric Murdock,26,MIL,NBA,1994-95,75,32,2158,338,814,248,574,90,240,211,267,48,166,214,482,113,12,194,139,977,0.415,0.432,0.375,0.471,0.79,0.524,murdoer01
Gheorghe Muresan,23,WSB,NBA,1994-95,73,58,1720,303,541,303,541,0,0,124,175,179,309,488,38,48,127,115,259,730,0.56,0.56,,0.56,0.709,0.591,muresgh01
Lamond Murray,21,LAC,NBA,1994-95,81,61,2556,439,1093,374,875,65,218,199,264,132,222,354,133,72,55,163,180,1142,0.402,0.427,0.298,0.431,0.754,0.472,murrala01
Tracy Murray,23,TOT,NBA,1994-95,54,3,516,95,233,60,147,35,86,33,42,20,39,59,19,14,4,35,73,258,0.408,0.408,0.407,0.483,0.786,0.513,murratr01
Dikembe Mutombo,28,DEN,NBA,1994-95,82,82,3100,349,628,349,628,0,0,248,379,319,710,1029,113,40,321,192,284,946,0.556,0.556,,0.556,0.654,0.595,mutomdi01
Pete Myers,31,CHI,NBA,1994-95,71,14,1270,119,287,109,248,10,39,70,114,57,82,139,148,58,15,88,125,318,0.415,0.44,0.256,0.432,0.614,0.472,myerspe01
Ivano Newbill,24,DET,NBA,1994-95,34,0,331,16,45,16,45,0,0,8,22,40,41,81,17,12,11,12,60,40,0.356,0.356,,0.356,0.364,0.366,newbiiv01
Johnny Newman,31,MIL,NBA,1994-95,82,11,1896,226,488,181,360,45,128,137,171,72,101,173,91,69,13,86,234,634,0.463,0.503,0.352,0.509,0.801,0.563,newmajo01
Ken Norman,30,ATL,NBA,1994-95,74,27,1879,388,856,290,571,98,285,64,140,103,259,362,94,34,20,96,154,938,0.453,0.508,0.344,0.511,0.457,0.511,normake01
Julius Nwosu,23,SAS,NBA,1994-95,23,0,84,9,28,9,28,0,0,13,17,11,13,24,3,0,3,9,20,31,0.321,0.321,,0.321,0.765,0.437,nwosuju01
Shaquille O'Neal,22,ORL,NBA,1994-95,79,79,2923,930,1594,930,1589,0,5,455,854,328,573,901,214,73,192,204,258,2315,0.583,0.585,0,0.583,0.533,0.588,onealsh01
Charles Oakley,31,NYK,NBA,1994-95,50,49,1567,192,393,189,381,3,12,119,150,155,290,445,126,60,7,103,179,506,0.489,0.496,0.25,0.492,0.793,0.551,oaklech01
Hakeem Olajuwon,32,HOU,NBA,1994-95,72,72,2853,798,1545,795,1529,3,16,406,537,172,603,775,255,133,242,237,250,2005,0.517,0.52,0.188,0.517,0.756,0.563,olajuha01
Brian Oliver,26,WSB,NBA,1994-95,6,0,42,4,9,4,9,0,0,6,8,0,4,4,4,0,0,3,8,14,0.444,0.444,,0.444,0.75,0.559,olivebr01
Bo Outlaw,23,LAC,NBA,1994-95,81,31,1655,170,325,170,320,0,5,82,186,121,192,313,84,90,151,78,227,422,0.523,0.531,0,0.523,0.441,0.519,outlabo01
Doug Overton,25,WSB,NBA,1994-95,82,20,1704,207,498,154,373,53,125,109,125,26,117,143,246,53,2,104,126,576,0.416,0.413,0.424,0.469,0.872,0.521,overtdo01
Billy Owens,25,MIA,NBA,1994-95,70,60,2296,403,820,401,798,2,22,194,313,203,299,502,246,80,30,204,205,1002,0.491,0.503,0.091,0.493,0.62,0.523,owensbi01
Robert Pack,25,DEN,NBA,1994-95,42,32,1144,170,395,140,323,30,72,137,175,19,94,113,290,61,6,134,101,507,0.43,0.433,0.417,0.468,0.783,0.537,packro01
Robert Parish,41,CHH,NBA,1994-95,81,4,1352,159,372,159,372,0,0,71,101,93,257,350,44,27,36,66,132,389,0.427,0.427,,0.427,0.703,0.467,parisro01
Gary Payton,26,SEA,NBA,1994-95,82,82,3015,685,1345,615,1113,70,232,249,348,108,173,281,583,204,13,201,206,1689,0.509,0.553,0.302,0.535,0.716,0.564,paytoga01
Anthony Peeler,25,LAL,NBA,1994-95,73,24,1559,285,659,201,443,84,216,102,128,62,106,168,122,52,13,82,143,756,0.432,0.454,0.389,0.496,0.797,0.528,peelean01
Mike Peplowski,24,DET,NBA,1994-95,6,0,21,5,5,5,5,0,0,1,2,1,2,3,1,1,0,2,10,11,1,1,,1,0.5,0.935,peplomi01
Will Perdue,29,CHI,NBA,1994-95,78,78,1592,254,459,254,458,0,1,113,194,211,311,522,90,26,56,116,220,621,0.553,0.555,0,0.553,0.582,0.57,perduwi01
Sam Perkins,33,SEA,NBA,1994-95,82,37,2356,346,742,210,399,136,343,215,269,96,302,398,135,72,45,77,186,1043,0.466,0.526,0.397,0.558,0.799,0.606,perkisa01
Elliot Perry,25,PHO,NBA,1994-95,82,51,1977,306,588,281,528,25,60,158,195,51,100,151,394,156,4,163,142,795,0.52,0.532,0.417,0.542,0.81,0.59,perryel01
Tim Perry,29,PHI,NBA,1994-95,42,1,446,27,78,27,64,0,14,22,40,38,51,89,12,10,15,21,51,76,0.346,0.422,0,0.346,0.55,0.397,perryti01
Chuck Person,30,SAS,NBA,1994-95,81,1,2033,317,750,145,305,172,445,66,102,49,209,258,106,45,12,102,198,872,0.423,0.475,0.387,0.537,0.647,0.549,persoch01
Wesley Person,23,PHO,NBA,1994-95,78,56,1800,309,638,193,372,116,266,80,101,67,134,201,105,48,24,79,149,814,0.484,0.519,0.436,0.575,0.792,0.596,persowe01
Derrick Phelps,22,SAC,NBA,1994-95,3,0,5,0,1,0,1,0,0,0,2,0,0,0,1,0,0,0,3,0,0,0,,0,0,0,phelpde01
Bobby Phills,25,CLE,NBA,1994-95,80,79,2500,338,816,319,761,19,55,183,235,90,175,265,180,115,25,113,206,878,0.414,0.419,0.345,0.426,0.779,0.477,phillbo01
Eric Piatkowski,24,LAC,NBA,1994-95,81,11,1208,201,456,127,258,74,198,90,115,63,70,133,77,37,15,63,150,566,0.441,0.492,0.374,0.522,0.783,0.559,piatker01
Ricky Pierce,35,GSW,NBA,1994-95,27,6,673,111,254,88,184,23,70,93,106,12,52,64,40,22,2,24,38,338,0.437,0.478,0.329,0.482,0.877,0.562,piercri01
Ed Pinckney,31,MIL,NBA,1994-95,62,17,835,48,97,48,97,0,0,44,62,65,146,211,21,34,17,26,64,140,0.495,0.495,,0.495,0.71,0.563,pincked01
Scottie Pippen,29,CHI,NBA,1994-95,79,79,3014,634,1320,525,1004,109,316,315,440,175,464,639,409,232,89,271,238,1692,0.48,0.523,0.345,0.522,0.716,0.559,pippesc01
Olden Polynice,30,SAC,NBA,1994-95,81,81,2534,376,691,375,690,1,1,124,194,277,448,725,62,48,52,113,238,877,0.544,0.543,1,0.545,0.639,0.565,polynol01
Terry Porter,31,POR,NBA,1994-95,35,9,770,105,267,61,153,44,114,58,82,18,63,81,133,30,2,58,60,312,0.393,0.399,0.386,0.476,0.707,0.515,portete01
Mark Price,30,CLE,NBA,1994-95,48,34,1375,253,612,150,359,103,253,148,162,25,87,112,335,35,4,142,50,757,0.413,0.418,0.407,0.498,0.914,0.554,pricema01
Kevin Pritchard,27,TOT,NBA,1994-95,19,0,194,13,32,11,24,2,8,16,21,0,12,12,34,2,1,12,22,44,0.406,0.458,0.25,0.438,0.762,0.533,pritcke01
Dino Radja,27,BOS,NBA,1994-95,66,48,2147,450,919,450,918,0,1,233,307,149,424,573,111,60,86,159,232,1133,0.49,0.49,0,0.49,0.759,0.537,radjadi01
Kurt Rambis,36,LAL,NBA,1994-95,26,1,195,18,35,18,35,0,0,8,12,10,24,34,16,3,9,8,35,44,0.514,0.514,,0.514,0.667,0.546,rambiku01
Mark Randall,27,DEN,NBA,1994-95,8,0,39,3,10,3,9,0,1,0,0,4,8,12,1,0,0,1,5,6,0.3,0.333,0,0.3,,0.3,randama01
Eldridge Recasner,27,DEN,NBA,1994-95,3,0,13,1,6,1,5,0,1,4,4,0,2,2,1,3,0,2,0,6,0.167,0.2,0,0.167,1,0.387,recasel01
Khalid Reeves,22,MIA,NBA,1994-95,67,17,1462,206,465,139,294,67,171,140,196,52,134,186,288,77,10,132,139,619,0.443,0.473,0.392,0.515,0.714,0.561,reevekh01
J.R. Reid,26,SAS,NBA,1994-95,81,37,1566,201,396,200,394,1,2,160,233,120,273,393,55,60,32,113,230,563,0.508,0.508,0.5,0.509,0.687,0.565,reidjr01
Glen Rice,27,MIA,NBA,1994-95,82,82,3014,667,1403,482,952,185,451,312,365,99,279,378,192,112,14,153,203,1831,0.475,0.506,0.41,0.541,0.855,0.586,ricegl01
Pooh Richardson,28,LAC,NBA,1994-95,80,77,2864,353,897,266,653,87,244,81,125,38,223,261,632,129,12,171,218,874,0.394,0.407,0.357,0.442,0.648,0.459,richapo01
Mitch Richmond,29,SAC,NBA,1994-95,82,82,3172,668,1497,512,1073,156,424,375,445,69,288,357,311,91,29,234,227,1867,0.446,0.477,0.368,0.498,0.843,0.551,richmmi01
Isaiah Rider,23,MIN,NBA,1994-95,75,67,2645,558,1249,419,853,139,396,277,339,90,159,249,245,69,23,232,194,1532,0.447,0.491,0.351,0.502,0.817,0.548,rideris01
Eric Riley,24,LAC,NBA,1994-95,40,4,434,65,145,65,144,0,1,47,64,45,67,112,11,17,35,31,78,177,0.448,0.451,0,0.448,0.734,0.511,rileyer01
Doc Rivers,33,TOT,NBA,1994-95,63,0,989,108,302,63,175,45,127,60,82,15,94,109,162,65,21,60,150,321,0.358,0.36,0.354,0.432,0.732,0.475,riverdo01
Fred Roberts,34,CLE,NBA,1994-95,21,0,223,28,72,24,61,4,11,20,26,13,21,34,8,6,3,7,26,80,0.389,0.393,0.364,0.417,0.769,0.479,roberfr01
Clifford Robinson,28,POR,NBA,1994-95,75,73,2725,597,1320,455,937,142,383,265,382,152,271,423,198,79,82,158,240,1601,0.452,0.486,0.371,0.506,0.694,0.538,robincl02
David Robinson,29,SAS,NBA,1994-95,81,81,3074,788,1487,782,1467,6,20,656,847,234,643,877,236,134,262,233,230,2238,0.53,0.533,0.3,0.532,0.774,0.602,robinda01
Glenn Robinson,22,MIL,NBA,1994-95,80,76,2958,636,1410,550,1142,86,268,397,499,169,344,513,197,115,22,313,234,1755,0.451,0.482,0.321,0.482,0.796,0.538,robingl01
James Robinson,24,POR,NBA,1994-95,71,25,1539,255,624,179,401,76,223,65,110,42,90,132,180,48,13,127,142,651,0.409,0.446,0.341,0.47,0.591,0.484,robinja02
Dennis Rodman,33,SAS,NBA,1994-95,49,26,1568,137,240,137,238,0,2,75,111,274,549,823,97,31,23,98,159,349,0.571,0.576,0,0.571,0.676,0.604,rodmade01
Carlos Rogers,23,GSW,NBA,1994-95,49,18,1017,180,340,178,326,2,14,76,146,108,170,278,37,22,52,84,124,438,0.529,0.546,0.143,0.532,0.521,0.542,rogerca01
Rodney Rogers,23,DEN,NBA,1994-95,80,77,2142,375,769,325,621,50,148,179,275,132,253,385,161,95,46,173,281,979,0.488,0.523,0.338,0.52,0.651,0.55,rogerro01
Tree Rollins,39,ORL,NBA,1994-95,51,3,478,20,42,20,42,0,0,21,31,31,64,95,9,7,36,23,63,61,0.476,0.476,,0.476,0.677,0.548,rollitr01
Sean Rooks,25,MIN,NBA,1994-95,80,70,2405,289,615,289,610,0,5,290,381,165,321,486,97,29,71,142,208,868,0.47,0.474,0,0.47,0.761,0.555,rooksse01
Jalen Rose,22,DEN,NBA,1994-95,81,37,1798,227,500,191,386,36,114,173,234,57,160,217,389,65,22,160,206,663,0.454,0.495,0.316,0.49,0.739,0.55,roseja01
Donald Royal,28,ORL,NBA,1994-95,70,68,1841,206,434,206,430,0,4,223,299,83,196,279,198,45,16,125,156,635,0.475,0.479,0,0.475,0.746,0.561,royaldo01
Clifford Rozier,22,GSW,NBA,1994-95,66,34,1494,189,390,187,383,2,7,68,152,200,286,486,45,35,39,89,196,448,0.485,0.488,0.286,0.487,0.447,0.49,roziecl01
Trevor Ruffin,24,PHO,NBA,1994-95,49,1,319,84,197,46,98,38,99,27,38,8,15,23,48,14,2,47,52,233,0.426,0.469,0.384,0.523,0.711,0.545,ruffitr01
Bryon Russell,24,UTA,NBA,1994-95,63,15,860,104,238,91,194,13,44,62,93,44,97,141,34,48,11,42,101,283,0.437,0.469,0.295,0.464,0.667,0.507,russebr01
John Salley,30,MIA,NBA,1994-95,75,50,1955,197,395,197,395,0,0,153,207,110,226,336,123,47,85,97,279,547,0.499,0.499,,0.499,0.739,0.563,sallejo01
Danny Schayes,35,PHO,NBA,1994-95,69,27,823,126,248,125,247,1,1,50,69,57,151,208,89,20,37,64,170,303,0.508,0.506,1,0.51,0.725,0.544,schayda01
Steve Scheffler,27,SEA,NBA,1994-95,18,0,102,12,23,12,23,0,0,15,18,8,15,23,4,2,2,3,9,39,0.522,0.522,,0.522,0.833,0.631,schefst01
Dwayne Schintzius,26,NJN,NBA,1994-95,43,11,318,41,108,41,108,0,0,6,11,29,52,81,15,3,17,17,45,88,0.38,0.38,,0.38,0.545,0.39,schindw01
Detlef Schrempf,32,SEA,NBA,1994-95,82,82,2886,521,997,428,816,93,181,437,521,135,373,508,310,93,35,176,252,1572,0.523,0.525,0.514,0.569,0.839,0.641,schrede01
Byron Scott,33,IND,NBA,1994-95,80,1,1528,265,583,186,380,79,203,193,227,18,133,151,108,61,13,119,123,802,0.455,0.489,0.389,0.522,0.85,0.587,scottby01
Dennis Scott,26,ORL,NBA,1994-95,62,10,1499,283,645,133,293,150,352,86,114,25,121,146,131,45,14,57,119,802,0.439,0.454,0.426,0.555,0.754,0.577,scottde01
Malik Sealy,24,LAC,NBA,1994-95,60,41,1604,291,669,269,596,22,73,174,223,77,137,214,107,72,25,83,173,778,0.435,0.451,0.301,0.451,0.78,0.507,sealyma01
Rony Seikaly,29,GSW,NBA,1994-95,36,35,1035,162,314,162,314,0,0,111,160,77,189,266,45,20,37,104,122,435,0.516,0.516,,0.516,0.694,0.566,seikaro01
Charles Shackleford,28,MIN,NBA,1994-95,21,2,239,39,65,39,65,0,0,16,20,16,51,67,8,8,6,8,47,94,0.6,0.6,,0.6,0.8,0.637,shackch01
Brian Shaw,28,ORL,NBA,1994-95,78,9,1836,192,494,144,310,48,184,70,95,52,189,241,406,73,18,184,184,502,0.389,0.465,0.261,0.437,0.737,0.468,shawbr01
Lionel Simmons,26,SAC,NBA,1994-95,58,3,1064,131,312,125,296,6,16,59,84,61,135,196,89,28,23,70,118,327,0.42,0.422,0.375,0.429,0.702,0.469,simmoli01
Dickey Simpkins,22,CHI,NBA,1994-95,59,5,586,78,184,78,184,0,0,50,72,60,91,151,37,10,7,45,72,206,0.424,0.424,,0.424,0.694,0.478,simpkdi01
Scott Skiles,30,WSB,NBA,1994-95,62,62,2077,265,583,169,355,96,228,179,202,26,133,159,452,70,6,172,135,805,0.455,0.476,0.421,0.537,0.886,0.599,skilesc01
Reggie Slater,24,DEN,NBA,1994-95,25,0,236,40,81,40,81,0,0,40,55,21,36,57,12,7,3,26,47,120,0.494,0.494,,0.494,0.727,0.57,slatere01
Charles Smith,29,NYK,NBA,1994-95,76,58,2150,352,747,345,716,7,31,255,322,144,180,324,120,49,95,147,286,966,0.471,0.482,0.226,0.476,0.792,0.544,smithch01
Chris Smith,24,MIN,NBA,1994-95,64,17,1073,116,264,69,156,47,108,41,63,14,59,73,146,32,22,50,119,320,0.439,0.442,0.435,0.528,0.651,0.548,smithch03
Doug Smith,25,DAL,NBA,1994-95,63,0,826,131,314,130,302,1,12,57,75,43,101,144,44,29,26,37,132,320,0.417,0.43,0.083,0.419,0.76,0.461,smithdo03
Kenny Smith,29,HOU,NBA,1994-95,81,81,2030,287,593,145,262,142,331,126,148,27,128,155,323,71,10,123,109,842,0.484,0.553,0.429,0.604,0.851,0.64,smithke01
Michael Smith,29,LAC,NBA,1994-95,29,0,319,63,134,62,126,1,8,26,30,13,43,56,20,6,2,18,41,153,0.47,0.492,0.125,0.474,0.867,0.52,smithmi01
Michael Smith,22,SAC,NBA,1994-95,82,0,1736,220,406,220,404,0,2,127,262,174,312,486,67,61,49,106,235,567,0.542,0.545,0,0.542,0.485,0.544,smithmi02
Steve Smith,25,TOT,NBA,1994-95,80,61,2665,428,1005,291,589,137,416,312,371,104,172,276,274,62,33,155,225,1305,0.426,0.494,0.329,0.494,0.841,0.559,smithst01
Tony Smith,26,LAL,NBA,1994-95,61,4,1024,132,309,100,218,32,91,44,63,43,64,107,102,46,7,50,111,340,0.427,0.459,0.352,0.479,0.698,0.505,smithto02
Rik Smits,28,IND,NBA,1994-95,78,78,2381,558,1060,558,1058,0,2,284,377,192,409,601,111,40,79,189,278,1400,0.526,0.527,0,0.526,0.753,0.571,smitsri01
Elmore Spencer,25,LAC,NBA,1994-95,19,8,368,52,118,52,117,0,1,28,50,11,54,65,25,14,23,48,62,132,0.441,0.444,0,0.441,0.56,0.471,spencel01
Felton Spencer,27,UTA,NBA,1994-95,34,34,905,105,215,105,215,0,0,107,135,90,170,260,17,12,32,68,131,317,0.488,0.488,,0.488,0.793,0.578,spencfe01
Latrell Sprewell,24,GSW,NBA,1994-95,69,69,2771,490,1171,400,845,90,326,350,448,58,198,256,279,112,46,230,108,1420,0.418,0.473,0.276,0.457,0.781,0.519,sprewla01
John Starks,29,NYK,NBA,1994-95,80,78,2725,419,1062,202,451,217,611,168,228,34,185,219,411,92,4,160,257,1223,0.395,0.448,0.355,0.497,0.737,0.526,starkjo01
Larry Stewart,26,WSB,NBA,1994-95,40,0,346,41,89,41,87,0,2,20,30,28,39,67,18,16,9,16,52,102,0.461,0.471,0,0.461,0.667,0.499,stewala01
Bryant Stith,24,DEN,NBA,1994-95,81,51,2329,312,661,292,593,20,68,267,324,95,173,268,153,91,18,110,142,911,0.472,0.492,0.294,0.487,0.824,0.567,stithbr01
John Stockton,32,UTA,NBA,1994-95,82,82,2867,429,791,327,564,102,227,246,306,57,194,251,1011,194,22,267,215,1206,0.542,0.58,0.449,0.607,0.804,0.651,stockjo01
Mark Strickland,24,IND,NBA,1994-95,4,0,9,1,3,1,3,0,0,1,2,2,2,4,0,0,1,1,0,3,0.333,0.333,,0.333,0.5,0.387,stricma01
Rod Strickland,28,POR,NBA,1994-95,64,61,2267,441,946,395,823,46,123,283,380,73,244,317,562,123,9,209,118,1211,0.466,0.48,0.374,0.49,0.745,0.544,stricro02
Derek Strong,26,BOS,NBA,1994-95,70,24,1344,149,329,147,322,2,7,141,172,136,239,375,44,24,13,79,143,441,0.453,0.457,0.286,0.456,0.82,0.545,stronde01
Greg Sutton,27,CHH,NBA,1994-95,53,4,690,94,230,51,115,43,115,32,45,8,48,56,91,33,2,51,114,263,0.409,0.443,0.374,0.502,0.711,0.526,suttogr01
Aaron Swinson,24,PHO,NBA,1994-95,9,0,51,10,18,10,18,0,0,4,5,3,5,8,3,1,0,5,8,24,0.556,0.556,,0.556,0.8,0.594,swinsaa01
Zan Tabak,24,HOU,NBA,1994-95,37,0,182,24,53,24,52,0,1,27,44,23,34,57,4,2,7,18,37,75,0.453,0.462,0,0.453,0.614,0.518,tabakza01
Roy Tarpley,30,DAL,NBA,1994-95,55,1,1354,292,610,287,592,5,18,102,122,142,307,449,58,45,55,109,155,691,0.479,0.485,0.278,0.483,0.836,0.521,tarplro01
Brooks Thompson,24,ORL,NBA,1994-95,38,2,246,45,114,27,56,18,58,8,12,7,16,23,43,10,2,27,46,116,0.395,0.482,0.31,0.474,0.667,0.486,thompbr01
LaSalle Thompson,33,IND,NBA,1994-95,38,3,453,49,118,49,118,0,0,14,16,28,61,89,18,18,10,33,76,112,0.415,0.415,,0.415,0.875,0.448,thompla01
Otis Thorpe,32,TOT,NBA,1994-95,70,35,2096,385,681,385,674,0,7,167,281,202,356,558,112,41,28,132,224,937,0.565,0.571,0,0.565,0.594,0.582,thorpot01
Sedale Threatt,33,LAL,NBA,1994-95,59,2,1384,217,437,181,342,36,95,88,111,21,103,124,248,54,12,70,139,558,0.497,0.529,0.379,0.538,0.793,0.574,threase01
Wayman Tisdale,30,PHO,NBA,1994-95,65,13,1276,278,574,278,574,0,0,94,122,83,164,247,45,29,27,64,190,650,0.484,0.484,,0.484,0.77,0.518,tisdawa01
Tom Tolbert,29,CHH,NBA,1994-95,10,0,57,6,18,6,14,0,4,2,2,7,10,17,2,0,0,3,9,14,0.333,0.429,0,0.333,1,0.371,tolbeto01
Keith Tower,24,ORL,NBA,1994-95,3,0,7,0,2,0,2,0,0,1,2,1,2,3,0,0,0,1,1,1,0,0,,0,0.5,0.174,towerke01
Anthony Tucker,25,WSB,NBA,1994-95,62,13,982,96,210,96,209,0,1,51,83,44,126,170,68,46,11,56,129,243,0.457,0.459,0,0.457,0.614,0.493,tuckean01
Henry Turner,28,SAC,NBA,1994-95,30,0,149,23,57,21,52,2,5,20,35,17,11,28,7,8,1,12,20,68,0.404,0.404,0.4,0.421,0.571,0.47,turnehe02
Jeff Turner,32,ORL,NBA,1994-95,49,5,576,73,178,46,103,27,75,26,29,23,74,97,38,12,3,22,102,199,0.41,0.447,0.36,0.486,0.897,0.522,turneje01
B.J. Tyler,23,PHI,NBA,1994-95,55,8,809,72,189,56,138,16,51,35,50,13,49,62,174,36,2,97,58,195,0.381,0.406,0.314,0.423,0.7,0.462,tylerbj01
Nick Van Exel,23,LAL,NBA,1994-95,80,80,2944,465,1107,282,596,183,511,235,300,27,196,223,660,97,6,220,157,1348,0.42,0.473,0.358,0.503,0.783,0.544,vanexni01
Loy Vaught,26,LAC,NBA,1994-95,80,79,2966,609,1185,602,1152,7,33,176,248,261,511,772,139,104,29,166,243,1401,0.514,0.523,0.212,0.517,0.71,0.541,vaughlo01
Fred Vinson,24,ATL,NBA,1994-95,5,0,27,1,7,0,1,1,6,1,1,0,0,0,1,0,0,2,4,4,0.143,0,0.167,0.214,1,0.269,vinsofr01
Kenny Walker,30,WSB,NBA,1994-95,24,0,266,18,42,18,42,0,0,21,28,19,28,47,7,5,5,15,42,57,0.429,0.429,,0.429,0.75,0.525,walkeke01
Rex Walters,24,NJN,NBA,1994-95,80,30,1435,206,469,135,273,71,196,40,52,18,75,93,121,37,16,71,135,523,0.439,0.495,0.362,0.515,0.769,0.532,waltere01
Charlie Ward,24,NYK,NBA,1994-95,10,0,44,4,19,3,9,1,10,7,10,1,5,6,4,2,0,8,7,16,0.211,0.333,0.1,0.237,0.7,0.342,wardch01
Jamie Watson,22,UTA,NBA,1994-95,60,1,673,76,152,71,133,5,19,38,56,16,58,74,59,35,11,51,86,195,0.5,0.534,0.263,0.516,0.679,0.552,watsoja01
Clarence Weatherspoon,24,PHI,NBA,1994-95,76,76,2991,543,1238,539,1217,4,21,283,377,144,382,526,215,115,67,191,195,1373,0.439,0.443,0.19,0.44,0.751,0.489,weathcl01
Spud Webb,31,SAC,NBA,1994-95,76,76,2458,302,689,254,544,48,145,226,242,29,145,174,468,75,8,185,148,878,0.438,0.467,0.331,0.473,0.934,0.552,webbsp01
Chris Webber,21,WSB,NBA,1994-95,54,52,2067,464,938,424,793,40,145,117,233,200,318,518,256,83,85,167,186,1085,0.495,0.535,0.276,0.516,0.502,0.521,webbech01
Bill Wennington,31,CHI,NBA,1994-95,73,1,956,156,317,156,313,0,4,51,63,64,126,190,40,22,17,39,198,363,0.492,0.498,0,0.492,0.81,0.527,wennibi01
David Wesley,24,BOS,NBA,1994-95,51,36,1380,128,313,77,194,51,119,71,94,31,86,117,266,82,9,87,144,378,0.409,0.397,0.429,0.49,0.755,0.533,wesleda01
Doug West,27,MIN,NBA,1994-95,71,65,2328,351,762,340,701,11,61,206,246,60,167,227,185,65,24,126,250,919,0.461,0.485,0.18,0.468,0.837,0.528,westdo01
Mark West,34,DET,NBA,1994-95,67,58,1543,217,390,217,390,0,0,66,138,160,248,408,18,27,102,85,247,500,0.556,0.556,,0.556,0.478,0.555,westma01
Ennis Whatley,32,ATL,NBA,1994-95,27,2,292,24,53,22,45,2,8,20,32,9,21,30,54,19,0,19,37,70,0.453,0.489,0.25,0.472,0.625,0.522,whatlen01
Chris Whitney,23,SAS,NBA,1994-95,25,0,179,14,47,11,28,3,19,11,11,4,9,13,28,4,0,18,34,42,0.298,0.393,0.158,0.33,1,0.405,whitnch01
Morlon Wiley,28,TOT,NBA,1994-95,43,2,424,50,117,20,38,30,79,7,10,6,37,43,75,22,2,23,44,137,0.427,0.526,0.38,0.556,0.7,0.564,wileymo01
Dominique Wilkins,35,BOS,NBA,1994-95,77,64,2423,496,1169,384,880,112,289,266,340,157,244,401,166,61,14,173,130,1370,0.424,0.436,0.388,0.472,0.782,0.519,wilkido01
Aaron Williams,23,MIL,NBA,1994-95,15,0,72,8,24,8,23,0,1,8,12,5,14,19,0,2,6,7,14,24,0.333,0.348,0,0.333,0.667,0.41,williaa01
Buck Williams,34,POR,NBA,1994-95,82,82,2422,309,604,308,602,1,2,138,205,251,418,669,78,67,69,119,254,757,0.512,0.512,0.5,0.512,0.673,0.545,willibu01
Herb Williams,36,NYK,NBA,1994-95,56,3,743,82,180,82,180,0,0,23,37,23,109,132,27,13,45,40,108,187,0.456,0.456,,0.456,0.622,0.476,willihe01
Hot Rod Williams,32,CLE,NBA,1994-95,74,73,2641,366,810,365,805,1,5,196,286,173,334,507,192,83,101,149,211,929,0.452,0.453,0.2,0.452,0.685,0.496,williho01
Jayson Williams,26,NJN,NBA,1994-95,75,6,982,149,323,149,318,0,5,65,122,179,246,425,35,26,33,59,160,363,0.461,0.469,0,0.461,0.533,0.482,willija01
John Williams,28,IND,NBA,1994-95,34,0,402,41,115,37,103,4,12,14,25,23,39,62,27,10,2,35,48,100,0.357,0.359,0.333,0.374,0.56,0.397,willijo02
Lorenzo Williams,25,DAL,NBA,1994-95,82,81,2383,145,304,145,304,0,0,38,101,291,399,690,124,52,148,105,306,328,0.477,0.477,,0.477,0.376,0.471,willilo01
Micheal Williams,28,MIN,NBA,1994-95,1,1,28,1,4,1,4,0,0,4,5,0,1,1,3,2,0,3,3,6,0.25,0.25,,0.25,0.8,0.484,willimi02
Monty Williams,23,NYK,NBA,1994-95,41,23,503,60,133,60,125,0,8,17,38,42,56,98,49,20,4,41,87,137,0.451,0.48,0,0.451,0.447,0.458,willimo01
Reggie Williams,30,DEN,NBA,1994-95,74,70,2198,388,846,303,580,85,266,132,174,94,235,329,231,114,67,124,264,993,0.459,0.522,0.32,0.509,0.759,0.538,willire01
Scott Williams,26,PHI,NBA,1994-95,77,43,1781,206,434,206,427,0,7,79,107,173,312,485,59,71,40,84,237,491,0.475,0.482,0,0.475,0.738,0.51,willisc01
Walt Williams,24,SAC,NBA,1994-95,77,77,2739,445,998,342,702,103,296,266,364,100,245,345,316,123,63,243,265,1259,0.446,0.487,0.348,0.497,0.731,0.544,williwa02
Kevin Willis,32,TOT,NBA,1994-95,67,63,2390,473,1015,470,1000,3,15,205,297,227,505,732,86,60,36,162,215,1154,0.466,0.47,0.2,0.467,0.69,0.504,willike02
Trevor Wilson,26,SAC,NBA,1994-95,15,0,147,18,40,18,40,0,0,11,14,10,16,26,12,4,2,6,12,47,0.45,0.45,,0.45,0.786,0.509,wilsotr01
David Wingate,31,CHH,NBA,1994-95,52,9,515,50,122,46,100,4,22,18,24,11,49,60,56,19,6,27,60,122,0.41,0.46,0.182,0.426,0.75,0.46,wingada01
Dontonio Wingfield,20,SEA,NBA,1994-95,20,0,81,18,51,16,39,2,12,8,10,11,19,30,3,5,3,8,15,46,0.353,0.41,0.167,0.373,0.8,0.415,wingfdo01
Joe Wolf,30,CHH,NBA,1994-95,63,6,583,38,81,36,75,2,6,12,16,34,95,129,37,9,6,22,101,90,0.469,0.48,0.333,0.481,0.75,0.511,wolfjo01
David Wood,30,GSW,NBA,1994-95,78,13,1336,153,326,122,235,31,91,91,117,83,158,241,65,28,13,53,217,428,0.469,0.519,0.341,0.517,0.778,0.567,woodda01
Randy Woods,24,LAC,NBA,1994-95,62,3,495,37,117,15,43,22,74,28,38,10,34,44,134,41,0,55,87,124,0.316,0.349,0.297,0.41,0.737,0.464,woodsra01
Haywoode Workman,29,IND,NBA,1994-95,69,14,1028,101,269,66,171,35,98,55,74,21,90,111,194,59,5,73,115,292,0.375,0.386,0.357,0.441,0.743,0.484,workmha01
Sharone Wright,22,PHI,NBA,1994-95,79,49,2044,361,776,361,768,0,8,182,282,191,281,472,48,37,104,151,246,904,0.465,0.47,0,0.465,0.645,0.502,wrighsh01
Danny Young,32,MIL,NBA,1994-95,7,0,77,9,17,4,5,5,12,1,1,1,4,5,12,4,0,4,8,24,0.529,0.8,0.417,0.676,1,0.688,youngda01
Mahmoud Abdul-Rauf,26,DEN,NBA,1995-96,57,53,2029,414,955,293,646,121,309,146,157,26,112,138,389,64,3,115,117,1095,0.434,0.454,0.392,0.497,0.93,0.535,abdulma02
Michael Adams,33,CHH,NBA,1995-96,21,3,329,37,83,23,42,14,41,26,35,5,17,22,67,21,4,25,25,114,0.446,0.548,0.341,0.53,0.743,0.579,adamsmi01
Rafael Addison,31,CHH,NBA,1995-96,53,0,516,77,165,77,156,0,9,17,22,25,65,90,30,9,9,27,74,171,0.467,0.494,0,0.467,0.773,0.489,addisra01
Cory Alexander,22,SAS,NBA,1995-96,60,0,560,63,155,37,89,26,66,16,25,9,33,42,121,27,2,68,94,168,0.406,0.416,0.394,0.49,0.64,0.506,alexaco01
Jerome Allen,23,MIN,NBA,1995-96,41,0,362,36,105,26,72,10,33,26,36,5,20,25,49,21,5,34,42,108,0.343,0.361,0.303,0.39,0.722,0.447,allenje01
Derrick Alston,23,PHI,NBA,1995-96,73,41,1614,198,387,197,384,1,3,55,112,127,175,302,61,56,52,59,191,452,0.512,0.513,0.333,0.513,0.491,0.518,alstode01
John Amaechi,25,CLE,NBA,1995-96,28,3,357,29,70,29,70,0,0,19,33,13,39,52,9,6,11,34,49,77,0.414,0.414,,0.414,0.576,0.456,amaecjo01
Ashraf Amaya,24,VAN,NBA,1995-96,54,34,1104,121,252,121,251,0,1,97,149,114,189,303,33,22,10,57,151,339,0.48,0.482,0,0.48,0.651,0.534,amayaas01
Greg Anderson,31,SAS,NBA,1995-96,46,7,344,24,47,24,46,0,1,6,25,29,71,100,10,9,24,22,66,54,0.511,0.522,0,0.511,0.24,0.466,andergr01
Kenny Anderson,25,TOT,NBA,1995-96,69,64,2344,349,834,257,578,92,256,260,338,63,140,203,575,111,14,146,178,1050,0.418,0.445,0.359,0.474,0.769,0.534,anderke01
Nick Anderson,28,ORL,NBA,1995-96,77,77,2717,400,904,232,474,168,430,166,240,92,323,415,279,121,46,141,135,1134,0.442,0.489,0.391,0.535,0.692,0.562,anderni01
Willie Anderson,29,TOT,NBA,1995-96,76,44,2060,288,660,254,540,34,120,132,163,48,198,246,197,75,59,143,230,742,0.436,0.47,0.283,0.462,0.81,0.507,anderwi01
Greg Anthony,28,VAN,NBA,1995-96,69,68,2096,324,781,234,510,90,271,229,297,29,145,174,476,116,11,160,137,967,0.415,0.459,0.332,0.472,0.771,0.53,anthogr01
B.J. Armstrong,28,GSW,NBA,1995-96,82,64,2262,340,727,242,520,98,207,234,279,22,162,184,401,68,6,128,147,1012,0.468,0.465,0.473,0.535,0.839,0.595,armstbj01
Darrell Armstrong,27,ORL,NBA,1995-96,13,0,41,16,32,10,20,6,12,4,4,0,2,2,5,6,0,6,4,42,0.5,0.5,0.5,0.594,1,0.622,armstda01
Vincent Askew,29,SEA,NBA,1995-96,69,2,1725,215,436,186,350,29,86,123,161,65,153,218,163,47,15,96,178,582,0.493,0.531,0.337,0.526,0.764,0.574,askewvi01
Keith Askins,28,MIA,NBA,1995-96,75,14,1897,157,391,58,154,99,237,45,57,113,211,324,121,48,61,82,271,458,0.402,0.377,0.418,0.528,0.789,0.55,askinke01
Stacey Augmon,27,ATL,NBA,1995-96,77,49,2294,362,738,361,734,1,4,251,317,137,167,304,137,106,31,138,188,976,0.491,0.492,0.25,0.491,0.792,0.556,augmost01
Anthony Avent,26,VAN,NBA,1995-96,71,32,1586,179,466,179,466,0,0,57,77,108,247,355,69,30,42,107,202,415,0.384,0.384,,0.384,0.74,0.415,aventan01
Vin Baker,24,MIL,NBA,1995-96,82,82,3319,699,1429,689,1381,10,48,321,479,263,545,808,212,68,91,216,272,1729,0.489,0.499,0.208,0.493,0.67,0.527,bakervi01
Steve Bardo,27,DET,NBA,1995-96,9,0,123,9,23,9,19,0,4,4,6,2,20,22,15,4,1,5,17,22,0.391,0.474,0,0.391,0.667,0.429,bardost01
Charles Barkley,32,PHO,NBA,1995-96,71,71,2632,580,1160,531,985,49,175,440,566,243,578,821,262,114,56,218,208,1649,0.5,0.539,0.28,0.521,0.777,0.585,barklch01
Dana Barros,28,BOS,NBA,1995-96,80,25,2328,379,806,229,438,150,368,130,147,21,171,192,306,58,3,120,116,1038,0.47,0.523,0.408,0.563,0.884,0.596,barroda01
Brent Barry,24,LAC,NBA,1995-96,79,44,1898,283,597,160,301,123,296,111,137,38,130,168,230,95,22,120,196,800,0.474,0.532,0.416,0.577,0.81,0.609,barrybr01
Jon Barry,26,GSW,NBA,1995-96,68,0,712,91,185,47,92,44,93,31,37,17,46,63,85,33,11,42,51,257,0.492,0.511,0.473,0.611,0.838,0.638,barryjo01
Corey Beck,24,CHH,NBA,1995-96,5,0,33,2,8,2,8,0,0,1,2,3,4,7,5,1,0,4,8,5,0.25,0.25,,0.25,0.5,0.282,beckco01
Benoit Benjamin,31,TOT,NBA,1995-96,83,71,1896,294,590,294,587,0,3,140,194,141,398,539,64,45,85,144,224,728,0.498,0.501,0,0.498,0.722,0.539,benjabe01
Elmer Bennett,25,PHI,NBA,1995-96,8,0,66,4,17,4,17,0,0,3,4,1,4,5,8,1,1,7,6,11,0.235,0.235,,0.235,0.75,0.293,benneel01
Mario Bennett,22,PHO,NBA,1995-96,19,14,230,29,64,29,63,0,1,27,42,21,28,49,6,11,11,11,46,85,0.453,0.46,0,0.453,0.643,0.515,bennema01
David Benoit,27,UTA,NBA,1995-96,81,63,1961,255,581,191,389,64,192,87,112,90,293,383,82,43,49,71,166,661,0.439,0.491,0.333,0.494,0.777,0.524,benoida01
Travis Best,23,IND,NBA,1995-96,59,1,571,69,163,61,138,8,25,75,90,11,33,44,97,20,3,63,80,221,0.423,0.442,0.32,0.448,0.833,0.545,besttr01
Mookie Blaylock,28,ATL,NBA,1995-96,81,81,2893,455,1123,224,500,231,623,127,170,110,222,332,478,212,17,188,151,1268,0.405,0.448,0.371,0.508,0.747,0.529,blaylmo01
Corie Blount,27,LAL,NBA,1995-96,57,2,715,79,167,79,165,0,2,25,44,69,101,170,42,25,35,47,109,183,0.473,0.479,0,0.473,0.568,0.491,blounco01
Muggsy Bogues,31,CHH,NBA,1995-96,6,0,77,6,16,6,15,0,1,2,2,6,1,7,19,2,0,6,4,14,0.375,0.4,0,0.375,1,0.415,boguemu01
Anthony Bonner,27,ORL,NBA,1995-96,4,0,43,5,15,5,15,0,0,3,7,6,13,19,4,3,0,3,11,13,0.333,0.333,,0.333,0.429,0.36,bonnean01
Melvin Booker,23,HOU,NBA,1995-96,11,0,131,16,50,13,31,3,19,9,11,1,8,9,21,5,1,12,18,44,0.32,0.419,0.158,0.35,0.818,0.401,bookeme01
Anthony Bowie,32,ORL,NBA,1995-96,74,4,1078,128,272,116,241,12,31,40,46,40,83,123,105,34,10,55,112,308,0.471,0.481,0.387,0.493,0.87,0.527,bowiean01
Donnie Boyce,22,ATL,NBA,1995-96,8,0,41,9,23,5,15,4,8,2,4,5,5,10,3,3,1,6,2,24,0.391,0.333,0.5,0.478,0.5,0.485,boycedo01
Shawn Bradley,23,TOT,NBA,1995-96,79,68,2329,387,873,386,869,1,4,169,246,221,417,638,63,49,288,179,286,944,0.443,0.444,0.25,0.444,0.687,0.481,bradlsh01
Marques Bragg,25,MIN,NBA,1995-96,53,0,369,54,120,54,120,0,0,23,41,38,41,79,8,17,8,26,71,131,0.45,0.45,,0.45,0.561,0.475,braggma01
Terrell Brandon,25,CLE,NBA,1995-96,75,75,2570,510,1096,419,861,91,235,338,381,47,201,248,487,132,33,142,146,1449,0.465,0.487,0.387,0.507,0.887,0.573,brandte01
Tim Breaux,25,HOU,NBA,1995-96,54,4,570,59,161,44,115,15,46,28,45,22,38,60,24,11,8,30,42,161,0.366,0.383,0.326,0.413,0.622,0.445,breauti01
Frank Brickowski,36,SEA,NBA,1995-96,63,8,986,123,252,91,173,32,79,61,86,26,125,151,58,26,8,78,185,339,0.488,0.526,0.405,0.552,0.709,0.585,brickfr01
Scott Brooks,30,DAL,NBA,1995-96,69,0,716,134,293,109,231,25,62,59,69,11,30,41,100,42,3,43,53,352,0.457,0.472,0.403,0.5,0.855,0.544,brooksc01
Chucky Brown,27,HOU,NBA,1995-96,82,82,2019,300,555,299,547,1,8,104,150,134,307,441,89,47,38,94,163,705,0.541,0.547,0.125,0.541,0.693,0.568,brownch01
Dee Brown,27,BOS,NBA,1995-96,65,23,1591,246,616,178,396,68,220,135,158,36,100,136,146,80,12,74,119,695,0.399,0.449,0.309,0.455,0.854,0.507,brownde01
Mike Brown,32,PHI,NBA,1995-96,9,1,162,9,16,9,16,0,0,8,17,14,23,37,3,3,2,6,24,26,0.563,0.563,,0.563,0.471,0.554,brownmi01
P.J. Brown,26,NJN,NBA,1995-96,81,81,2942,354,798,351,783,3,15,204,265,215,345,560,165,79,100,133,249,915,0.444,0.448,0.2,0.445,0.77,0.5,brownpj01
Randy Brown,27,CHI,NBA,1995-96,68,0,671,78,192,77,181,1,11,28,46,17,49,66,73,57,12,31,88,185,0.406,0.425,0.091,0.409,0.609,0.436,brownra02
Mark Bryant,30,HOU,NBA,1995-96,71,9,1587,242,446,242,444,0,2,127,177,131,220,351,52,31,19,85,234,611,0.543,0.545,0,0.543,0.718,0.583,bryanma01
Jud Buechler,27,CHI,NBA,1995-96,74,0,740,112,242,72,152,40,90,14,22,45,66,111,56,34,7,39,70,278,0.463,0.474,0.444,0.545,0.636,0.552,buechju01
Matt Bullard,28,ATL,NBA,1995-96,46,0,460,66,162,40,90,26,72,16,20,18,42,60,18,17,11,24,50,174,0.407,0.444,0.361,0.488,0.8,0.509,bullama01
Scott Burrell,25,CHH,NBA,1995-96,20,20,693,92,206,55,108,37,98,42,56,26,72,98,47,27,13,43,76,263,0.447,0.509,0.378,0.536,0.75,0.57,burresc01
Junior Burrough,23,BOS,NBA,1995-96,61,3,495,64,170,64,170,0,0,61,93,45,64,109,15,15,10,40,74,189,0.376,0.376,,0.376,0.656,0.448,burroju01
Mitchell Butler,25,WSB,NBA,1995-96,61,3,858,88,229,75,169,13,60,48,83,29,89,118,67,41,12,67,104,237,0.384,0.444,0.217,0.413,0.578,0.446,butlemi02
Jason Caffey,22,CHI,NBA,1995-96,57,0,545,71,162,71,161,0,1,40,68,51,60,111,24,12,7,48,91,182,0.438,0.441,0,0.438,0.588,0.474,caffeja01
Michael Cage,34,CLE,NBA,1995-96,82,80,2631,220,396,220,395,0,1,50,92,288,441,729,53,87,79,54,215,490,0.556,0.557,0,0.556,0.543,0.561,cagemi01
Adrian Caldwell,29,IND,NBA,1995-96,51,1,327,46,83,46,83,0,0,18,36,42,68,110,6,9,5,35,73,110,0.554,0.554,,0.554,0.5,0.556,caldwad01
Elden Campbell,27,LAL,NBA,1995-96,82,82,2699,447,888,447,883,0,5,249,349,162,461,623,181,88,212,137,300,1143,0.503,0.506,0,0.503,0.713,0.549,campbel01
Antoine Carr,34,UTA,NBA,1995-96,80,0,1532,233,510,233,507,0,3,114,144,71,129,200,74,28,65,78,254,580,0.457,0.46,0,0.457,0.792,0.506,carran01
Chris Carr,21,PHO,NBA,1995-96,60,10,590,90,217,79,175,11,42,49,60,27,75,102,43,10,5,40,77,240,0.415,0.451,0.262,0.44,0.817,0.493,carrch01
Sam Cassell,26,HOU,NBA,1995-96,61,0,1682,289,658,216,448,73,210,235,285,51,137,188,278,53,4,157,166,886,0.439,0.482,0.348,0.495,0.825,0.565,cassesa01
Duane Causwell,27,SAC,NBA,1995-96,73,26,1044,90,216,90,215,0,1,70,96,86,162,248,20,27,78,53,173,250,0.417,0.419,0,0.417,0.729,0.484,causwdu01
Cedric Ceballos,26,LAL,NBA,1995-96,78,71,2628,638,1203,587,1019,51,184,329,409,215,321,536,119,94,22,167,144,1656,0.53,0.576,0.277,0.552,0.804,0.599,cebalce01
Rex Chapman,28,MIA,NBA,1995-96,56,50,1865,289,679,164,342,125,337,83,113,22,123,145,166,45,10,79,117,786,0.426,0.48,0.371,0.518,0.735,0.539,chapmre01
Calbert Cheaney,24,WSB,NBA,1995-96,70,70,2324,426,905,374,751,52,154,151,214,67,172,239,154,67,18,129,205,1055,0.471,0.498,0.338,0.499,0.706,0.528,cheanca01
Pete Chilcutt,27,HOU,NBA,1995-96,74,0,651,73,179,36,81,37,98,17,26,51,105,156,26,19,14,22,65,200,0.408,0.444,0.378,0.511,0.654,0.525,chilcpe01
Randolph Childress,23,POR,NBA,1995-96,28,0,250,25,79,12,32,13,47,22,27,1,18,19,32,8,1,28,22,85,0.316,0.375,0.277,0.399,0.815,0.468,childra01
Chris Childs,28,NJN,NBA,1995-96,78,54,2408,324,778,229,519,95,259,259,304,51,194,245,548,111,8,230,246,1002,0.416,0.441,0.367,0.478,0.852,0.549,childch01
Doug Christie,25,TOT,NBA,1995-96,55,17,1036,150,337,104,231,46,106,69,93,34,120,154,117,70,19,95,141,415,0.445,0.45,0.434,0.513,0.742,0.549,chrisdo01
Robert Churchwell,23,GSW,NBA,1995-96,4,0,20,3,8,3,8,0,0,0,0,0,3,3,1,0,0,2,1,6,0.375,0.375,,0.375,,0.375,churcro01
Charles Claxton,25,BOS,NBA,1995-96,3,0,7,1,2,1,2,0,0,0,2,2,0,2,0,0,1,1,4,2,0.5,0.5,,0.5,0,0.347,claxtch01
John Coker,24,PHO,NBA,1995-96,5,0,11,4,5,4,5,0,0,0,0,2,0,2,1,0,1,0,1,8,0.8,0.8,,0.8,,0.8,cokerjo01
Derrick Coleman,28,PHI,NBA,1995-96,11,11,294,48,118,41,97,7,21,20,32,13,59,72,31,4,10,28,30,123,0.407,0.423,0.333,0.436,0.625,0.466,colemde01
Bimbo Coles,27,TOT,NBA,1995-96,81,55,2615,318,777,230,523,88,254,168,211,49,211,260,422,94,17,171,253,892,0.409,0.44,0.346,0.466,0.796,0.513,colesbi01
Marty Conlon,28,MIL,NBA,1995-96,74,1,958,153,327,148,297,5,30,84,110,58,119,177,68,20,11,79,126,395,0.468,0.498,0.167,0.476,0.764,0.526,conloma01
Anthony Cook,28,POR,NBA,1995-96,11,0,60,7,16,7,14,0,2,1,4,5,7,12,2,0,1,1,8,15,0.438,0.5,0,0.438,0.25,0.422,cookan01
Tyrone Corbin,33,TOT,NBA,1995-96,71,2,1284,155,351,152,333,3,18,100,120,81,163,244,84,63,20,67,147,413,0.442,0.456,0.167,0.446,0.833,0.511,corbity01
Joe Courtney,26,CLE,NBA,1995-96,23,0,200,15,35,15,35,0,0,8,18,24,25,49,9,5,6,17,35,38,0.429,0.429,,0.429,0.444,0.443,courtjo01
John Crotty,26,CLE,NBA,1995-96,58,4,617,51,114,43,87,8,27,62,72,20,34,54,102,22,6,51,60,172,0.447,0.494,0.296,0.482,0.861,0.59,crottjo01
Terry Cummings,34,MIL,NBA,1995-96,81,13,1777,270,584,269,577,1,7,104,160,162,283,445,89,56,30,69,263,645,0.462,0.466,0.143,0.463,0.65,0.493,cummite01
Dell Curry,31,CHH,NBA,1995-96,82,29,2371,441,974,277,568,164,406,146,171,68,196,264,176,108,25,130,173,1192,0.453,0.488,0.404,0.537,0.854,0.568,curryde01
Michael Curry,27,TOT,NBA,1995-96,46,1,783,73,161,53,108,20,53,45,62,27,58,85,27,24,2,24,92,211,0.453,0.491,0.377,0.516,0.726,0.56,currymi01
Rastko Cvetkovic,25,DEN,NBA,1995-96,14,0,48,5,16,5,15,0,1,0,4,4,7,11,3,2,1,3,11,10,0.313,0.333,0,0.313,0,0.282,cvetkra01
Sasha Danilovic,25,MIA,NBA,1995-96,19,18,542,83,184,49,106,34,78,55,72,12,34,46,47,15,3,37,49,255,0.451,0.462,0.436,0.543,0.764,0.591,danilsa01
Yinka Dare,23,NJN,NBA,1995-96,58,23,626,63,144,63,144,0,0,38,62,56,125,181,0,8,40,72,117,164,0.438,0.438,,0.438,0.613,0.479,dareyi01
Antonio Davis,27,IND,NBA,1995-96,82,14,2092,236,482,235,480,1,2,246,345,188,313,501,43,33,66,87,248,719,0.49,0.49,0.5,0.491,0.713,0.567,davisan01
Dale Davis,26,IND,NBA,1995-96,78,77,2617,334,599,334,599,0,0,135,289,252,457,709,76,56,112,119,238,803,0.558,0.558,,0.558,0.467,0.553,davisda01
Hubert Davis,25,NYK,NBA,1995-96,74,14,1773,275,566,148,299,127,267,112,129,35,88,123,103,31,8,63,120,789,0.486,0.495,0.476,0.598,0.868,0.633,davishu01
Mark Davis,22,MIN,NBA,1995-96,57,0,571,55,149,51,136,4,13,74,116,56,69,125,47,40,22,68,92,188,0.369,0.375,0.308,0.383,0.638,0.47,davisma02
Terry Davis,28,DAL,NBA,1995-96,28,0,501,55,108,55,108,0,0,27,47,43,74,117,21,10,4,25,66,137,0.509,0.509,,0.509,0.574,0.532,daviste01
Todd Day,26,TOT,NBA,1995-96,79,12,1807,299,817,199,515,100,302,224,287,70,154,224,107,81,51,109,225,922,0.366,0.386,0.331,0.427,0.78,0.489,dayto01
Andrew DeClercq,22,GSW,NBA,1995-96,22,1,203,24,50,24,49,0,1,11,19,18,21,39,9,7,5,4,30,59,0.48,0.49,0,0.48,0.579,0.505,declean01
Terry Dehere,24,LAC,NBA,1995-96,82,10,2018,315,686,176,370,139,316,247,327,41,102,143,350,54,16,191,239,1016,0.459,0.476,0.44,0.56,0.755,0.612,deherte01
Vinny Del Negro,29,SAS,NBA,1995-96,82,82,2766,478,962,421,812,57,150,178,214,36,236,272,315,85,6,100,166,1191,0.497,0.518,0.38,0.527,0.832,0.564,delnevi01
Bison Dele,26,LAC,NBA,1995-96,65,65,2157,416,766,415,760,1,6,196,267,149,343,492,122,70,55,190,226,1029,0.543,0.546,0.167,0.544,0.734,0.582,delebi01
Dell Demps,25,SAS,NBA,1995-96,16,0,87,19,33,18,31,1,2,14,17,2,7,9,8,3,1,12,10,53,0.576,0.581,0.5,0.591,0.824,0.655,dempsde01
Vlade Divac,27,LAL,NBA,1995-96,79,79,2470,414,807,411,789,3,18,189,295,198,481,679,261,76,131,199,274,1020,0.513,0.521,0.167,0.515,0.641,0.544,divacvl01
Sherman Douglas,29,TOT,NBA,1995-96,79,66,2335,345,685,305,575,40,110,160,219,55,125,180,436,63,5,194,163,890,0.504,0.53,0.364,0.533,0.731,0.57,douglsh01
Clyde Drexler,33,HOU,NBA,1995-96,52,51,1997,331,764,253,529,78,235,265,338,97,276,373,302,105,24,134,153,1005,0.433,0.478,0.332,0.484,0.784,0.551,drexlcl01
Kevin Duckworth,31,MIL,NBA,1995-96,8,1,58,3,14,3,14,0,0,3,6,2,5,7,2,2,0,2,19,9,0.214,0.214,,0.214,0.5,0.27,duckwke01
Chris Dudley,30,POR,NBA,1995-96,80,61,1924,162,358,162,357,0,1,80,157,239,481,720,37,41,100,79,251,404,0.453,0.454,0,0.453,0.51,0.473,dudlech02
Joe Dumars,32,DET,NBA,1995-96,67,40,2193,255,598,134,300,121,298,162,197,28,110,138,265,43,3,97,106,793,0.426,0.447,0.406,0.528,0.822,0.579,dumarjo01
Richard Dumas,26,PHI,NBA,1995-96,39,14,739,95,203,93,194,2,9,49,70,42,57,99,44,42,6,49,79,241,0.468,0.479,0.222,0.473,0.7,0.515,dumasri02
Tony Dumas,23,DAL,NBA,1995-96,67,12,1284,274,655,200,448,74,207,154,257,58,57,115,99,42,13,77,128,776,0.418,0.446,0.357,0.475,0.599,0.505,dumasto01
Ledell Eackles,29,WSB,NBA,1995-96,55,26,1238,161,377,107,249,54,128,98,118,44,104,148,86,28,3,57,84,474,0.427,0.43,0.422,0.499,0.831,0.553,eacklle01
Acie Earl,25,TOR,NBA,1995-96,42,7,655,117,276,117,273,0,3,82,114,51,78,129,27,18,37,49,73,316,0.424,0.429,0,0.424,0.719,0.484,earlac01
Tyus Edney,22,SAC,NBA,1995-96,80,60,2481,305,740,252,596,53,144,197,252,63,138,201,491,89,3,192,203,860,0.412,0.423,0.368,0.448,0.782,0.505,edneyty01
Blue Edwards,30,VAN,NBA,1995-96,82,82,2773,401,956,317,711,84,245,157,208,98,248,346,212,118,46,170,243,1043,0.419,0.446,0.343,0.463,0.755,0.498,edwarbl01
Doug Edwards,25,VAN,NBA,1995-96,31,0,519,32,91,32,87,0,4,29,38,35,52,87,39,10,18,29,51,93,0.352,0.368,0,0.352,0.763,0.432,edwardo01
James Edwards,40,CHI,NBA,1995-96,28,0,274,41,110,41,110,0,0,16,26,15,25,40,11,1,8,21,61,98,0.373,0.373,,0.373,0.615,0.403,edwarja01
Kevin Edwards,30,NJN,NBA,1995-96,34,33,1007,142,390,100,286,42,104,68,84,14,61,75,71,54,7,68,67,394,0.364,0.35,0.404,0.418,0.81,0.461,edwarke01
Craig Ehlo,34,ATL,NBA,1995-96,79,8,1758,253,591,171,370,82,221,81,103,65,191,256,138,85,9,104,138,669,0.428,0.462,0.371,0.497,0.786,0.526,ehlocr01
Howard Eisley,23,UTA,NBA,1995-96,65,0,961,104,242,90,180,14,62,65,77,22,56,78,146,29,3,77,130,287,0.43,0.5,0.226,0.459,0.844,0.52,eisleho01
Mario Elie,32,HOU,NBA,1995-96,45,16,1385,180,357,139,230,41,127,98,115,47,108,155,138,45,11,59,93,499,0.504,0.604,0.323,0.562,0.852,0.612,eliema01
Sean Elliott,27,SAS,NBA,1995-96,77,77,2901,525,1127,364,735,161,392,326,423,69,327,396,211,69,33,198,178,1537,0.466,0.495,0.411,0.537,0.771,0.585,elliose01
Dale Ellis,35,DEN,NBA,1995-96,81,52,2626,459,959,309,595,150,364,136,179,88,227,315,139,57,7,98,191,1204,0.479,0.519,0.412,0.557,0.76,0.58,ellisda01
LaPhonso Ellis,25,DEN,NBA,1995-96,45,28,1269,189,432,185,410,4,22,89,148,93,229,322,74,36,33,83,163,471,0.438,0.451,0.182,0.442,0.601,0.474,ellisla01
LeRon Ellis,26,MIA,NBA,1995-96,12,1,74,5,22,5,22,0,0,3,6,5,3,8,4,2,3,3,11,13,0.227,0.227,,0.227,0.5,0.264,ellisle02
Pervis Ellison,28,BOS,NBA,1995-96,69,29,1431,145,295,145,295,0,0,75,117,151,300,451,62,39,99,84,207,365,0.492,0.492,,0.492,0.641,0.527,ellispe01
Vincenzo Esposito,26,TOR,NBA,1995-96,30,0,282,36,100,23,44,13,56,31,39,4,12,16,23,7,0,39,27,116,0.36,0.523,0.232,0.425,0.795,0.495,esposvi01
Patrick Ewing,33,NYK,NBA,1995-96,76,76,2783,678,1456,674,1428,4,28,351,461,157,649,806,160,68,184,221,247,1711,0.466,0.472,0.143,0.467,0.761,0.516,ewingpa01
Duane Ferrell,30,IND,NBA,1995-96,54,6,591,80,166,80,158,0,8,42,57,32,61,93,30,23,3,34,83,202,0.482,0.506,0,0.482,0.737,0.529,ferredu01
Danny Ferry,29,CLE,NBA,1995-96,82,79,2680,422,919,279,556,143,363,103,134,71,238,309,191,57,37,122,233,1090,0.459,0.502,0.394,0.537,0.769,0.557,ferryda01
Michael Finley,22,PHO,NBA,1995-96,82,72,3212,465,976,404,790,61,186,242,323,139,235,374,289,85,31,133,199,1233,0.476,0.511,0.328,0.508,0.749,0.551,finlemi01
Matt Fish,26,TOT,NBA,1995-96,18,1,134,21,36,21,36,0,0,10,19,10,11,21,8,3,7,3,19,52,0.583,0.583,,0.583,0.526,0.586,fishma01
Vern Fleming,33,NJN,NBA,1995-96,77,3,1747,227,524,224,496,3,28,133,177,49,121,170,255,41,5,122,115,590,0.433,0.452,0.107,0.436,0.751,0.49,flemive01
Sherell Ford,23,SEA,NBA,1995-96,28,1,139,30,80,26,55,4,25,26,34,12,12,24,5,8,1,6,27,90,0.375,0.473,0.16,0.4,0.765,0.474,fordsh01
Greg Foster,27,UTA,NBA,1995-96,73,2,803,107,244,106,236,1,8,61,72,53,125,178,25,7,22,58,120,276,0.439,0.449,0.125,0.441,0.847,0.501,fostegr01
Rick Fox,26,BOS,NBA,1995-96,81,81,2588,421,928,322,656,99,272,196,254,158,292,450,369,113,41,216,290,1137,0.454,0.491,0.364,0.507,0.772,0.547,foxri01
Kevin Gamble,30,TOT,NBA,1995-96,65,13,1325,152,379,108,265,44,114,38,48,21,92,113,100,35,8,43,147,386,0.401,0.408,0.386,0.459,0.792,0.482,gamblke01
Kevin Garnett,19,MIN,NBA,1995-96,80,43,2293,361,735,353,707,8,28,105,149,175,326,501,145,86,131,110,189,835,0.491,0.499,0.286,0.497,0.705,0.522,garneke01
Chris Gatling,28,TOT,NBA,1995-96,71,2,1427,326,567,326,566,0,1,139,207,129,288,417,43,36,40,95,217,791,0.575,0.576,0,0.575,0.671,0.601,gatlich01
Kenny Gattison,31,VAN,NBA,1995-96,25,14,570,91,190,91,190,0,0,47,78,35,79,114,14,10,11,40,75,229,0.479,0.479,,0.479,0.603,0.51,gattike01
Matt Geiger,26,CHH,NBA,1995-96,77,50,2349,357,666,354,658,3,8,149,205,201,448,649,60,46,63,137,290,866,0.536,0.538,0.375,0.538,0.727,0.573,geigema01
Kendall Gill,27,TOT,NBA,1995-96,47,46,1683,246,524,220,445,26,79,138,176,72,160,232,260,64,24,131,131,656,0.469,0.494,0.329,0.494,0.784,0.545,gillke01
Armen Gilliam,31,NJN,NBA,1995-96,78,76,2856,576,1216,576,1215,0,1,277,350,241,472,713,140,73,53,177,180,1429,0.474,0.474,0,0.474,0.791,0.522,gilliar01
Gerald Glass,28,TOT,NBA,1995-96,15,0,71,12,33,11,27,1,6,1,1,6,2,8,4,3,1,0,10,26,0.364,0.407,0.167,0.379,1,0.389,glassge01
Anthony Goldwire,24,CHH,NBA,1995-96,42,8,621,76,189,43,106,33,83,46,60,8,35,43,112,16,0,63,79,231,0.402,0.406,0.398,0.489,0.767,0.536,goldwan01
Greg Graham,25,TOT,NBA,1995-96,53,5,613,78,193,46,111,32,82,52,68,17,40,57,52,25,1,46,64,240,0.404,0.414,0.39,0.487,0.765,0.538,grahagr01
Ron Grandison,31,TOT,NBA,1995-96,28,3,311,22,58,18,44,4,14,17,25,20,35,55,13,12,2,12,31,65,0.379,0.409,0.286,0.414,0.68,0.471,grandro01
Brian Grant,23,SAC,NBA,1995-96,78,75,2398,427,842,423,825,4,17,262,358,175,370,545,127,40,103,185,269,1120,0.507,0.513,0.235,0.51,0.732,0.56,grantbr01
Gary Grant,30,NYK,NBA,1995-96,47,1,596,88,181,80,157,8,24,48,58,12,40,52,69,39,3,45,91,232,0.486,0.51,0.333,0.508,0.828,0.562,grantga01
Greg Grant,29,TOT,NBA,1995-96,31,2,527,35,99,27,65,8,34,5,6,7,27,34,97,22,2,30,43,83,0.354,0.415,0.235,0.394,0.833,0.408,grantgr01
Harvey Grant,30,POR,NBA,1995-96,76,75,2394,314,679,293,612,21,67,60,110,117,244,361,111,60,43,82,173,709,0.462,0.479,0.313,0.478,0.545,0.487,grantha01
Horace Grant,30,ORL,NBA,1995-96,63,62,2286,347,677,346,671,1,6,152,207,178,402,580,170,62,74,64,144,847,0.513,0.516,0.167,0.513,0.734,0.551,grantho01
A.C. Green,32,PHO,NBA,1995-96,82,36,2113,215,444,201,392,14,52,168,237,166,388,554,72,45,23,79,141,612,0.484,0.513,0.269,0.5,0.709,0.558,greenac01
Tom Gugliotta,26,MIN,NBA,1995-96,78,78,2835,473,1004,447,918,26,86,289,374,176,514,690,238,139,96,234,265,1261,0.471,0.487,0.302,0.484,0.773,0.54,guglito01
Jack Haley,32,CHI,NBA,1995-96,1,0,7,2,6,2,6,0,0,1,2,1,1,2,0,0,0,1,2,5,0.333,0.333,,0.333,0.5,0.363,haleyja01
Thomas Hamilton,20,BOS,NBA,1995-96,11,0,70,9,31,9,31,0,0,7,18,10,12,22,1,0,9,9,12,25,0.29,0.29,,0.29,0.389,0.321,hamilth01
Geert Hammink,26,TOT,NBA,1995-96,6,0,17,2,4,2,4,0,0,4,7,2,2,4,0,0,0,2,2,8,0.5,0.5,,0.5,0.571,0.565,hammige01
Tom Hammonds,28,DEN,NBA,1995-96,71,4,1045,127,268,127,268,0,0,88,115,85,138,223,23,23,13,48,137,342,0.474,0.474,,0.474,0.765,0.537,hammoto01
Darrin Hancock,24,CHH,NBA,1995-96,63,7,838,112,214,111,211,1,3,47,73,40,58,98,47,28,5,56,94,272,0.523,0.526,0.333,0.526,0.644,0.553,hancoda01
Anfernee Hardaway,24,ORL,NBA,1995-96,82,82,3015,623,1215,534,932,89,283,445,580,129,225,354,582,166,41,229,160,1780,0.513,0.573,0.314,0.549,0.767,0.605,hardaan01
Tim Hardaway,29,TOT,NBA,1995-96,80,46,2534,419,992,281,613,138,379,241,305,35,194,229,640,132,17,235,201,1217,0.422,0.458,0.364,0.492,0.79,0.54,hardati01
Derek Harper,34,NYK,NBA,1995-96,82,82,2893,436,939,315,614,121,325,156,206,32,170,202,352,131,5,178,201,1149,0.464,0.513,0.372,0.529,0.757,0.558,harpede01
Ron Harper,32,CHI,NBA,1995-96,80,80,1886,234,501,206,397,28,104,98,139,74,139,213,208,105,32,73,137,594,0.467,0.519,0.269,0.495,0.705,0.528,harpero01
Lucious Harris,25,DAL,NBA,1995-96,61,1,1016,183,397,136,272,47,125,68,87,41,81,122,79,35,3,46,56,481,0.461,0.5,0.376,0.52,0.782,0.553,harrilu01
Antonio Harvey,25,TOT,NBA,1995-96,55,15,821,83,224,83,222,0,2,38,83,69,131,200,15,27,47,44,76,204,0.371,0.374,0,0.371,0.458,0.392,harvean01
Hersey Hawkins,29,SEA,NBA,1995-96,82,82,2823,443,936,297,556,146,380,249,285,86,211,297,218,149,14,164,172,1281,0.473,0.534,0.384,0.551,0.874,0.603,hawkihe01
Alvin Heggs,28,HOU,NBA,1995-96,4,0,14,3,5,3,5,0,0,2,3,1,1,2,0,0,0,0,0,8,0.6,0.6,,0.6,0.667,0.633,heggsal01
Alan Henderson,23,ATL,NBA,1995-96,79,4,1416,192,434,192,431,0,3,119,200,164,192,356,51,44,43,87,217,503,0.442,0.445,0,0.442,0.595,0.482,hendeal01
Carl Herrera,29,SAS,NBA,1995-96,44,6,393,40,97,40,96,0,1,5,17,30,51,81,16,9,8,29,61,85,0.412,0.417,0,0.412,0.294,0.407,herreca01
Sean Higgins,27,PHI,NBA,1995-96,44,4,916,134,323,86,194,48,129,35,37,20,72,92,55,24,11,49,90,351,0.415,0.443,0.372,0.489,0.946,0.517,higgise01
Grant Hill,23,DET,NBA,1995-96,80,80,3260,564,1221,559,1195,5,26,485,646,127,656,783,548,100,48,263,242,1618,0.462,0.468,0.192,0.464,0.751,0.537,hillgr01
Tyrone Hill,27,CLE,NBA,1995-96,44,2,929,130,254,130,254,0,0,81,135,94,150,244,33,31,20,64,144,341,0.512,0.512,,0.512,0.6,0.544,hillty01
Donald Hodge,26,TOT,NBA,1995-96,15,0,115,9,24,9,24,0,0,0,0,9,14,23,4,1,8,2,26,18,0.375,0.375,,0.375,,0.375,hodgedo01
Fred Hoiberg,23,IND,NBA,1995-96,15,1,85,8,19,7,16,1,3,15,18,4,5,9,8,6,1,7,12,32,0.421,0.438,0.333,0.447,0.833,0.594,hoibefr01
Jeff Hornacek,32,UTA,NBA,1995-96,82,59,2588,442,880,338,657,104,223,259,290,62,147,209,340,106,20,127,171,1247,0.502,0.514,0.466,0.561,0.893,0.619,hornaje01
Robert Horry,25,HOU,NBA,1995-96,71,71,2634,300,732,158,344,142,388,111,143,97,315,412,281,116,109,160,197,853,0.41,0.459,0.366,0.507,0.776,0.537,horryro01
Allan Houston,24,DET,NBA,1995-96,82,75,3072,564,1244,373,797,191,447,298,362,54,246,300,250,61,16,233,233,1617,0.453,0.468,0.427,0.53,0.823,0.576,houstal01
Byron Houston,26,SAC,NBA,1995-96,25,0,276,32,64,31,61,1,3,21,26,31,53,84,7,13,7,17,59,86,0.5,0.508,0.333,0.508,0.808,0.57,houstby01
Juwan Howard,22,WSB,NBA,1995-96,81,81,3294,733,1500,729,1487,4,13,319,426,188,472,660,360,67,39,303,269,1789,0.489,0.49,0.308,0.49,0.749,0.53,howarju01
Lindsey Hunter,25,DET,NBA,1995-96,80,48,2138,239,628,122,339,117,289,84,120,44,150,194,188,84,18,80,185,679,0.381,0.36,0.405,0.474,0.7,0.499,hunteli01
Bobby Hurley,24,SAC,NBA,1995-96,72,22,1059,65,230,43,154,22,76,68,85,12,63,75,216,28,3,86,121,220,0.283,0.279,0.289,0.33,0.8,0.411,hurlebo01
Jaren Jackson,28,HOU,NBA,1995-96,4,0,33,0,8,0,3,0,5,8,10,0,3,3,0,1,0,0,5,8,0,0,0,0,0.8,0.323,jacksja01
Jim Jackson,25,DAL,NBA,1995-96,82,82,2820,569,1308,448,975,121,333,345,418,173,237,410,235,47,22,191,165,1604,0.435,0.459,0.363,0.481,0.825,0.538,jacksji01
Mark Jackson,30,IND,NBA,1995-96,81,81,2643,296,626,232,477,64,149,150,191,66,241,307,635,100,5,201,153,806,0.473,0.486,0.43,0.524,0.785,0.568,jacksma01
Henry James,30,HOU,NBA,1995-96,7,0,58,10,24,5,9,5,15,5,5,3,3,6,2,0,0,4,13,30,0.417,0.556,0.333,0.521,1,0.573,jameshe01
Avery Johnson,30,SAS,NBA,1995-96,82,82,3084,438,887,432,856,6,31,189,262,37,169,206,789,119,21,195,179,1071,0.494,0.505,0.194,0.497,0.721,0.534,johnsav01
Darryl Johnson,30,CLE,NBA,1995-96,11,0,28,5,12,5,11,0,1,2,2,2,0,2,1,0,0,1,3,12,0.417,0.455,0,0.417,1,0.466,johnsda02
Eddie Johnson,36,IND,NBA,1995-96,62,1,1002,180,436,135,308,45,128,70,79,45,108,153,69,20,4,56,104,475,0.413,0.438,0.352,0.464,0.886,0.505,johnsed03
Ervin Johnson,28,SEA,NBA,1995-96,81,60,1519,180,352,179,349,1,3,85,127,129,304,433,48,40,129,98,245,446,0.511,0.513,0.333,0.513,0.669,0.547,johnser02
Kevin Johnson,29,PHO,NBA,1995-96,56,55,2007,342,674,321,617,21,57,342,398,42,179,221,517,82,13,170,144,1047,0.507,0.52,0.368,0.523,0.859,0.617,johnske02
Larry Johnson,26,CHH,NBA,1995-96,81,81,3274,583,1225,516,1042,67,183,427,564,249,434,683,355,55,43,182,173,1660,0.476,0.495,0.366,0.503,0.757,0.563,johnsla02
Magic Johnson,36,LAL,NBA,1995-96,32,9,958,137,294,115,236,22,58,172,201,40,143,183,220,26,13,103,48,468,0.466,0.487,0.379,0.503,0.856,0.612,johnsma02
Charles Jones,38,HOU,NBA,1995-96,46,0,297,6,19,6,19,0,0,4,13,28,46,74,12,5,24,3,44,16,0.316,0.316,,0.316,0.308,0.324,jonesch01
Eddie Jones,24,LAL,NBA,1995-96,70,66,2184,337,685,254,458,83,227,136,184,45,188,233,246,129,45,99,162,893,0.492,0.555,0.366,0.553,0.739,0.583,jonesed02
Popeye Jones,25,DAL,NBA,1995-96,68,68,2322,327,733,313,694,14,39,102,133,260,477,737,132,54,27,109,262,770,0.446,0.451,0.359,0.456,0.767,0.486,jonespo01
Michael Jordan,32,CHI,NBA,1995-96,82,82,3090,916,1850,805,1590,111,260,548,657,148,395,543,352,180,42,197,195,2491,0.495,0.506,0.427,0.525,0.834,0.582,jordami01
Reggie Jordan,28,ATL,NBA,1995-96,24,0,247,36,71,36,71,0,0,22,38,23,29,52,29,12,7,19,30,94,0.507,0.507,,0.507,0.579,0.536,jordare01
Adam Keefe,25,UTA,NBA,1995-96,82,0,1708,180,346,180,342,0,4,139,201,176,279,455,64,51,41,88,174,499,0.52,0.526,0,0.52,0.692,0.574,keefead01
Shawn Kemp,26,SEA,NBA,1995-96,79,76,2631,526,937,521,925,5,12,493,664,276,628,904,173,93,127,315,299,1550,0.561,0.563,0.417,0.564,0.742,0.631,kempsh01
Tim Kempton,32,ATL,NBA,1995-96,3,0,11,0,0,0,0,0,0,0,0,0,2,2,1,0,0,1,5,0,,,,,,,kemptti01
Steve Kerr,30,CHI,NBA,1995-96,82,0,1919,244,482,122,245,122,237,78,84,25,85,110,192,63,2,42,109,688,0.506,0.498,0.515,0.633,0.929,0.663,kerrst01
Jerome Kersey,33,GSW,NBA,1995-96,76,58,1620,205,500,202,483,3,17,97,147,154,209,363,114,91,45,75,205,510,0.41,0.418,0.176,0.413,0.66,0.452,kerseje01
Randolph Keys,29,MIL,NBA,1995-96,69,1,816,87,208,65,137,22,71,36,43,41,84,125,65,32,14,33,139,232,0.418,0.474,0.31,0.471,0.837,0.511,keysra01
Jason Kidd,22,DAL,NBA,1995-96,81,81,3034,493,1293,360,897,133,396,229,331,203,350,553,783,175,26,328,155,1348,0.381,0.401,0.336,0.433,0.692,0.468,kiddja01
Chris King,26,VAN,NBA,1995-96,80,66,1930,250,585,206,472,44,113,90,136,102,183,285,104,68,33,103,163,634,0.427,0.436,0.389,0.465,0.662,0.492,kingch01
Frankie King,23,LAL,NBA,1995-96,6,0,20,3,11,3,10,0,1,1,3,1,1,2,2,2,0,2,4,7,0.273,0.3,0,0.273,0.333,0.284,kingfr01
Jimmy King,22,TOR,NBA,1995-96,62,1,868,110,255,105,221,5,34,54,77,43,67,110,88,21,13,60,76,279,0.431,0.475,0.147,0.441,0.701,0.483,kingji02
Stacey King,29,MIA,NBA,1995-96,15,0,156,17,36,17,36,0,0,4,8,9,14,23,2,7,2,18,39,38,0.472,0.472,,0.472,0.5,0.481,kingst01
Joe Kleine,34,PHO,NBA,1995-96,56,9,663,71,169,69,162,2,7,20,25,36,96,132,44,13,6,37,113,164,0.42,0.426,0.286,0.426,0.8,0.456,kleinjo01
Jon Koncak,32,ORL,NBA,1995-96,67,35,1288,84,175,81,166,3,9,32,57,63,209,272,51,27,44,41,226,203,0.48,0.488,0.333,0.489,0.561,0.507,koncajo01
Toni Kukoc,27,CHI,NBA,1995-96,81,20,2103,386,787,299,571,87,216,206,267,115,208,323,287,64,28,114,150,1065,0.49,0.524,0.403,0.546,0.772,0.589,kukocto01
Christian Laettner,26,TOT,NBA,1995-96,74,71,2495,442,907,433,868,9,39,324,396,184,354,538,197,71,71,187,276,1217,0.487,0.499,0.231,0.492,0.818,0.563,laettch01
Andrew Lang,29,TOT,NBA,1995-96,71,69,2365,353,790,352,785,1,5,125,156,153,302,455,65,42,126,124,241,832,0.447,0.448,0.2,0.447,0.801,0.484,langan01
Antonio Lang,23,CLE,NBA,1995-96,41,0,367,41,77,41,75,0,2,34,47,17,36,53,12,14,12,24,61,116,0.532,0.547,0,0.532,0.723,0.594,langan02
Eric Leckner,29,DET,NBA,1995-96,18,8,155,18,29,18,29,0,0,8,13,8,26,34,1,2,4,11,30,44,0.621,0.621,,0.621,0.615,0.634,leckner01
Tim Legler,29,WSB,NBA,1995-96,77,0,1775,233,460,105,215,128,245,132,153,29,111,140,136,45,12,45,141,726,0.507,0.488,0.522,0.646,0.863,0.688,legleti01
Voshon Lenard,22,MIA,NBA,1995-96,30,0,323,53,141,17,40,36,101,34,43,12,40,52,31,6,1,23,31,176,0.376,0.425,0.356,0.504,0.791,0.55,lenarvo01
Cedric Lewis,26,WSB,NBA,1995-96,3,0,4,2,3,2,3,0,0,0,0,2,0,2,0,1,0,0,0,4,0.667,0.667,,0.667,,0.667,lewisce01
Martin Lewis,20,TOR,NBA,1995-96,16,0,189,29,60,27,53,2,7,15,25,15,14,29,3,8,3,14,21,75,0.483,0.509,0.286,0.5,0.6,0.528,lewisma01
Alton Lister,37,TOT,NBA,1995-96,64,19,735,51,105,51,105,0,0,41,64,67,213,280,19,6,42,48,136,143,0.486,0.486,,0.486,0.641,0.537,listeal01
Brad Lohaus,31,TOT,NBA,1995-96,55,8,598,71,175,20,53,51,122,4,5,7,57,64,44,10,17,20,70,197,0.406,0.377,0.418,0.551,0.8,0.556,lohaubr01
Grant Long,29,ATL,NBA,1995-96,82,82,3008,395,838,364,752,31,86,257,337,248,540,788,183,108,34,157,233,1078,0.471,0.484,0.36,0.49,0.763,0.546,longgr01
Luc Longley,27,CHI,NBA,1995-96,62,62,1641,242,502,242,502,0,0,80,103,104,214,318,119,22,84,114,223,564,0.482,0.482,,0.482,0.777,0.515,longllu01
George Lynch,25,LAL,NBA,1995-96,76,6,1012,117,272,113,259,4,13,53,80,82,127,209,51,47,10,40,106,291,0.43,0.436,0.308,0.438,0.663,0.474,lynchge01
Sam Mack,25,HOU,NBA,1995-96,31,20,868,121,287,67,152,54,135,39,46,18,80,98,79,22,9,28,75,335,0.422,0.441,0.4,0.516,0.848,0.545,macksa01
Don MacLean,26,DEN,NBA,1995-96,56,5,1107,233,547,219,498,14,49,145,198,62,143,205,89,21,5,68,105,625,0.426,0.44,0.286,0.439,0.732,0.493,macledo01
Mark Macon,26,DET,NBA,1995-96,23,0,287,29,67,22,52,7,15,9,11,10,12,22,16,15,0,9,34,74,0.433,0.423,0.467,0.485,0.818,0.515,maconma01
Rick Mahorn,37,NJN,NBA,1995-96,50,0,450,43,122,43,121,0,1,34,47,31,79,110,16,14,13,30,72,120,0.352,0.355,0,0.352,0.723,0.421,mahorri01
Dan Majerle,30,CLE,NBA,1995-96,82,15,2367,303,748,157,334,146,414,120,169,70,235,305,214,81,34,93,131,872,0.405,0.47,0.353,0.503,0.71,0.53,majerda01
Jeff Malone,34,TOT,NBA,1995-96,32,3,510,76,193,71,177,5,16,29,32,8,32,40,26,16,0,22,25,186,0.394,0.401,0.313,0.407,0.906,0.449,malonje01
Karl Malone,32,UTA,NBA,1995-96,82,82,3113,789,1520,773,1480,16,40,512,708,175,629,804,345,138,56,199,245,2106,0.519,0.522,0.4,0.524,0.723,0.575,malonka01
Danny Manning,29,PHO,NBA,1995-96,33,4,816,178,388,175,374,3,14,82,109,30,113,143,65,38,24,77,121,441,0.459,0.468,0.214,0.463,0.752,0.506,mannida01
Rich Manning,25,VAN,NBA,1995-96,29,0,311,49,113,49,112,0,1,9,14,16,39,55,7,3,6,17,37,107,0.434,0.438,0,0.434,0.643,0.449,manniri01
Sarunas Marciulionis,31,SAC,NBA,1995-96,53,0,1039,176,389,112,232,64,157,155,200,20,57,77,118,52,4,96,112,571,0.452,0.483,0.408,0.535,0.775,0.599,marcisa01
Donny Marshall,23,CLE,NBA,1995-96,34,0,208,24,68,17,38,7,30,22,35,9,17,26,7,8,2,7,26,77,0.353,0.447,0.233,0.404,0.629,0.462,marshdo02
Donyell Marshall,22,GSW,NBA,1995-96,62,6,934,125,314,97,220,28,94,64,83,65,148,213,49,22,31,48,83,342,0.398,0.441,0.298,0.443,0.771,0.488,marshdo01
Cuonzo Martin,24,VAN,NBA,1995-96,4,0,19,3,5,0,2,3,3,0,2,1,1,2,2,1,0,1,1,9,0.6,0,1,0.9,0,0.765,marticu01
Darrick Martin,24,TOT,NBA,1995-96,59,16,1149,147,362,127,293,20,69,101,120,16,66,82,217,53,3,107,123,415,0.406,0.433,0.29,0.434,0.842,0.5,martida01
Jamal Mashburn,23,DAL,NBA,1995-96,18,18,669,145,383,110,281,35,102,97,133,37,60,97,50,14,3,55,39,422,0.379,0.391,0.343,0.424,0.729,0.478,mashbja01
Anthony Mason,29,NYK,NBA,1995-96,82,82,3457,449,798,449,798,0,0,298,414,220,544,764,363,69,34,211,246,1196,0.563,0.563,,0.563,0.72,0.61,masonan01
Tony Massenburg,28,TOT,NBA,1995-96,54,28,1463,214,432,214,429,0,3,111,157,127,225,352,30,28,20,73,140,539,0.495,0.499,0,0.495,0.707,0.538,masseto01
Vernon Maxwell,30,PHI,NBA,1995-96,75,57,2467,410,1052,264,592,146,460,251,332,39,190,229,330,96,12,215,182,1217,0.39,0.446,0.317,0.459,0.756,0.508,maxweve01
Lee Mayberry,25,MIL,NBA,1995-96,82,20,1705,153,364,78,175,75,189,41,68,21,69,90,302,64,10,89,144,422,0.42,0.446,0.397,0.523,0.603,0.536,maybele01
Bob McCann,31,WSB,NBA,1995-96,62,0,653,76,153,75,151,1,2,35,74,46,97,143,24,21,15,42,116,188,0.497,0.497,0.5,0.5,0.473,0.507,mccanbo01
George McCloud,28,DAL,NBA,1995-96,79,63,2846,530,1281,273,603,257,678,180,224,116,263,379,212,113,38,166,212,1497,0.414,0.453,0.379,0.514,0.804,0.543,mccloge01
Clint McDaniel,23,SAC,NBA,1995-96,12,0,71,8,23,6,17,2,6,12,16,3,7,10,7,5,0,2,10,30,0.348,0.353,0.333,0.391,0.75,0.499,mcdancl01
Antonio McDyess,21,DEN,NBA,1995-96,76,75,2280,427,881,427,877,0,4,166,243,229,343,572,75,54,114,154,250,1020,0.485,0.487,0,0.485,0.683,0.516,mcdyean01
Jim McIlvaine,23,WSB,NBA,1995-96,80,6,1195,62,145,62,145,0,0,58,105,66,164,230,11,21,166,36,171,182,0.428,0.428,,0.428,0.552,0.476,mcilvji01
Derrick McKey,29,IND,NBA,1995-96,75,75,2440,346,712,329,644,17,68,170,221,123,238,361,262,83,44,143,246,879,0.486,0.511,0.25,0.498,0.769,0.543,mckeyde01
Aaron McKie,23,POR,NBA,1995-96,81,73,2259,337,722,299,605,38,117,152,199,86,218,304,205,92,21,135,205,864,0.467,0.494,0.325,0.493,0.764,0.534,mckieaa01
Nate McMillan,31,SEA,NBA,1995-96,55,14,1261,100,238,54,117,46,121,29,41,41,169,210,197,95,18,75,143,275,0.42,0.462,0.38,0.517,0.707,0.537,mcmilna01
Loren Meyer,23,DAL,NBA,1995-96,72,21,1266,145,330,142,319,3,11,70,102,114,205,319,57,20,32,67,224,363,0.439,0.445,0.273,0.444,0.686,0.484,meyerlo01
Anthony Miller,24,LAL,NBA,1995-96,27,0,123,15,35,15,33,0,2,6,10,11,14,25,4,4,1,8,19,36,0.429,0.455,0,0.429,0.6,0.457,millean01
Oliver Miller,25,TOR,NBA,1995-96,76,72,2516,418,795,418,784,0,11,146,221,177,385,562,219,108,143,202,277,982,0.526,0.533,0,0.526,0.661,0.55,milleol01
Reggie Miller,30,IND,NBA,1995-96,76,76,2621,504,1066,336,656,168,410,430,498,38,176,214,253,77,13,189,175,1606,0.473,0.512,0.41,0.552,0.863,0.625,millere01
Chris Mills,26,CLE,NBA,1995-96,80,80,3060,454,971,375,761,79,210,218,263,112,331,443,188,73,52,121,241,1205,0.468,0.493,0.376,0.508,0.829,0.554,millsch01
Terry Mills,28,DET,NBA,1995-96,82,5,1656,283,675,201,468,82,207,121,157,108,244,352,98,42,20,98,197,769,0.419,0.429,0.396,0.48,0.771,0.517,millste01
Harold Miner,24,CLE,NBA,1995-96,19,0,136,23,52,21,42,2,10,13,13,4,8,12,8,0,0,14,23,61,0.442,0.5,0.2,0.462,1,0.528,minerha01
Greg Minor,24,BOS,NBA,1995-96,78,47,1761,320,640,313,613,7,27,99,130,93,164,257,146,36,11,78,161,746,0.5,0.511,0.259,0.505,0.762,0.535,minorgr01
Sam Mitchell,32,MIN,NBA,1995-96,78,42,2145,303,618,302,600,1,18,237,291,107,232,339,74,49,26,87,220,844,0.49,0.503,0.056,0.491,0.814,0.566,mitchsa01
Eric Mobley,25,TOT,NBA,1995-96,39,4,676,74,138,73,136,1,2,39,87,54,86,140,22,14,24,50,87,188,0.536,0.537,0.5,0.54,0.448,0.533,mobleer01
Eric Montross,24,BOS,NBA,1995-96,61,59,1432,196,346,196,346,0,0,50,133,119,233,352,43,19,29,83,181,442,0.566,0.566,,0.566,0.376,0.546,montrer01
Tracy Moore,30,HOU,NBA,1995-96,8,2,190,30,76,17,46,13,30,18,19,10,12,22,6,2,0,8,16,91,0.395,0.37,0.433,0.48,0.947,0.539,mooretr01
Chris Morris,30,UTA,NBA,1995-96,66,33,1424,265,606,202,409,63,197,98,127,100,129,229,77,63,20,71,140,691,0.437,0.494,0.32,0.489,0.772,0.522,morrich01
Lawrence Moten,23,VAN,NBA,1995-96,44,3,573,112,247,94,192,18,55,49,75,36,25,61,50,29,8,44,54,291,0.453,0.49,0.327,0.49,0.653,0.52,motenla01
Alonzo Mourning,25,MIA,NBA,1995-96,70,70,2671,563,1076,554,1046,9,30,488,712,218,509,727,159,70,189,262,245,1623,0.523,0.53,0.3,0.527,0.685,0.584,mournal01
Chris Mullin,32,GSW,NBA,1995-96,55,19,1617,269,539,210,389,59,150,137,160,44,115,159,194,75,32,122,127,734,0.499,0.54,0.393,0.554,0.856,0.602,mullich01
Todd Mundt,25,TOT,NBA,1995-96,33,0,151,16,41,16,41,0,0,5,8,11,17,28,3,2,5,3,29,37,0.39,0.39,,0.39,0.625,0.416,mundtto01
Eric Murdock,27,TOT,NBA,1995-96,73,14,1673,244,587,199,442,45,145,114,143,26,143,169,327,135,9,132,140,647,0.416,0.45,0.31,0.454,0.797,0.498,murdoer01
Gheorghe Muresan,24,WSB,NBA,1995-96,76,76,2242,466,798,466,797,0,1,172,278,248,480,728,56,52,172,143,297,1104,0.584,0.585,0,0.584,0.619,0.6,muresgh01
Lamond Murray,22,LAC,NBA,1995-96,77,32,1816,257,575,220,459,37,116,99,132,89,157,246,84,61,25,108,151,650,0.447,0.479,0.319,0.479,0.75,0.513,murrala01
Tracy Murray,24,TOR,NBA,1995-96,82,37,2458,496,1092,345,734,151,358,182,219,114,238,352,131,87,40,132,208,1325,0.454,0.47,0.422,0.523,0.831,0.557,murratr01
Dikembe Mutombo,29,DEN,NBA,1995-96,74,74,2713,284,569,284,568,0,1,246,354,249,622,871,108,38,332,150,258,814,0.499,0.5,0,0.499,0.695,0.562,mutomdi01
Pete Myers,32,TOT,NBA,1995-96,71,2,1092,91,247,77,189,14,58,80,122,35,105,140,145,34,17,81,132,276,0.368,0.407,0.241,0.397,0.656,0.459,myerspe01
Howard Nathan,24,ATL,NBA,1995-96,5,0,15,5,9,5,8,0,1,3,4,0,0,0,2,3,0,8,2,13,0.556,0.625,0,0.556,0.75,0.604,nathaho01
Johnny Newman,32,MIL,NBA,1995-96,82,82,2690,321,649,260,487,61,162,186,232,66,134,200,154,90,15,108,257,889,0.495,0.534,0.377,0.542,0.802,0.592,newmajo01
Ken Norman,31,ATL,NBA,1995-96,34,28,770,127,273,94,189,33,84,17,48,40,92,132,63,15,16,46,68,304,0.465,0.497,0.393,0.526,0.354,0.517,normake01
Ed O'Bannon,23,NJN,NBA,1995-96,64,29,1253,156,400,146,344,10,56,77,108,65,103,168,63,44,11,62,95,399,0.39,0.424,0.179,0.403,0.713,0.446,obanned01
Shaquille O'Neal,23,ORL,NBA,1995-96,54,52,1946,592,1033,591,1031,1,2,249,511,182,414,596,155,34,115,155,193,1434,0.573,0.573,0.5,0.574,0.487,0.57,onealsh01
Dan O'Sullivan,27,TOR,NBA,1995-96,5,2,139,13,35,13,34,0,1,7,8,13,19,32,2,2,4,5,13,33,0.371,0.382,0,0.371,0.875,0.428,osullda01
Charles Oakley,32,NYK,NBA,1995-96,53,51,1775,211,448,204,422,7,26,175,210,162,298,460,137,58,14,104,195,604,0.471,0.483,0.269,0.479,0.833,0.559,oaklech01
Hakeem Olajuwon,33,HOU,NBA,1995-96,72,72,2797,768,1494,765,1480,3,14,397,548,176,608,784,257,113,207,247,242,1936,0.514,0.517,0.214,0.515,0.724,0.558,olajuha01
Greg Ostertag,22,UTA,NBA,1995-96,57,10,661,86,182,86,182,0,0,36,54,57,118,175,5,5,63,25,91,208,0.473,0.473,,0.473,0.667,0.505,ostergr01
Bo Outlaw,24,LAC,NBA,1995-96,80,3,985,107,186,107,183,0,3,72,162,87,113,200,50,44,91,45,127,286,0.575,0.585,0,0.575,0.444,0.556,outlabo01
Doug Overton,26,DEN,NBA,1995-96,55,0,607,67,178,59,152,8,26,40,55,8,55,63,106,13,5,40,49,182,0.376,0.388,0.308,0.399,0.727,0.45,overtdo01
Billy Owens,26,TOT,NBA,1995-96,62,51,1982,323,673,318,655,5,18,157,247,143,268,411,204,49,38,164,192,808,0.48,0.485,0.278,0.484,0.636,0.517,owensbi01
Robert Pack,26,WSB,NBA,1995-96,31,31,1084,190,444,164,346,26,98,154,182,29,103,132,242,62,1,114,68,560,0.428,0.474,0.265,0.457,0.846,0.534,packro01
Robert Parish,42,CHH,NBA,1995-96,74,34,1086,120,241,120,241,0,0,50,71,89,214,303,29,21,54,50,80,290,0.498,0.498,,0.498,0.704,0.533,parisro01
Cherokee Parks,23,DAL,NBA,1995-96,64,3,869,101,247,94,221,7,26,41,62,66,150,216,29,25,32,31,100,250,0.409,0.425,0.269,0.423,0.661,0.456,parksch02
Gary Payton,27,SEA,NBA,1995-96,81,81,3162,618,1276,520,977,98,299,229,306,104,235,339,608,231,19,260,221,1563,0.484,0.532,0.328,0.523,0.748,0.554,paytoga01
Anthony Peeler,26,LAL,NBA,1995-96,73,12,1608,272,602,167,348,105,254,61,86,45,92,137,118,59,10,56,139,710,0.452,0.48,0.413,0.539,0.709,0.555,peelean01
Mike Peplowski,25,TOT,NBA,1995-96,7,0,17,3,5,3,5,0,0,1,3,1,3,4,1,1,2,2,10,7,0.6,0.6,,0.6,0.333,0.554,peplomi01
Will Perdue,30,SAS,NBA,1995-96,80,22,1396,173,331,173,330,0,1,67,125,175,310,485,33,28,75,86,183,413,0.523,0.524,0,0.523,0.536,0.535,perduwi01
Sam Perkins,34,SEA,NBA,1995-96,82,20,2169,325,797,196,434,129,363,191,241,101,266,367,120,83,48,82,174,970,0.408,0.452,0.355,0.489,0.793,0.537,perkisa01
Elliot Perry,26,PHO,NBA,1995-96,81,26,1668,261,549,237,490,24,59,151,194,34,102,136,353,87,5,146,140,697,0.475,0.484,0.407,0.497,0.778,0.549,perryel01
Tim Perry,30,TOT,NBA,1995-96,30,1,254,31,65,27,57,4,8,5,9,21,27,48,8,4,13,10,16,71,0.477,0.474,0.5,0.508,0.556,0.515,perryti01
Chuck Person,31,SAS,NBA,1995-96,80,16,2131,308,705,118,242,190,463,67,104,76,337,413,100,49,26,91,197,873,0.437,0.488,0.41,0.572,0.644,0.581,persoch01
Wesley Person,24,PHO,NBA,1995-96,82,47,2609,390,877,273,564,117,313,148,192,56,265,321,138,55,22,89,148,1045,0.445,0.484,0.374,0.511,0.771,0.543,persowe01
Bobby Phills,26,CLE,NBA,1995-96,72,69,2530,386,826,293,615,93,211,186,240,62,199,261,271,102,27,126,192,1051,0.467,0.476,0.441,0.524,0.775,0.564,phillbo01
Eric Piatkowski,25,LAC,NBA,1995-96,65,1,784,98,242,60,128,38,114,67,82,40,63,103,48,24,10,45,83,301,0.405,0.469,0.333,0.483,0.817,0.541,piatker01
Ricky Pierce,36,IND,NBA,1995-96,76,2,1404,264,590,229,486,35,104,174,205,40,96,136,101,57,6,93,188,737,0.447,0.471,0.337,0.477,0.849,0.542,piercri01
Ed Pinckney,32,TOT,NBA,1995-96,74,47,1710,171,335,171,332,0,3,136,179,189,269,458,72,64,28,77,156,478,0.51,0.515,0,0.51,0.76,0.578,pincked01
Scottie Pippen,30,CHI,NBA,1995-96,77,77,2825,563,1216,413,815,150,401,220,324,152,344,496,452,133,57,207,198,1496,0.463,0.507,0.374,0.525,0.679,0.551,pippesc01
Olden Polynice,31,SAC,NBA,1995-96,81,80,2441,431,818,430,815,1,3,122,203,257,507,764,58,52,66,127,250,985,0.527,0.528,0.333,0.528,0.601,0.543,polynol01
Terry Porter,32,MIN,NBA,1995-96,82,40,2072,269,608,198,382,71,226,164,209,36,176,212,452,89,15,173,154,773,0.442,0.518,0.314,0.501,0.785,0.552,portete01
Brent Price,27,WSB,NBA,1995-96,81,50,2042,252,534,113,233,139,301,167,191,38,190,228,416,78,4,153,184,810,0.472,0.485,0.462,0.602,0.874,0.655,pricebr01
Mark Price,31,WSB,NBA,1995-96,7,1,127,18,60,8,30,10,30,10,10,1,6,7,18,6,0,10,7,56,0.3,0.267,0.333,0.383,1,0.435,pricema01
Kevin Pritchard,28,WSB,NBA,1995-96,2,0,22,2,3,1,2,1,1,2,3,0,2,2,7,2,0,0,3,7,0.667,0.5,1,0.833,0.667,0.81,pritcke01
Dino Radja,28,BOS,NBA,1995-96,53,52,1984,426,852,426,852,0,0,191,275,113,409,522,83,48,81,117,161,1043,0.5,0.5,,0.5,0.695,0.536,radjadi01
Theo Ratliff,22,DET,NBA,1995-96,75,2,1305,128,230,128,229,0,1,85,120,110,187,297,13,16,116,56,144,341,0.557,0.559,0,0.557,0.708,0.603,ratlith01
Eldridge Recasner,28,HOU,NBA,1995-96,63,27,1275,149,359,68,168,81,191,57,66,31,113,144,170,23,5,61,111,436,0.415,0.405,0.424,0.528,0.864,0.562,recasel01
Bryant Reeves,22,VAN,NBA,1995-96,77,63,2460,401,877,401,874,0,3,219,299,178,392,570,109,43,55,157,226,1021,0.457,0.459,0,0.457,0.732,0.506,reevebr01
Khalid Reeves,23,TOT,NBA,1995-96,51,12,833,95,227,67,136,28,91,61,82,18,61,79,118,37,3,63,115,279,0.419,0.493,0.308,0.48,0.744,0.53,reevekh01
Don Reid,22,DET,NBA,1995-96,69,46,997,106,187,106,187,0,0,51,77,78,125,203,11,47,40,41,199,263,0.567,0.567,,0.567,0.662,0.595,reiddo01
J.R. Reid,27,TOT,NBA,1995-96,65,21,1313,160,324,160,323,0,1,107,142,73,182,255,42,43,17,79,187,427,0.494,0.495,0,0.494,0.754,0.552,reidjr01
Terrence Rencher,22,TOT,NBA,1995-96,36,1,405,33,100,24,71,9,29,31,46,9,35,44,54,16,2,43,37,106,0.33,0.338,0.31,0.375,0.674,0.441,renchte01
Shawn Respert,23,MIL,NBA,1995-96,62,0,845,113,292,71,170,42,122,35,42,28,46,74,68,32,4,42,67,303,0.387,0.418,0.344,0.459,0.833,0.488,respesh01
Jerry Reynolds,33,MIL,NBA,1995-96,19,0,191,21,53,20,43,1,10,13,21,13,20,33,12,15,6,16,20,56,0.396,0.465,0.1,0.406,0.619,0.45,reynoje01
Glen Rice,28,CHH,NBA,1995-96,79,79,3142,610,1296,439,893,171,403,319,381,86,292,378,232,91,19,163,217,1710,0.471,0.492,0.424,0.537,0.837,0.584,ricegl01
Pooh Richardson,29,LAC,NBA,1995-96,63,61,2013,281,664,187,419,94,245,78,105,35,123,158,340,77,13,95,134,734,0.423,0.446,0.384,0.494,0.743,0.517,richapo01
Mitch Richmond,30,SAC,NBA,1995-96,81,81,2946,611,1368,386,853,225,515,425,491,54,215,269,255,125,19,220,233,1872,0.447,0.453,0.437,0.529,0.866,0.591,richmmi01
Isaiah Rider,24,MIN,NBA,1995-96,75,68,2594,560,1206,458,931,102,275,248,296,99,210,309,213,48,23,201,204,1470,0.464,0.492,0.371,0.507,0.838,0.55,rideris01
Eric Riley,25,MIN,NBA,1995-96,25,10,310,35,74,35,73,0,1,22,28,32,44,76,5,8,16,17,42,92,0.473,0.479,0,0.473,0.786,0.533,rileyer01
Doc Rivers,34,SAS,NBA,1995-96,78,0,1235,108,290,61,153,47,137,48,64,30,108,138,123,73,21,57,175,311,0.372,0.399,0.343,0.453,0.75,0.489,riverdo01
Fred Roberts,35,LAL,NBA,1995-96,33,1,317,48,97,44,83,4,14,22,28,18,29,47,26,16,4,24,24,122,0.495,0.53,0.286,0.515,0.786,0.558,roberfr01
Stanley Roberts,25,LAC,NBA,1995-96,51,7,795,141,304,141,304,0,0,74,133,42,120,162,41,15,39,48,153,356,0.464,0.464,,0.464,0.556,0.491,roberst01
Alvin Robertson,33,TOR,NBA,1995-96,77,69,2478,285,607,244,456,41,151,107,158,110,232,342,323,166,36,183,268,718,0.47,0.535,0.272,0.503,0.677,0.531,roberal01
Clifford Robinson,29,POR,NBA,1995-96,78,76,2980,553,1306,375,835,178,471,360,542,123,320,443,190,86,68,194,248,1644,0.423,0.449,0.378,0.492,0.664,0.532,robincl02
David Robinson,30,SAS,NBA,1995-96,82,82,3019,711,1378,708,1369,3,9,626,823,319,681,1000,247,111,271,190,262,2051,0.516,0.517,0.333,0.517,0.761,0.589,robinda01
Glenn Robinson,23,MIL,NBA,1995-96,82,82,3249,627,1382,537,1119,90,263,316,389,136,368,504,293,95,42,282,236,1660,0.454,0.48,0.342,0.486,0.812,0.534,robingl01
James Robinson,25,POR,NBA,1995-96,76,5,1627,229,574,127,290,102,284,89,135,44,113,157,150,34,16,111,146,649,0.399,0.438,0.359,0.488,0.659,0.512,robinja02
Rumeal Robinson,29,POR,NBA,1995-96,43,14,715,92,221,62,142,30,79,33,51,19,59,78,142,26,5,72,79,247,0.416,0.437,0.38,0.484,0.647,0.507,robinru01
Dennis Rodman,34,CHI,NBA,1995-96,64,57,2088,146,304,143,277,3,27,56,106,356,596,952,160,36,27,138,196,351,0.48,0.516,0.111,0.485,0.528,0.501,rodmade01
Lou Roe,23,DET,NBA,1995-96,49,2,372,32,90,30,81,2,9,24,32,30,48,78,15,10,8,17,42,90,0.356,0.37,0.222,0.367,0.75,0.432,roelo01
Carlos Rogers,24,TOR,NBA,1995-96,56,18,1043,178,344,175,323,3,21,71,130,80,90,170,35,25,48,61,87,430,0.517,0.542,0.143,0.522,0.546,0.536,rogerca01
Rodney Rogers,24,LAC,NBA,1995-96,67,51,1950,306,641,257,488,49,153,113,180,113,173,286,167,75,35,144,216,774,0.477,0.527,0.32,0.516,0.628,0.537,rogerro01
Sean Rooks,26,TOT,NBA,1995-96,65,7,1117,144,285,143,278,1,7,135,202,81,174,255,47,23,42,80,141,424,0.505,0.514,0.143,0.507,0.668,0.567,rooksse01
Jalen Rose,23,DEN,NBA,1995-96,80,37,2134,290,604,258,496,32,108,191,277,46,214,260,495,53,39,234,229,803,0.48,0.52,0.296,0.507,0.69,0.553,roseja01
Donald Royal,29,ORL,NBA,1995-96,64,7,963,106,216,106,214,0,2,125,164,57,96,153,42,29,15,52,97,337,0.491,0.495,0,0.491,0.762,0.585,royaldo01
Clifford Rozier,23,GSW,NBA,1995-96,59,1,723,79,135,79,133,0,2,26,55,71,100,171,22,19,30,40,135,184,0.585,0.594,0,0.585,0.473,0.578,roziecl01
Trevor Ruffin,25,PHI,NBA,1995-96,61,23,1551,263,648,159,364,104,284,148,182,21,111,132,269,43,2,149,132,778,0.406,0.437,0.366,0.486,0.813,0.534,ruffitr01
Stefano Rusconi,27,PHO,NBA,1995-96,7,0,30,3,9,3,9,0,0,2,5,3,3,6,3,0,2,3,10,8,0.333,0.333,,0.333,0.4,0.357,ruscost01
Bryon Russell,25,UTA,NBA,1995-96,59,9,577,56,142,42,102,14,40,48,67,28,62,90,29,29,8,36,66,174,0.394,0.412,0.35,0.444,0.716,0.507,russebr01
Arvydas Sabonis,31,POR,NBA,1995-96,73,21,1735,394,723,355,619,39,104,231,305,147,441,588,130,64,78,154,211,1058,0.545,0.574,0.375,0.572,0.757,0.617,sabonar01
John Salley,31,TOT,NBA,1995-96,42,6,673,63,140,63,140,0,0,59,85,46,94,140,54,19,27,55,110,185,0.45,0.45,,0.45,0.694,0.521,sallejo01
Danny Schayes,36,MIA,NBA,1995-96,32,6,399,32,94,32,94,0,0,37,46,29,60,89,9,11,16,23,60,101,0.34,0.34,,0.34,0.804,0.442,schayda01
Steve Scheffler,28,SEA,NBA,1995-96,35,2,181,24,45,23,40,1,5,9,19,15,18,33,2,6,2,8,25,58,0.533,0.575,0.2,0.544,0.474,0.543,schefst01
Dwayne Schintzius,27,IND,NBA,1995-96,33,8,297,49,110,49,110,0,0,13,21,23,55,78,14,9,12,19,53,111,0.445,0.445,,0.445,0.619,0.465,schindw01
Detlef Schrempf,33,SEA,NBA,1995-96,63,60,2200,360,740,287,561,73,179,287,370,73,255,328,276,56,8,146,179,1080,0.486,0.512,0.408,0.536,0.776,0.598,schrede01
Byron Scott,34,VAN,NBA,1995-96,80,0,1894,271,676,197,455,74,221,203,243,40,152,192,123,63,22,100,126,819,0.401,0.433,0.335,0.456,0.835,0.523,scottby01
Dennis Scott,27,ORL,NBA,1995-96,82,82,3041,491,1117,224,489,267,628,182,222,63,246,309,243,90,29,122,169,1431,0.44,0.458,0.425,0.559,0.82,0.589,scottde01
Malik Sealy,25,LAC,NBA,1995-96,62,48,1601,272,655,251,555,21,100,147,184,76,164,240,116,84,28,113,150,712,0.415,0.452,0.21,0.431,0.799,0.484,sealyma01
Rony Seikaly,30,GSW,NBA,1995-96,64,60,1813,285,568,283,565,2,3,204,282,166,333,499,71,40,69,180,219,776,0.502,0.501,0.667,0.504,0.723,0.561,seikaro01
Brian Shaw,29,ORL,NBA,1995-96,75,1,1679,182,486,141,342,41,144,91,114,58,166,224,336,58,11,173,160,496,0.374,0.412,0.285,0.417,0.798,0.463,shawbr01
Lionel Simmons,27,SAC,NBA,1995-96,54,5,810,86,217,67,166,19,51,55,75,41,104,145,83,31,20,51,85,246,0.396,0.404,0.373,0.44,0.733,0.492,simmoli01
Dickey Simpkins,23,CHI,NBA,1995-96,60,12,685,77,160,76,159,1,1,61,97,66,90,156,38,9,8,56,78,216,0.481,0.478,1,0.484,0.629,0.533,simpkdi01
Scott Skiles,31,PHI,NBA,1995-96,10,9,236,20,57,5,23,15,34,8,10,1,15,16,38,7,0,16,21,63,0.351,0.217,0.441,0.482,0.8,0.513,skilesc01
Reggie Slater,25,TOT,NBA,1995-96,11,0,72,14,27,14,27,0,0,3,7,4,11,15,2,2,3,9,11,31,0.519,0.519,,0.519,0.429,0.515,slatere01
Charles Smith,30,TOT,NBA,1995-96,73,34,1716,244,578,242,563,2,15,119,163,133,229,362,65,50,80,106,224,609,0.422,0.43,0.133,0.424,0.73,0.469,smithch01
Charles Smith,28,MIN,NBA,1995-96,8,0,39,3,10,3,7,0,3,0,2,0,5,5,6,1,0,5,7,6,0.3,0.429,0,0.3,0,0.276,smithch02
Doug Smith,26,BOS,NBA,1995-96,17,2,92,14,39,14,39,0,0,5,8,12,10,22,4,3,0,11,21,33,0.359,0.359,,0.359,0.625,0.388,smithdo03
Joe Smith,20,GSW,NBA,1995-96,82,82,2821,469,1024,459,996,10,28,303,392,300,417,717,79,85,134,138,224,1251,0.458,0.461,0.357,0.463,0.773,0.523,smithjo02
Kenny Smith,30,HOU,NBA,1995-96,68,56,1617,201,464,110,226,91,238,87,106,21,75,96,245,47,3,100,116,580,0.433,0.487,0.382,0.531,0.821,0.568,smithke01
Michael Smith,23,SAC,NBA,1995-96,65,0,1384,144,238,143,237,1,1,68,177,143,246,389,110,47,46,72,166,357,0.605,0.603,1,0.607,0.384,0.565,smithmi02
Steve Smith,26,ATL,NBA,1995-96,80,80,2856,494,1143,354,720,140,423,318,385,124,202,326,224,68,17,151,207,1446,0.432,0.492,0.331,0.493,0.826,0.551,smithst01
Tony Smith,27,TOT,NBA,1995-96,59,3,938,116,274,78,158,38,116,28,46,30,65,95,154,37,10,66,106,298,0.423,0.494,0.328,0.493,0.609,0.506,smithto02
Rik Smits,29,IND,NBA,1995-96,63,63,1901,466,894,465,889,1,5,231,293,119,314,433,110,21,45,160,226,1164,0.521,0.523,0.2,0.522,0.788,0.569,smitsri01
Eric Snow,22,SEA,NBA,1995-96,43,1,389,42,100,40,90,2,10,29,49,9,34,43,73,28,0,38,53,115,0.42,0.444,0.2,0.43,0.592,0.473,snower01
Elmore Spencer,26,TOT,NBA,1995-96,17,0,58,5,13,5,13,0,0,4,6,3,10,13,1,0,2,6,12,14,0.385,0.385,,0.385,0.667,0.448,spencel01
Felton Spencer,28,UTA,NBA,1995-96,71,70,1267,146,281,146,281,0,0,104,151,100,206,306,11,20,54,77,240,396,0.52,0.52,,0.52,0.689,0.57,spencfe01
Latrell Sprewell,25,GSW,NBA,1995-96,78,78,3064,515,1202,424,920,91,282,352,446,124,256,380,328,127,45,222,150,1473,0.428,0.461,0.323,0.466,0.789,0.527,sprewla01
Jerry Stackhouse,21,PHI,NBA,1995-96,72,71,2701,452,1091,359,799,93,292,387,518,90,175,265,278,76,79,252,179,1384,0.414,0.449,0.318,0.457,0.747,0.525,stackje01
John Starks,30,NYK,NBA,1995-96,81,71,2491,375,846,232,450,143,396,131,174,31,206,237,315,103,11,156,226,1024,0.443,0.516,0.361,0.528,0.753,0.555,starkjo01
Bryant Stith,25,DEN,NBA,1995-96,82,77,2810,379,911,338,763,41,148,320,379,125,275,400,241,114,16,157,187,1119,0.416,0.443,0.277,0.439,0.844,0.519,stithbr01
John Stockton,33,UTA,NBA,1995-96,82,82,2915,440,818,345,593,95,225,234,282,54,172,226,916,140,15,246,207,1209,0.538,0.582,0.422,0.596,0.83,0.642,stockjo01
Damon Stoudamire,22,TOR,NBA,1995-96,70,70,2865,481,1129,348,792,133,337,236,296,59,222,281,653,98,19,267,166,1331,0.426,0.439,0.395,0.485,0.797,0.528,stoudda01
Rod Strickland,29,POR,NBA,1995-96,67,63,2526,471,1023,433,912,38,111,276,423,89,208,297,640,97,16,255,135,1256,0.46,0.475,0.342,0.479,0.652,0.519,stricro02
Derek Strong,27,LAL,NBA,1995-96,63,0,746,72,169,71,160,1,9,69,85,60,118,178,32,18,12,20,80,214,0.426,0.444,0.111,0.429,0.812,0.518,stronde01
Bob Sura,22,CLE,NBA,1995-96,79,3,1150,148,360,121,282,27,78,99,141,34,101,135,233,56,21,115,126,422,0.411,0.429,0.346,0.449,0.702,0.5,surabo01
Greg Sutton,28,TOT,NBA,1995-96,48,2,655,85,217,38,100,47,117,35,46,8,42,50,102,25,2,62,92,252,0.392,0.38,0.402,0.5,0.761,0.531,suttogr01
Larry Sykes,22,BOS,NBA,1995-96,1,0,2,0,0,0,0,0,0,0,0,1,1,2,0,0,0,1,0,0,,,,,,,sykesla01
Zan Tabak,25,TOR,NBA,1995-96,67,18,1332,225,414,225,413,0,1,64,114,117,203,320,62,24,31,101,204,514,0.543,0.545,0,0.543,0.561,0.554,tabakza01
Kurt Thomas,23,MIA,NBA,1995-96,74,42,1655,274,547,274,545,0,2,118,178,122,317,439,46,47,36,98,271,666,0.501,0.503,0,0.501,0.663,0.533,thomaku01
Brooks Thompson,25,ORL,NBA,1995-96,33,0,246,48,103,23,39,25,64,19,27,4,20,24,31,12,0,24,35,140,0.466,0.59,0.391,0.587,0.704,0.609,thompbr01
LaSalle Thompson,34,PHI,NBA,1995-96,44,11,773,33,83,33,83,0,0,19,24,62,137,199,26,19,20,37,125,85,0.398,0.398,,0.398,0.792,0.454,thompla01
Bob Thornton,33,WSB,NBA,1995-96,7,0,31,1,6,1,6,0,0,1,2,6,6,12,0,1,0,1,7,3,0.167,0.167,,0.167,0.5,0.218,thornbo01
Otis Thorpe,33,DET,NBA,1995-96,82,82,2841,452,853,452,849,0,4,257,362,211,477,688,158,53,39,195,300,1161,0.53,0.532,0,0.53,0.71,0.573,thorpot01
Sedale Threatt,34,LAL,NBA,1995-96,82,8,1687,241,526,181,357,60,169,54,71,20,75,95,269,68,11,74,178,596,0.458,0.507,0.355,0.515,0.761,0.535,threase01
Wayman Tisdale,31,PHO,NBA,1995-96,63,6,1152,279,564,279,564,0,0,114,149,55,159,214,58,15,36,63,188,672,0.495,0.495,,0.495,0.765,0.534,tisdawa01
Andy Toolson,30,UTA,NBA,1995-96,13,0,53,8,22,5,10,3,12,3,4,0,6,6,1,0,0,2,12,22,0.364,0.5,0.25,0.432,0.75,0.463,toolsan01
Keith Tower,25,LAC,NBA,1995-96,34,1,305,32,72,32,71,0,1,18,26,22,29,51,5,4,11,16,50,82,0.444,0.451,0,0.444,0.692,0.491,towerke01
Gary Trent,21,POR,NBA,1995-96,69,10,1219,220,429,220,420,0,9,78,141,84,154,238,50,25,11,92,116,518,0.513,0.524,0,0.513,0.553,0.527,trentga01
Jeff Turner,33,ORL,NBA,1995-96,13,0,192,18,51,9,24,9,27,2,2,10,18,28,6,2,1,11,33,47,0.353,0.375,0.333,0.441,1,0.453,turneje01
Nick Van Exel,24,LAL,NBA,1995-96,74,74,2513,396,950,252,547,144,403,163,204,29,152,181,509,70,10,156,115,1099,0.417,0.461,0.357,0.493,0.799,0.528,vanexni01
Logan Vander Velden,24,LAC,NBA,1995-96,15,0,31,3,14,3,9,0,5,3,4,1,5,6,1,0,0,0,4,9,0.214,0.333,0,0.214,0.75,0.286,vandelo01
David Vaughn,22,ORL,NBA,1995-96,33,0,266,27,80,27,79,0,1,10,18,33,47,80,8,6,15,18,68,64,0.338,0.342,0,0.338,0.556,0.364,vaughda02
Loy Vaught,27,LAC,NBA,1995-96,80,78,2966,571,1087,564,1068,7,19,149,205,204,604,808,112,87,40,158,241,1298,0.525,0.528,0.368,0.529,0.727,0.551,vaughlo01
Rasheed Wallace,21,WSB,NBA,1995-96,65,51,1788,275,565,248,483,27,82,78,120,93,210,303,85,42,54,103,206,655,0.487,0.513,0.329,0.511,0.65,0.53,wallara01
Rex Walters,25,TOT,NBA,1995-96,44,8,610,61,148,39,82,22,66,42,52,13,42,55,106,25,4,41,53,186,0.412,0.476,0.333,0.486,0.808,0.544,waltere01
Charlie Ward,25,NYK,NBA,1995-96,62,1,787,87,218,54,119,33,99,37,54,29,73,102,132,54,6,79,98,244,0.399,0.454,0.333,0.475,0.685,0.505,wardch01
Jamie Watson,23,UTA,NBA,1995-96,16,0,217,18,43,15,36,3,7,9,13,5,22,27,24,8,2,17,30,48,0.419,0.417,0.429,0.453,0.692,0.493,watsoja01
Clarence Weatherspoon,25,PHI,NBA,1995-96,78,75,3096,491,1015,491,1013,0,2,318,426,237,516,753,158,112,108,179,214,1300,0.484,0.485,0,0.484,0.746,0.541,weathcl01
Spud Webb,32,TOT,NBA,1995-96,77,21,1462,186,430,139,301,47,129,125,145,26,74,100,294,52,7,110,109,544,0.433,0.462,0.364,0.487,0.862,0.551,webbsp01
Chris Webber,22,WSB,NBA,1995-96,15,15,558,150,276,135,242,15,34,41,69,37,77,114,75,27,9,49,51,356,0.543,0.558,0.441,0.571,0.594,0.581,webbech01
Jeff Webster,24,WSB,NBA,1995-96,11,0,58,8,23,6,17,2,6,0,0,2,5,7,3,4,0,3,7,18,0.348,0.353,0.333,0.391,,0.391,webstje01
Bill Wennington,32,CHI,NBA,1995-96,71,20,1065,169,343,168,342,1,1,37,43,58,116,174,46,21,16,37,171,376,0.493,0.491,1,0.494,0.86,0.519,wennibi01
Robert Werdann,25,NJN,NBA,1995-96,13,0,93,16,32,16,32,0,0,7,13,5,18,23,2,5,3,6,17,39,0.5,0.5,,0.5,0.538,0.517,werdaro01
David Wesley,25,BOS,NBA,1995-96,82,53,2104,338,736,222,464,116,272,217,288,68,196,264,390,100,11,159,207,1009,0.459,0.478,0.426,0.538,0.753,0.585,wesleda01
Doug West,28,MIN,NBA,1995-96,73,16,1639,175,393,174,380,1,13,114,144,48,113,161,119,30,17,81,228,465,0.445,0.458,0.077,0.447,0.792,0.509,westdo01
Mark West,35,DET,NBA,1995-96,47,21,682,61,126,61,126,0,0,28,45,49,84,133,6,6,37,35,135,150,0.484,0.484,,0.484,0.622,0.514,westma01
Dwayne Whitfield,23,TOR,NBA,1995-96,8,1,122,13,30,13,30,0,0,14,22,9,16,25,2,3,2,8,14,40,0.433,0.433,,0.433,0.636,0.504,whitfdw01
Chris Whitney,24,WSB,NBA,1995-96,21,0,335,45,99,26,55,19,44,41,44,2,31,33,51,18,1,23,46,150,0.455,0.473,0.432,0.551,0.932,0.634,whitnch01
Gerald Wilkins,32,VAN,NBA,1995-96,28,14,738,77,205,63,141,14,64,20,23,22,43,65,68,22,2,37,55,188,0.376,0.447,0.219,0.41,0.87,0.437,wilkige01
Buck Williams,35,POR,NBA,1995-96,70,10,1672,192,384,190,381,2,3,125,187,159,245,404,42,40,47,90,187,511,0.5,0.499,0.667,0.503,0.668,0.548,willibu01
Eric Williams,23,BOS,NBA,1995-96,64,6,1470,241,546,238,536,3,10,200,298,92,125,217,70,56,11,88,147,685,0.441,0.444,0.3,0.444,0.671,0.506,willier01
Herb Williams,37,TOT,NBA,1995-96,44,2,571,62,152,61,148,1,4,13,20,15,75,90,27,14,33,22,79,138,0.408,0.412,0.25,0.411,0.65,0.429,willihe01
Hot Rod Williams,33,PHO,NBA,1995-96,62,58,1652,180,397,180,396,0,1,95,130,129,243,372,62,46,90,62,170,455,0.453,0.455,0,0.453,0.731,0.501,williho01
Jayson Williams,27,NJN,NBA,1995-96,80,6,1858,279,660,277,653,2,7,161,272,342,461,803,47,35,57,106,238,721,0.423,0.424,0.286,0.424,0.592,0.462,willija01
Lorenzo Williams,26,DAL,NBA,1995-96,65,61,1806,87,214,87,213,0,1,24,70,234,287,521,85,48,122,78,226,198,0.407,0.408,0,0.407,0.343,0.404,willilo01
Micheal Williams,29,MIN,NBA,1995-96,9,7,189,13,40,12,37,1,3,28,33,3,20,23,31,5,3,23,37,55,0.325,0.324,0.333,0.338,0.848,0.504,willimi02
Monty Williams,24,TOT,NBA,1995-96,31,0,184,27,68,27,67,0,1,14,20,20,20,40,8,6,2,18,26,68,0.397,0.403,0,0.397,0.7,0.443,willimo01
Reggie Williams,31,DEN,NBA,1995-96,52,5,817,94,254,74,165,20,89,33,39,25,97,122,74,34,21,51,137,241,0.37,0.448,0.225,0.409,0.846,0.444,willire01
Scott Williams,27,PHI,NBA,1995-96,13,1,193,15,29,15,27,0,2,10,12,13,33,46,5,6,7,8,27,40,0.517,0.556,0,0.517,0.833,0.583,willisc01
Walt Williams,25,TOT,NBA,1995-96,73,73,2169,359,808,245,515,114,293,163,232,99,220,319,230,85,58,151,238,995,0.444,0.476,0.389,0.515,0.703,0.547,williwa02
Corliss Williamson,22,SAC,NBA,1995-96,53,3,609,125,268,125,265,0,3,47,84,56,58,114,23,11,9,76,115,297,0.466,0.472,0,0.466,0.56,0.487,willico02
Kevin Willis,33,TOT,NBA,1995-96,75,60,2135,325,712,324,703,1,9,143,202,208,430,638,53,32,41,161,253,794,0.456,0.461,0.111,0.457,0.708,0.496,willike02
Trevor Wilson,27,PHI,NBA,1995-96,6,0,79,10,20,10,20,0,0,3,4,7,7,14,4,3,0,1,9,23,0.5,0.5,,0.5,0.75,0.528,wilsotr01
David Wingate,32,SEA,NBA,1995-96,60,3,695,88,212,73,178,15,34,32,41,17,39,56,58,20,4,42,66,223,0.415,0.41,0.441,0.45,0.78,0.485,wingada01
Dontonio Wingfield,21,POR,NBA,1995-96,44,2,487,60,157,41,94,19,63,26,34,45,59,104,28,20,6,31,73,165,0.382,0.436,0.302,0.443,0.765,0.48,wingfdo01
Joe Wolf,31,TOT,NBA,1995-96,64,8,1065,135,263,135,257,0,6,21,29,49,138,187,63,15,5,42,163,291,0.513,0.525,0,0.513,0.724,0.528,wolfjo01
David Wood,31,TOT,NBA,1995-96,62,0,772,75,174,55,112,20,62,38,50,51,103,154,34,19,10,24,150,208,0.431,0.491,0.323,0.489,0.76,0.531,woodda01
Randy Woods,25,DEN,NBA,1995-96,8,0,72,6,22,1,1,5,21,2,2,3,3,6,12,6,1,5,13,19,0.273,1,0.238,0.386,1,0.415,woodsra01
Haywoode Workman,30,IND,NBA,1995-96,77,4,1164,101,259,78,188,23,71,54,73,27,97,124,213,65,4,93,152,279,0.39,0.415,0.324,0.434,0.74,0.479,workmha01
Sharone Wright,23,TOT,NBA,1995-96,57,38,1434,248,512,247,509,1,3,167,259,148,208,356,38,30,49,109,163,664,0.484,0.485,0.333,0.485,0.645,0.53,wrighsh01
George Zidek,22,CHH,NBA,1995-96,71,21,888,105,248,105,248,0,0,71,93,69,114,183,16,9,7,38,170,281,0.423,0.423,,0.423,0.763,0.486,zidekge01
Mahmoud Abdul-Rauf,27,SAC,NBA,1996-97,75,51,2131,411,924,317,678,94,246,115,136,16,106,122,189,56,6,119,174,1031,0.445,0.468,0.382,0.496,0.846,0.524,abdulma02
Shareef Abdur-Rahim,20,VAN,NBA,1996-97,80,71,2802,550,1214,543,1187,7,27,387,519,216,339,555,175,79,79,225,199,1494,0.453,0.457,0.259,0.456,0.746,0.518,abdursh01
Rafael Addison,32,CHH,NBA,1996-97,41,3,355,49,122,41,102,8,20,22,28,19,26,45,34,8,3,17,52,128,0.402,0.402,0.4,0.434,0.786,0.476,addisra01
Cory Alexander,23,SAS,NBA,1996-97,80,6,1454,194,490,100,238,94,252,95,129,29,94,123,254,82,16,146,148,577,0.396,0.42,0.373,0.492,0.736,0.528,alexaco01
Jerome Allen,24,TOT,NBA,1996-97,76,1,943,78,221,48,128,30,93,42,72,25,73,98,152,31,4,69,84,228,0.353,0.375,0.323,0.421,0.583,0.451,allenje01
Ray Allen,21,MIL,NBA,1996-97,82,81,2532,390,908,273,610,117,298,205,249,97,229,326,210,75,10,149,218,1102,0.43,0.448,0.393,0.494,0.823,0.541,allenra02
Derrick Alston,24,ATL,NBA,1996-97,2,0,11,0,5,0,5,0,0,0,2,3,1,4,0,0,0,0,0,0,0,0,,0,0,0,alstode01
Ashraf Amaya,25,WSB,NBA,1996-97,31,0,144,12,40,11,39,1,1,15,28,19,33,52,3,7,3,10,29,40,0.3,0.282,1,0.313,0.536,0.382,amayaas01
Greg Anderson,32,SAS,NBA,1996-97,82,48,1659,130,262,130,261,0,1,62,93,157,291,448,34,63,67,73,225,322,0.496,0.498,0,0.496,0.667,0.531,andergr01
Kenny Anderson,26,POR,NBA,1996-97,82,81,3081,485,1137,353,771,132,366,334,435,91,272,363,584,162,15,193,222,1436,0.427,0.458,0.361,0.485,0.768,0.54,anderke01
Nick Anderson,29,ORL,NBA,1996-97,63,61,2163,288,725,145,320,143,405,38,94,66,238,304,182,120,32,86,160,757,0.397,0.453,0.353,0.496,0.404,0.494,anderni01
Shandon Anderson,23,UTA,NBA,1996-97,65,0,1066,147,318,123,271,24,47,68,99,52,127,179,49,27,8,73,113,386,0.462,0.454,0.511,0.5,0.687,0.534,andersh01
Willie Anderson,30,MIA,NBA,1996-97,28,1,303,29,64,21,45,8,19,17,20,15,27,42,34,14,4,19,36,83,0.453,0.467,0.421,0.516,0.85,0.57,anderwi01
Greg Anthony,29,VAN,NBA,1996-97,65,44,1863,199,507,111,269,88,238,130,178,25,159,184,407,129,4,129,122,616,0.393,0.413,0.37,0.479,0.73,0.526,anthogr01
B.J. Armstrong,29,GSW,NBA,1996-97,49,17,1020,148,327,123,237,25,90,68,79,7,67,74,126,25,2,53,56,389,0.453,0.519,0.278,0.491,0.861,0.538,armstbj01
Darrell Armstrong,28,ORL,NBA,1996-97,67,0,1010,132,345,77,164,55,181,92,106,35,41,76,175,61,9,99,114,411,0.383,0.47,0.304,0.462,0.868,0.525,armstda01
Vincent Askew,30,TOT,NBA,1996-97,43,0,838,81,186,74,162,7,24,70,88,25,73,98,90,17,6,46,123,239,0.435,0.457,0.292,0.454,0.795,0.532,askewvi01
Keith Askins,29,MIA,NBA,1996-97,78,30,1773,138,319,69,147,69,172,39,58,86,185,271,75,53,19,59,196,384,0.433,0.469,0.401,0.541,0.672,0.557,askinke01
Stacey Augmon,28,TOT,NBA,1996-97,60,10,942,105,220,105,220,0,0,69,97,47,91,138,56,42,17,64,87,279,0.477,0.477,,0.477,0.711,0.531,augmost01
Isaac Austin,27,MIA,NBA,1996-97,82,17,1881,321,639,321,636,0,3,150,226,136,342,478,101,45,43,161,244,792,0.502,0.505,0,0.502,0.664,0.536,austiis01
Vin Baker,25,MIL,NBA,1996-97,78,78,3159,632,1251,617,1197,15,54,358,521,267,537,804,211,81,112,245,275,1637,0.505,0.515,0.278,0.511,0.687,0.553,bakervi01
Charles Barkley,33,HOU,NBA,1996-97,53,53,2009,335,692,277,487,58,205,288,415,212,504,716,248,69,25,151,153,1016,0.484,0.569,0.283,0.526,0.694,0.581,barklch01
Dana Barros,29,BOS,NBA,1996-97,24,8,708,110,253,67,148,43,105,37,43,5,43,48,81,26,6,39,34,300,0.435,0.453,0.41,0.52,0.86,0.552,barroda01
Brent Barry,25,LAC,NBA,1996-97,59,0,1094,155,379,99,206,56,173,76,93,30,80,110,154,51,15,76,88,442,0.409,0.481,0.324,0.483,0.817,0.526,barrybr01
Jon Barry,27,ATL,NBA,1996-97,58,8,965,100,246,52,122,48,124,37,46,26,73,99,115,55,3,59,56,285,0.407,0.426,0.387,0.504,0.804,0.535,barryjo01
Benoit Benjamin,32,TOR,NBA,1996-97,4,3,44,5,12,5,12,0,0,3,4,3,6,9,1,1,0,2,5,13,0.417,0.417,,0.417,0.75,0.472,benjabe01
Elmer Bennett,26,TOT,NBA,1996-97,9,0,75,6,19,3,10,3,9,7,10,0,4,4,11,4,0,10,7,22,0.316,0.3,0.333,0.395,0.7,0.47,benneel01
Travis Best,24,IND,NBA,1996-97,76,46,2064,274,620,217,465,57,155,149,197,36,130,166,318,98,5,153,221,754,0.442,0.467,0.368,0.488,0.756,0.533,besttr01
Mookie Blaylock,29,ATL,NBA,1996-97,78,78,3056,501,1159,280,555,221,604,131,174,114,299,413,463,212,20,185,141,1354,0.432,0.505,0.366,0.528,0.753,0.548,blaylmo01
Corie Blount,28,LAL,NBA,1996-97,58,18,1009,92,179,91,176,1,3,56,83,113,163,276,35,22,26,50,121,241,0.514,0.517,0.333,0.517,0.675,0.559,blounco01
Muggsy Bogues,32,CHH,NBA,1996-97,65,65,1880,204,443,144,299,60,144,54,64,25,116,141,469,82,2,108,114,522,0.46,0.482,0.417,0.528,0.844,0.554,boguemu01
Dexter Boney,26,PHO,NBA,1996-97,8,0,48,6,19,5,13,1,6,6,8,3,3,6,0,2,1,1,3,19,0.316,0.385,0.167,0.342,0.75,0.422,boneyde01
Melvin Booker,24,TOT,NBA,1996-97,21,4,430,46,105,34,68,12,37,18,20,7,22,29,53,3,2,27,28,122,0.438,0.5,0.324,0.495,0.9,0.536,bookeme01
Bruce Bowen,25,MIA,NBA,1996-97,1,0,1,0,0,0,0,0,0,0,0,0,0,0,0,0,1,0,0,0,,,,,,,bowenbr01
Donnie Boyce,23,ATL,NBA,1996-97,22,2,154,21,63,19,47,2,16,11,22,7,8,15,13,10,4,16,17,55,0.333,0.404,0.125,0.349,0.5,0.378,boycedo01
Shawn Bradley,24,TOT,NBA,1996-97,73,70,2288,406,905,406,897,0,8,149,228,221,390,611,52,40,248,134,237,961,0.449,0.453,0,0.449,0.654,0.478,bradlsh01
Mark Bradtke,28,PHI,NBA,1996-97,36,0,251,25,58,25,58,0,0,9,13,26,42,68,7,5,5,9,34,59,0.431,0.431,,0.431,0.692,0.463,bradtma01
Terrell Brandon,26,CLE,NBA,1996-97,78,78,2868,575,1313,474,1042,101,271,268,297,48,253,301,490,138,30,178,177,1519,0.438,0.455,0.373,0.476,0.902,0.526,brandte01
Frank Brickowski,37,BOS,NBA,1996-97,17,2,255,32,73,25,53,7,20,10,14,6,28,34,15,5,4,19,42,81,0.438,0.472,0.35,0.486,0.714,0.512,brickfr01
Scott Brooks,31,NYK,NBA,1996-97,38,0,251,19,39,14,27,5,12,14,15,6,12,18,29,21,0,17,35,57,0.487,0.519,0.417,0.551,0.933,0.625,brooksc01
Chucky Brown,28,TOT,NBA,1996-97,70,1,757,78,154,77,148,1,6,47,70,41,107,148,28,9,22,19,100,204,0.506,0.52,0.167,0.51,0.671,0.552,brownch01
Dee Brown,28,BOS,NBA,1996-97,21,2,522,61,166,41,101,20,65,18,22,8,40,48,67,31,7,24,45,160,0.367,0.406,0.308,0.428,0.818,0.455,brownde01
Marcus Brown,22,POR,NBA,1996-97,21,0,184,28,70,15,38,13,32,13,19,4,11,15,20,8,2,13,26,82,0.4,0.395,0.406,0.493,0.684,0.523,brownma01
Mike Brown,33,PHO,NBA,1996-97,6,1,83,5,12,5,12,0,0,6,10,9,16,25,5,1,1,2,9,16,0.417,0.417,,0.417,0.6,0.488,brownmi01
P.J. Brown,27,MIA,NBA,1996-97,80,71,2592,300,656,300,654,0,2,161,220,239,431,670,92,85,98,113,283,761,0.457,0.459,0,0.457,0.732,0.505,brownpj01
Randy Brown,28,CHI,NBA,1996-97,72,3,1057,140,333,136,311,4,22,57,84,34,77,111,133,81,17,58,116,341,0.42,0.437,0.182,0.426,0.679,0.461,brownra02
Kobe Bryant,18,LAL,NBA,1996-97,71,6,1103,176,422,125,286,51,136,136,166,47,85,132,91,49,23,112,102,539,0.417,0.437,0.375,0.477,0.819,0.544,bryanko01
Mark Bryant,31,PHO,NBA,1996-97,41,18,1018,152,275,152,275,0,0,76,108,67,145,212,47,22,5,46,136,380,0.553,0.553,,0.553,0.704,0.589,bryanma01
Jud Buechler,28,CHI,NBA,1996-97,76,0,703,58,158,40,104,18,54,5,14,45,81,126,60,23,21,27,50,139,0.367,0.385,0.333,0.424,0.357,0.423,buechju01
Matt Bullard,29,HOU,NBA,1996-97,71,12,1025,114,284,47,101,67,183,25,34,13,104,117,67,21,18,38,68,320,0.401,0.465,0.366,0.519,0.735,0.535,bullama01
Scott Burrell,26,TOT,NBA,1996-97,57,2,939,98,271,57,155,41,116,57,76,49,109,158,74,28,19,53,120,294,0.362,0.368,0.353,0.437,0.75,0.483,burresc01
Willie Burton,28,ATL,NBA,1996-97,24,2,380,39,116,26,70,13,46,57,68,11,30,41,11,8,3,26,55,148,0.336,0.371,0.283,0.392,0.838,0.507,burtowi01
Mitchell Butler,26,POR,NBA,1996-97,49,1,465,52,125,40,86,12,39,32,50,19,34,53,30,13,2,27,55,148,0.416,0.465,0.308,0.464,0.64,0.503,butlemi02
Jason Caffey,23,CHI,NBA,1996-97,75,19,1405,205,385,205,384,0,1,139,211,135,166,301,89,25,9,97,149,549,0.532,0.534,0,0.532,0.659,0.574,caffeja01
Michael Cage,35,PHI,NBA,1996-97,82,24,1247,66,141,66,141,0,0,19,41,112,208,320,43,48,42,17,118,151,0.468,0.468,,0.468,0.463,0.475,cagemi01
Adrian Caldwell,30,TOT,NBA,1996-97,45,0,569,40,92,40,90,0,2,21,50,58,109,167,12,16,8,28,87,101,0.435,0.444,0,0.435,0.42,0.443,caldwad01
Marcus Camby,22,TOR,NBA,1996-97,63,38,1897,375,778,373,764,2,14,183,264,131,263,394,97,66,130,134,214,935,0.482,0.488,0.143,0.483,0.693,0.523,cambyma01
Elden Campbell,28,LAL,NBA,1996-97,77,77,2516,442,942,441,938,1,4,263,370,207,408,615,126,46,117,130,276,1148,0.469,0.47,0.25,0.47,0.711,0.52,campbel01
Antoine Carr,35,UTA,NBA,1996-97,82,0,1460,252,522,252,519,0,3,99,127,60,135,195,74,24,63,75,214,603,0.483,0.486,0,0.483,0.78,0.522,carran01
Chris Carr,22,MIN,NBA,1996-97,55,10,830,125,271,94,183,31,88,56,73,31,82,113,48,24,10,37,93,337,0.461,0.514,0.352,0.518,0.767,0.556,carrch01
Jimmy Carruth,27,MIL,NBA,1996-97,4,0,21,2,3,2,3,0,0,1,1,0,4,4,0,0,2,1,4,5,0.667,0.667,,0.667,1,0.727,carruji01
Sam Cassell,27,TOT,NBA,1996-97,61,44,1714,337,783,256,552,81,231,212,251,47,135,182,305,77,19,168,200,967,0.43,0.464,0.351,0.482,0.845,0.541,cassesa01
Duane Causwell,28,SAC,NBA,1996-97,46,8,581,48,94,46,91,2,3,20,37,57,70,127,20,15,38,34,131,118,0.511,0.505,0.667,0.521,0.541,0.535,causwdu01
Cedric Ceballos,27,TOT,NBA,1996-97,50,40,1426,282,617,256,515,26,102,139,186,102,228,330,64,33,23,85,113,729,0.457,0.497,0.255,0.478,0.747,0.522,cebalce01
Tom Chambers,37,CHH,NBA,1996-97,12,5,83,7,31,5,28,2,3,3,4,3,11,14,4,1,0,9,14,19,0.226,0.179,0.667,0.258,0.75,0.29,chambto01
Rex Chapman,29,PHO,NBA,1996-97,65,33,1833,332,749,222,435,110,314,124,149,25,156,181,182,52,7,96,108,898,0.443,0.51,0.35,0.517,0.832,0.551,chapmre01
Calbert Cheaney,25,WSB,NBA,1996-97,79,79,2411,369,730,365,700,4,30,95,137,70,198,268,114,77,18,94,226,837,0.505,0.521,0.133,0.508,0.693,0.53,cheanca01
Pete Chilcutt,28,VAN,NBA,1996-97,54,1,662,72,165,47,96,25,69,13,22,67,89,156,47,26,17,28,52,182,0.436,0.49,0.362,0.512,0.591,0.521,chilcpe01
Randolph Childress,24,TOT,NBA,1996-97,23,0,155,14,40,9,21,5,19,6,8,1,5,6,17,9,0,18,16,39,0.35,0.429,0.263,0.413,0.75,0.448,childra01
Chris Childs,29,NYK,NBA,1996-97,65,61,2076,211,510,141,329,70,181,113,149,22,169,191,398,78,11,180,213,605,0.414,0.429,0.387,0.482,0.758,0.526,childch01
Doug Christie,26,TOR,NBA,1996-97,81,81,3127,396,949,249,566,147,383,237,306,85,347,432,315,201,45,200,245,1176,0.417,0.44,0.384,0.495,0.775,0.543,chrisdo01
Derrick Coleman,29,PHI,NBA,1996-97,57,54,2102,364,836,332,717,32,119,272,365,157,416,573,193,50,75,184,164,1032,0.435,0.463,0.269,0.455,0.745,0.518,colemde01
Bimbo Coles,28,GSW,NBA,1996-97,51,13,1183,122,314,92,212,30,102,37,49,39,79,118,149,35,7,59,96,311,0.389,0.434,0.294,0.436,0.755,0.463,colesbi01
Marty Conlon,29,BOS,NBA,1996-97,74,15,1614,214,454,212,444,2,10,144,171,128,195,323,104,46,18,109,154,574,0.471,0.477,0.2,0.474,0.842,0.542,conloma01
Tyrone Corbin,34,ATL,NBA,1996-97,70,65,2305,253,600,179,392,74,208,86,108,76,218,294,124,90,7,85,176,666,0.422,0.457,0.356,0.483,0.796,0.514,corbity01
Joe Courtney,27,TOT,NBA,1996-97,9,0,100,11,30,11,30,0,0,3,5,9,7,16,0,0,0,3,14,25,0.367,0.367,,0.367,0.6,0.388,courtjo01
John Crotty,27,MIA,NBA,1996-97,48,0,659,79,154,59,105,20,49,54,64,15,32,47,102,18,0,42,79,232,0.513,0.562,0.408,0.578,0.844,0.637,crottjo01
Terry Cummings,35,SEA,NBA,1996-97,45,3,828,155,319,152,314,3,5,57,82,70,113,183,39,33,7,45,113,370,0.486,0.484,0.6,0.491,0.695,0.521,cummite01
Earl Cureton,39,TOR,NBA,1996-97,9,0,46,3,8,3,8,0,0,1,3,4,5,9,4,0,0,1,10,7,0.375,0.375,,0.375,0.333,0.376,curetea01
Dell Curry,32,CHH,NBA,1996-97,68,20,2078,384,836,258,540,126,296,114,142,40,171,211,118,60,14,93,147,1008,0.459,0.478,0.426,0.535,0.803,0.561,curryde01
Michael Curry,28,DET,NBA,1996-97,81,2,1217,99,221,76,144,23,77,97,108,23,96,119,43,31,12,28,128,318,0.448,0.528,0.299,0.5,0.898,0.592,currymi01
Erick Dampier,21,IND,NBA,1996-97,72,21,1052,131,336,130,335,1,1,107,168,96,198,294,43,19,73,84,153,370,0.39,0.388,1,0.391,0.637,0.451,dampier01
Lloyd Daniels,29,TOT,NBA,1996-97,22,0,310,36,119,15,49,21,70,5,6,19,24,43,26,10,3,14,33,98,0.303,0.306,0.3,0.391,0.833,0.403,daniell01
Sasha Danilovic,26,TOT,NBA,1996-97,56,42,1789,248,570,163,334,85,236,121,151,29,107,136,102,54,9,116,160,702,0.435,0.488,0.36,0.51,0.801,0.552,danilsa01
Yinka Dare,24,NJN,NBA,1996-97,41,2,313,19,54,19,54,0,0,19,37,35,47,82,3,4,28,21,51,57,0.352,0.352,,0.352,0.514,0.406,dareyi01
Antonio Davis,28,IND,NBA,1996-97,82,28,2335,308,641,307,627,1,14,241,362,190,408,598,65,42,84,141,260,858,0.48,0.49,0.071,0.481,0.666,0.536,davisan01
Ben Davis,24,PHO,NBA,1996-97,20,0,98,10,26,10,26,0,0,9,20,12,15,27,0,4,1,3,16,29,0.385,0.385,,0.385,0.45,0.417,davisbe01
Dale Davis,27,IND,NBA,1996-97,80,76,2589,370,688,370,688,0,0,92,215,301,471,772,59,60,77,108,233,832,0.538,0.538,,0.538,0.428,0.532,davisda01
Emanual Davis,28,HOU,NBA,1996-97,13,0,230,24,54,12,27,12,27,5,8,2,20,22,26,9,2,17,20,65,0.444,0.444,0.444,0.556,0.625,0.565,davisem01
Hubert Davis,26,TOR,NBA,1996-97,36,0,623,74,184,58,114,16,70,17,23,11,29,40,34,11,2,21,40,181,0.402,0.509,0.229,0.446,0.739,0.466,davishu01
Mark Davis,23,PHI,NBA,1996-97,75,17,1705,251,535,227,442,24,93,113,168,138,185,323,135,85,31,118,230,639,0.469,0.514,0.258,0.492,0.673,0.525,davisma02
Todd Day,27,BOS,NBA,1996-97,81,27,2277,398,999,272,651,126,348,256,331,109,221,330,117,108,48,127,208,1178,0.398,0.418,0.362,0.461,0.773,0.515,dayto01
Andrew DeClercq,23,GSW,NBA,1996-97,71,1,1065,142,273,142,273,0,0,91,151,122,176,298,32,33,27,76,229,375,0.52,0.52,,0.52,0.603,0.552,declean01
Terry Dehere,25,LAC,NBA,1996-97,73,3,1053,148,383,96,223,52,160,122,148,15,80,95,158,27,3,96,142,470,0.386,0.43,0.325,0.454,0.824,0.524,deherte01
Vinny Del Negro,30,SAS,NBA,1996-97,72,53,2243,365,781,321,641,44,140,112,129,39,171,210,231,59,7,92,131,886,0.467,0.501,0.314,0.496,0.868,0.529,delnevi01
Bison Dele,27,CHI,NBA,1996-97,9,0,138,26,63,26,63,0,0,11,15,14,19,33,12,3,5,11,20,63,0.413,0.413,,0.413,0.733,0.453,delebi01
Tony Delk,23,CHH,NBA,1996-97,61,1,867,119,256,67,144,52,112,42,51,31,68,99,99,36,6,68,71,332,0.465,0.465,0.464,0.566,0.824,0.596,delkto01
Dell Demps,26,ORL,NBA,1996-97,2,0,10,0,3,0,2,0,1,2,2,0,0,0,0,1,0,0,1,2,0,0,0,0,1,0.258,dempsde01
Vlade Divac,28,CHH,NBA,1996-97,81,80,2840,418,847,407,800,11,47,177,259,241,484,725,301,103,180,193,277,1024,0.494,0.509,0.234,0.5,0.683,0.533,divacvl01
Aleksandar Djordjevic,29,POR,NBA,1996-97,8,0,61,8,16,3,9,5,7,4,5,1,4,5,5,0,0,5,3,25,0.5,0.333,0.714,0.656,0.8,0.687,djordal01
Sherman Douglas,30,MIL,NBA,1996-97,79,79,2316,306,610,268,496,38,114,114,171,57,136,193,427,78,10,153,191,764,0.502,0.54,0.333,0.533,0.667,0.557,douglsh01
Greg Dreiling,34,DAL,NBA,1996-97,40,3,389,34,74,33,73,1,1,11,27,19,57,76,11,8,7,9,65,80,0.459,0.452,1,0.466,0.407,0.466,dreilgr01
Clyde Drexler,34,HOU,NBA,1996-97,62,62,2271,397,899,278,564,119,335,201,268,118,255,373,354,119,36,156,151,1114,0.442,0.493,0.355,0.508,0.75,0.548,drexlcl01
Nate Driggers,23,BOS,NBA,1996-97,15,0,132,13,43,13,34,0,9,10,14,12,10,22,6,3,2,6,10,36,0.302,0.382,0,0.302,0.714,0.366,driggna01
Kevin Duckworth,32,LAC,NBA,1996-97,26,22,384,45,103,42,99,3,4,11,16,23,37,60,16,9,11,33,63,104,0.437,0.424,0.75,0.451,0.688,0.473,duckwke01
Chris Dudley,31,POR,NBA,1996-97,81,14,1840,126,293,126,293,0,0,65,137,204,389,593,41,39,96,80,247,317,0.43,0.43,,0.43,0.474,0.449,dudlech02
Joe Dumars,33,DET,NBA,1996-97,79,79,2923,385,875,219,491,166,384,222,256,38,153,191,318,57,1,128,97,1158,0.44,0.446,0.432,0.535,0.867,0.586,dumarjo01
Tony Dumas,24,TOT,NBA,1996-97,24,1,278,33,96,29,68,4,28,16,25,3,13,16,25,10,2,16,45,86,0.344,0.426,0.143,0.365,0.64,0.402,dumasto01
Acie Earl,26,TOT,NBA,1996-97,47,0,500,67,180,67,175,0,5,54,84,35,61,96,20,15,28,35,61,188,0.372,0.383,0,0.372,0.643,0.433,earlac01
Tyus Edney,23,SAC,NBA,1996-97,70,20,1376,150,391,142,349,8,42,177,215,34,79,113,226,60,2,112,98,485,0.384,0.407,0.19,0.394,0.823,0.499,edneyty01
Blue Edwards,31,VAN,NBA,1996-97,61,12,1439,182,458,157,369,25,89,89,109,49,140,189,114,38,20,81,135,478,0.397,0.425,0.281,0.425,0.817,0.472,edwarbl01
Kevin Edwards,31,NJN,NBA,1996-97,32,0,477,69,183,54,140,15,43,37,43,9,34,43,57,17,4,49,34,190,0.377,0.386,0.349,0.418,0.86,0.47,edwarke01
Craig Ehlo,35,SEA,NBA,1996-97,62,0,848,87,248,60,153,27,95,13,26,39,71,110,68,36,4,45,71,214,0.351,0.392,0.284,0.405,0.5,0.412,ehlocr01
Howard Eisley,24,UTA,NBA,1996-97,82,0,1083,139,308,119,236,20,72,70,89,20,64,84,198,44,10,110,141,368,0.451,0.504,0.278,0.484,0.787,0.53,eisleho01
Mario Elie,33,HOU,NBA,1996-97,78,77,2687,291,585,171,299,120,286,207,231,60,175,235,310,92,12,135,200,909,0.497,0.572,0.42,0.6,0.896,0.662,eliema01
Sean Elliott,28,SAS,NBA,1996-97,39,39,1393,196,464,154,338,42,126,148,196,48,142,190,124,24,24,89,105,582,0.422,0.456,0.333,0.468,0.755,0.529,elliose01
Dale Ellis,36,DEN,NBA,1996-97,82,51,2940,477,1151,285,623,192,528,215,263,99,194,293,165,60,7,146,178,1361,0.414,0.457,0.364,0.498,0.817,0.537,ellisda01
LaPhonso Ellis,26,DEN,NBA,1996-97,55,49,2002,445,1014,350,755,95,259,218,282,107,279,386,131,44,41,117,181,1203,0.439,0.464,0.367,0.486,0.773,0.529,ellisla01
Pervis Ellison,29,BOS,NBA,1996-97,6,4,125,6,16,6,16,0,0,3,5,9,17,26,4,5,9,7,21,15,0.375,0.375,,0.375,0.6,0.412,ellispe01
Brian Evans,23,ORL,NBA,1996-97,14,0,59,8,22,4,14,4,8,0,0,1,7,8,7,1,2,2,6,20,0.364,0.286,0.5,0.455,,0.455,evansbr01
Patrick Ewing,34,NYK,NBA,1996-97,78,78,2887,655,1342,653,1333,2,9,439,582,175,659,834,156,69,189,269,250,1751,0.488,0.49,0.222,0.489,0.754,0.548,ewingpa01
Jamie Feick,22,TOT,NBA,1996-97,41,0,624,56,157,51,143,5,14,34,67,82,132,214,26,16,14,31,78,151,0.357,0.357,0.357,0.373,0.507,0.405,feickja01
Duane Ferrell,31,IND,NBA,1996-97,62,18,1115,159,337,141,293,18,44,58,94,57,84,141,66,38,6,55,120,394,0.472,0.481,0.409,0.499,0.617,0.521,ferredu01
Danny Ferry,30,CLE,NBA,1996-97,82,48,2633,341,794,227,510,114,284,74,87,82,255,337,151,56,32,94,245,870,0.429,0.445,0.401,0.501,0.851,0.523,ferryda01
Michael Finley,23,TOT,NBA,1996-97,83,54,2790,475,1071,374,791,101,280,198,245,88,284,372,224,68,24,164,138,1249,0.444,0.473,0.361,0.491,0.808,0.53,finlemi01
Matt Fish,27,TOT,NBA,1996-97,6,0,8,1,3,1,3,0,0,0,0,1,4,5,0,0,0,2,2,2,0.333,0.333,,0.333,,0.333,fishma01
Derek Fisher,22,LAL,NBA,1996-97,80,3,921,104,262,82,189,22,73,79,120,25,72,97,119,41,5,71,87,309,0.397,0.434,0.301,0.439,0.658,0.491,fishede01
Greg Foster,28,UTA,NBA,1996-97,79,12,920,111,245,109,242,2,3,54,65,56,131,187,31,10,20,54,145,278,0.453,0.45,0.667,0.457,0.831,0.508,fostegr01
Rick Fox,27,BOS,NBA,1996-97,76,75,2650,433,950,332,672,101,278,207,263,114,280,394,286,167,40,178,279,1174,0.456,0.494,0.363,0.509,0.787,0.551,foxri01
Todd Fuller,22,GSW,NBA,1996-97,75,18,949,114,266,114,266,0,0,76,110,108,141,249,24,10,20,52,146,304,0.429,0.429,,0.429,0.691,0.483,fulleto02
Kevin Gamble,31,SAC,NBA,1996-97,62,2,953,123,286,69,174,54,112,7,10,13,94,107,77,21,17,27,76,307,0.43,0.397,0.482,0.524,0.7,0.529,gamblke01
Kevin Garnett,20,MIN,NBA,1996-97,77,77,2995,549,1100,543,1079,6,21,205,272,190,428,618,236,105,163,175,199,1309,0.499,0.503,0.286,0.502,0.754,0.537,garneke01
Dean Garrett,30,MIN,NBA,1996-97,68,47,1665,223,389,223,389,0,0,96,138,149,346,495,38,40,95,34,158,542,0.573,0.573,,0.573,0.696,0.603,garrede01
Chris Gatling,29,TOT,NBA,1996-97,47,1,1283,327,623,326,617,1,6,236,329,134,236,370,28,39,31,120,138,891,0.525,0.528,0.167,0.526,0.717,0.58,gatlich01
Reggie Geary,23,CLE,NBA,1996-97,39,0,246,22,58,14,37,8,21,5,11,4,11,15,36,13,2,15,36,57,0.379,0.378,0.381,0.448,0.455,0.454,gearyre01
Matt Geiger,27,CHH,NBA,1996-97,49,13,1044,171,350,165,330,6,20,89,127,100,158,258,38,20,27,67,153,437,0.489,0.5,0.3,0.497,0.701,0.538,geigema01
Kendall Gill,28,NJN,NBA,1996-97,82,81,3199,644,1453,570,1233,74,220,427,536,183,316,499,326,154,46,218,225,1789,0.443,0.462,0.336,0.469,0.797,0.53,gillke01
Armen Gilliam,32,MIL,NBA,1996-97,80,25,2050,246,522,246,522,0,0,199,259,136,361,497,53,61,40,105,206,691,0.471,0.471,,0.471,0.768,0.543,gilliar01
Anthony Goldwire,25,TOT,NBA,1996-97,60,30,1188,131,330,67,177,64,153,61,78,12,72,84,219,33,2,76,104,387,0.397,0.379,0.418,0.494,0.782,0.531,goldwan01
Greg Graham,26,SEA,NBA,1996-97,28,0,197,29,80,20,49,9,31,26,40,2,11,13,11,12,1,10,12,93,0.363,0.408,0.29,0.419,0.65,0.476,grahagr01
Brian Grant,24,SAC,NBA,1996-97,24,15,607,91,207,91,207,0,0,70,90,49,93,142,28,19,25,44,75,252,0.44,0.44,,0.44,0.778,0.511,grantbr01
Gary Grant,31,MIA,NBA,1996-97,28,0,365,39,110,25,64,14,46,18,22,8,30,38,45,16,0,27,39,110,0.355,0.391,0.304,0.418,0.818,0.46,grantga01
Harvey Grant,31,WSB,NBA,1996-97,78,25,1604,129,314,101,225,28,89,30,39,63,193,256,68,46,48,30,167,316,0.411,0.449,0.315,0.455,0.769,0.477,grantha01
Horace Grant,31,ORL,NBA,1996-97,67,67,2496,358,695,357,689,1,6,128,179,206,394,600,163,101,65,99,157,845,0.515,0.518,0.167,0.516,0.715,0.546,grantho01
Devin Gray,24,TOT,NBA,1996-97,6,0,49,8,26,8,26,0,0,2,5,6,8,14,2,4,0,5,11,18,0.308,0.308,,0.308,0.4,0.319,grayde01
Evric Gray,27,NJN,NBA,1996-97,5,0,42,4,15,3,11,1,4,4,4,1,2,3,2,1,0,3,5,13,0.267,0.273,0.25,0.3,1,0.388,grayev01
Jeff Grayer,31,SAC,NBA,1996-97,25,0,316,38,83,34,72,4,11,11,20,21,17,38,25,8,7,15,42,91,0.458,0.472,0.364,0.482,0.55,0.496,grayeje01
A.C. Green,33,TOT,NBA,1996-97,83,73,2492,234,484,233,464,1,20,128,197,222,434,656,69,70,16,74,145,597,0.483,0.502,0.05,0.485,0.65,0.523,greenac01
Litterial Green,26,DET,NBA,1996-97,45,0,311,30,64,30,54,0,10,30,47,6,16,22,41,16,1,15,27,90,0.469,0.556,0,0.469,0.638,0.531,greenli01
Tom Gugliotta,27,MIN,NBA,1996-97,81,81,3131,592,1339,568,1246,24,93,464,566,187,515,702,335,130,89,293,237,1672,0.442,0.456,0.258,0.451,0.82,0.526,guglito01
Jack Haley,33,NJN,NBA,1996-97,20,0,74,13,37,13,37,0,0,14,19,13,19,32,5,1,1,2,14,40,0.351,0.351,,0.351,0.737,0.441,haleyja01
Darvin Ham,23,TOT,NBA,1996-97,36,3,318,33,62,33,62,0,0,17,35,29,27,56,14,9,8,22,57,83,0.532,0.532,,0.532,0.486,0.536,hamda01
Steve Hamer,23,BOS,NBA,1996-97,35,3,268,30,57,30,55,0,2,16,29,17,43,60,7,2,4,13,39,76,0.526,0.545,0,0.526,0.552,0.545,hamerst01
Tom Hammonds,29,DEN,NBA,1996-97,81,8,1758,191,398,191,396,0,2,124,172,135,266,401,64,16,24,88,205,506,0.48,0.482,0,0.48,0.721,0.534,hammoto01
Darrin Hancock,25,TOT,NBA,1996-97,24,0,133,16,35,16,35,0,0,10,14,4,14,18,12,9,1,11,15,42,0.457,0.457,,0.457,0.714,0.51,hancoda01
Anfernee Hardaway,25,ORL,NBA,1996-97,59,59,2221,421,941,336,674,85,267,283,345,82,181,263,332,93,35,145,123,1210,0.447,0.499,0.318,0.493,0.82,0.554,hardaan01
Tim Hardaway,30,MIA,NBA,1996-97,81,81,3136,575,1384,372,794,203,590,291,364,49,228,277,695,151,9,230,165,1644,0.415,0.469,0.344,0.489,0.799,0.532,hardati01
Derek Harper,35,DAL,NBA,1996-97,75,29,2210,299,674,239,498,60,176,95,128,30,107,137,321,92,12,132,144,753,0.444,0.48,0.341,0.488,0.742,0.516,harpede01
Ron Harper,33,CHI,NBA,1996-97,76,74,1740,177,406,109,218,68,188,58,82,46,147,193,191,86,38,50,138,480,0.436,0.5,0.362,0.52,0.707,0.543,harpero01
Othella Harrington,23,HOU,NBA,1996-97,57,1,860,112,204,112,201,0,3,49,81,75,123,198,18,12,22,57,112,273,0.549,0.557,0,0.549,0.605,0.57,harriot01
Lucious Harris,26,PHI,NBA,1996-97,54,3,813,112,294,76,195,36,99,33,47,27,44,71,50,41,3,34,45,293,0.381,0.39,0.364,0.442,0.702,0.466,harrilu01
Antonio Harvey,26,SEA,NBA,1996-97,6,0,26,5,11,5,11,0,0,5,6,2,8,10,1,0,4,1,8,15,0.455,0.455,,0.455,0.833,0.55,harvean01
Hersey Hawkins,30,SEA,NBA,1996-97,82,82,2755,369,795,226,440,143,355,258,295,92,228,320,250,159,12,130,146,1139,0.464,0.514,0.403,0.554,0.875,0.616,hawkihe01
Michael Hawkins,24,BOS,NBA,1996-97,29,0,326,29,68,19,37,10,31,12,15,9,22,31,64,16,1,28,40,80,0.426,0.514,0.323,0.5,0.8,0.536,hawkimi01
Shane Heal,26,MIN,NBA,1996-97,43,0,236,26,97,6,32,20,65,3,5,2,16,18,33,3,3,17,20,75,0.268,0.188,0.308,0.371,0.6,0.378,healsh01
Alan Henderson,24,ATL,NBA,1996-97,30,0,501,77,162,77,162,0,0,45,75,47,69,116,23,21,6,29,73,199,0.475,0.475,,0.475,0.6,0.51,hendeal01
Mark Hendrickson,22,PHI,NBA,1996-97,29,1,301,32,77,29,65,3,12,18,26,35,57,92,3,10,4,14,32,85,0.416,0.446,0.25,0.435,0.692,0.481,hendrma01
Carl Herrera,30,SAS,NBA,1996-97,75,58,1837,257,593,255,587,2,6,81,118,118,222,340,50,62,53,95,217,597,0.433,0.434,0.333,0.435,0.686,0.463,herreca01
Grant Hill,24,DET,NBA,1996-97,80,80,3147,625,1259,615,1226,10,33,450,633,123,598,721,583,144,48,259,186,1710,0.496,0.502,0.303,0.5,0.711,0.556,hillgr01
Tyrone Hill,28,CLE,NBA,1996-97,74,70,2582,357,595,357,594,0,1,241,381,259,477,736,92,63,30,147,268,955,0.6,0.601,0,0.6,0.633,0.626,hillty01
Fred Hoiberg,24,IND,NBA,1996-97,47,0,572,67,156,38,86,29,70,61,77,13,68,81,41,27,6,22,51,224,0.429,0.442,0.414,0.522,0.792,0.59,hoibefr01
Jeff Hornacek,33,UTA,NBA,1996-97,82,82,2592,413,856,341,661,72,195,293,326,60,181,241,361,124,26,134,188,1191,0.482,0.516,0.369,0.525,0.899,0.596,hornaje01
Robert Horry,26,TOT,NBA,1996-97,54,29,1395,157,360,108,206,49,154,60,90,68,169,237,110,66,55,72,153,423,0.436,0.524,0.318,0.504,0.667,0.529,horryro01
Allan Houston,25,NYK,NBA,1996-97,81,81,2681,437,1032,289,648,148,384,175,218,43,197,240,179,41,18,167,233,1197,0.423,0.446,0.385,0.495,0.803,0.531,houstal01
Juwan Howard,23,WSB,NBA,1996-97,82,82,3324,638,1313,638,1311,0,2,294,389,202,450,652,311,93,23,246,259,1570,0.486,0.487,0,0.486,0.756,0.529,howarju01
Stephen Howard,26,TOT,NBA,1996-97,49,0,418,62,108,62,108,0,0,52,81,29,56,85,11,19,12,25,62,176,0.574,0.574,,0.574,0.642,0.613,howarst01
Lindsey Hunter,26,DET,NBA,1996-97,82,76,3023,421,1042,255,574,166,468,158,203,59,174,233,154,129,24,96,206,1166,0.404,0.444,0.355,0.484,0.778,0.515,hunteli01
Bobby Hurley,25,SAC,NBA,1996-97,49,12,632,46,125,32,80,14,45,37,53,9,29,38,146,27,3,55,53,143,0.368,0.4,0.311,0.424,0.698,0.482,hurlebo01
Allen Iverson,21,PHI,NBA,1996-97,76,74,3045,625,1504,470,1049,155,455,382,544,115,197,312,567,157,24,337,233,1787,0.416,0.448,0.341,0.467,0.702,0.513,iversal01
Jaren Jackson,29,WSB,NBA,1996-97,75,0,1133,134,329,81,171,53,158,53,69,31,101,132,65,45,16,60,131,374,0.407,0.474,0.335,0.488,0.768,0.52,jacksja01
Jim Jackson,26,TOT,NBA,1996-97,77,77,2831,444,1029,358,782,86,247,252,310,132,279,411,316,86,32,208,194,1226,0.431,0.458,0.348,0.473,0.813,0.526,jacksji01
Mark Jackson,31,TOT,NBA,1996-97,82,82,3054,289,679,223,501,66,178,168,213,91,304,395,935,97,12,274,161,812,0.426,0.445,0.371,0.474,0.789,0.525,jacksma01
Henry James,31,ATL,NBA,1996-97,53,15,945,125,306,49,125,76,181,30,36,27,54,81,21,11,1,29,98,356,0.408,0.392,0.42,0.533,0.833,0.553,jameshe01
Chris Jent,27,NYK,NBA,1996-97,3,0,10,2,6,0,3,2,3,0,0,1,0,1,1,0,0,0,2,6,0.333,0,0.667,0.5,,0.5,jentch01
Avery Johnson,31,SAS,NBA,1996-97,76,76,2472,327,685,321,659,6,26,140,203,32,115,147,513,96,15,146,158,800,0.477,0.487,0.231,0.482,0.69,0.517,johnsav01
Eddie Johnson,37,TOT,NBA,1996-97,52,2,913,160,362,111,231,49,131,55,68,27,111,138,52,15,2,47,81,424,0.442,0.481,0.374,0.51,0.809,0.541,johnsed03
Ervin Johnson,29,DEN,NBA,1996-97,82,82,2599,243,467,243,465,0,2,96,156,231,682,913,71,65,227,118,288,582,0.52,0.523,0,0.52,0.615,0.543,johnser02
Kevin Johnson,30,PHO,NBA,1996-97,70,70,2658,441,890,352,688,89,202,439,515,54,199,253,653,102,12,217,141,1410,0.496,0.512,0.441,0.546,0.852,0.631,johnske02
Larry Johnson,27,NYK,NBA,1996-97,76,76,2613,376,735,342,630,34,105,190,274,165,228,393,174,64,36,136,249,976,0.512,0.543,0.324,0.535,0.693,0.57,johnsla02
Charles Jones,39,HOU,NBA,1996-97,12,0,93,2,5,2,5,0,0,0,0,5,8,13,3,2,4,0,8,4,0.4,0.4,,0.4,,0.4,jonesch01
Eddie Jones,25,LAL,NBA,1996-97,80,80,2998,473,1081,321,692,152,389,276,337,90,236,326,270,189,49,169,226,1374,0.438,0.464,0.391,0.508,0.819,0.559,jonesed02
Popeye Jones,26,TOR,NBA,1996-97,79,61,2421,258,537,257,524,1,13,99,121,270,410,680,84,58,39,116,269,616,0.48,0.49,0.077,0.481,0.818,0.522,jonespo01
Michael Jordan,33,CHI,NBA,1996-97,82,82,3106,920,1892,809,1595,111,297,480,576,113,369,482,352,140,44,166,156,2431,0.486,0.507,0.374,0.516,0.833,0.567,jordami01
Reggie Jordan,29,TOT,NBA,1996-97,19,0,130,16,26,16,26,0,0,8,17,11,16,27,12,7,3,8,15,40,0.615,0.615,,0.615,0.471,0.597,jordare01
Adam Keefe,26,UTA,NBA,1996-97,62,0,915,82,160,82,159,0,1,71,103,75,141,216,32,30,13,45,97,235,0.513,0.516,0,0.513,0.689,0.572,keefead01
Shawn Kemp,27,SEA,NBA,1996-97,81,75,2750,526,1032,514,999,12,33,452,609,275,532,807,156,125,81,280,320,1516,0.51,0.515,0.364,0.516,0.742,0.583,kempsh01
Tim Kempton,33,SAS,NBA,1996-97,10,0,59,1,5,1,5,0,0,2,2,3,5,8,2,1,1,7,4,4,0.2,0.2,,0.2,1,0.34,kemptti01
Steve Kerr,31,CHI,NBA,1996-97,82,0,1861,249,467,139,230,110,237,54,67,29,101,130,175,67,3,43,98,662,0.533,0.604,0.464,0.651,0.806,0.667,kerrst01
Jerome Kersey,34,LAL,NBA,1996-97,70,44,1766,194,449,177,384,17,65,71,118,112,251,363,89,119,49,74,219,476,0.432,0.461,0.262,0.451,0.602,0.475,kerseje01
Jason Kidd,23,TOT,NBA,1996-97,55,45,1964,213,529,152,364,61,165,112,165,64,185,249,496,124,20,142,114,599,0.403,0.418,0.37,0.46,0.679,0.498,kiddja01
Frankie King,24,PHI,NBA,1996-97,7,0,59,7,17,6,15,1,2,5,5,4,10,14,5,4,0,3,7,20,0.412,0.4,0.5,0.441,1,0.521,kingfr01
Jimmy King,23,DEN,NBA,1996-97,2,0,22,2,6,2,6,0,0,2,4,2,0,2,2,3,0,1,2,6,0.333,0.333,,0.333,0.5,0.387,kingji02
Stacey King,30,TOT,NBA,1996-97,11,0,103,11,22,11,22,0,0,2,7,11,16,27,1,2,1,6,14,24,0.5,0.5,,0.5,0.286,0.478,kingst01
Kerry Kittles,22,NJN,NBA,1996-97,82,57,3012,507,1189,349,770,158,419,175,227,106,213,319,249,157,35,127,165,1347,0.426,0.453,0.377,0.493,0.771,0.523,kittlke01
Joe Kleine,35,TOT,NBA,1996-97,59,10,848,69,170,67,167,2,3,28,38,62,141,203,35,17,18,41,110,168,0.406,0.401,0.667,0.412,0.737,0.45,kleinjo01
Travis Knight,22,LAL,NBA,1996-97,71,14,1156,140,275,140,275,0,0,62,100,130,189,319,39,31,58,49,170,342,0.509,0.509,,0.509,0.62,0.536,knightr01
Larry Krystkowiak,32,LAL,NBA,1996-97,3,0,11,1,2,1,2,0,0,1,2,2,3,5,3,2,0,1,3,3,0.5,0.5,,0.5,0.5,0.521,krystla01
Toni Kukoc,28,CHI,NBA,1996-97,57,15,1610,285,605,235,454,50,151,134,174,94,167,261,256,60,29,91,97,754,0.471,0.518,0.331,0.512,0.77,0.553,kukocto01
Christian Laettner,27,ATL,NBA,1996-97,82,82,3140,548,1128,517,1040,31,88,359,440,212,508,720,223,102,64,218,277,1486,0.486,0.497,0.352,0.5,0.816,0.562,laettch01
Andrew Lang,30,MIL,NBA,1996-97,52,52,1194,115,248,115,248,0,0,44,61,94,184,278,25,26,47,39,140,274,0.464,0.464,,0.464,0.721,0.498,langan01
Antonio Lang,24,CLE,NBA,1996-97,64,1,843,68,162,68,156,0,6,35,48,52,75,127,33,33,30,50,111,171,0.42,0.436,0,0.42,0.729,0.467,langan02
Priest Lauderdale,23,ATL,NBA,1996-97,35,0,180,49,89,49,88,0,1,13,23,16,27,43,12,1,9,37,39,111,0.551,0.557,0,0.551,0.565,0.56,laudepr01
Eric Leckner,30,TOT,NBA,1996-97,20,1,126,14,33,14,33,0,0,6,12,5,31,36,5,3,2,10,35,34,0.424,0.424,,0.424,0.5,0.444,leckner01
Tim Legler,30,WSB,NBA,1996-97,15,0,182,15,48,7,19,8,29,6,7,0,21,21,7,3,5,9,21,44,0.313,0.368,0.276,0.396,0.857,0.431,legleti01
Voshon Lenard,23,MIA,NBA,1996-97,73,47,2111,314,684,131,242,183,442,86,105,38,179,217,161,50,18,109,168,897,0.459,0.541,0.414,0.593,0.819,0.614,lenarvo01
Martin Lewis,21,TOR,NBA,1996-97,9,0,50,6,14,5,11,1,3,1,2,4,2,6,4,1,2,1,8,14,0.429,0.455,0.333,0.464,0.5,0.47,lewisma01
Alton Lister,38,BOS,NBA,1996-97,53,2,516,32,77,32,77,0,0,23,31,66,102,168,13,8,14,30,95,87,0.416,0.416,,0.416,0.742,0.48,listeal01
Randy Livingston,21,HOU,NBA,1996-97,64,0,981,100,229,91,207,9,22,42,65,32,62,94,155,39,12,102,107,251,0.437,0.44,0.409,0.456,0.646,0.487,livinra01
Horacio Llamas Grey,23,PHO,NBA,1996-97,20,2,101,15,28,15,28,0,0,4,8,4,14,18,4,10,5,11,25,34,0.536,0.536,,0.536,0.5,0.539,llamaho01
Brad Lohaus,32,TOR,NBA,1996-97,6,0,45,4,15,2,8,2,7,0,0,1,6,7,1,1,0,1,6,10,0.267,0.25,0.286,0.333,,0.333,lohaubr01
Grant Long,30,DET,NBA,1996-97,65,24,1166,123,275,106,228,17,47,63,84,88,134,222,39,43,6,48,106,326,0.447,0.465,0.362,0.478,0.75,0.523,longgr01
John Long,40,TOR,NBA,1996-97,32,0,370,46,117,34,83,12,34,25,28,6,34,40,21,9,2,24,28,129,0.393,0.41,0.353,0.444,0.893,0.499,longjo01
Luc Longley,28,CHI,NBA,1996-97,59,59,1472,221,485,221,483,0,2,95,120,121,211,332,141,23,66,111,191,537,0.456,0.458,0,0.456,0.792,0.499,longllu01
George Lynch,26,VAN,NBA,1996-97,41,27,1059,137,291,129,260,8,31,60,97,98,163,261,76,63,17,64,97,342,0.471,0.496,0.258,0.485,0.619,0.512,lynchge01
Sam Mack,26,HOU,NBA,1996-97,52,10,904,105,262,58,120,47,142,35,42,20,86,106,58,29,6,42,67,292,0.401,0.483,0.331,0.49,0.833,0.521,macksa01
Don MacLean,27,PHI,NBA,1996-97,37,2,733,163,365,151,327,12,38,64,97,41,99,140,37,12,10,47,71,402,0.447,0.462,0.316,0.463,0.66,0.493,macledo01
Rick Mahorn,38,DET,NBA,1996-97,22,7,218,20,54,20,53,0,1,16,22,19,34,53,6,4,3,10,34,56,0.37,0.377,0,0.37,0.727,0.44,mahorri01
Dan Majerle,31,MIA,NBA,1996-97,36,26,1264,141,347,73,146,68,201,40,59,45,117,162,116,54,14,50,75,390,0.406,0.5,0.338,0.504,0.678,0.523,majerda01
Karl Malone,33,UTA,NBA,1996-97,82,82,2998,864,1571,864,1558,0,13,521,690,193,616,809,368,113,48,233,217,2249,0.55,0.555,0,0.55,0.755,0.6,malonka01
Matt Maloney,25,HOU,NBA,1996-97,82,82,2386,271,615,117,234,154,381,71,93,19,141,160,303,82,1,122,125,767,0.441,0.5,0.404,0.566,0.763,0.585,malonma01
Danny Manning,30,PHO,NBA,1996-97,77,17,2134,426,795,419,759,7,36,181,251,137,332,469,173,81,74,161,268,1040,0.536,0.552,0.194,0.54,0.721,0.574,mannida01
Rich Manning,26,TOT,NBA,1996-97,26,2,201,32,82,30,78,2,4,9,14,16,23,39,3,4,2,7,29,75,0.39,0.385,0.5,0.402,0.643,0.425,manniri01
Stephon Marbury,19,MIN,NBA,1996-97,67,64,2324,355,871,253,583,102,288,245,337,54,130,184,522,67,19,210,159,1057,0.408,0.434,0.354,0.466,0.727,0.519,marbust01
Sarunas Marciulionis,32,DEN,NBA,1996-97,17,0,255,38,101,27,71,11,30,29,36,12,18,30,25,12,1,40,38,116,0.376,0.38,0.367,0.431,0.806,0.496,marcisa01
Donny Marshall,24,CLE,NBA,1996-97,56,0,548,52,160,19,73,33,87,38,54,22,48,70,24,24,3,32,60,175,0.325,0.26,0.379,0.428,0.704,0.476,marshdo02
Donyell Marshall,23,GSW,NBA,1996-97,61,20,1022,174,421,139,310,35,111,61,98,92,184,276,54,25,46,55,96,444,0.413,0.448,0.315,0.455,0.622,0.478,marshdo01
Cuonzo Martin,25,MIL,NBA,1996-97,3,0,13,0,7,0,5,0,2,0,0,1,0,1,1,0,0,1,1,0,0,0,0,0,,0,marticu01
Darrick Martin,25,LAC,NBA,1996-97,82,64,1820,292,718,201,484,91,234,218,250,26,87,113,339,57,2,127,165,893,0.407,0.415,0.389,0.47,0.872,0.539,martida01
Jamal Mashburn,24,TOT,NBA,1996-97,69,51,2164,286,743,196,466,90,277,160,228,69,225,294,204,78,12,114,186,822,0.385,0.421,0.325,0.445,0.702,0.487,mashbja01
Anthony Mason,30,CHH,NBA,1996-97,73,73,3143,433,825,432,822,1,3,319,428,186,643,829,414,76,33,165,202,1186,0.525,0.526,0.333,0.525,0.745,0.585,masonan01
Tony Massenburg,29,NJN,NBA,1996-97,79,49,1954,219,452,219,451,0,1,130,206,222,295,517,23,38,50,91,217,568,0.485,0.486,0,0.485,0.631,0.523,masseto01
Vernon Maxwell,31,SAS,NBA,1996-97,72,31,2068,340,906,225,534,115,372,134,180,27,132,159,153,87,19,121,168,929,0.375,0.421,0.309,0.439,0.744,0.471,maxweve01
Lee Mayberry,26,VAN,NBA,1996-97,80,38,1952,149,370,66,149,83,221,29,46,29,105,134,329,60,8,90,159,410,0.403,0.443,0.376,0.515,0.63,0.525,maybele01
Walter McCarty,22,NYK,NBA,1996-97,35,0,192,26,68,22,54,4,14,8,14,8,15,23,13,7,9,17,38,64,0.382,0.407,0.286,0.412,0.571,0.431,mccarwa01
Amal McCaskill,23,ORL,NBA,1996-97,17,1,109,10,32,10,30,0,2,8,12,4,18,22,7,3,5,11,7,28,0.313,0.333,0,0.313,0.667,0.376,mccasam01
George McCloud,29,TOT,NBA,1996-97,64,28,1493,238,578,139,324,99,254,83,101,36,143,179,109,61,8,61,126,658,0.412,0.429,0.39,0.497,0.822,0.529,mccloge01
Xavier McDaniel,33,NJN,NBA,1996-97,62,5,1170,138,355,133,330,5,25,65,89,124,194,318,65,36,17,70,144,346,0.389,0.403,0.2,0.396,0.73,0.439,mcdanxa01
Antonio McDyess,22,DEN,NBA,1996-97,74,73,2565,536,1157,530,1122,6,35,274,387,155,382,537,106,62,126,199,276,1352,0.463,0.472,0.171,0.466,0.708,0.509,mcdyean01
Jim McIlvaine,24,SEA,NBA,1996-97,82,79,1477,130,276,129,269,1,7,53,107,132,198,330,23,39,164,62,247,314,0.471,0.48,0.143,0.473,0.495,0.486,mcilvji01
Jeff McInnis,22,DEN,NBA,1996-97,13,0,117,23,49,11,23,12,26,7,10,2,4,6,18,2,1,13,16,65,0.469,0.478,0.462,0.592,0.7,0.609,mcinnje01
Derrick McKey,30,IND,NBA,1996-97,50,49,1449,148,379,133,321,15,58,89,123,80,161,241,135,47,30,83,141,400,0.391,0.414,0.259,0.41,0.724,0.462,mckeyde01
Aaron McKie,24,TOT,NBA,1996-97,83,11,1625,150,365,109,262,41,103,92,110,40,181,221,161,77,22,90,130,433,0.411,0.416,0.398,0.467,0.836,0.524,mckieaa01
Nate McMillan,32,SEA,NBA,1996-97,37,2,798,61,149,33,65,28,84,19,29,15,103,118,140,58,6,32,78,169,0.409,0.508,0.333,0.503,0.655,0.522,mcmilna01
Loren Meyer,24,TOT,NBA,1996-97,54,33,708,108,244,104,237,4,7,46,64,53,92,145,19,11,15,62,125,266,0.443,0.439,0.571,0.451,0.719,0.489,meyerlo01
Anthony Miller,25,ATL,NBA,1996-97,1,0,14,0,5,0,5,0,0,0,0,2,5,7,0,0,0,0,2,0,0,0,,0,,0,millean01
Oliver Miller,26,TOT,NBA,1996-97,61,8,1152,123,238,123,236,0,2,48,79,105,201,306,87,47,63,90,181,294,0.517,0.521,0,0.517,0.608,0.539,milleol01
Reggie Miller,31,IND,NBA,1996-97,81,81,2966,552,1244,323,708,229,536,418,475,53,233,286,273,75,25,166,172,1751,0.444,0.456,0.427,0.536,0.88,0.603,millere01
Chris Mills,27,CLE,NBA,1996-97,80,79,3167,405,894,319,674,86,220,176,209,118,379,497,198,86,41,120,222,1072,0.453,0.473,0.391,0.501,0.842,0.544,millsch01
Terry Mills,29,DET,NBA,1996-97,79,5,1997,312,702,137,287,175,415,58,70,68,309,377,99,35,27,85,161,857,0.444,0.477,0.422,0.569,0.829,0.585,millste01
Greg Minor,25,BOS,NBA,1996-97,23,15,547,94,196,93,188,1,8,31,36,30,50,80,34,15,2,22,45,220,0.48,0.495,0.125,0.482,0.861,0.519,minorgr01
Sam Mitchell,33,MIN,NBA,1996-97,82,5,2044,269,603,265,578,4,25,224,295,112,214,326,79,51,20,93,232,766,0.446,0.458,0.16,0.449,0.759,0.523,mitchsa01
Eric Mobley,26,VAN,NBA,1996-97,28,8,307,28,63,28,63,0,0,16,30,30,28,58,14,5,10,29,44,72,0.444,0.444,,0.444,0.533,0.472,mobleer01
Eric Montross,25,TOT,NBA,1996-97,78,77,1828,159,349,159,349,0,0,21,62,181,337,518,61,20,73,77,268,339,0.456,0.456,,0.456,0.339,0.45,montrer01
Tracy Moore,31,HOU,NBA,1996-97,27,1,237,33,85,22,42,11,43,22,31,11,15,26,20,5,0,14,19,99,0.388,0.524,0.256,0.453,0.71,0.502,mooretr01
Chris Morris,31,UTA,NBA,1996-97,73,1,977,122,299,91,186,31,113,39,54,37,125,162,43,29,24,45,121,314,0.408,0.489,0.274,0.46,0.722,0.486,morrich01
Lawrence Moten,24,VAN,NBA,1996-97,67,18,1214,171,441,130,300,41,141,64,99,43,76,119,129,48,24,81,83,447,0.388,0.433,0.291,0.434,0.646,0.461,motenla01
Alonzo Mourning,26,MIA,NBA,1996-97,66,65,2320,473,885,472,876,1,9,363,565,189,467,656,104,56,189,226,272,1310,0.534,0.539,0.111,0.535,0.642,0.578,mournal01
Chris Mullin,33,GSW,NBA,1996-97,79,63,2733,438,792,355,590,83,202,184,213,75,242,317,322,130,33,192,155,1143,0.553,0.602,0.411,0.605,0.864,0.645,mullich01
Eric Murdock,28,DEN,NBA,1996-97,12,0,114,15,33,11,23,4,10,11,12,1,10,11,24,9,2,11,9,45,0.455,0.478,0.4,0.515,0.917,0.588,murdoer01
Gheorghe Muresan,25,WSB,NBA,1996-97,73,69,1849,327,541,327,541,0,0,123,199,141,340,481,29,43,96,117,230,777,0.604,0.604,,0.604,0.618,0.618,muresgh01
Lamond Murray,23,LAC,NBA,1996-97,74,1,1295,181,435,150,344,31,91,156,211,85,148,233,57,53,29,86,113,549,0.416,0.436,0.341,0.452,0.739,0.52,murrala01
Tracy Murray,25,WSB,NBA,1996-97,82,1,1814,288,678,182,378,106,300,135,161,84,169,253,78,69,19,86,150,817,0.425,0.481,0.353,0.503,0.839,0.546,murratr01
Dikembe Mutombo,30,ATL,NBA,1996-97,80,80,2973,380,721,380,721,0,0,306,434,268,661,929,110,49,264,186,249,1066,0.527,0.527,,0.527,0.705,0.584,mutomdi01
Martin Muursepp,22,TOT,NBA,1996-97,42,0,348,54,131,50,107,4,24,44,70,35,32,67,20,12,11,18,58,156,0.412,0.467,0.167,0.427,0.629,0.482,muursma01
Steve Nash,22,PHO,NBA,1996-97,65,2,684,74,175,51,120,23,55,42,51,16,47,63,138,20,0,63,92,213,0.423,0.425,0.418,0.489,0.824,0.539,nashst01
Ruben Nembhard,24,TOT,NBA,1996-97,10,0,113,16,37,16,31,0,6,8,10,3,5,8,17,9,0,8,12,40,0.432,0.516,0,0.432,0.8,0.483,nembhru01
Ivano Newbill,26,ATL,NBA,1996-97,72,2,850,40,91,40,91,0,0,20,52,76,128,204,24,28,15,42,115,100,0.44,0.44,,0.44,0.385,0.439,newbiiv01
Johnny Newman,33,MIL,NBA,1996-97,82,4,2060,246,547,212,449,34,98,189,247,66,120,186,116,73,17,115,257,715,0.45,0.472,0.347,0.481,0.765,0.545,newmajo01
Gaylon Nickerson,27,TOT,NBA,1996-97,4,0,42,4,12,4,10,0,2,7,7,1,4,5,1,1,1,1,1,15,0.333,0.4,0,0.333,1,0.497,nickega01
Ken Norman,32,ATL,NBA,1996-97,17,0,220,27,94,21,56,6,38,4,12,8,31,39,12,7,3,18,17,64,0.287,0.375,0.158,0.319,0.333,0.322,normake01
Moochie Norris,23,VAN,NBA,1996-97,8,0,89,4,22,2,12,2,10,2,5,3,9,12,23,4,0,5,5,12,0.182,0.167,0.2,0.227,0.4,0.248,norrimo01
Ed O'Bannon,24,TOT,NBA,1996-97,64,5,809,93,279,75,209,18,70,31,35,50,98,148,39,29,12,20,97,235,0.333,0.359,0.257,0.366,0.886,0.399,obanned01
Jermaine O'Neal,18,POR,NBA,1996-97,45,0,458,69,153,69,152,0,1,47,78,39,85,124,8,2,26,27,46,185,0.451,0.454,0,0.451,0.603,0.494,onealje01
Shaquille O'Neal,24,LAL,NBA,1996-97,51,51,1941,552,991,552,987,0,4,232,479,195,445,640,159,46,147,146,180,1336,0.557,0.559,0,0.557,0.484,0.556,onealsh01
Charles Oakley,33,NYK,NBA,1996-97,80,80,2873,339,694,334,675,5,19,181,224,246,535,781,221,111,21,171,305,864,0.488,0.495,0.263,0.492,0.808,0.545,oaklech01
Hakeem Olajuwon,34,HOU,NBA,1996-97,78,78,2852,727,1426,722,1410,5,16,351,446,173,543,716,236,117,173,281,249,1810,0.51,0.512,0.313,0.512,0.787,0.558,olajuha01
Jimmy Oliver,27,TOR,NBA,1996-97,4,0,43,4,13,3,7,1,6,2,2,1,4,5,1,2,0,3,2,11,0.308,0.429,0.167,0.346,1,0.396,oliveji01
Greg Ostertag,23,UTA,NBA,1996-97,77,70,1818,210,408,210,404,0,4,139,205,180,385,565,27,24,152,74,233,559,0.515,0.52,0,0.515,0.678,0.561,ostergr01
Bo Outlaw,25,LAC,NBA,1996-97,82,25,2195,254,417,254,409,0,8,117,232,174,280,454,157,94,142,107,227,625,0.609,0.621,0,0.609,0.504,0.602,outlabo01
Doug Overton,27,PHI,NBA,1996-97,61,4,634,81,190,71,150,10,40,45,48,18,50,68,101,24,0,39,44,217,0.426,0.473,0.25,0.453,0.938,0.514,overtdo01
Billy Owens,27,SAC,NBA,1996-97,66,56,1995,299,640,274,568,25,72,101,145,134,258,392,187,62,25,133,187,724,0.467,0.482,0.347,0.487,0.697,0.514,owensbi01
Ray Owes,24,GSW,NBA,1996-97,57,1,592,75,180,74,175,1,5,26,46,64,99,163,15,15,20,23,86,177,0.417,0.423,0.2,0.419,0.565,0.442,owesra01
Robert Pack,27,TOT,NBA,1996-97,54,42,1782,272,693,241,581,31,112,196,243,28,118,146,452,94,6,217,139,771,0.392,0.415,0.277,0.415,0.807,0.482,packro01
Robert Parish,43,CHI,NBA,1996-97,43,3,406,70,143,70,143,0,0,21,31,42,47,89,22,6,19,28,40,161,0.49,0.49,,0.49,0.677,0.514,parisro01
Cherokee Parks,24,MIN,NBA,1996-97,76,0,961,103,202,103,201,0,1,46,76,83,112,195,34,41,48,32,150,252,0.51,0.512,0,0.51,0.605,0.535,parksch02
Gary Payton,28,SEA,NBA,1996-97,82,82,3213,706,1482,587,1102,119,380,254,355,106,272,378,583,197,13,215,208,1785,0.476,0.533,0.313,0.517,0.715,0.545,paytoga01
Anthony Peeler,27,VAN,NBA,1996-97,72,57,2291,402,1011,274,668,128,343,109,133,54,193,247,256,105,17,157,168,1041,0.398,0.41,0.373,0.461,0.82,0.487,peelean01
Will Perdue,31,SAS,NBA,1996-97,65,34,1918,233,410,233,410,0,0,99,171,251,387,638,38,32,102,87,184,565,0.568,0.568,,0.568,0.579,0.582,perduwi01
Sam Perkins,35,SEA,NBA,1996-97,81,4,1976,290,661,168,352,122,309,187,229,74,226,300,103,69,49,77,134,889,0.439,0.477,0.395,0.531,0.817,0.584,perkisa01
Elliot Perry,27,MIL,NBA,1996-97,82,3,1595,217,458,168,321,49,137,79,106,24,100,124,247,98,3,111,117,562,0.474,0.523,0.358,0.527,0.745,0.557,perryel01
Wesley Person,25,PHO,NBA,1996-97,80,42,2326,409,903,238,489,171,414,91,114,68,224,292,123,86,20,76,102,1080,0.453,0.487,0.413,0.548,0.798,0.567,persowe01
Bobby Phills,27,CLE,NBA,1996-97,69,65,2375,328,766,243,550,85,216,125,174,63,182,245,233,113,21,135,174,866,0.428,0.442,0.394,0.484,0.718,0.514,phillbo01
Eric Piatkowski,26,LAC,NBA,1996-97,65,0,747,134,298,83,178,51,120,69,84,49,56,105,52,33,10,46,85,388,0.45,0.466,0.425,0.535,0.821,0.579,piatker01
Ricky Pierce,37,TOT,NBA,1996-97,60,27,1250,239,497,197,402,42,95,139,155,36,85,121,80,28,9,68,97,659,0.481,0.49,0.442,0.523,0.897,0.583,piercri01
Ed Pinckney,33,MIA,NBA,1996-97,27,0,273,23,43,23,43,0,0,20,25,25,40,65,6,8,9,19,30,66,0.535,0.535,,0.535,0.8,0.611,pincked01
Scottie Pippen,31,CHI,NBA,1996-97,82,82,3095,648,1366,492,942,156,424,204,291,160,371,531,467,154,45,214,213,1656,0.474,0.522,0.368,0.531,0.701,0.554,pippesc01
Olden Polynice,32,SAC,NBA,1996-97,82,82,2893,442,967,442,961,0,6,141,251,272,500,772,178,46,80,166,298,1025,0.457,0.46,0,0.457,0.562,0.476,polynol01
Terry Porter,33,MIN,NBA,1996-97,82,20,1568,187,449,120,249,67,200,127,166,31,145,176,295,54,11,128,104,568,0.416,0.482,0.335,0.491,0.765,0.544,portete01
Vitaly Potapenko,21,CLE,NBA,1996-97,80,3,1238,186,423,185,421,1,2,92,125,105,112,217,40,26,34,109,216,465,0.44,0.439,0.5,0.441,0.736,0.486,potapvi01
Brent Price,28,HOU,NBA,1996-97,25,0,390,44,105,27,52,17,53,21,21,10,19,29,65,17,0,32,34,126,0.419,0.519,0.321,0.5,1,0.551,pricebr01
Mark Price,32,GSW,NBA,1996-97,70,49,1876,263,589,151,306,112,283,155,171,36,143,179,342,67,3,161,100,793,0.447,0.493,0.396,0.542,0.906,0.597,pricema01
Dino Radja,29,BOS,NBA,1996-97,25,25,874,149,339,149,338,0,1,51,71,44,167,211,48,23,48,70,76,349,0.44,0.441,0,0.44,0.718,0.471,radjadi01
Theo Ratliff,23,DET,NBA,1996-97,76,38,1292,179,337,179,337,0,0,81,116,109,147,256,13,29,111,56,181,439,0.531,0.531,,0.531,0.698,0.566,ratlith01
Eldridge Recasner,29,ATL,NBA,1996-97,71,4,1207,148,350,90,210,58,140,51,58,35,80,115,94,38,4,65,97,405,0.423,0.429,0.414,0.506,0.879,0.539,recasel01
Bryant Reeves,23,VAN,NBA,1996-97,75,75,2777,498,1025,497,1014,1,11,216,307,174,436,610,160,29,67,175,270,1213,0.486,0.49,0.091,0.486,0.704,0.523,reevebr01
Khalid Reeves,24,TOT,NBA,1996-97,63,30,1432,184,470,101,243,83,227,65,87,34,85,119,226,34,9,108,159,516,0.391,0.416,0.366,0.48,0.747,0.508,reevekh01
Don Reid,23,DET,NBA,1996-97,47,14,462,54,112,54,111,0,1,24,32,36,65,101,14,16,15,23,105,132,0.482,0.486,0,0.482,0.75,0.523,reiddo01
Shawn Respert,24,TOT,NBA,1996-97,41,0,495,59,139,39,82,20,57,34,39,14,25,39,40,20,2,30,40,172,0.424,0.476,0.351,0.496,0.872,0.551,respesh01
Glen Rice,29,CHH,NBA,1996-97,79,78,3362,722,1513,515,1073,207,440,464,535,67,251,318,160,72,26,177,190,2115,0.477,0.48,0.47,0.546,0.867,0.605,ricegl01
Pooh Richardson,30,LAC,NBA,1996-97,59,18,1065,131,344,89,216,42,128,26,43,25,73,98,169,54,5,62,82,330,0.381,0.412,0.328,0.442,0.605,0.455,richapo01
Mitch Richmond,31,SAC,NBA,1996-97,81,81,3125,717,1578,513,1101,204,477,457,531,59,260,319,338,118,24,237,211,2095,0.454,0.466,0.428,0.519,0.861,0.578,richmmi01
Isaiah Rider,25,POR,NBA,1996-97,76,68,2563,456,983,357,726,99,257,212,261,94,210,304,198,45,19,212,199,1223,0.464,0.492,0.385,0.514,0.812,0.557,rideris01
Fred Roberts,36,DAL,NBA,1996-97,12,0,40,6,15,6,15,0,0,10,14,2,8,10,0,0,1,5,2,22,0.4,0.4,,0.4,0.714,0.52,roberfr01
Stanley Roberts,26,LAC,NBA,1996-97,18,2,378,63,148,63,148,0,0,45,64,24,67,91,9,8,23,23,57,171,0.426,0.426,,0.426,0.703,0.485,roberst01
Chris Robinson,22,VAN,NBA,1996-97,41,6,681,69,182,35,93,34,89,16,26,23,48,71,65,28,9,34,85,188,0.379,0.376,0.382,0.473,0.615,0.486,robinch01
Clifford Robinson,30,POR,NBA,1996-97,81,79,3077,444,1043,323,693,121,350,215,309,90,231,321,261,99,66,172,251,1224,0.426,0.466,0.346,0.484,0.696,0.519,robincl02
David Robinson,31,SAS,NBA,1996-97,6,6,147,36,72,36,72,0,0,34,52,19,32,51,8,6,6,8,9,106,0.5,0.5,,0.5,0.654,0.559,robinda01
Glenn Robinson,24,MIL,NBA,1996-97,80,79,3114,669,1438,606,1258,63,180,288,364,130,372,502,248,103,68,269,225,1689,0.465,0.482,0.35,0.487,0.791,0.528,robingl01
James Robinson,26,MIN,NBA,1996-97,69,5,1309,196,482,94,215,102,267,78,114,24,88,112,126,30,8,69,125,572,0.407,0.437,0.382,0.512,0.684,0.537,robinja02
Rumeal Robinson,30,TOT,NBA,1996-97,54,3,508,66,164,48,108,18,56,26,35,6,41,47,73,24,2,43,60,176,0.402,0.444,0.321,0.457,0.743,0.491,robinru01
Dennis Rodman,35,CHI,NBA,1996-97,55,54,1947,128,286,123,267,5,19,50,88,320,563,883,170,32,19,111,172,311,0.448,0.461,0.263,0.456,0.568,0.479,rodmade01
Lou Roe,24,GSW,NBA,1996-97,17,0,107,14,48,11,37,3,11,9,19,7,7,14,6,3,1,11,10,40,0.292,0.297,0.273,0.323,0.474,0.355,roelo01
Carlos Rogers,25,TOR,NBA,1996-97,56,3,1397,212,404,187,338,25,66,102,170,120,184,304,37,42,69,53,140,551,0.525,0.553,0.379,0.556,0.6,0.575,rogerca01
Rodney Rogers,25,LAC,NBA,1996-97,81,62,2480,408,884,343,704,65,180,191,288,137,274,411,222,88,61,221,272,1072,0.462,0.487,0.361,0.498,0.663,0.53,rogerro01
Roy Rogers,23,VAN,NBA,1996-97,82,50,1848,244,483,243,482,1,1,54,94,139,247,386,46,21,163,86,214,543,0.505,0.504,1,0.506,0.574,0.518,rogerro02
Sean Rooks,27,LAL,NBA,1996-97,69,3,735,87,185,87,184,0,1,91,130,56,107,163,42,17,38,51,123,265,0.47,0.473,0,0.47,0.7,0.547,rooksse01
Jalen Rose,24,IND,NBA,1996-97,66,6,1188,172,377,151,305,21,72,117,156,27,94,121,155,57,18,107,136,482,0.456,0.495,0.292,0.484,0.75,0.541,roseja01
Malik Rose,22,CHH,NBA,1996-97,54,1,525,61,128,61,126,0,2,38,62,70,94,164,32,28,17,41,114,160,0.477,0.484,0,0.477,0.613,0.515,rosema01
Donald Royal,30,TOT,NBA,1996-97,62,4,858,62,146,62,144,0,2,94,117,52,102,154,25,23,11,47,100,218,0.425,0.431,0,0.425,0.803,0.552,royaldo01
Clifford Rozier,24,TOT,NBA,1996-97,42,29,737,79,174,79,172,0,2,31,61,102,132,234,31,24,44,29,97,189,0.454,0.459,0,0.454,0.508,0.471,roziecl01
Bryon Russell,26,UTA,NBA,1996-97,81,81,2525,297,620,189,356,108,264,171,244,79,252,331,123,129,27,94,237,873,0.479,0.531,0.409,0.566,0.701,0.6,russebr01
Arvydas Sabonis,32,POR,NBA,1996-97,69,68,1762,328,658,279,526,49,132,223,287,114,433,547,146,63,84,151,203,928,0.498,0.53,0.371,0.536,0.777,0.592,sabonar01
Kevin Salvadori,26,SAC,NBA,1996-97,23,0,154,12,33,12,33,0,0,13,18,6,19,25,10,2,13,12,17,37,0.364,0.364,,0.364,0.722,0.452,salvake01
Jason Sasser,23,TOT,NBA,1996-97,8,0,69,9,23,8,20,1,3,0,0,1,7,8,2,3,0,2,11,19,0.391,0.4,0.333,0.413,,0.413,sasseja01
Danny Schayes,37,ORL,NBA,1996-97,45,6,540,47,120,47,119,0,1,39,52,41,84,125,14,15,16,27,74,133,0.392,0.395,0,0.392,0.75,0.465,schayda01
Steve Scheffler,29,SEA,NBA,1996-97,7,0,29,6,7,6,7,0,0,1,2,1,2,3,0,0,0,5,5,13,0.857,0.857,,0.857,0.5,0.825,schefst01
Dwayne Schintzius,28,LAC,NBA,1996-97,15,0,116,13,36,12,34,1,2,7,8,9,13,22,4,1,9,7,22,34,0.361,0.353,0.5,0.375,0.875,0.43,schindw01
Detlef Schrempf,34,SEA,NBA,1996-97,61,60,2192,356,724,299,563,57,161,253,316,87,307,394,266,63,16,150,151,1022,0.492,0.531,0.354,0.531,0.801,0.592,schrede01
Brent Scott,25,IND,NBA,1996-97,16,0,55,8,17,8,17,0,0,3,6,3,6,9,3,1,1,4,14,19,0.471,0.471,,0.471,0.5,0.484,scottbr01
Byron Scott,35,LAL,NBA,1996-97,79,8,1440,163,379,90,191,73,188,127,151,21,97,118,99,46,16,53,72,526,0.43,0.471,0.388,0.526,0.841,0.59,scottby01
Dennis Scott,28,ORL,NBA,1996-97,66,62,2166,298,749,151,376,147,373,80,101,40,163,203,139,74,19,81,138,823,0.398,0.402,0.394,0.496,0.792,0.519,scottde01
James Scott,24,MIA,NBA,1996-97,8,0,32,0,8,0,4,0,4,1,2,1,5,6,3,2,0,2,5,1,0,0,0,0,0.5,0.056,scottja01
Shawnelle Scott,24,CLE,NBA,1996-97,16,0,50,8,16,8,16,0,0,4,11,8,8,16,0,0,3,0,6,20,0.5,0.5,,0.5,0.364,0.48,scottsh01
Malik Sealy,26,LAC,NBA,1996-97,80,79,2456,373,942,294,720,79,222,254,290,59,179,238,165,124,45,154,185,1079,0.396,0.408,0.356,0.438,0.876,0.504,sealyma01
Rony Seikaly,31,ORL,NBA,1996-97,74,68,2615,460,907,460,904,0,3,357,500,274,427,701,92,49,107,218,275,1277,0.507,0.509,0,0.507,0.714,0.567,seikaro01
Brian Shaw,30,ORL,NBA,1996-97,77,31,1867,189,516,126,322,63,194,111,140,47,147,194,319,67,26,170,197,552,0.366,0.391,0.325,0.427,0.793,0.478,shawbr01
Lionel Simmons,28,SAC,NBA,1996-97,41,0,521,45,136,38,106,7,30,42,48,30,74,104,57,8,13,34,63,139,0.331,0.358,0.233,0.357,0.875,0.442,simmoli01
Dickey Simpkins,24,CHI,NBA,1996-97,48,0,395,31,93,30,89,1,4,28,40,36,56,92,31,5,5,35,44,91,0.333,0.337,0.25,0.339,0.7,0.411,simpkdi01
Reggie Slater,26,TOR,NBA,1996-97,26,0,406,82,149,82,147,0,2,39,75,40,55,95,21,9,6,29,34,203,0.55,0.558,0,0.55,0.52,0.558,slatere01
Charles Smith,31,SAS,NBA,1996-97,19,7,329,34,84,34,83,0,1,20,26,18,47,65,14,13,22,22,44,88,0.405,0.41,0,0.405,0.769,0.461,smithch01
Joe Smith,21,GSW,NBA,1996-97,80,80,3086,587,1293,575,1247,12,46,307,377,261,418,679,125,74,86,192,244,1493,0.454,0.461,0.261,0.459,0.814,0.512,smithjo02
Kenny Smith,31,TOT,NBA,1996-97,48,3,765,101,239,42,104,59,135,39,45,4,40,44,116,19,0,71,30,300,0.423,0.404,0.437,0.546,0.867,0.58,smithke01
Michael Smith,24,SAC,NBA,1996-97,81,52,2526,202,375,202,375,0,0,128,258,257,512,769,191,82,60,130,251,532,0.539,0.539,,0.539,0.496,0.545,smithmi02
Steve Smith,27,ATL,NBA,1996-97,72,72,2818,491,1145,361,757,130,388,333,393,90,148,238,305,62,23,176,173,1445,0.429,0.477,0.335,0.486,0.847,0.548,smithst01
Stevin Smith,25,DAL,NBA,1996-97,8,0,60,6,18,5,12,1,6,1,1,2,8,10,4,1,0,4,9,14,0.333,0.417,0.167,0.361,1,0.38,smithst02
Tony Smith,28,CHH,NBA,1996-97,69,39,1291,138,337,106,238,32,99,38,59,38,56,94,150,48,19,73,110,346,0.409,0.445,0.323,0.457,0.644,0.477,smithto02
Rik Smits,30,IND,NBA,1996-97,52,52,1518,356,733,354,725,2,8,173,217,105,256,361,67,22,59,126,175,887,0.486,0.488,0.25,0.487,0.797,0.535,smitsri01
Eric Snow,23,SEA,NBA,1996-97,67,0,775,74,164,70,149,4,15,47,66,17,53,70,159,37,3,48,94,199,0.451,0.47,0.267,0.463,0.712,0.515,snower01
Elmore Spencer,27,SEA,NBA,1996-97,1,0,5,0,1,0,1,0,0,0,0,0,0,0,0,1,0,1,0,0,0,0,,0,,0,spencel01
Felton Spencer,29,TOT,NBA,1996-97,73,65,1558,139,284,139,284,0,0,94,161,157,259,416,22,34,50,88,275,372,0.489,0.489,,0.489,0.584,0.524,spencfe01
Latrell Sprewell,26,GSW,NBA,1996-97,80,79,3353,649,1444,502,1029,147,415,493,585,58,308,366,507,132,45,322,153,1938,0.449,0.488,0.354,0.5,0.843,0.57,sprewla01
Jerry Stackhouse,22,PHI,NBA,1996-97,81,81,3166,533,1308,431,966,102,342,511,667,156,182,338,253,93,63,316,219,1679,0.407,0.446,0.298,0.446,0.766,0.524,stackje01
John Starks,31,NYK,NBA,1996-97,77,1,2042,369,856,219,449,150,407,173,225,36,169,205,217,90,11,158,196,1061,0.431,0.488,0.369,0.519,0.769,0.555,starkjo01
Matt Steigenga,26,CHI,NBA,1996-97,2,0,12,1,4,1,2,0,2,1,2,0,3,3,2,1,1,2,1,3,0.25,0.5,0,0.25,0.5,0.307,steigma01
Joe Stephens,24,HOU,NBA,1996-97,2,0,9,1,5,0,2,1,3,0,0,2,1,3,0,3,0,3,3,3,0.2,0,0.333,0.3,,0.3,stephjo01
Larry Stewart,28,SEA,NBA,1996-97,70,21,982,112,252,103,215,9,37,67,93,75,96,171,52,31,23,63,108,300,0.444,0.479,0.243,0.462,0.72,0.512,stewala01
Bryant Stith,26,DEN,NBA,1996-97,52,52,1788,251,603,181,421,70,182,202,234,74,143,217,133,60,20,101,119,774,0.416,0.43,0.385,0.474,0.863,0.548,stithbr01
John Stockton,34,UTA,NBA,1996-97,82,82,2896,416,759,340,579,76,180,275,325,45,183,228,860,166,15,248,194,1183,0.548,0.587,0.422,0.598,0.846,0.656,stockjo01
Damon Stoudamire,23,TOR,NBA,1996-97,81,81,3311,564,1407,388,911,176,496,330,401,86,244,330,709,123,13,288,162,1634,0.401,0.426,0.355,0.463,0.823,0.516,stoudda01
Erick Strickland,23,DAL,NBA,1996-97,28,15,759,102,256,74,164,28,92,65,80,21,69,90,68,27,5,66,75,297,0.398,0.451,0.304,0.453,0.813,0.51,stricer01
Mark Strickland,26,MIA,NBA,1996-97,31,0,153,25,60,25,59,0,1,12,21,16,21,37,1,4,10,15,17,62,0.417,0.424,0,0.417,0.571,0.448,stricma01
Rod Strickland,30,WSB,NBA,1996-97,82,81,2997,515,1105,502,1028,13,77,367,497,95,240,335,727,143,14,270,166,1410,0.466,0.488,0.169,0.472,0.738,0.533,stricro02
Derek Strong,28,ORL,NBA,1996-97,82,21,2004,262,586,262,573,0,13,175,218,174,345,519,73,47,20,102,196,699,0.447,0.457,0,0.447,0.803,0.513,stronde01
Bob Sura,23,CLE,NBA,1996-97,82,23,2269,253,587,200,423,53,164,196,319,76,232,308,390,90,33,181,218,755,0.431,0.473,0.323,0.476,0.614,0.519,surabo01
Brett Szabo,28,BOS,NBA,1996-97,70,24,662,54,121,54,120,0,1,45,61,56,109,165,17,16,32,41,119,153,0.446,0.45,0,0.446,0.738,0.517,szabobr01
Zan Tabak,26,TOR,NBA,1996-97,13,4,218,32,71,32,71,0,0,20,29,20,29,49,14,6,11,21,35,84,0.451,0.451,,0.451,0.69,0.501,tabakza01
Carl Thomas,27,CLE,NBA,1996-97,19,0,77,9,24,7,12,2,12,1,1,3,10,13,8,2,1,6,7,21,0.375,0.583,0.167,0.417,1,0.43,thomaca01
Kurt Thomas,24,MIA,NBA,1996-97,18,9,374,39,105,39,104,0,1,35,46,31,76,107,9,12,9,25,67,113,0.371,0.375,0,0.371,0.761,0.451,thomaku01
Brooks Thompson,26,TOT,NBA,1996-97,67,6,1055,162,406,65,162,97,244,24,38,18,78,96,180,55,2,87,126,445,0.399,0.401,0.398,0.518,0.632,0.526,thompbr01
LaSalle Thompson,35,TOT,NBA,1996-97,26,0,140,3,19,3,19,0,0,4,6,7,27,34,2,3,6,9,33,10,0.158,0.158,,0.158,0.667,0.231,thompla01
Otis Thorpe,34,DET,NBA,1996-97,79,79,2661,419,787,419,785,0,2,198,303,226,396,622,133,59,17,145,298,1036,0.532,0.534,0,0.532,0.653,0.563,thorpot01
Sedale Threatt,35,HOU,NBA,1996-97,21,0,334,28,74,20,54,8,20,6,8,5,19,24,40,15,3,13,29,70,0.378,0.37,0.4,0.432,0.75,0.451,threase01
Wayman Tisdale,32,PHO,NBA,1996-97,53,15,778,158,371,158,371,0,0,30,48,35,85,120,20,8,21,36,111,346,0.426,0.426,,0.426,0.625,0.441,tisdawa01
Keith Tower,26,MIL,NBA,1996-97,5,1,72,3,8,3,8,0,0,1,8,2,7,9,1,2,1,2,12,7,0.375,0.375,,0.375,0.125,0.304,towerke01
Gary Trent,22,POR,NBA,1996-97,82,28,1918,361,674,361,663,0,11,160,229,156,272,428,87,48,35,129,186,882,0.536,0.544,0,0.536,0.699,0.569,trentga01
Nick Van Exel,25,LAL,NBA,1996-97,79,79,2937,432,1075,255,607,177,468,165,200,44,182,226,672,75,10,212,110,1206,0.402,0.42,0.378,0.484,0.825,0.518,vanexni01
David Vaughn,23,ORL,NBA,1996-97,35,6,298,31,72,31,72,0,0,19,30,35,60,95,7,8,15,29,43,81,0.431,0.431,,0.431,0.633,0.475,vaughda02
Loy Vaught,28,LAC,NBA,1996-97,82,82,2838,542,1084,540,1072,2,12,134,191,222,595,817,110,85,25,137,241,1220,0.5,0.504,0.167,0.501,0.702,0.522,vaughlo01
Stojko Vrankovic,33,MIN,NBA,1996-97,53,35,766,78,139,78,139,0,0,25,37,57,111,168,14,10,67,52,121,181,0.561,0.561,,0.561,0.676,0.583,vrankst01
Antoine Walker,20,BOS,NBA,1996-97,82,68,2970,576,1354,524,1195,52,159,231,366,288,453,741,262,105,53,230,271,1435,0.425,0.438,0.327,0.445,0.631,0.474,walkean02
Samaki Walker,20,DAL,NBA,1996-97,43,12,602,83,187,83,186,0,1,48,74,47,100,147,17,15,22,39,71,214,0.444,0.446,0,0.444,0.649,0.487,walkesa01
Ben Wallace,22,WSB,NBA,1996-97,34,0,197,16,46,16,46,0,0,6,20,25,33,58,2,8,11,18,27,38,0.348,0.348,,0.348,0.3,0.347,wallabe01
John Wallace,22,NYK,NBA,1996-97,68,6,787,122,236,120,232,2,4,79,110,51,104,155,37,21,25,76,102,325,0.517,0.517,0.5,0.521,0.718,0.571,wallajo01
Rasheed Wallace,22,POR,NBA,1996-97,62,56,1892,380,681,371,648,9,33,169,265,122,297,419,74,48,59,114,198,938,0.558,0.573,0.273,0.565,0.638,0.588,wallara01
Rex Walters,26,PHI,NBA,1996-97,59,16,1041,148,325,91,177,57,148,49,62,21,86,107,113,28,3,61,75,402,0.455,0.514,0.385,0.543,0.79,0.571,waltere01
Charlie Ward,26,NYK,NBA,1996-97,79,21,1763,133,337,85,183,48,154,95,125,45,175,220,326,83,15,147,188,409,0.395,0.464,0.312,0.466,0.76,0.522,wardch01
Jamie Watson,24,TOT,NBA,1996-97,23,6,340,31,72,27,60,4,12,12,16,18,29,47,33,22,4,24,34,78,0.431,0.45,0.333,0.458,0.75,0.493,watsoja01
Clarence Weatherspoon,26,PHI,NBA,1996-97,82,82,2949,398,811,397,805,1,6,206,279,219,460,679,140,74,86,137,187,1003,0.491,0.493,0.167,0.491,0.738,0.537,weathcl01
Chris Webber,23,WSB,NBA,1996-97,72,72,2806,604,1167,544,1016,60,151,177,313,238,505,743,331,122,137,230,258,1445,0.518,0.535,0.397,0.543,0.565,0.554,webbech01
Bill Wennington,33,CHI,NBA,1996-97,61,19,783,118,237,118,235,0,2,44,53,46,83,129,41,10,11,31,132,280,0.498,0.502,0,0.498,0.83,0.538,wennibi01
Robert Werdann,26,NJN,NBA,1996-97,6,0,31,3,7,3,7,0,0,3,3,3,3,6,0,2,1,2,10,9,0.429,0.429,,0.429,1,0.541,werdaro01
David Wesley,26,BOS,NBA,1996-97,74,73,2991,456,974,353,688,103,286,225,288,67,197,264,537,162,13,211,221,1240,0.468,0.513,0.36,0.521,0.781,0.563,wesleda01
Doug West,29,MIN,NBA,1996-97,68,66,1920,226,484,211,439,15,45,64,94,37,111,148,113,61,24,66,218,531,0.467,0.481,0.333,0.482,0.681,0.505,westdo01
Mark West,36,CLE,NBA,1996-97,70,43,959,100,180,100,180,0,0,27,56,69,117,186,19,11,55,52,142,227,0.556,0.556,,0.556,0.482,0.555,westma01
Ennis Whatley,34,POR,NBA,1996-97,3,0,22,2,4,2,4,0,0,0,0,0,3,3,3,0,0,1,5,4,0.5,0.5,,0.5,,0.5,whatlen01
Donald Whiteside,27,TOR,NBA,1996-97,27,1,259,18,55,6,19,12,36,11,15,2,10,12,36,11,0,17,23,59,0.327,0.316,0.333,0.436,0.733,0.479,whitedo01
Chris Whitney,25,WSB,NBA,1996-97,82,1,1117,139,330,81,167,58,163,94,113,13,91,104,182,49,4,68,100,430,0.421,0.485,0.356,0.509,0.832,0.566,whitnch01
Dominique Wilkins,37,SAS,NBA,1996-97,63,26,1945,397,953,327,714,70,239,281,350,169,233,402,119,39,31,135,100,1145,0.417,0.458,0.293,0.453,0.803,0.517,wilkido01
Gerald Wilkins,33,ORL,NBA,1996-97,80,26,2202,323,759,257,556,66,203,136,190,59,114,173,173,54,12,123,144,848,0.426,0.462,0.325,0.469,0.716,0.503,wilkige01
Aaron Williams,25,TOT,NBA,1996-97,33,1,563,85,148,85,147,0,1,33,49,62,81,143,15,16,29,32,72,203,0.574,0.578,0,0.574,0.673,0.599,williaa01
Buck Williams,36,NYK,NBA,1996-97,74,4,1496,175,326,175,325,0,1,115,179,166,231,397,53,40,38,79,204,465,0.537,0.538,0,0.537,0.642,0.574,willibu01
Eric Williams,24,BOS,NBA,1996-97,72,67,2435,374,820,372,812,2,8,328,436,126,203,329,129,72,13,139,213,1078,0.456,0.458,0.25,0.457,0.752,0.533,willier01
Herb Williams,38,NYK,NBA,1996-97,21,2,184,18,46,18,45,0,1,3,4,9,22,31,5,4,5,5,18,39,0.391,0.4,0,0.391,0.75,0.408,willihe01
Hot Rod Williams,34,PHO,NBA,1996-97,68,66,2137,204,416,204,414,0,2,133,198,178,384,562,100,67,88,66,176,541,0.49,0.493,0,0.49,0.672,0.538,williho01
Jayson Williams,28,NJN,NBA,1996-97,41,40,1432,221,540,221,536,0,4,108,183,242,311,553,51,24,36,82,158,550,0.409,0.412,0,0.409,0.59,0.443,willija01
Jerome Williams,23,DET,NBA,1996-97,33,0,177,20,51,20,51,0,0,9,17,22,28,50,7,13,1,13,18,49,0.392,0.392,,0.392,0.529,0.419,willije01
Lorenzo Williams,27,WSB,NBA,1996-97,19,0,264,20,31,20,31,0,0,5,7,28,41,69,4,6,8,18,49,45,0.645,0.645,,0.645,0.714,0.66,willilo01
Monty Williams,25,SAS,NBA,1996-97,65,26,1345,234,460,234,459,0,1,120,186,98,108,206,91,55,52,116,161,588,0.509,0.51,0,0.509,0.645,0.543,willimo01
Reggie Williams,32,TOT,NBA,1996-97,13,0,200,29,76,20,42,9,34,9,12,5,26,31,10,8,4,12,33,76,0.382,0.476,0.265,0.441,0.75,0.468,willire01
Scott Williams,28,PHI,NBA,1996-97,62,52,1317,162,318,162,316,0,2,38,55,155,242,397,41,44,41,50,206,362,0.509,0.513,0,0.509,0.691,0.529,willisc01
Walt Williams,26,TOR,NBA,1996-97,73,73,2647,419,982,244,545,175,437,186,243,103,264,367,197,97,62,174,282,1199,0.427,0.448,0.4,0.516,0.765,0.551,williwa02
Corliss Williamson,23,SAC,NBA,1996-97,79,31,1992,371,745,371,742,0,3,173,251,139,187,326,124,60,49,157,263,915,0.498,0.5,0,0.498,0.689,0.535,willico02
Kevin Willis,34,HOU,NBA,1996-97,75,32,1964,350,728,348,714,2,14,140,202,146,415,561,71,42,32,119,216,842,0.481,0.487,0.143,0.482,0.693,0.515,willike02
David Wingate,33,SEA,NBA,1996-97,65,2,929,89,214,64,143,25,71,33,40,23,51,74,80,44,5,37,108,236,0.416,0.448,0.352,0.474,0.825,0.509,wingada01
Dontonio Wingfield,22,POR,NBA,1996-97,47,0,569,79,193,53,116,26,77,27,40,63,74,137,45,14,6,49,101,211,0.409,0.457,0.338,0.477,0.675,0.501,wingfdo01
Joe Wolf,32,MIL,NBA,1996-97,56,7,525,40,89,39,82,1,7,14,19,32,80,112,20,14,11,14,105,95,0.449,0.476,0.143,0.455,0.737,0.488,wolfjo01
David Wood,32,MIL,NBA,1996-97,46,0,240,20,38,15,23,5,15,12,18,5,22,27,13,7,6,6,36,57,0.526,0.652,0.333,0.592,0.667,0.621,woodda01
Haywoode Workman,31,IND,NBA,1996-97,4,2,81,11,20,11,17,0,3,0,1,4,3,7,11,3,0,5,10,22,0.55,0.647,0,0.55,0,0.538,workmha01
Lorenzen Wright,21,LAC,NBA,1996-97,77,51,1936,236,491,235,487,1,4,88,150,206,265,471,49,48,60,79,211,561,0.481,0.483,0.25,0.482,0.587,0.504,wrighlo02
Sharone Wright,24,TOR,NBA,1996-97,60,28,1009,161,403,161,402,0,1,68,133,79,107,186,28,15,50,93,146,390,0.4,0.4,0,0.4,0.511,0.423,wrighsh01
George Zidek,23,TOT,NBA,1996-97,52,2,376,49,118,49,116,0,2,45,57,35,51,86,14,5,3,27,61,143,0.415,0.422,0,0.415,0.789,0.5,zidekge01
Mahmoud Abdul-Rauf,28,SAC,NBA,1997-98,31,0,530,103,273,98,242,5,31,16,16,6,31,37,58,16,1,19,31,227,0.377,0.405,0.161,0.386,1,0.405,abdulma02
Tariq Abdul-Wahad,23,SAC,NBA,1997-98,59,16,959,144,357,140,338,4,19,84,125,44,72,116,51,35,13,65,81,376,0.403,0.414,0.211,0.409,0.672,0.456,abdulta01
Shareef Abdur-Rahim,21,VAN,NBA,1997-98,82,82,2950,653,1347,632,1296,21,51,502,640,227,354,581,213,89,76,257,201,1829,0.485,0.488,0.412,0.493,0.784,0.562,abdursh01
Cory Alexander,24,TOT,NBA,1997-98,60,22,1298,171,400,105,224,66,176,80,102,17,129,146,209,70,11,112,98,488,0.428,0.469,0.375,0.51,0.784,0.548,alexaco01
Ray Allen,22,MIL,NBA,1997-98,82,82,3287,563,1315,429,947,134,368,342,391,127,278,405,356,111,12,263,244,1602,0.428,0.453,0.364,0.479,0.875,0.539,allenra02
Derek Anderson,23,CLE,NBA,1997-98,66,13,1839,239,586,222,502,17,84,275,315,55,132,187,227,86,13,128,136,770,0.408,0.442,0.202,0.422,0.873,0.531,anderde01
Greg Anderson,33,ATL,NBA,1997-98,50,0,398,36,81,36,76,0,5,16,41,39,79,118,15,19,10,17,85,88,0.444,0.474,0,0.444,0.39,0.444,andergr01
Kenny Anderson,27,TOT,NBA,1997-98,61,56,1858,268,674,211,514,57,160,153,194,39,134,173,345,87,1,143,135,746,0.398,0.411,0.356,0.44,0.789,0.491,anderke01
Nick Anderson,30,ORL,NBA,1997-98,58,44,1701,343,754,266,540,77,214,127,199,98,199,297,119,72,23,85,98,890,0.455,0.493,0.36,0.506,0.638,0.529,anderni01
Shandon Anderson,24,UTA,NBA,1997-98,82,2,1602,269,500,262,468,7,32,136,185,86,141,227,89,66,18,91,145,681,0.538,0.56,0.219,0.545,0.735,0.586,andersh01
Chris Anstey,23,DAL,NBA,1997-98,41,8,680,92,231,89,215,3,16,53,74,53,104,157,35,31,27,41,95,240,0.398,0.414,0.188,0.405,0.716,0.455,anstech01
Greg Anthony,30,SEA,NBA,1997-98,80,0,1021,150,349,84,190,66,159,53,80,18,93,111,205,64,3,91,97,419,0.43,0.442,0.415,0.524,0.663,0.545,anthogr01
B.J. Armstrong,30,TOT,NBA,1997-98,66,0,831,105,213,96,178,9,35,42,50,16,60,76,150,29,0,42,74,261,0.493,0.539,0.257,0.514,0.84,0.555,armstbj01
Darrell Armstrong,29,ORL,NBA,1997-98,48,17,1236,156,380,131,312,25,68,105,123,65,94,159,236,58,5,112,96,442,0.411,0.42,0.368,0.443,0.854,0.509,armstda01
Vincent Askew,31,POR,NBA,1997-98,30,5,443,19,54,19,52,0,2,28,39,21,47,68,38,19,5,35,39,66,0.352,0.365,0,0.352,0.718,0.464,askewvi01
Keith Askins,30,MIA,NBA,1997-98,46,12,681,39,122,18,48,21,74,12,19,28,73,101,29,27,12,26,107,111,0.32,0.375,0.284,0.406,0.632,0.426,askinke01
Stacey Augmon,29,POR,NBA,1997-98,71,23,1445,154,372,153,365,1,7,94,156,104,131,235,88,57,32,81,144,403,0.414,0.419,0.143,0.415,0.603,0.457,augmost01
Isaac Austin,28,TOT,NBA,1997-98,78,50,2266,406,871,406,863,0,8,243,363,199,358,557,175,61,56,206,231,1055,0.466,0.47,0,0.466,0.669,0.512,austiis01
Vin Baker,26,SEA,NBA,1997-98,82,82,2944,631,1164,630,1157,1,7,311,526,286,370,656,152,91,86,174,278,1574,0.542,0.545,0.143,0.543,0.591,0.564,bakervi01
Charles Barkley,34,HOU,NBA,1997-98,68,41,2243,361,744,343,660,18,84,296,397,241,553,794,217,71,28,147,187,1036,0.485,0.52,0.214,0.497,0.746,0.564,barklch01
Dana Barros,30,BOS,NBA,1997-98,80,15,1686,281,609,181,363,100,246,122,144,28,125,153,286,83,6,107,124,784,0.461,0.499,0.407,0.544,0.847,0.583,barroda01
Brent Barry,26,TOT,NBA,1997-98,58,36,1600,213,506,123,277,90,229,115,134,29,142,171,153,64,27,104,118,631,0.421,0.444,0.393,0.51,0.858,0.558,barrybr01
Drew Barry,24,ATL,NBA,1997-98,27,0,256,18,38,9,17,9,21,11,13,5,30,35,49,10,1,30,28,56,0.474,0.529,0.429,0.592,0.846,0.64,barrydr01
Jon Barry,28,LAL,NBA,1997-98,49,1,374,38,104,20,43,18,61,27,29,8,29,37,51,24,3,22,33,121,0.365,0.465,0.295,0.452,0.931,0.518,barryjo01
Tony Battie,21,DEN,NBA,1997-98,65,49,1506,234,525,231,511,3,14,73,104,138,213,351,60,54,69,98,199,544,0.446,0.452,0.214,0.449,0.702,0.477,battito01
Corey Beck,26,CHH,NBA,1997-98,59,14,738,73,159,71,155,2,4,43,59,27,63,90,98,33,7,70,100,191,0.459,0.458,0.5,0.465,0.729,0.516,beckco01
Benoit Benjamin,33,PHI,NBA,1997-98,14,0,197,22,41,22,41,0,0,19,30,18,35,53,3,4,4,12,26,63,0.537,0.537,,0.537,0.633,0.581,benjabe01
Mario Bennett,24,LAL,NBA,1997-98,45,4,354,80,135,79,133,1,2,16,44,60,66,126,18,19,11,21,61,177,0.593,0.594,0.5,0.596,0.364,0.573,bennema01
David Benoit,29,TOT,NBA,1997-98,77,0,1123,152,408,97,238,55,170,61,74,60,143,203,25,35,20,52,157,420,0.373,0.408,0.324,0.44,0.824,0.477,benoida01
Travis Best,25,IND,NBA,1997-98,82,0,1547,201,480,180,410,21,70,112,131,28,94,122,281,85,5,111,193,535,0.419,0.439,0.3,0.441,0.855,0.498,besttr01
Chauncey Billups,21,TOT,NBA,1997-98,80,70,2216,280,749,173,424,107,325,226,266,62,128,190,314,107,4,174,172,893,0.374,0.408,0.329,0.445,0.85,0.516,billuch01
Mookie Blaylock,30,ATL,NBA,1997-98,70,69,2700,368,938,278,604,90,334,95,134,81,260,341,469,183,21,176,122,921,0.392,0.46,0.269,0.44,0.709,0.462,blaylmo01
Corie Blount,29,LAL,NBA,1997-98,70,3,1029,107,187,107,183,0,4,39,78,114,184,298,37,29,25,51,157,253,0.572,0.585,0,0.572,0.5,0.572,blounco01
Muggsy Bogues,33,TOT,NBA,1997-98,61,31,1570,141,323,137,307,4,16,61,68,30,102,132,331,67,3,105,58,347,0.437,0.446,0.25,0.443,0.897,0.492,boguemu01
Etdrick Bohannon,24,IND,NBA,1997-98,5,0,11,0,4,0,4,0,0,0,0,2,4,6,1,0,2,3,3,0,0,0,,0,,0,bohanet01
Keith Booth,23,CHI,NBA,1997-98,6,0,17,2,6,2,5,0,1,6,6,2,2,4,1,0,0,3,3,10,0.333,0.4,0,0.333,1,0.579,boothke01
Bruce Bowen,26,BOS,NBA,1997-98,61,9,1305,122,298,102,239,20,59,76,122,79,95,174,81,87,29,52,174,340,0.409,0.427,0.339,0.443,0.623,0.483,bowenbr01
Anthony Bowie,34,NYK,NBA,1997-98,27,3,224,32,59,29,55,3,4,8,9,9,17,26,11,6,2,7,25,75,0.542,0.527,0.75,0.568,0.889,0.596,bowiean01
Shawn Bradley,25,DAL,NBA,1997-98,64,46,1822,300,711,299,708,1,3,130,180,164,354,518,60,51,214,96,214,731,0.422,0.422,0.333,0.423,0.722,0.463,bradlsh01
Terrell Brandon,27,MIL,NBA,1997-98,50,48,1784,339,731,308,638,31,93,132,156,23,153,176,387,111,17,145,120,841,0.464,0.483,0.333,0.485,0.846,0.526,brandte01
Tim Breaux,27,MIL,NBA,1997-98,6,0,30,4,11,3,8,1,3,1,2,0,2,2,2,2,1,1,1,10,0.364,0.375,0.333,0.409,0.5,0.421,breauti01
Scott Brooks,32,CLE,NBA,1997-98,43,0,312,28,66,23,55,5,11,18,20,6,24,30,49,18,3,12,25,79,0.424,0.418,0.455,0.462,0.9,0.528,brooksc01
Chucky Brown,29,ATL,NBA,1997-98,77,8,1202,161,372,159,364,2,8,63,87,57,126,183,55,23,13,51,100,387,0.433,0.437,0.25,0.435,0.724,0.472,brownch01
Dee Brown,29,TOT,NBA,1997-98,72,12,1719,246,562,138,291,108,271,58,71,24,128,152,154,82,23,73,123,658,0.438,0.474,0.399,0.534,0.817,0.555,brownde01
P.J. Brown,28,MIA,NBA,1997-98,74,74,2362,278,590,278,590,0,0,151,197,235,400,635,103,66,98,97,264,707,0.471,0.471,,0.471,0.766,0.522,brownpj01
Randy Brown,29,CHI,NBA,1997-98,71,6,1147,116,302,116,297,0,5,56,78,34,60,94,151,71,12,63,118,288,0.384,0.391,0,0.384,0.718,0.428,brownra02
Rick Brunson,25,POR,NBA,1997-98,38,10,622,49,141,27,80,22,61,42,62,14,42,56,100,25,3,52,55,162,0.348,0.338,0.361,0.426,0.677,0.481,brunsri01
Kobe Bryant,19,LAL,NBA,1997-98,79,1,2056,391,913,316,693,75,220,363,457,79,163,242,199,74,40,157,180,1220,0.428,0.456,0.341,0.469,0.794,0.548,bryanko01
Mark Bryant,32,PHO,NBA,1997-98,70,22,1110,109,225,109,224,0,1,73,95,92,152,244,46,36,15,58,180,291,0.484,0.487,0,0.484,0.768,0.545,bryanma01
Jud Buechler,29,CHI,NBA,1997-98,74,0,608,85,176,60,111,25,65,3,6,24,53,77,49,22,15,21,47,198,0.483,0.541,0.385,0.554,0.5,0.554,buechju01
Matt Bullard,30,HOU,NBA,1997-98,67,24,1190,175,389,79,158,96,231,20,27,25,121,146,60,31,24,39,104,466,0.45,0.5,0.416,0.573,0.741,0.581,bullama01
Scott Burrell,27,CHI,NBA,1997-98,80,3,1096,159,375,108,231,51,144,47,64,80,118,198,65,64,37,50,131,416,0.424,0.468,0.354,0.492,0.734,0.516,burresc01
Willie Burton,29,SAS,NBA,1997-98,13,0,43,8,21,5,12,3,9,8,12,3,6,9,1,2,2,1,7,27,0.381,0.417,0.333,0.452,0.667,0.514,burtowi01
Mitchell Butler,27,CLE,NBA,1997-98,18,0,206,15,47,14,41,1,6,6,10,6,16,22,18,8,0,8,26,37,0.319,0.341,0.167,0.33,0.6,0.36,butlemi02
Jason Caffey,24,TOT,NBA,1997-98,80,14,1423,226,466,226,464,0,2,131,200,160,184,344,67,25,20,105,181,583,0.485,0.487,0,0.485,0.655,0.526,caffeja01
Michael Cage,36,NJN,NBA,1997-98,79,17,1201,43,84,43,83,0,1,20,36,115,193,308,32,45,44,23,105,106,0.512,0.518,0,0.512,0.556,0.531,cagemi01
Adrian Caldwell,31,DAL,NBA,1997-98,1,0,3,0,0,0,0,0,0,0,0,0,0,0,0,0,0,0,0,0,,,,,,,caldwad01
Marcus Camby,23,TOR,NBA,1997-98,63,58,2002,308,747,308,745,0,2,149,244,203,263,466,111,68,230,134,200,765,0.412,0.413,0,0.412,0.611,0.448,cambyma01
Elden Campbell,29,LAL,NBA,1997-98,81,28,1784,289,624,288,622,1,2,237,342,143,312,455,78,35,102,115,209,816,0.463,0.463,0.5,0.464,0.693,0.527,campbel01
Antoine Carr,36,UTA,NBA,1997-98,66,8,1086,151,325,151,325,0,0,76,98,42,89,131,48,11,53,48,195,378,0.465,0.465,,0.465,0.776,0.513,carran01
Chris Carr,23,MIN,NBA,1997-98,51,40,1165,190,452,150,325,40,127,84,99,43,112,155,85,17,11,69,129,504,0.42,0.462,0.315,0.465,0.848,0.509,carrch01
Sam Cassell,28,NJN,NBA,1997-98,75,72,2606,510,1156,495,1076,15,80,436,507,73,155,228,603,121,20,269,262,1471,0.441,0.46,0.188,0.448,0.86,0.533,cassesa01
Kelvin Cato,23,POR,NBA,1997-98,74,8,1007,98,229,98,226,0,3,86,125,91,161,252,23,29,94,44,164,282,0.428,0.434,0,0.428,0.688,0.496,catoke01
Duane Causwell,29,MIA,NBA,1997-98,37,2,363,37,89,37,89,0,0,15,26,29,70,99,5,7,27,18,73,89,0.416,0.416,,0.416,0.577,0.443,causwdu01
Cedric Ceballos,28,TOT,NBA,1997-98,47,25,990,204,415,183,345,21,70,107,145,75,146,221,60,33,16,72,88,536,0.492,0.53,0.3,0.517,0.738,0.56,cebalce01
Tom Chambers,38,PHI,NBA,1997-98,1,0,10,2,2,2,2,0,0,2,2,0,2,2,0,2,0,1,2,6,1,1,,1,1,1.042,chambto01
Rex Chapman,30,PHO,NBA,1997-98,68,67,2263,408,956,288,645,120,311,146,187,30,143,173,203,71,14,116,102,1082,0.427,0.447,0.386,0.49,0.781,0.521,chapmre01
Calbert Cheaney,26,WAS,NBA,1997-98,82,82,2841,448,981,433,928,15,53,139,215,82,242,324,173,96,36,104,264,1050,0.457,0.467,0.283,0.464,0.647,0.488,cheanca01
Pete Chilcutt,29,VAN,NBA,1997-98,82,0,1420,156,359,102,229,54,130,39,59,77,229,306,104,53,37,62,158,405,0.435,0.445,0.415,0.51,0.661,0.526,chilcpe01
Chris Childs,30,NYK,NBA,1997-98,68,0,1599,149,354,122,267,27,87,104,126,29,133,162,268,56,6,103,179,429,0.421,0.457,0.31,0.459,0.825,0.524,childch01
Doug Christie,27,TOR,NBA,1997-98,78,78,2939,458,1071,358,764,100,307,271,327,94,310,404,282,190,57,228,198,1287,0.428,0.469,0.326,0.474,0.829,0.53,chrisdo01
Keith Closs,21,LAC,NBA,1997-98,58,1,740,93,207,93,207,0,0,46,77,63,105,168,19,12,81,38,73,232,0.449,0.449,,0.449,0.597,0.482,closske01
Derrick Coleman,30,PHI,NBA,1997-98,59,58,2135,356,867,330,769,26,98,302,391,149,438,587,145,46,68,157,144,1040,0.411,0.429,0.265,0.426,0.772,0.5,colemde01
Bimbo Coles,29,GSW,NBA,1997-98,53,44,1471,166,438,153,381,13,57,78,88,17,106,123,248,51,13,89,135,423,0.379,0.402,0.228,0.394,0.886,0.444,colesbi01
James Collins,24,LAC,NBA,1997-98,23,0,103,21,55,12,35,9,20,8,14,7,7,14,3,6,3,8,12,59,0.382,0.343,0.45,0.464,0.571,0.482,collija01
Marty Conlon,30,MIA,NBA,1997-98,18,0,209,28,62,28,62,0,0,32,44,16,30,46,12,9,5,11,27,88,0.452,0.452,,0.452,0.727,0.541,conloma01
Tyrone Corbin,35,ATL,NBA,1997-98,79,79,2699,328,747,279,606,49,141,101,128,78,284,362,173,105,7,86,197,806,0.439,0.46,0.348,0.472,0.789,0.502,corbity01
James Cotton,22,SEA,NBA,1997-98,9,0,33,8,21,8,17,0,4,8,9,2,4,6,0,1,1,6,3,24,0.381,0.471,0,0.381,0.889,0.481,cottoja02
Chris Crawford,22,ATL,NBA,1997-98,40,0,256,46,110,45,107,1,3,57,68,20,21,41,9,12,7,18,27,150,0.418,0.421,0.333,0.423,0.838,0.536,crawfch01
Austin Croshere,22,IND,NBA,1997-98,26,0,243,32,86,28,73,4,13,8,14,10,35,45,8,9,5,13,32,76,0.372,0.384,0.308,0.395,0.571,0.412,croshau01
John Crotty,28,POR,NBA,1997-98,26,2,379,29,90,23,70,6,20,32,34,4,28,32,63,10,1,42,28,96,0.322,0.329,0.3,0.356,0.941,0.457,crottjo01
Terry Cummings,36,TOT,NBA,1997-98,74,3,1185,200,428,200,427,0,1,67,98,97,186,283,47,38,10,51,181,467,0.467,0.468,0,0.467,0.684,0.496,cummite01
William Cunningham,23,TOT,NBA,1997-98,7,2,39,4,9,4,9,0,0,0,0,4,6,10,1,2,0,0,10,8,0.444,0.444,,0.444,,0.444,cunniwi01
Bill Curley,25,MIN,NBA,1997-98,11,1,146,16,33,16,32,0,1,2,3,11,17,28,4,3,1,3,28,34,0.485,0.5,0,0.485,0.667,0.495,curlebi01
Dell Curry,33,CHH,NBA,1997-98,52,1,971,194,434,133,289,61,145,41,52,26,75,101,69,31,4,54,85,490,0.447,0.46,0.421,0.517,0.788,0.536,curryde01
Michael Curry,29,MIL,NBA,1997-98,82,27,1978,196,418,192,409,4,9,147,176,26,72,98,137,56,14,77,218,543,0.469,0.469,0.444,0.474,0.835,0.548,currymi01
Erick Dampier,22,GSW,NBA,1997-98,82,82,2656,352,791,352,789,0,2,267,399,272,443,715,94,39,139,175,281,971,0.445,0.446,0,0.445,0.669,0.502,dampier01
Antonio Daniels,22,VAN,NBA,1997-98,74,50,1956,228,548,217,496,11,52,112,170,22,121,143,334,55,10,164,88,579,0.416,0.438,0.212,0.426,0.659,0.465,daniean01
Lloyd Daniels,30,TOR,NBA,1997-98,6,0,82,12,29,10,20,2,9,8,10,4,3,7,4,3,2,4,4,34,0.414,0.5,0.222,0.448,0.8,0.509,daniell01
Yinka Dare,25,NJN,NBA,1997-98,10,0,60,4,18,4,18,0,0,4,8,10,7,17,1,0,2,2,9,12,0.222,0.222,,0.222,0.5,0.279,dareyi01
Antonio Davis,29,IND,NBA,1997-98,82,12,2191,254,528,254,525,0,3,277,398,192,368,560,61,45,72,103,234,785,0.481,0.484,0,0.481,0.696,0.558,davisan01
Ben Davis,25,NYK,NBA,1997-98,7,0,13,2,10,2,10,0,0,0,0,6,0,6,0,1,0,0,3,4,0.2,0.2,,0.2,,0.2,davisbe01
Dale Davis,28,IND,NBA,1997-98,78,78,2174,273,498,273,498,0,0,80,172,233,378,611,70,51,87,73,209,626,0.548,0.548,,0.548,0.465,0.546,davisda01
Emanual Davis,29,HOU,NBA,1997-98,45,0,599,63,142,36,70,27,72,31,37,10,37,47,59,17,3,52,55,184,0.444,0.514,0.375,0.539,0.838,0.581,davisem01
Hubert Davis,27,DAL,NBA,1997-98,81,30,2378,350,767,249,537,101,230,97,116,34,135,169,157,43,5,88,117,898,0.456,0.464,0.439,0.522,0.836,0.549,davishu01
Mark Davis,24,PHI,NBA,1997-98,71,12,906,109,244,109,238,0,6,64,101,64,94,158,73,49,18,91,95,282,0.447,0.458,0,0.447,0.634,0.489,davisma02
Terry Davis,30,WAS,NBA,1997-98,74,66,1705,127,256,127,255,0,1,69,119,209,271,480,30,41,24,56,193,323,0.496,0.498,0,0.496,0.58,0.524,daviste01
Todd Day,28,MIA,NBA,1997-98,5,0,69,11,31,9,19,2,12,6,9,4,2,6,7,7,0,3,10,30,0.355,0.474,0.167,0.387,0.667,0.429,dayto01
Andrew DeClercq,24,BOS,NBA,1997-98,81,49,1523,169,340,169,339,0,1,101,168,180,212,392,59,85,49,84,277,439,0.497,0.499,0,0.497,0.601,0.53,declean01
Terry Dehere,26,SAC,NBA,1997-98,77,18,1410,180,451,130,319,50,132,79,99,21,85,106,196,52,4,96,150,489,0.399,0.408,0.379,0.455,0.798,0.494,deherte01
Vinny Del Negro,31,SAS,NBA,1997-98,54,38,1721,211,479,194,440,17,39,74,93,13,139,152,183,39,6,53,113,513,0.441,0.441,0.436,0.458,0.796,0.493,delnevi01
Bison Dele,28,DET,NBA,1997-98,78,78,2619,531,1040,530,1037,1,3,198,280,223,472,695,94,67,55,181,252,1261,0.511,0.511,0.333,0.511,0.707,0.542,delebi01
Tony Delk,24,TOT,NBA,1997-98,77,9,1681,314,798,272,641,42,157,111,151,38,134,172,172,73,12,109,96,781,0.393,0.424,0.268,0.42,0.735,0.452,delkto01
Vlade Divac,29,CHH,NBA,1997-98,64,41,1805,267,536,264,522,3,14,130,188,183,335,518,172,83,94,114,179,667,0.498,0.506,0.214,0.501,0.691,0.539,divacvl01
Sherman Douglas,31,NJN,NBA,1997-98,80,11,1699,255,515,241,469,14,46,115,172,52,83,135,319,55,7,110,156,639,0.495,0.514,0.304,0.509,0.669,0.541,douglsh01
Clyde Drexler,35,HOU,NBA,1997-98,70,70,2473,452,1059,346,725,106,334,277,346,105,241,346,382,126,42,189,193,1287,0.427,0.477,0.317,0.477,0.801,0.531,drexlcl01
Chris Dudley,32,NYK,NBA,1997-98,51,22,858,58,143,58,143,0,0,41,92,108,167,275,21,13,51,44,139,157,0.406,0.406,,0.406,0.446,0.428,dudlech02
Joe Dumars,34,DET,NBA,1997-98,72,72,2326,329,791,171,365,158,426,127,154,14,90,104,253,44,2,84,99,943,0.416,0.468,0.371,0.516,0.825,0.549,dumarjo01
Tony Dumas,25,CLE,NBA,1997-98,7,0,47,6,12,4,8,2,4,0,3,1,4,5,5,0,0,5,5,14,0.5,0.5,0.5,0.583,0,0.526,dumasto01
Tim Duncan,21,SAS,NBA,1997-98,82,82,3204,706,1287,706,1277,0,10,319,482,274,703,977,224,55,206,279,254,1731,0.549,0.553,0,0.549,0.662,0.577,duncati01
Ledell Eackles,31,WAS,NBA,1997-98,42,0,547,75,175,59,129,16,46,52,59,25,50,75,16,17,0,29,43,218,0.429,0.457,0.348,0.474,0.881,0.542,eacklle01
Tyus Edney,24,BOS,NBA,1997-98,52,7,623,93,216,90,206,3,10,88,111,20,35,55,139,51,1,66,69,277,0.431,0.437,0.3,0.438,0.793,0.523,edneyty01
Blue Edwards,32,VAN,NBA,1997-98,81,20,1968,326,742,286,622,40,120,180,215,61,156,217,201,86,27,134,183,872,0.439,0.46,0.333,0.466,0.837,0.521,edwarbl01
Kevin Edwards,32,TOT,NBA,1997-98,39,5,487,57,165,51,150,6,15,30,35,20,34,54,39,26,1,30,28,150,0.345,0.34,0.4,0.364,0.857,0.416,edwarke01
Howard Eisley,25,UTA,NBA,1997-98,82,18,1726,229,519,181,401,48,118,127,149,25,141,166,346,54,13,160,182,633,0.441,0.451,0.407,0.487,0.852,0.541,eisleho01
Mario Elie,34,HOU,NBA,1997-98,73,59,1988,206,456,151,267,55,189,145,174,39,117,156,221,81,8,100,115,612,0.452,0.566,0.291,0.512,0.833,0.575,eliema01
Sean Elliott,29,SAS,NBA,1997-98,36,36,1012,122,303,88,213,34,90,56,78,16,108,124,62,24,14,57,92,334,0.403,0.413,0.378,0.459,0.718,0.495,elliose01
Dale Ellis,37,SEA,NBA,1997-98,79,0,1939,348,700,221,426,127,274,111,142,51,133,184,89,60,5,74,128,934,0.497,0.519,0.464,0.588,0.782,0.612,ellisda01
Harold Ellis,27,DEN,NBA,1997-98,27,3,344,62,111,62,107,0,4,40,63,27,23,50,18,19,4,19,53,164,0.559,0.579,0,0.559,0.635,0.591,ellisha01
LaPhonso Ellis,27,DEN,NBA,1997-98,76,71,2575,410,1007,353,806,57,201,206,256,146,398,544,213,65,49,173,226,1083,0.407,0.438,0.284,0.435,0.805,0.484,ellisla01
Pervis Ellison,30,BOS,NBA,1997-98,33,8,447,40,70,40,70,0,0,20,34,52,57,109,31,20,31,28,90,100,0.571,0.571,,0.571,0.588,0.589,ellispe01
Brian Evans,24,TOT,NBA,1997-98,72,1,893,123,312,94,225,29,87,46,57,49,88,137,55,29,13,38,101,321,0.394,0.418,0.333,0.441,0.807,0.476,evansbr01
Patrick Ewing,35,NYK,NBA,1997-98,26,26,848,203,403,203,401,0,2,134,186,59,206,265,28,16,58,77,74,540,0.504,0.506,0,0.504,0.72,0.557,ewingpa01
Tony Farmer,28,CHH,NBA,1997-98,27,2,169,17,53,15,44,2,9,31,39,16,16,32,5,10,4,9,23,67,0.321,0.341,0.222,0.34,0.795,0.477,farmeto01
Jamie Feick,23,MIL,NBA,1997-98,45,2,450,39,90,35,77,4,13,20,41,45,79,124,16,25,17,21,67,102,0.433,0.455,0.308,0.456,0.488,0.472,feickja01
Duane Ferrell,32,GSW,NBA,1997-98,50,5,461,41,111,41,105,0,6,12,22,25,22,47,26,21,6,18,50,94,0.369,0.39,0,0.369,0.545,0.389,ferredu01
Danny Ferry,31,CLE,NBA,1997-98,69,3,1034,113,286,80,187,33,99,32,40,23,91,114,59,26,17,53,118,291,0.395,0.428,0.333,0.453,0.8,0.479,ferryda01
Michael Finley,24,DAL,NBA,1997-98,82,82,3394,675,1505,588,1261,87,244,326,416,150,288,438,405,132,30,219,163,1763,0.449,0.466,0.357,0.477,0.784,0.522,finlemi01
Derek Fisher,23,LAL,NBA,1997-98,82,36,1760,164,378,133,297,31,81,115,152,38,155,193,333,75,5,119,126,474,0.434,0.448,0.383,0.475,0.757,0.533,fishede01
Danny Fortson,21,DEN,NBA,1997-98,80,23,1811,276,611,275,608,1,3,263,339,182,266,448,76,44,30,157,314,816,0.452,0.452,0.333,0.453,0.776,0.537,fortsda01
Greg Foster,29,UTA,NBA,1997-98,78,49,1446,186,418,184,409,2,9,67,87,85,188,273,51,15,28,68,187,441,0.445,0.45,0.222,0.447,0.77,0.483,fostegr01
Rick Fox,28,LAL,NBA,1997-98,82,82,2709,363,771,277,506,86,265,171,230,78,280,358,276,100,48,201,309,983,0.471,0.547,0.325,0.527,0.743,0.564,foxri01
Adonal Foyle,22,GSW,NBA,1997-98,55,1,656,69,170,69,169,0,1,27,62,73,111,184,14,13,52,50,94,165,0.406,0.408,0,0.406,0.435,0.418,foylead01
Todd Fuller,23,GSW,NBA,1997-98,57,1,613,86,205,86,201,0,4,55,80,61,135,196,10,6,16,37,89,227,0.42,0.428,0,0.42,0.688,0.473,fulleto02
Lawrence Funderburke,27,SAC,NBA,1997-98,52,1,1094,191,390,190,383,1,7,110,162,80,154,234,63,19,15,62,56,493,0.49,0.496,0.143,0.491,0.679,0.534,fundela01
Chris Garner,22,TOR,NBA,1997-98,38,0,293,23,70,19,56,4,14,3,7,7,17,24,45,21,4,25,50,53,0.329,0.339,0.286,0.357,0.429,0.363,garnech01
Kevin Garnett,21,MIN,NBA,1997-98,82,82,3222,635,1293,632,1277,3,16,245,332,222,564,786,348,139,150,192,224,1518,0.491,0.495,0.188,0.492,0.738,0.527,garneke01
Dean Garrett,31,DEN,NBA,1997-98,82,82,2632,242,565,242,565,0,0,114,176,227,417,644,90,57,133,84,197,598,0.428,0.428,,0.428,0.648,0.465,garrede01
Kiwane Garris,23,DEN,NBA,1997-98,28,0,225,22,65,17,51,5,14,19,25,3,16,19,28,7,1,15,22,68,0.338,0.333,0.357,0.377,0.76,0.447,garriki01
Chris Gatling,30,NJN,NBA,1997-98,57,16,1359,248,545,247,541,1,4,159,265,118,216,334,53,52,29,99,152,656,0.455,0.457,0.25,0.456,0.6,0.496,gatlich01
Reggie Geary,24,SAS,NBA,1997-98,62,2,685,56,169,44,129,12,40,28,56,19,48,67,74,37,12,42,95,152,0.331,0.341,0.3,0.367,0.5,0.392,gearyre01
Matt Geiger,28,CHH,NBA,1997-98,78,42,1839,358,709,357,698,1,11,168,236,196,325,521,78,68,87,111,191,885,0.505,0.511,0.091,0.506,0.712,0.544,geigema01
Kendall Gill,29,NJN,NBA,1997-98,81,81,2733,418,974,392,873,26,101,225,327,112,279,391,200,156,64,124,268,1087,0.429,0.449,0.257,0.443,0.688,0.486,gillke01
Armen Gilliam,33,MIL,NBA,1997-98,82,25,2114,327,676,327,672,0,4,267,333,146,293,439,104,65,37,148,177,921,0.484,0.487,0,0.484,0.802,0.56,gilliar01
Anthony Goldwire,26,DEN,NBA,1997-98,82,32,2212,269,636,206,472,63,164,150,186,40,107,147,277,86,7,85,149,751,0.423,0.436,0.384,0.472,0.806,0.523,goldwan01
Greg Graham,27,CLE,NBA,1997-98,6,0,56,7,12,7,9,0,3,2,2,0,1,1,6,1,0,10,7,16,0.583,0.778,0,0.583,1,0.621,grahagr01
Brian Grant,25,POR,NBA,1997-98,61,49,1921,283,557,283,556,0,1,171,228,197,358,555,86,44,45,110,184,737,0.508,0.509,0,0.508,0.75,0.561,grantbr01
Gary Grant,32,POR,NBA,1997-98,22,2,359,43,93,36,74,7,19,12,14,8,40,48,84,17,2,24,30,105,0.462,0.486,0.368,0.5,0.857,0.529,grantga01
Harvey Grant,32,WAS,NBA,1997-98,65,8,895,75,196,74,190,1,6,19,30,60,108,168,39,23,15,26,94,170,0.383,0.389,0.167,0.385,0.633,0.406,grantha01
Horace Grant,32,ORL,NBA,1997-98,76,76,2803,393,857,393,850,0,7,135,199,228,390,618,172,81,79,88,180,921,0.459,0.462,0,0.459,0.678,0.488,grantho01
Ed Gray,22,ATL,NBA,1997-98,30,3,472,77,202,59,156,18,46,55,65,9,36,45,34,15,11,30,73,227,0.381,0.378,0.391,0.426,0.846,0.492,grayed01
Jeff Grayer,32,TOT,NBA,1997-98,5,0,34,4,11,2,5,2,6,0,0,0,4,4,2,2,0,4,7,10,0.364,0.4,0.333,0.455,,0.455,grayeje01
A.C. Green,34,DAL,NBA,1997-98,82,68,2649,242,534,242,530,0,4,116,162,219,449,668,123,78,27,68,157,600,0.453,0.457,0,0.453,0.716,0.496,greenac01
Litterial Green,27,MIL,NBA,1997-98,21,0,124,5,23,5,21,0,2,15,20,1,6,7,16,4,0,8,11,25,0.217,0.238,0,0.217,0.75,0.393,greenli01
Derek Grimm,23,SAC,NBA,1997-98,9,0,34,4,14,0,2,4,12,2,2,0,4,4,0,3,1,3,6,14,0.286,0,0.333,0.429,1,0.47,grimmde01
Tom Gugliotta,28,MIN,NBA,1997-98,41,41,1582,319,635,317,618,2,17,183,223,106,250,356,167,61,22,109,102,823,0.502,0.513,0.118,0.504,0.821,0.561,guglito01
Jack Haley,34,NJN,NBA,1997-98,16,0,51,5,18,5,17,0,1,12,21,5,10,15,0,0,1,4,9,22,0.278,0.294,0,0.278,0.571,0.404,haleyja01
Darvin Ham,24,WAS,NBA,1997-98,71,3,635,55,104,55,104,0,0,35,74,72,59,131,16,21,25,37,118,145,0.529,0.529,,0.529,0.473,0.531,hamda01
Tom Hammonds,30,MIN,NBA,1997-98,57,2,1140,127,246,127,245,0,1,92,132,100,171,271,36,15,17,48,127,346,0.516,0.518,0,0.516,0.697,0.569,hammoto01
Reggie Hanson,29,BOS,NBA,1997-98,8,0,26,3,6,3,6,0,0,0,0,3,3,6,1,2,1,3,8,6,0.5,0.5,,0.5,,0.5,hansore01
Anfernee Hardaway,26,ORL,NBA,1997-98,19,15,625,103,273,88,223,15,50,90,118,8,68,76,68,28,15,46,45,311,0.377,0.395,0.3,0.405,0.763,0.479,hardaan01
Tim Hardaway,31,MIA,NBA,1997-98,81,81,3031,558,1296,403,854,155,442,257,329,48,251,299,672,136,16,224,200,1528,0.431,0.472,0.351,0.49,0.781,0.53,hardati01
Derek Harper,36,ORL,NBA,1997-98,66,45,1761,226,542,167,378,59,164,55,79,23,80,103,233,72,10,101,140,566,0.417,0.442,0.36,0.471,0.696,0.491,harpede01
Ron Harper,34,CHI,NBA,1997-98,82,82,2284,293,665,277,581,16,84,162,216,107,183,290,241,108,48,91,181,764,0.441,0.477,0.19,0.453,0.75,0.503,harpero01
Othella Harrington,24,HOU,NBA,1997-98,58,3,903,129,266,129,265,0,1,92,122,73,134,207,24,10,27,47,112,350,0.485,0.487,0,0.485,0.754,0.547,harriot01
Lucious Harris,27,NJN,NBA,1997-98,50,0,671,69,177,57,138,12,39,41,55,21,31,52,42,42,5,21,77,191,0.39,0.413,0.308,0.424,0.745,0.475,harrilu01
Hersey Hawkins,31,SEA,NBA,1997-98,82,82,2597,280,636,155,335,125,301,177,204,71,263,334,221,148,17,102,153,862,0.44,0.463,0.415,0.539,0.868,0.594,hawkihe01
Alan Henderson,25,ATL,NBA,1997-98,69,33,2000,365,753,362,747,3,6,253,388,200,242,442,73,42,36,110,175,986,0.485,0.485,0.5,0.487,0.652,0.534,hendeal01
Cedric Henderson,22,CLE,NBA,1997-98,82,71,2527,348,725,348,721,0,4,136,190,71,254,325,168,96,45,165,238,832,0.48,0.483,0,0.48,0.716,0.514,hendece02
Mark Hendrickson,23,SAC,NBA,1997-98,48,1,737,58,149,58,144,0,5,47,57,33,110,143,41,26,9,31,60,163,0.389,0.403,0,0.389,0.825,0.468,hendrma01
Steve Henson,29,DET,NBA,1997-98,23,0,65,13,26,10,18,3,8,7,7,0,2,2,4,1,0,6,9,36,0.5,0.556,0.375,0.558,1,0.619,hensost01
Carl Herrera,31,SAS,NBA,1997-98,58,1,516,76,175,76,174,0,1,18,44,24,67,91,22,19,12,38,71,170,0.434,0.437,0,0.434,0.409,0.437,herreca01
Sean Higgins,29,POR,NBA,1997-98,2,0,12,0,5,0,3,0,2,0,0,0,0,0,0,2,0,1,3,0,0,0,0,0,,0,higgise01
Grant Hill,25,DET,NBA,1997-98,81,81,3294,615,1361,612,1340,3,21,479,647,93,530,623,551,143,53,285,196,1712,0.452,0.457,0.143,0.453,0.74,0.52,hillgr01
Tyrone Hill,29,MIL,NBA,1997-98,57,56,2064,208,418,208,417,0,1,155,255,212,396,608,88,67,30,106,230,571,0.498,0.499,0,0.498,0.608,0.538,hillty01
Fred Hoiberg,25,IND,NBA,1997-98,65,1,874,85,222,53,137,32,85,59,69,14,109,123,45,40,3,22,101,261,0.383,0.387,0.376,0.455,0.855,0.517,hoibefr01
Jerald Honeycutt,23,MIL,NBA,1997-98,38,0,530,90,221,61,144,29,77,36,58,27,66,93,33,20,6,49,83,245,0.407,0.424,0.377,0.473,0.621,0.497,honeyje01
Jeff Hornacek,34,UTA,NBA,1997-98,80,80,2460,399,828,343,701,56,127,285,322,65,205,270,349,109,15,132,175,1139,0.482,0.489,0.441,0.516,0.885,0.587,hornaje01
Robert Horry,27,LAL,NBA,1997-98,72,71,2192,200,420,181,327,19,93,117,169,186,356,542,163,112,94,99,238,536,0.476,0.554,0.204,0.499,0.692,0.542,horryro01
Allan Houston,26,NYK,NBA,1997-98,82,82,2848,571,1277,489,1064,82,213,285,335,43,231,274,212,63,24,200,207,1509,0.447,0.46,0.385,0.479,0.851,0.53,houstal01
Juwan Howard,24,WAS,NBA,1997-98,64,64,2559,463,991,463,989,0,2,258,358,161,288,449,208,82,23,185,225,1184,0.467,0.468,0,0.467,0.721,0.515,howarju01
Stephen Howard,27,SEA,NBA,1997-98,13,0,53,8,21,8,21,0,0,9,18,6,6,12,3,3,1,6,13,25,0.381,0.381,,0.381,0.5,0.432,howarst01
Troy Hudson,21,UTA,NBA,1997-98,8,0,23,6,14,6,11,0,3,0,0,1,1,2,4,2,0,1,1,12,0.429,0.545,0,0.429,,0.429,hudsotr01
Lindsey Hunter,27,DET,NBA,1997-98,71,67,2505,316,826,231,561,85,265,145,196,61,186,247,224,123,10,110,174,862,0.383,0.412,0.321,0.434,0.74,0.472,hunteli01
Bobby Hurley,26,TOT,NBA,1997-98,61,3,875,93,238,88,216,5,22,59,76,12,54,66,177,23,0,86,79,250,0.391,0.407,0.227,0.401,0.776,0.461,hurlebo01
Zydrunas Ilgauskas,22,CLE,NBA,1997-98,82,81,2379,454,876,453,872,1,4,230,302,279,444,723,71,52,135,146,288,1139,0.518,0.519,0.25,0.519,0.762,0.564,ilgauzy01
Allen Iverson,22,PHI,NBA,1997-98,80,80,3150,649,1407,579,1172,70,235,390,535,86,210,296,494,176,25,244,200,1758,0.461,0.494,0.298,0.486,0.729,0.535,iversal01
Bobby Jackson,24,DEN,NBA,1997-98,68,53,2042,310,791,289,710,21,81,149,183,78,224,302,317,105,11,184,160,790,0.392,0.407,0.259,0.405,0.814,0.453,jacksbo01
Jaren Jackson,30,SAS,NBA,1997-98,82,45,2226,258,654,146,357,112,297,94,118,55,155,210,156,60,8,104,222,722,0.394,0.409,0.377,0.48,0.797,0.511,jacksja01
Jim Jackson,27,TOT,NBA,1997-98,79,78,3046,476,1107,415,916,61,191,229,282,130,270,400,381,79,8,263,186,1242,0.43,0.453,0.319,0.458,0.812,0.504,jacksji01
Mark Jackson,32,IND,NBA,1997-98,82,82,2413,249,598,206,461,43,137,137,180,67,255,322,713,84,2,174,132,678,0.416,0.447,0.314,0.452,0.761,0.501,jacksma01
Henry James,32,CLE,NBA,1997-98,28,0,166,24,59,13,34,11,25,21,22,2,13,15,5,1,1,12,24,80,0.407,0.382,0.44,0.5,0.955,0.582,jameshe01
Anthony Johnson,23,SAC,NBA,1997-98,77,62,2266,226,609,184,481,42,128,80,110,51,120,171,329,64,6,120,188,574,0.371,0.383,0.328,0.406,0.727,0.437,johnsan02
Avery Johnson,32,SAS,NBA,1997-98,75,73,2674,321,671,319,658,2,13,122,168,30,120,150,591,84,18,165,140,766,0.478,0.485,0.154,0.48,0.726,0.514,johnsav01
Eddie Johnson,38,HOU,NBA,1997-98,75,1,1490,227,544,161,346,66,198,113,136,50,103,153,88,32,3,62,89,633,0.417,0.465,0.333,0.478,0.831,0.524,johnsed03
Ervin Johnson,30,MIL,NBA,1997-98,81,81,2261,253,471,253,471,0,0,143,238,242,443,685,59,79,158,117,321,649,0.537,0.537,,0.537,0.601,0.564,johnser02
Kevin Johnson,31,PHO,NBA,1997-98,50,12,1290,155,347,151,321,4,26,162,186,35,129,164,245,27,8,101,57,476,0.447,0.47,0.154,0.452,0.871,0.555,johnske02
Larry Johnson,28,NYK,NBA,1997-98,70,70,2412,429,884,414,821,15,63,214,283,175,226,401,150,40,13,127,193,1087,0.485,0.504,0.238,0.494,0.756,0.539,johnsla02
Charles Jones,40,HOU,NBA,1997-98,24,0,127,7,10,7,10,0,0,1,2,12,12,24,5,1,6,4,22,15,0.7,0.7,,0.7,0.5,0.689,jonesch01
Dontae' Jones,22,BOS,NBA,1997-98,15,0,91,19,57,13,34,6,23,0,0,3,6,9,5,2,3,11,12,44,0.333,0.382,0.261,0.386,,0.386,jonesdo01
Eddie Jones,26,LAL,NBA,1997-98,80,80,2910,486,1005,343,637,143,368,234,306,85,217,302,246,160,55,146,164,1349,0.484,0.538,0.389,0.555,0.765,0.592,jonesed02
Popeye Jones,27,TOR,NBA,1997-98,14,4,352,52,127,50,124,2,3,14,19,50,52,102,18,10,3,16,39,120,0.409,0.403,0.667,0.417,0.737,0.443,jonespo01
Michael Jordan,34,CHI,NBA,1997-98,82,82,3181,881,1893,851,1767,30,126,565,721,130,345,475,283,141,45,185,151,2357,0.465,0.482,0.238,0.473,0.784,0.533,jordami01
Reggie Jordan,30,MIN,NBA,1997-98,57,1,487,54,113,54,112,0,1,41,72,57,40,97,50,35,9,30,63,149,0.478,0.482,0,0.478,0.569,0.515,jordare01
Adam Keefe,27,UTA,NBA,1997-98,80,75,2047,229,424,229,424,0,0,162,200,179,259,438,89,52,24,71,172,620,0.54,0.54,,0.54,0.81,0.605,keefead01
Shawn Kemp,28,CLE,NBA,1997-98,80,80,2769,518,1164,516,1156,2,8,404,556,219,526,745,197,108,90,271,310,1442,0.445,0.446,0.25,0.446,0.727,0.512,kempsh01
Tim Kempton,34,TOT,NBA,1997-98,8,0,47,2,9,2,9,0,0,0,0,4,2,6,3,1,2,4,10,4,0.222,0.222,,0.222,,0.222,kemptti01
Steve Kerr,32,CHI,NBA,1997-98,50,0,1119,137,302,80,172,57,130,45,49,14,63,77,96,26,5,27,71,376,0.454,0.465,0.438,0.548,0.918,0.581,kerrst01
Jerome Kersey,35,SEA,NBA,1997-98,37,2,717,97,233,96,223,1,10,39,65,56,79,135,44,52,14,36,104,234,0.416,0.43,0.1,0.418,0.6,0.447,kerseje01
Jason Kidd,24,PHO,NBA,1997-98,82,82,3118,357,859,284,626,73,233,167,209,108,402,510,745,162,26,261,142,954,0.416,0.454,0.313,0.458,0.799,0.502,kiddja01
Kerry Kittles,23,NJN,NBA,1997-98,77,76,2814,508,1154,398,891,110,263,202,250,132,230,362,176,132,37,106,152,1328,0.44,0.447,0.418,0.488,0.808,0.525,kittlke01
Joe Kleine,36,CHI,NBA,1997-98,46,1,397,39,106,39,106,0,0,15,18,27,50,77,30,4,5,28,63,93,0.368,0.368,,0.368,0.833,0.408,kleinjo01
Brevin Knight,22,CLE,NBA,1997-98,80,76,2483,261,592,261,585,0,7,201,251,67,186,253,656,196,18,194,271,723,0.441,0.446,0,0.441,0.801,0.515,knighbr01
Travis Knight,23,BOS,NBA,1997-98,74,21,1503,193,438,178,383,15,55,81,103,146,219,365,104,54,82,87,253,482,0.441,0.465,0.273,0.458,0.786,0.499,knightr01
Toni Kukoc,29,CHI,NBA,1997-98,74,52,2235,383,841,320,667,63,174,155,219,121,206,327,314,76,37,154,149,984,0.455,0.48,0.362,0.493,0.708,0.525,kukocto01
Christian Laettner,28,ATL,NBA,1997-98,74,49,2282,354,730,348,703,6,27,306,354,142,345,487,190,71,73,183,246,1020,0.485,0.495,0.222,0.489,0.864,0.576,laettch01
Andrew Lang,31,MIL,NBA,1997-98,57,0,692,54,143,54,142,0,1,44,57,56,97,153,16,18,27,33,101,152,0.378,0.38,0,0.378,0.772,0.452,langan01
Antonio Lang,25,MIA,NBA,1997-98,6,0,29,3,5,3,5,0,0,6,8,2,3,5,1,2,0,4,3,12,0.6,0.6,,0.6,0.75,0.704,langan02
Rusty LaRue,24,CHI,NBA,1997-98,14,0,140,20,49,16,33,4,16,5,8,1,7,8,5,3,1,6,12,49,0.408,0.485,0.25,0.449,0.625,0.466,larueru01
Priest Lauderdale,24,DEN,NBA,1997-98,39,0,345,53,127,53,127,0,0,38,69,27,73,100,21,7,17,46,63,144,0.417,0.417,,0.417,0.551,0.458,laudepr01
Jason Lawson,23,ORL,NBA,1997-98,17,0,80,9,15,9,15,0,0,8,10,8,19,27,5,4,4,2,14,26,0.6,0.6,,0.6,0.8,0.67,lawsoja01
Tim Legler,31,WAS,NBA,1997-98,8,0,76,3,19,3,13,0,6,3,4,2,2,4,3,1,0,4,11,9,0.158,0.231,0,0.158,0.75,0.217,legleti01
Voshon Lenard,24,MIA,NBA,1997-98,81,81,2621,363,854,210,476,153,378,141,179,72,220,292,180,58,16,99,219,1020,0.425,0.441,0.405,0.515,0.788,0.547,lenarvo01
Alton Lister,39,POR,NBA,1997-98,7,0,44,3,8,3,8,0,0,0,0,2,9,11,1,1,1,2,12,6,0.375,0.375,,0.375,,0.375,listeal01
Randy Livingston,22,ATL,NBA,1997-98,12,0,82,3,12,3,12,0,0,4,5,1,5,6,5,7,2,6,6,10,0.25,0.25,,0.25,0.8,0.352,livinra01
Horacio Llamas Grey,24,PHO,NBA,1997-98,8,0,42,8,21,7,18,1,3,7,10,4,14,18,1,1,3,9,14,24,0.381,0.389,0.333,0.405,0.7,0.472,llamaho01
Brad Lohaus,33,SAS,NBA,1997-98,9,0,102,7,21,3,7,4,14,1,3,3,9,12,5,1,2,3,10,19,0.333,0.429,0.286,0.429,0.333,0.426,lohaubr01
Grant Long,31,DET,NBA,1997-98,40,17,739,50,117,50,113,0,4,41,57,57,93,150,25,29,12,22,91,141,0.427,0.442,0,0.427,0.719,0.496,longgr01
Luc Longley,29,CHI,NBA,1997-98,58,58,1703,277,609,277,609,0,0,109,148,113,228,341,161,34,62,130,206,663,0.455,0.455,,0.455,0.736,0.492,longllu01
George Lynch,27,VAN,NBA,1997-98,82,0,1493,248,516,239,486,9,30,111,158,147,215,362,122,65,41,104,161,616,0.481,0.492,0.3,0.489,0.703,0.526,lynchge01
Sam Mack,27,VAN,NBA,1997-98,57,54,1414,222,559,112,290,110,269,62,77,30,103,133,101,41,11,69,117,616,0.397,0.386,0.409,0.496,0.805,0.519,macksa01
Don MacLean,28,NJN,NBA,1997-98,9,0,42,1,10,0,8,1,2,0,0,3,2,5,0,0,0,2,7,3,0.1,0,0.5,0.15,,0.15,macledo01
Gerald Madkins,28,GSW,NBA,1997-98,19,0,243,13,34,7,19,6,15,5,7,2,13,15,45,13,1,13,18,37,0.382,0.368,0.4,0.471,0.714,0.499,madkige01
Rick Mahorn,39,DET,NBA,1997-98,59,0,707,59,129,59,129,0,0,23,34,65,130,195,15,14,7,37,123,141,0.457,0.457,,0.457,0.676,0.49,mahorri01
Dan Majerle,32,MIA,NBA,1997-98,72,22,1928,184,439,73,144,111,295,40,51,48,220,268,157,68,15,65,139,519,0.419,0.507,0.376,0.546,0.784,0.562,majerda01
Karl Malone,34,UTA,NBA,1997-98,81,81,3030,780,1472,778,1466,2,6,628,825,189,645,834,316,96,70,247,237,2190,0.53,0.531,0.333,0.531,0.761,0.597,malonka01
Matt Maloney,26,HOU,NBA,1997-98,78,78,2217,239,586,113,240,126,346,65,78,16,126,142,219,62,5,107,99,669,0.408,0.471,0.364,0.515,0.833,0.539,malonma01
Danny Manning,31,PHO,NBA,1997-98,70,11,1794,390,756,390,749,0,7,167,226,110,282,392,139,71,46,100,201,947,0.516,0.521,0,0.516,0.739,0.554,mannida01
Stephon Marbury,20,MIN,NBA,1997-98,82,81,3112,513,1237,418,933,95,304,329,450,58,172,230,704,104,7,256,222,1450,0.415,0.448,0.313,0.453,0.731,0.505,marbust01
Donyell Marshall,24,GSW,NBA,1997-98,73,73,2611,451,1090,388,889,63,201,158,216,210,418,628,159,95,73,147,226,1123,0.414,0.436,0.313,0.443,0.731,0.474,marshdo01
Darrick Martin,26,LAC,NBA,1997-98,82,63,2299,275,730,168,437,107,293,184,217,19,145,164,331,82,10,154,198,841,0.377,0.384,0.365,0.45,0.848,0.509,martida01
Jamal Mashburn,25,MIA,NBA,1997-98,48,48,1729,251,577,214,455,37,122,184,231,72,164,236,132,43,14,108,137,723,0.435,0.47,0.303,0.467,0.797,0.533,mashbja01
Anthony Mason,31,CHH,NBA,1997-98,81,80,3148,389,764,389,760,0,4,261,402,177,649,826,342,68,18,146,182,1039,0.509,0.512,0,0.509,0.649,0.552,masonan01
Tony Massenburg,30,VAN,NBA,1997-98,61,13,894,148,309,148,309,0,0,100,137,80,152,232,21,25,24,60,123,396,0.479,0.479,,0.479,0.73,0.536,masseto01
Vernon Maxwell,32,TOT,NBA,1997-98,42,0,636,103,258,66,146,37,112,48,60,14,43,57,52,16,4,40,71,291,0.399,0.452,0.33,0.471,0.8,0.512,maxweve01
Lee Mayberry,27,VAN,NBA,1997-98,79,32,1835,131,349,68,169,63,180,38,51,19,95,114,349,65,10,113,164,363,0.375,0.402,0.35,0.466,0.745,0.489,maybele01
Bob McCann,33,TOR,NBA,1997-98,1,0,5,0,1,0,1,0,0,0,0,0,1,1,0,0,0,0,1,0,0,0,,0,,0,mccanbo01
Walter McCarty,23,BOS,NBA,1997-98,82,64,2340,295,730,241,555,54,175,144,194,141,223,364,177,110,44,141,274,788,0.404,0.434,0.309,0.441,0.742,0.483,mccarwa01
George McCloud,30,PHO,NBA,1997-98,63,13,1213,173,427,102,219,71,208,39,51,45,173,218,84,54,13,63,132,456,0.405,0.466,0.341,0.488,0.765,0.507,mccloge01
Xavier McDaniel,34,NJN,NBA,1997-98,20,0,180,10,30,10,30,0,0,5,8,12,19,31,9,3,2,8,23,25,0.333,0.333,,0.333,0.625,0.373,mcdanxa01
Michael McDonald,28,CHH,NBA,1997-98,1,0,4,0,0,0,0,0,0,0,0,1,0,1,0,0,0,2,1,0,,,,,,,mcdonmi01
Antonio McDyess,23,PHO,NBA,1997-98,81,81,2441,497,927,497,925,0,2,231,329,206,407,613,106,100,135,142,292,1225,0.536,0.537,0,0.536,0.702,0.571,mcdyean01
Tracy McGrady,18,TOR,NBA,1997-98,64,17,1179,179,398,165,357,14,41,79,111,105,164,269,98,49,61,66,86,451,0.45,0.462,0.341,0.467,0.712,0.505,mcgratr01
Jim McIlvaine,25,SEA,NBA,1997-98,78,72,1211,101,223,101,220,0,3,45,81,96,163,259,19,24,137,54,240,247,0.453,0.459,0,0.453,0.556,0.477,mcilvji01
Derrick McKey,31,IND,NBA,1997-98,57,4,1316,150,327,146,310,4,17,55,77,74,137,211,88,57,30,79,156,359,0.459,0.471,0.235,0.465,0.714,0.497,mckeyde01
Aaron McKie,25,TOT,NBA,1997-98,81,32,1813,139,381,127,318,12,63,42,55,58,173,231,175,101,13,76,164,332,0.365,0.399,0.19,0.381,0.764,0.41,mckieaa01
Nate McMillan,33,SEA,NBA,1997-98,18,1,279,23,67,8,33,15,34,1,1,13,27,40,55,14,4,12,41,62,0.343,0.242,0.441,0.455,1,0.46,mcmilna01
Ron Mercer,21,BOS,NBA,1997-98,80,62,2662,515,1145,512,1117,3,28,188,224,109,171,280,176,125,17,132,213,1221,0.45,0.458,0.107,0.451,0.839,0.491,mercero01
Marko Milic,20,PHO,NBA,1997-98,33,0,163,39,64,36,58,3,6,11,17,10,15,25,12,10,0,21,17,92,0.609,0.621,0.5,0.633,0.647,0.644,milicma01
Anthony Miller,26,ATL,NBA,1997-98,37,0,228,29,52,29,52,0,0,21,39,30,40,70,3,15,3,14,41,79,0.558,0.558,,0.558,0.538,0.571,millean01
Oliver Miller,27,TOR,NBA,1997-98,64,53,1628,170,369,170,365,0,4,61,101,146,254,400,196,58,72,131,184,401,0.461,0.466,0,0.461,0.604,0.485,milleol01
Reggie Miller,32,IND,NBA,1997-98,81,81,2795,516,1081,352,699,164,382,382,440,46,186,232,171,78,11,128,148,1578,0.477,0.504,0.429,0.553,0.868,0.619,millere01
Chris Mills,28,NYK,NBA,1997-98,80,29,2183,292,675,252,538,40,137,152,189,120,288,408,133,45,30,107,218,776,0.433,0.468,0.292,0.462,0.804,0.512,millsch01
Terry Mills,30,MIA,NBA,1997-98,50,0,782,81,206,56,125,25,81,25,33,34,118,152,39,19,9,45,129,212,0.393,0.448,0.309,0.454,0.758,0.481,millste01
Greg Minor,26,BOS,NBA,1997-98,69,16,1126,140,321,134,290,6,31,59,86,55,95,150,88,53,11,43,100,345,0.436,0.462,0.194,0.445,0.686,0.481,minorgr01
Sam Mitchell,34,MIN,NBA,1997-98,81,33,2239,371,800,356,757,15,43,243,292,118,267,385,107,64,22,66,200,1000,0.464,0.47,0.349,0.473,0.832,0.539,mitchsa01
Eric Montross,26,TOT,NBA,1997-98,48,30,691,61,144,61,144,0,0,16,40,69,130,199,11,13,27,29,127,138,0.424,0.424,,0.424,0.4,0.427,montrer01
Chris Morris,32,UTA,NBA,1997-98,54,1,538,85,207,66,145,19,62,44,61,35,79,114,24,25,17,33,61,233,0.411,0.455,0.306,0.457,0.721,0.498,morrich01
Lawrence Moten,25,WAS,NBA,1997-98,8,0,27,3,13,3,12,0,1,3,4,1,0,1,3,0,0,1,6,9,0.231,0.25,0,0.231,0.75,0.305,motenla01
Alonzo Mourning,27,MIA,NBA,1997-98,58,56,1939,403,732,403,732,0,0,309,465,193,365,558,52,40,130,179,208,1115,0.551,0.551,,0.551,0.665,0.595,mournal01
Chris Mullin,34,IND,NBA,1997-98,82,82,2177,333,692,226,449,107,243,154,164,38,211,249,186,95,39,117,186,927,0.481,0.503,0.44,0.559,0.939,0.607,mullich01
Eric Murdock,29,MIA,NBA,1997-98,82,1,1395,177,419,149,328,28,91,125,156,39,117,156,219,103,13,104,173,507,0.422,0.454,0.308,0.456,0.801,0.52,murdoer01
Lamond Murray,24,LAC,NBA,1997-98,79,65,2579,473,984,419,831,54,153,220,294,172,312,484,142,118,54,171,193,1220,0.481,0.504,0.353,0.508,0.748,0.548,murrala01
Tracy Murray,26,WAS,NBA,1997-98,82,12,2227,449,1007,291,604,158,403,182,209,75,202,277,84,67,25,102,167,1238,0.446,0.482,0.392,0.524,0.871,0.563,murratr01
Dikembe Mutombo,31,ATL,NBA,1997-98,82,82,2917,399,743,399,743,0,0,303,452,276,656,932,82,34,277,168,254,1101,0.537,0.537,,0.537,0.67,0.584,mutomdi01
Martin Muursepp,23,DAL,NBA,1997-98,41,7,603,83,191,67,153,16,38,51,67,46,68,114,30,29,14,29,96,233,0.435,0.438,0.421,0.476,0.761,0.528,muursma01
Pete Myers,34,NYK,NBA,1997-98,9,0,40,5,10,5,10,0,0,4,6,5,5,10,3,4,0,4,7,14,0.5,0.5,,0.5,0.667,0.554,myerspe01
Steve Nash,23,PHO,NBA,1997-98,76,9,1664,268,584,187,389,81,195,74,86,32,128,160,262,63,4,98,145,691,0.459,0.481,0.415,0.528,0.86,0.556,nashst01
Ivano Newbill,27,VAN,NBA,1997-98,28,2,249,20,57,19,56,1,1,17,30,24,45,69,9,10,3,17,38,58,0.351,0.339,1,0.36,0.567,0.413,newbiiv01
Johnny Newman,34,DEN,NBA,1997-98,74,15,2176,344,799,308,694,36,105,365,445,50,91,141,138,77,24,147,208,1089,0.431,0.444,0.343,0.453,0.82,0.547,newmajo01
Jeff Nordgaard,24,MIL,NBA,1997-98,13,0,48,5,18,5,18,0,0,8,9,4,10,14,3,2,0,3,7,18,0.278,0.278,,0.278,0.889,0.41,nordgje01
Charles O'Bannon,22,DET,NBA,1997-98,30,0,234,26,69,26,66,0,3,12,15,14,19,33,17,9,1,9,15,64,0.377,0.394,0,0.377,0.8,0.423,obannch01
Jermaine O'Neal,19,POR,NBA,1997-98,60,9,808,112,231,112,229,0,2,45,89,80,121,201,17,15,58,55,101,269,0.485,0.489,0,0.485,0.506,0.498,onealje01
Shaquille O'Neal,25,LAL,NBA,1997-98,60,57,2175,670,1147,670,1147,0,0,359,681,208,473,681,142,39,144,175,193,1699,0.584,0.584,,0.584,0.527,0.587,onealsh01
Charles Oakley,34,NYK,NBA,1997-98,79,79,2734,307,698,307,692,0,6,97,114,218,506,724,201,123,22,126,280,711,0.44,0.444,0,0.44,0.851,0.475,oaklech01
Hakeem Olajuwon,35,HOU,NBA,1997-98,47,45,1633,306,633,306,630,0,3,160,212,116,344,460,143,84,96,126,152,772,0.483,0.486,0,0.483,0.755,0.531,olajuha01
Brian Oliver,29,ATL,NBA,1997-98,5,0,61,7,19,7,19,0,0,1,4,3,6,9,2,1,0,1,4,15,0.368,0.368,,0.368,0.25,0.361,olivebr01
Jimmy Oliver,28,WAS,NBA,1997-98,1,0,10,2,4,1,2,1,2,0,0,0,2,2,1,0,0,0,1,5,0.5,0.5,0.5,0.625,,0.625,oliveji01
Kevin Ollie,25,TOT,NBA,1997-98,35,0,430,37,98,37,97,0,1,49,70,9,30,39,65,13,0,44,31,123,0.378,0.381,0,0.378,0.7,0.477,ollieke01
Greg Ostertag,24,UTA,NBA,1997-98,63,23,1288,115,239,115,239,0,0,67,140,134,240,374,25,28,132,74,166,297,0.481,0.481,,0.481,0.479,0.494,ostergr01
Bo Outlaw,26,ORL,NBA,1997-98,82,76,2953,301,543,300,539,1,4,180,313,255,382,637,216,107,181,175,260,783,0.554,0.557,0.25,0.555,0.575,0.575,outlabo01
Doug Overton,28,PHI,NBA,1997-98,23,2,277,24,63,24,60,0,3,14,16,2,12,14,37,8,1,23,34,62,0.381,0.4,0,0.381,0.875,0.443,overtdo01
Billy Owens,28,SAC,NBA,1997-98,78,78,2348,338,728,312,658,26,70,116,197,170,412,582,219,93,38,153,231,818,0.464,0.474,0.371,0.482,0.589,0.502,owensbi01
Robert Pack,28,DAL,NBA,1997-98,12,10,292,33,98,30,92,3,6,25,36,8,26,34,42,20,1,38,17,94,0.337,0.326,0.5,0.352,0.694,0.413,packro01
Anthony Parker,22,PHI,NBA,1997-98,37,0,196,25,63,16,35,9,28,13,20,8,18,26,19,11,3,11,17,72,0.397,0.457,0.321,0.468,0.65,0.501,parkean01
Cherokee Parks,25,MIN,NBA,1997-98,79,43,1703,224,449,224,448,0,1,110,169,140,297,437,53,36,86,66,237,558,0.499,0.5,0,0.499,0.651,0.533,parksch02
Gary Payton,29,SEA,NBA,1997-98,82,82,3145,579,1278,445,881,134,397,279,375,77,299,376,679,185,18,229,195,1571,0.453,0.505,0.338,0.505,0.744,0.544,paytoga01
Anthony Peeler,28,TOT,NBA,1997-98,38,32,1193,190,420,137,295,53,125,36,47,37,86,123,137,61,6,51,97,469,0.452,0.464,0.424,0.515,0.766,0.532,peelean01
Will Perdue,32,SAS,NBA,1997-98,79,30,1491,162,295,162,294,0,1,70,133,177,358,535,57,22,50,81,137,394,0.549,0.551,0,0.549,0.526,0.557,perduwi01
Sam Perkins,36,SEA,NBA,1997-98,81,0,1675,196,471,109,249,87,222,101,128,53,202,255,113,62,29,62,158,580,0.416,0.438,0.392,0.508,0.789,0.55,perkisa01
Elliot Perry,28,MIL,NBA,1997-98,81,33,1752,241,561,224,511,17,50,92,109,21,87,108,230,90,2,128,129,591,0.43,0.438,0.34,0.445,0.844,0.485,perryel01
Chuck Person,33,SAS,NBA,1997-98,61,11,1455,143,398,48,122,95,276,28,37,17,187,204,86,29,10,67,121,409,0.359,0.393,0.344,0.479,0.757,0.494,persoch01
Wesley Person,26,CLE,NBA,1997-98,82,82,3198,440,957,248,510,192,447,132,170,65,298,363,188,129,49,110,108,1204,0.46,0.486,0.43,0.56,0.776,0.583,persowe01
Bobby Phills,28,CHH,NBA,1997-98,62,61,1887,246,552,202,438,44,114,106,140,59,157,216,187,81,18,108,181,642,0.446,0.461,0.386,0.486,0.757,0.523,phillbo01
Eric Piatkowski,27,LAC,NBA,1997-98,67,35,1740,257,568,151,309,106,259,140,170,70,166,236,85,51,12,80,137,760,0.452,0.489,0.409,0.546,0.824,0.591,piatker01
Ricky Pierce,38,MIL,NBA,1997-98,39,0,442,52,143,48,130,4,13,43,52,19,26,45,34,9,0,21,35,151,0.364,0.369,0.308,0.378,0.827,0.455,piercri01
Scottie Pippen,32,CHI,NBA,1997-98,44,44,1652,315,704,254,512,61,192,150,193,53,174,227,254,79,43,109,116,841,0.447,0.496,0.318,0.491,0.777,0.533,pippesc01
Scot Pollard,22,DET,NBA,1997-98,33,0,317,35,70,35,70,0,0,19,23,34,40,74,9,8,10,12,48,89,0.5,0.5,,0.5,0.826,0.555,pollasc01
Olden Polynice,33,SAC,NBA,1997-98,70,25,1458,249,542,249,541,0,1,52,115,173,266,439,107,37,45,98,158,550,0.459,0.46,0,0.459,0.452,0.464,polynol01
Mark Pope,25,IND,NBA,1997-98,28,0,193,14,41,13,38,1,3,10,17,9,17,26,7,3,6,10,36,39,0.341,0.342,0.333,0.354,0.588,0.402,popema01
Terry Porter,34,MIN,NBA,1997-98,82,8,1786,259,577,167,344,92,233,167,195,37,131,168,271,63,16,104,103,777,0.449,0.485,0.395,0.529,0.856,0.586,portete01
Vitaly Potapenko,22,CLE,NBA,1997-98,80,0,1412,234,488,234,487,0,1,102,144,110,203,313,57,27,28,132,198,570,0.48,0.48,0,0.48,0.708,0.517,potapvi01
Brent Price,29,HOU,NBA,1997-98,72,2,1332,128,310,55,123,73,187,77,98,37,70,107,192,52,4,111,163,406,0.413,0.447,0.39,0.531,0.786,0.575,pricebr01
Mark Price,33,ORL,NBA,1997-98,63,33,1430,229,531,177,376,52,155,87,103,24,105,129,297,53,5,162,92,597,0.431,0.471,0.335,0.48,0.845,0.518,pricema01
Theo Ratliff,24,TOT,NBA,1997-98,82,67,2447,306,597,306,597,0,0,197,281,221,326,547,57,50,258,116,292,809,0.513,0.513,,0.513,0.701,0.561,ratlith01
Eldridge Recasner,30,ATL,NBA,1997-98,59,14,1454,206,452,144,304,62,148,74,79,32,110,142,117,41,1,91,94,548,0.456,0.474,0.419,0.524,0.937,0.563,recasel01
Bryant Reeves,24,VAN,NBA,1997-98,74,74,2527,492,941,492,937,0,4,223,316,196,389,585,155,39,80,156,278,1207,0.523,0.525,0,0.523,0.706,0.559,reevebr01
Khalid Reeves,25,DAL,NBA,1997-98,82,54,1950,248,593,192,441,56,152,165,213,54,131,185,230,80,10,130,195,717,0.418,0.435,0.368,0.465,0.775,0.522,reevekh01
Don Reid,24,DET,NBA,1997-98,68,44,994,94,176,94,176,0,0,50,71,77,98,175,26,25,55,28,183,238,0.534,0.534,,0.534,0.704,0.574,reiddo01
J.R. Reid,29,CHH,NBA,1997-98,79,1,1109,146,318,143,310,3,8,89,122,72,138,210,51,35,19,65,172,384,0.459,0.461,0.375,0.464,0.73,0.517,reidjr01
Shawn Respert,25,TOT,NBA,1997-98,57,4,911,130,293,99,200,31,93,48,61,37,63,100,61,34,1,48,75,339,0.444,0.495,0.333,0.497,0.787,0.53,respesh01
Rodrick Rhodes,24,HOU,NBA,1997-98,58,13,1070,112,305,110,297,2,8,111,180,28,42,70,110,62,10,97,125,337,0.367,0.37,0.25,0.37,0.617,0.439,rhodero01
Glen Rice,30,CHH,NBA,1997-98,82,82,3295,634,1386,504,1086,130,300,428,504,89,264,353,182,77,22,182,200,1826,0.457,0.464,0.433,0.504,0.849,0.568,ricegl01
Pooh Richardson,31,LAC,NBA,1997-98,69,17,1252,124,333,113,276,11,57,30,43,17,79,96,226,44,3,54,71,289,0.372,0.409,0.193,0.389,0.698,0.411,richapo01
Mitch Richmond,32,SAC,NBA,1997-98,70,70,2569,543,1220,413,886,130,334,407,471,50,179,229,279,88,15,181,154,1623,0.445,0.466,0.389,0.498,0.864,0.569,richmmi01
Isaiah Rider,26,POR,NBA,1997-98,74,66,2786,551,1302,416,882,135,420,221,267,99,247,346,231,55,19,187,188,1458,0.423,0.472,0.321,0.475,0.828,0.514,rideris01
Eric Riley,27,DAL,NBA,1997-98,39,14,544,56,135,56,134,0,1,27,36,43,90,133,22,15,46,37,80,139,0.415,0.418,0,0.415,0.75,0.461,rileyer01
Stanley Roberts,27,MIN,NBA,1997-98,74,44,1328,191,386,191,386,0,0,75,156,109,254,363,27,24,72,70,226,457,0.495,0.495,,0.495,0.481,0.503,roberst01
Chris Robinson,23,TOT,NBA,1997-98,35,0,414,65,174,41,108,24,66,8,16,9,37,46,39,19,4,33,50,162,0.374,0.38,0.364,0.443,0.5,0.447,robinch01
Clifford Robinson,31,PHO,NBA,1997-98,80,64,2359,429,895,402,811,27,84,248,360,152,258,410,170,92,90,140,249,1133,0.479,0.496,0.321,0.494,0.689,0.538,robincl02
David Robinson,32,SAS,NBA,1997-98,73,73,2457,544,1065,543,1061,1,4,485,660,239,536,775,199,64,192,202,204,1574,0.511,0.512,0.25,0.511,0.735,0.581,robinda01
Glenn Robinson,25,MIL,NBA,1997-98,56,56,2294,534,1136,509,1071,25,65,215,266,82,225,307,158,69,34,200,164,1308,0.47,0.475,0.385,0.481,0.808,0.522,robingl01
James Robinson,27,LAC,NBA,1997-98,70,13,1231,195,501,121,276,74,225,77,107,37,74,111,135,37,10,97,101,541,0.389,0.438,0.329,0.463,0.72,0.494,robinja02
Larry Robinson,30,VAN,NBA,1997-98,6,0,41,6,19,3,13,3,6,2,2,2,10,12,1,4,0,2,0,17,0.316,0.231,0.5,0.395,1,0.428,robinla01
Dennis Rodman,36,CHI,NBA,1997-98,80,66,2856,155,360,151,337,4,23,61,111,421,780,1201,230,47,18,147,238,375,0.431,0.448,0.174,0.436,0.55,0.459,rodmade01
Carlos Rogers,26,TOT,NBA,1997-98,21,0,376,47,91,47,89,0,2,18,32,35,32,67,18,10,8,14,35,112,0.516,0.528,0,0.516,0.563,0.533,rogerca01
Rodney Rogers,26,LAC,NBA,1997-98,76,70,2499,426,935,354,723,72,212,225,328,155,269,424,202,93,38,193,242,1149,0.456,0.49,0.34,0.494,0.686,0.532,rogerro01
Roy Rogers,24,TOT,NBA,1997-98,15,0,106,9,25,9,25,0,0,2,6,8,9,17,2,3,8,5,18,20,0.36,0.36,,0.36,0.333,0.362,rogerro02
Sean Rooks,28,LAL,NBA,1997-98,41,1,425,46,101,46,101,0,0,47,79,46,72,118,24,2,23,19,68,139,0.455,0.455,,0.455,0.595,0.512,rooksse01
Jalen Rose,25,IND,NBA,1997-98,82,0,1706,290,607,265,534,25,73,166,228,28,167,195,155,56,14,132,171,771,0.478,0.496,0.342,0.498,0.728,0.545,roseja01
Malik Rose,23,SAS,NBA,1997-98,53,0,429,59,136,58,133,1,3,39,61,40,50,90,19,21,7,44,79,158,0.434,0.436,0.333,0.438,0.639,0.485,rosema01
Donald Royal,31,TOT,NBA,1997-98,31,5,323,25,69,25,69,0,0,29,33,18,23,41,17,7,1,10,35,79,0.362,0.362,,0.362,0.879,0.473,royaldo01
Clifford Rozier,25,MIN,NBA,1997-98,6,0,30,3,6,3,6,0,0,0,1,3,3,6,0,0,0,4,7,6,0.5,0.5,,0.5,0,0.466,roziecl01
Bryon Russell,27,UTA,NBA,1997-98,82,7,2219,226,525,153,311,73,214,213,278,78,248,326,101,90,31,81,229,738,0.43,0.492,0.341,0.5,0.766,0.57,russebr01
Arvydas Sabonis,33,POR,NBA,1997-98,73,73,2333,407,826,377,711,30,115,323,405,149,580,729,218,65,80,190,267,1167,0.493,0.53,0.261,0.511,0.798,0.581,sabonar01
Kevin Salvadori,27,SAC,NBA,1997-98,16,0,87,1,13,1,13,0,0,3,6,5,15,20,3,0,11,5,12,5,0.077,0.077,,0.077,0.5,0.16,salvake01
Danny Schayes,38,ORL,NBA,1997-98,74,33,1272,155,371,155,371,0,0,96,119,97,145,242,44,34,33,61,182,406,0.418,0.418,,0.418,0.807,0.479,schayda01
Detlef Schrempf,35,SEA,NBA,1997-98,78,78,2742,437,898,376,751,61,147,297,352,135,419,554,341,60,19,168,205,1232,0.487,0.501,0.415,0.521,0.844,0.585,schrede01
Dennis Scott,29,TOT,NBA,1997-98,81,45,2290,329,828,204,486,125,342,105,130,47,200,247,153,53,39,104,152,888,0.397,0.42,0.365,0.473,0.808,0.502,scottde01
Shawnelle Scott,25,CLE,NBA,1997-98,41,0,188,16,36,16,36,0,0,12,18,20,39,59,8,6,8,10,45,44,0.444,0.444,,0.444,0.667,0.501,scottsh01
Shea Seals,22,LAL,NBA,1997-98,4,0,9,1,8,1,5,0,3,2,4,3,1,4,0,1,0,0,1,4,0.125,0.2,0,0.125,0.5,0.205,sealssh01
Malik Sealy,27,DET,NBA,1997-98,77,10,1641,216,505,207,464,9,41,150,182,48,171,219,100,65,20,79,156,591,0.428,0.446,0.22,0.437,0.824,0.505,sealyma01
Rony Seikaly,32,TOT,NBA,1997-98,56,49,1636,250,579,250,577,0,2,246,332,146,247,393,77,28,43,146,164,746,0.432,0.433,0,0.432,0.741,0.514,seikaro01
God Shammgod,21,WAS,NBA,1997-98,20,0,146,19,58,19,56,0,2,23,30,2,5,7,36,7,1,21,27,61,0.328,0.339,0,0.328,0.767,0.428,shammgo01
Brian Shaw,31,TOT,NBA,1997-98,59,34,1530,154,446,126,351,28,95,36,52,37,178,215,261,49,17,99,148,372,0.345,0.359,0.295,0.377,0.692,0.397,shawbr01
Dickey Simpkins,25,TOT,NBA,1997-98,40,0,433,48,89,48,87,0,2,36,70,27,50,77,33,9,5,32,54,132,0.539,0.552,0,0.539,0.514,0.551,simpkdi01
Reggie Slater,27,TOR,NBA,1997-98,78,28,1662,211,459,211,459,0,0,203,322,134,171,305,74,45,30,102,201,625,0.46,0.46,,0.46,0.63,0.52,slatere01
Charles Smith,22,TOT,NBA,1997-98,34,0,292,49,125,34,78,15,47,6,11,13,14,27,21,12,6,27,24,119,0.392,0.436,0.319,0.452,0.545,0.458,smithch04
Joe Smith,22,TOT,NBA,1997-98,79,55,2344,464,1070,464,1062,0,8,227,293,199,272,471,94,62,51,158,263,1155,0.434,0.437,0,0.434,0.775,0.482,smithjo02
Michael Smith,25,TOT,NBA,1997-98,48,33,1053,93,194,93,193,0,1,65,103,120,186,306,88,41,15,51,95,251,0.479,0.482,0,0.479,0.631,0.524,smithmi02
Steve Smith,28,ATL,NBA,1997-98,73,73,2857,489,1101,392,825,97,276,389,455,133,176,309,292,75,29,176,219,1464,0.444,0.475,0.351,0.488,0.855,0.563,smithst01
Tony Smith,29,MIL,NBA,1997-98,7,0,80,8,24,8,20,0,4,3,4,4,3,7,10,5,2,9,7,19,0.333,0.4,0,0.333,0.75,0.369,smithto02
Rik Smits,31,IND,NBA,1997-98,73,69,2085,514,1038,514,1035,0,3,188,240,127,378,505,101,40,88,134,243,1216,0.495,0.497,0,0.495,0.783,0.532,smitsri01
Eric Snow,24,TOT,NBA,1997-98,64,0,918,79,184,77,167,2,17,49,71,19,62,81,177,60,5,63,114,209,0.429,0.461,0.118,0.435,0.69,0.486,snower01
Felton Spencer,30,GSW,NBA,1997-98,68,0,813,59,129,59,129,0,0,44,79,93,133,226,17,23,37,49,175,162,0.457,0.457,,0.457,0.557,0.495,spencfe01
Latrell Sprewell,27,GSW,NBA,1997-98,14,13,547,110,277,101,229,9,48,70,94,7,44,51,68,19,5,44,26,299,0.397,0.441,0.188,0.413,0.745,0.47,sprewla01
Jerry Stackhouse,23,TOT,NBA,1997-98,79,37,2545,424,975,377,780,47,195,354,450,105,161,266,241,89,59,224,175,1249,0.435,0.483,0.241,0.459,0.787,0.532,stackje01
John Starks,32,NYK,NBA,1997-98,82,10,2188,372,947,242,549,130,398,185,235,48,182,230,219,78,5,143,205,1059,0.393,0.441,0.327,0.461,0.787,0.504,starkjo01
Joe Stephens,25,HOU,NBA,1997-98,7,0,37,10,28,7,18,3,10,4,6,3,3,6,1,2,0,2,2,27,0.357,0.389,0.3,0.411,0.667,0.441,stephjo01
Kebu Stewart,24,PHI,NBA,1997-98,15,0,110,12,26,12,26,0,0,16,25,9,22,31,2,5,2,8,13,40,0.462,0.462,,0.462,0.64,0.541,stewake01
Michael Stewart,22,SAC,NBA,1997-98,81,37,1761,155,323,155,323,0,0,65,142,197,339,536,61,29,195,85,251,375,0.48,0.48,,0.48,0.458,0.486,stewami01
Bryant Stith,27,DEN,NBA,1997-98,31,15,718,75,225,65,177,10,48,75,86,15,50,65,50,21,8,35,52,235,0.333,0.367,0.208,0.356,0.872,0.447,stithbr01
John Stockton,35,UTA,NBA,1997-98,64,64,1858,270,511,231,420,39,91,191,231,35,131,166,543,89,10,161,138,770,0.528,0.55,0.429,0.567,0.827,0.628,stockjo01
Ed Stokes,26,TOR,NBA,1997-98,4,0,17,1,3,1,3,0,0,1,2,1,3,4,1,1,2,2,4,3,0.333,0.333,,0.333,0.5,0.387,stokeed01
Damon Stoudamire,24,TOT,NBA,1997-98,71,71,2839,448,1091,357,787,91,304,238,287,87,211,298,580,113,7,223,150,1225,0.411,0.454,0.299,0.452,0.829,0.503,stoudda01
Erick Strickland,24,DAL,NBA,1997-98,67,19,1505,199,558,151,395,48,163,65,84,35,126,161,167,56,8,106,140,511,0.357,0.382,0.294,0.4,0.774,0.429,stricer01
Mark Strickland,27,MIA,NBA,1997-98,51,8,847,145,269,145,268,0,1,59,82,80,133,213,26,18,34,47,87,349,0.539,0.541,0,0.539,0.72,0.572,stricma01
Rod Strickland,31,WAS,NBA,1997-98,76,76,3020,490,1130,478,1082,12,48,357,492,112,293,405,801,126,25,266,182,1349,0.434,0.442,0.25,0.439,0.726,0.501,stricro02
Derek Strong,29,ORL,NBA,1997-98,58,8,1638,259,617,259,613,0,4,218,279,152,275,427,51,31,24,74,122,736,0.42,0.423,0,0.42,0.781,0.497,stronde01
Bob Sura,24,CLE,NBA,1997-98,46,4,942,87,231,68,171,19,60,74,131,25,69,94,171,44,7,93,113,267,0.377,0.398,0.317,0.418,0.565,0.463,surabo01
Zan Tabak,27,TOT,NBA,1997-98,57,34,984,142,304,142,303,0,1,23,61,84,128,212,48,20,38,61,163,307,0.467,0.469,0,0.467,0.377,0.464,tabakza01
Johnny Taylor,23,ORL,NBA,1997-98,12,0,108,13,37,12,35,1,2,11,16,4,9,13,1,3,2,8,22,38,0.351,0.343,0.5,0.365,0.688,0.431,taylojo01
Maurice Taylor,21,LAC,NBA,1997-98,71,3,1513,321,675,321,674,0,1,173,244,118,178,296,53,34,40,107,222,815,0.476,0.476,0,0.476,0.709,0.521,tayloma01
Carl Thomas,28,TOT,NBA,1997-98,43,0,426,56,140,36,81,20,59,16,25,10,37,47,19,21,7,18,39,148,0.4,0.444,0.339,0.471,0.64,0.49,thomaca01
John Thomas,22,TOT,NBA,1997-98,54,2,535,55,113,55,113,0,0,41,54,48,58,106,17,22,12,46,97,151,0.487,0.487,,0.487,0.759,0.552,thomajo02
Kurt Thomas,25,DAL,NBA,1997-98,5,0,73,17,45,17,45,0,0,3,3,8,16,24,3,1,0,10,19,37,0.378,0.378,,0.378,1,0.399,thomaku01
Tim Thomas,20,PHI,NBA,1997-98,77,48,1779,306,684,244,513,62,171,171,231,107,181,288,90,54,17,118,185,845,0.447,0.476,0.363,0.493,0.74,0.538,thomati01
Brooks Thompson,27,TOT,NBA,1997-98,30,0,167,23,56,14,26,9,30,4,8,1,14,15,27,10,1,16,22,59,0.411,0.538,0.3,0.491,0.5,0.496,thompbr01
Otis Thorpe,35,TOT,NBA,1997-98,74,66,2197,294,624,294,619,0,5,164,240,151,386,537,222,48,30,152,238,752,0.471,0.475,0,0.471,0.683,0.515,thorpot01
Gary Trent,23,TOT,NBA,1997-98,54,20,1360,241,505,237,493,4,12,144,212,123,215,338,72,35,27,94,161,630,0.477,0.481,0.333,0.481,0.679,0.527,trentga01
Nick Van Exel,26,LAL,NBA,1997-98,64,46,2053,311,743,188,427,123,316,136,172,31,163,194,442,64,6,104,120,881,0.419,0.44,0.389,0.501,0.791,0.538,vanexni01
Keith Van Horn,22,NJN,NBA,1997-98,62,62,2325,446,1047,377,823,69,224,258,305,142,266,408,106,64,25,164,216,1219,0.426,0.458,0.308,0.459,0.846,0.516,vanhoke01
David Vaughn,24,TOT,NBA,1997-98,40,2,489,66,148,66,147,0,1,30,47,53,99,152,20,15,10,40,83,162,0.446,0.449,0,0.446,0.638,0.48,vaughda02
Jacque Vaughn,22,UTA,NBA,1997-98,45,0,419,44,122,41,114,3,8,48,68,4,34,38,84,9,1,56,63,139,0.361,0.36,0.375,0.373,0.706,0.457,vaughja01
Loy Vaught,29,LAC,NBA,1997-98,10,6,265,36,84,36,82,0,2,3,8,16,49,65,7,4,2,13,33,75,0.429,0.439,0,0.429,0.375,0.428,vaughlo01
Stojko Vrankovic,34,LAC,NBA,1997-98,65,38,996,79,186,79,186,0,0,37,65,71,192,263,36,11,66,46,130,195,0.425,0.425,,0.425,0.569,0.454,vrankst01
Antoine Walker,21,BOS,NBA,1997-98,82,82,3268,722,1705,631,1413,91,292,305,473,270,566,836,273,142,60,292,262,1840,0.423,0.447,0.312,0.45,0.645,0.481,walkean02
Samaki Walker,21,DAL,NBA,1997-98,41,19,1027,156,321,156,320,0,1,53,97,96,206,302,24,30,40,61,127,365,0.486,0.488,0,0.486,0.546,0.502,walkesa01
Ben Wallace,23,WAS,NBA,1997-98,67,16,1124,85,164,85,164,0,0,35,98,112,212,324,18,61,72,28,116,205,0.518,0.518,,0.518,0.357,0.495,wallabe01
John Wallace,23,TOR,NBA,1997-98,82,36,2361,468,979,467,977,1,2,210,293,117,256,373,110,62,101,172,239,1147,0.478,0.478,0.5,0.479,0.717,0.518,wallajo01
Rasheed Wallace,23,POR,NBA,1997-98,77,77,2896,466,875,458,836,8,39,184,278,132,346,478,195,75,88,167,268,1124,0.533,0.548,0.205,0.537,0.662,0.564,wallara01
Rex Walters,27,TOT,NBA,1997-98,38,0,235,24,53,18,31,6,22,26,28,5,19,24,35,8,1,27,28,80,0.453,0.581,0.273,0.509,0.929,0.612,waltere01
Charlie Ward,27,NYK,NBA,1997-98,82,82,2317,235,516,154,301,81,215,91,113,32,242,274,466,144,37,175,195,642,0.455,0.512,0.377,0.534,0.805,0.567,wardch01
Eric Washington,23,DEN,NBA,1997-98,66,36,1539,201,498,157,361,44,137,65,83,47,80,127,78,53,25,72,143,511,0.404,0.435,0.321,0.448,0.783,0.478,washier01
Clarence Weatherspoon,27,TOT,NBA,1997-98,79,49,2325,268,608,268,608,0,0,200,277,198,396,594,89,85,74,119,194,736,0.441,0.441,,0.441,0.722,0.504,weathcl01
Spud Webb,34,ORL,NBA,1997-98,4,0,34,5,12,5,11,0,1,2,2,2,1,3,5,1,0,7,6,12,0.417,0.455,0,0.417,1,0.466,webbsp01
Chris Webber,24,WAS,NBA,1997-98,71,71,2809,647,1341,582,1136,65,205,196,333,176,498,674,273,111,124,185,269,1555,0.482,0.512,0.317,0.507,0.589,0.523,webbech01
Bubba Wells,23,DAL,NBA,1997-98,39,2,395,48,116,47,110,1,6,31,43,22,46,68,34,15,4,31,40,128,0.414,0.427,0.167,0.418,0.721,0.474,wellsbu01
Bill Wennington,34,CHI,NBA,1997-98,48,8,467,75,172,75,172,0,0,17,21,32,48,80,19,4,5,16,77,167,0.436,0.436,,0.436,0.81,0.461,wennibi01
David Wesley,27,CHH,NBA,1997-98,81,81,2845,383,864,324,694,59,170,229,288,49,164,213,529,140,30,226,229,1054,0.443,0.467,0.347,0.477,0.795,0.532,wesleda01
Doug West,30,MIN,NBA,1997-98,38,10,688,64,171,64,169,0,2,29,40,23,59,82,45,11,5,21,97,157,0.374,0.379,0,0.374,0.725,0.416,westdo01
Mark West,37,IND,NBA,1997-98,15,1,105,10,21,10,21,0,0,3,6,6,9,15,2,2,4,8,15,23,0.476,0.476,,0.476,0.5,0.486,westma01
DeJuan Wheat,24,MIN,NBA,1997-98,34,0,150,20,50,12,33,8,17,9,15,3,8,11,25,6,1,9,12,57,0.4,0.364,0.471,0.48,0.6,0.504,wheatde01
Donald Whiteside,28,ATL,NBA,1997-98,3,0,16,1,2,1,1,0,1,0,2,0,1,1,1,0,0,1,0,2,0.5,1,0,0.5,0,0.347,whitedo01
Chris Whitney,26,WAS,NBA,1997-98,82,6,1073,126,355,74,186,52,169,118,129,16,99,115,196,34,6,65,106,422,0.355,0.398,0.308,0.428,0.915,0.512,whitnch01
Gerald Wilkins,34,ORL,NBA,1997-98,72,16,1252,141,434,112,325,29,109,69,98,16,74,90,78,34,6,79,78,380,0.325,0.345,0.266,0.358,0.704,0.398,wilkige01
Aaron Williams,26,SEA,NBA,1997-98,65,9,757,115,220,115,219,0,1,66,85,48,99,147,14,19,38,50,119,296,0.523,0.525,0,0.523,0.776,0.575,williaa01
Alvin Williams,23,TOT,NBA,1997-98,54,13,1071,125,282,116,254,9,28,65,90,24,57,81,103,38,3,58,79,324,0.443,0.457,0.321,0.459,0.722,0.504,willial02
Brandon Williams,22,GSW,NBA,1997-98,9,2,140,16,50,13,41,3,9,2,4,4,11,15,3,6,3,9,18,37,0.32,0.317,0.333,0.35,0.5,0.357,willibr01
Buck Williams,37,NYK,NBA,1997-98,41,6,738,75,149,75,149,0,0,52,71,78,105,183,21,17,15,38,93,202,0.503,0.503,,0.503,0.732,0.56,willibu01
Eric Williams,25,DEN,NBA,1997-98,4,4,145,24,61,24,61,0,0,31,45,10,11,21,12,4,0,9,9,79,0.393,0.393,,0.393,0.689,0.489,willier01
Herb Williams,39,NYK,NBA,1997-98,27,0,178,18,43,18,43,0,0,1,8,6,23,29,4,6,9,5,34,37,0.419,0.419,,0.419,0.125,0.398,willihe01
Hot Rod Williams,35,PHO,NBA,1997-98,71,30,1333,95,202,95,202,0,0,65,93,107,205,312,49,33,60,29,138,255,0.47,0.47,,0.47,0.699,0.525,williho01
Jayson Williams,29,NJN,NBA,1997-98,65,65,2343,321,645,321,641,0,4,195,293,443,440,883,67,45,49,95,236,837,0.498,0.501,0,0.498,0.666,0.541,willija01
Jerome Williams,24,DET,NBA,1997-98,77,3,1305,151,288,151,287,0,1,108,166,170,209,379,48,51,10,60,144,410,0.524,0.526,0,0.524,0.651,0.568,willije01
Lorenzo Williams,28,WAS,NBA,1997-98,14,6,111,13,17,13,17,0,0,0,2,16,10,26,3,2,3,2,17,26,0.765,0.765,,0.765,0,0.727,willilo01
Micheal Williams,31,MIN,NBA,1997-98,25,0,161,16,48,16,44,0,4,32,33,2,12,14,32,9,2,16,24,64,0.333,0.364,0,0.333,0.97,0.512,willimi02
Monty Williams,26,SAS,NBA,1997-98,72,16,1314,165,368,164,366,1,2,122,182,67,112,179,89,34,24,82,133,453,0.448,0.448,0.5,0.45,0.67,0.505,willimo01
Scott Williams,29,PHI,NBA,1997-98,58,7,801,93,213,93,208,0,5,51,63,87,124,211,29,17,21,30,132,237,0.437,0.447,0,0.437,0.81,0.492,willisc01
Travis Williams,28,CHH,NBA,1997-98,39,0,365,56,119,56,118,0,1,24,46,53,39,92,20,18,5,30,55,136,0.471,0.475,0,0.471,0.522,0.488,willitr01
Walt Williams,27,TOT,NBA,1997-98,59,17,1470,210,544,130,325,80,219,108,125,50,150,200,122,59,35,92,161,608,0.386,0.4,0.365,0.46,0.864,0.508,williwa02
Corliss Williamson,24,SAC,NBA,1997-98,79,75,2819,561,1134,561,1125,0,9,279,443,162,284,446,230,76,48,199,252,1401,0.495,0.499,0,0.495,0.63,0.527,willico02
Kevin Willis,35,HOU,NBA,1997-98,81,74,2528,531,1041,530,1034,1,7,242,305,232,447,679,78,55,38,170,235,1305,0.51,0.513,0.143,0.511,0.793,0.555,willike02
David Wingate,34,SEA,NBA,1997-98,58,2,546,66,140,63,133,3,7,15,29,19,60,79,37,21,3,37,58,150,0.471,0.474,0.429,0.482,0.517,0.491,wingada01
Dontonio Wingfield,23,POR,NBA,1997-98,3,0,9,0,3,0,3,0,0,1,2,2,2,4,0,0,0,1,2,1,0,0,,0,0.5,0.129,wingfdo01
Joe Wolf,33,DEN,NBA,1997-98,57,8,621,40,121,38,111,2,10,5,10,36,90,126,30,20,7,22,92,87,0.331,0.342,0.2,0.339,0.5,0.347,wolfjo01
Lorenzen Wright,22,LAC,NBA,1997-98,69,38,2067,241,542,241,540,0,2,141,214,180,426,606,55,55,87,81,237,623,0.445,0.446,0,0.445,0.659,0.49,wrighlo02
Sharone Wright,25,TOR,NBA,1997-98,7,0,44,7,14,7,14,0,0,2,4,1,8,9,4,0,0,2,7,16,0.5,0.5,,0.5,0.5,0.508,wrighsh01
George Zidek,24,TOT,NBA,1997-98,12,0,64,7,29,6,27,1,2,14,16,4,13,17,2,0,2,4,10,29,0.241,0.222,0.5,0.259,0.875,0.402,zidekge01
Tariq Abdul-Wahad,24,SAC,NBA,1998-99,49,49,1205,177,407,171,386,6,21,94,136,72,114,186,50,50,16,70,121,454,0.435,0.443,0.286,0.442,0.691,0.486,abdulta01
Shareef Abdur-Rahim,22,VAN,NBA,1998-99,50,50,2021,386,893,375,857,11,36,369,439,114,260,374,172,69,55,186,137,1152,0.432,0.438,0.306,0.438,0.841,0.53,abdursh01
Cory Alexander,25,DEN,NBA,1998-99,36,4,778,97,260,67,155,30,105,37,44,7,67,74,119,35,5,69,77,261,0.373,0.432,0.286,0.431,0.841,0.467,alexaco01
Ray Allen,23,MIL,NBA,1998-99,50,50,1719,303,673,229,465,74,208,176,195,57,155,212,178,53,7,122,117,856,0.45,0.492,0.356,0.505,0.903,0.564,allenra02
Peter Aluma,25,SAC,NBA,1998-99,2,0,5,1,2,1,2,0,0,0,0,1,1,2,0,1,1,2,4,2,0.5,0.5,,0.5,,0.5,alumape01
Derek Anderson,24,CLE,NBA,1998-99,38,13,978,125,314,104,245,21,69,138,165,20,89,109,145,48,4,82,73,409,0.398,0.424,0.304,0.432,0.836,0.529,anderde01
Kenny Anderson,28,BOS,NBA,1998-99,34,33,1010,161,357,155,333,6,24,84,101,24,79,103,193,33,2,71,78,412,0.451,0.465,0.25,0.459,0.832,0.513,anderke01
Nick Anderson,31,ORL,NBA,1998-99,47,39,1581,253,640,157,363,96,277,99,162,51,226,277,91,64,15,83,72,701,0.395,0.433,0.347,0.47,0.611,0.493,anderni01
Shandon Anderson,25,UTA,NBA,1998-99,50,2,1072,162,363,148,322,14,41,89,125,49,83,132,56,39,10,66,89,427,0.446,0.46,0.341,0.466,0.712,0.511,andersh01
Chris Anstey,24,DAL,NBA,1998-99,41,4,470,50,139,50,132,0,7,34,48,35,62,97,27,18,13,26,98,134,0.36,0.379,0,0.36,0.708,0.418,anstech01
Greg Anthony,31,POR,NBA,1998-99,50,0,806,104,251,55,126,49,125,62,89,14,49,63,100,66,3,55,75,319,0.414,0.437,0.392,0.512,0.697,0.55,anthogr01
B.J. Armstrong,31,TOT,NBA,1998-99,32,1,358,40,88,33,73,7,15,18,21,2,37,39,61,12,0,25,31,105,0.455,0.452,0.467,0.494,0.857,0.54,armstbj01
Darrell Armstrong,30,ORL,NBA,1998-99,50,15,1502,230,522,161,333,69,189,161,178,53,127,180,335,108,4,158,90,690,0.441,0.483,0.365,0.507,0.904,0.575,armstda01
Keith Askins,31,MIA,NBA,1998-99,33,13,415,20,62,12,33,8,29,5,8,10,34,44,10,17,3,13,58,53,0.323,0.364,0.276,0.387,0.625,0.404,askinke01
Stacey Augmon,30,POR,NBA,1998-99,48,21,874,78,174,78,172,0,2,52,76,47,78,125,58,57,18,30,81,208,0.448,0.453,0,0.448,0.684,0.501,augmost01
Isaac Austin,29,ORL,NBA,1998-99,49,49,1259,185,453,183,446,2,7,105,157,83,154,237,89,47,35,114,125,477,0.408,0.41,0.286,0.411,0.669,0.457,austiis01
Anthony Avent,29,UTA,NBA,1998-99,5,0,44,4,13,4,13,0,0,1,2,8,4,12,1,2,0,7,6,9,0.308,0.308,,0.308,0.5,0.324,aventan01
Thurl Bailey,37,UTA,NBA,1998-99,43,0,543,78,175,78,173,0,2,25,34,36,58,94,26,9,28,27,78,181,0.446,0.451,0,0.446,0.735,0.476,baileth01
Toby Bailey,23,PHO,NBA,1998-99,27,10,249,34,86,33,81,1,5,9,13,24,30,54,13,9,2,11,24,78,0.395,0.407,0.2,0.401,0.692,0.425,baileto01
LaMark Baker,29,TOR,NBA,1998-99,1,0,2,0,1,0,1,0,0,0,0,0,0,0,0,0,0,1,0,0,0,0,,0,,0,bakerla01
Vin Baker,27,SEA,NBA,1998-99,34,31,1162,198,437,198,434,0,3,72,160,86,125,211,56,32,34,76,121,468,0.453,0.456,0,0.453,0.45,0.461,bakervi01
Charles Barkley,35,HOU,NBA,1998-99,42,40,1526,240,502,236,477,4,25,192,267,167,349,516,192,43,13,100,89,676,0.478,0.495,0.16,0.482,0.719,0.546,barklch01
Dana Barros,31,BOS,NBA,1998-99,50,16,1156,168,371,104,211,64,160,64,73,16,89,105,208,52,5,88,64,464,0.453,0.493,0.4,0.539,0.877,0.576,barroda01
Brent Barry,27,CHI,NBA,1998-99,37,30,1181,141,356,89,184,52,172,78,101,39,105,144,116,42,11,72,98,412,0.396,0.484,0.302,0.469,0.772,0.514,barrybr01
Drew Barry,25,SEA,NBA,1998-99,17,0,183,10,32,2,8,8,24,9,13,3,17,20,29,7,1,12,24,37,0.313,0.25,0.333,0.438,0.692,0.49,barrydr01
Jon Barry,29,SAC,NBA,1998-99,43,0,736,59,138,35,59,24,79,71,84,25,71,96,112,53,5,47,61,213,0.428,0.593,0.304,0.514,0.845,0.609,barryjo01
Tony Battie,22,BOS,NBA,1998-99,50,15,1121,147,283,147,280,0,3,41,61,96,204,300,53,29,71,45,159,335,0.519,0.525,0,0.519,0.672,0.541,battito01
Corey Beck,27,TOT,NBA,1998-99,24,0,180,18,39,17,38,1,1,8,15,6,22,28,20,9,2,13,26,45,0.462,0.447,1,0.474,0.533,0.493,beckco01
Benoit Benjamin,34,PHI,NBA,1998-99,6,0,33,2,7,2,7,0,0,0,0,3,5,8,1,0,0,3,6,4,0.286,0.286,,0.286,,0.286,benjabe01
Corey Benjamin,20,CHI,NBA,1998-99,31,1,320,44,117,41,103,3,14,27,40,15,25,40,10,11,8,21,46,118,0.376,0.398,0.214,0.389,0.675,0.438,benjaco01
Mario Bennett,25,CHI,NBA,1998-99,3,0,19,2,6,2,6,0,0,3,4,2,3,5,0,1,0,1,4,7,0.333,0.333,,0.333,0.75,0.451,bennema01
Travis Best,26,IND,NBA,1998-99,49,0,1043,127,305,105,246,22,59,70,83,19,61,80,169,42,4,62,111,346,0.416,0.427,0.373,0.452,0.843,0.507,besttr01
Mike Bibby,20,VAN,NBA,1998-99,50,50,1758,260,605,245,531,15,74,127,169,30,106,136,325,78,5,146,122,662,0.43,0.461,0.203,0.442,0.751,0.487,bibbymi01
Chauncey Billups,22,DEN,NBA,1998-99,45,41,1488,191,495,106,260,85,235,157,172,24,72,96,173,58,14,98,115,624,0.386,0.408,0.362,0.472,0.913,0.547,billuch01
Mookie Blaylock,31,ATL,NBA,1998-99,48,48,1763,247,651,170,400,77,251,69,91,45,179,224,278,99,9,115,61,640,0.379,0.425,0.307,0.439,0.758,0.463,blaylmo01
Corie Blount,30,TOT,NBA,1998-99,34,3,530,36,100,36,99,0,1,28,54,58,93,151,12,19,16,21,74,100,0.36,0.364,0,0.36,0.519,0.404,blounco01
Muggsy Bogues,34,GSW,NBA,1998-99,36,5,714,76,154,76,148,0,6,31,36,16,57,73,134,43,1,47,44,183,0.494,0.514,0,0.494,0.861,0.539,boguemu01
Etdrick Bohannon,25,WAS,NBA,1998-99,2,0,4,0,0,0,0,0,0,0,0,0,0,0,0,0,0,0,0,0,,,,,,,bohanet01
Keith Booth,24,CHI,NBA,1998-99,39,4,432,49,151,48,141,1,10,21,42,25,68,93,38,22,11,39,60,120,0.325,0.34,0.1,0.328,0.5,0.354,boothke01
Bruce Bowen,27,BOS,NBA,1998-99,30,1,494,26,93,19,67,7,26,11,24,15,37,52,28,21,9,13,51,70,0.28,0.284,0.269,0.317,0.458,0.338,bowenbr01
Earl Boykins,22,TOT,NBA,1998-99,22,0,221,30,79,27,61,3,18,2,3,7,10,17,33,6,0,20,20,65,0.38,0.443,0.167,0.399,0.667,0.405,boykiea01
Shawn Bradley,26,DAL,NBA,1998-99,49,33,1294,167,348,167,344,0,4,86,115,130,262,392,40,35,159,56,153,420,0.48,0.485,0,0.48,0.748,0.527,bradlsh01
Terrell Brandon,28,TOT,NBA,1998-99,36,34,1217,212,507,200,460,12,47,65,78,27,107,134,309,63,10,74,82,501,0.418,0.435,0.255,0.43,0.833,0.463,brandte01
Chucky Brown,30,CHH,NBA,1998-99,48,21,1192,176,373,161,333,15,40,40,59,36,138,174,57,16,19,38,106,407,0.472,0.483,0.375,0.492,0.678,0.51,brownch01
Dee Brown,30,TOR,NBA,1998-99,49,0,1377,187,495,52,146,135,349,40,55,15,88,103,143,56,8,80,75,549,0.378,0.356,0.387,0.514,0.727,0.529,brownde01
Gerald Brown,23,PHO,NBA,1998-99,33,0,236,33,89,30,79,3,10,11,14,5,17,22,31,5,1,22,21,80,0.371,0.38,0.3,0.388,0.786,0.42,brownge02
P.J. Brown,29,MIA,NBA,1998-99,50,50,1611,229,477,229,477,0,0,113,146,115,231,346,66,46,48,69,166,571,0.48,0.48,,0.48,0.774,0.527,brownpj01
Randy Brown,30,CHI,NBA,1998-99,39,32,1139,132,319,132,309,0,10,78,103,27,105,132,149,68,8,80,93,342,0.414,0.427,0,0.414,0.757,0.469,brownra02
Rick Brunson,26,NYK,NBA,1998-99,17,0,95,6,21,6,16,0,5,5,18,3,7,10,19,9,0,12,8,17,0.286,0.375,0,0.286,0.278,0.294,brunsri01
Kobe Bryant,20,LAL,NBA,1998-99,50,50,1896,362,779,335,678,27,101,245,292,53,211,264,190,72,50,157,153,996,0.465,0.494,0.267,0.482,0.839,0.549,bryanko01
Mark Bryant,33,CHI,NBA,1998-99,45,29,1204,168,348,168,347,0,1,71,110,92,140,232,48,34,16,68,149,407,0.483,0.484,0,0.483,0.645,0.513,bryanma01
Jud Buechler,30,DET,NBA,1998-99,50,0,1056,100,240,39,92,61,148,13,18,29,104,133,57,37,13,21,83,274,0.417,0.424,0.412,0.544,0.722,0.553,buechju01
Matt Bullard,31,HOU,NBA,1998-99,41,0,413,43,114,19,52,24,62,7,10,9,33,42,18,13,4,14,28,117,0.377,0.365,0.387,0.482,0.7,0.494,bullama01
Scott Burrell,28,NJN,NBA,1998-99,32,10,706,75,208,47,136,28,72,34,42,32,87,119,45,40,11,23,82,212,0.361,0.346,0.389,0.428,0.81,0.468,burresc01
Willie Burton,30,CHH,NBA,1998-99,3,0,18,1,7,1,6,0,1,2,4,4,2,6,0,0,0,1,2,4,0.143,0.167,0,0.143,0.5,0.228,burtowi01
Mitchell Butler,28,CLE,NBA,1998-99,31,1,418,67,139,56,110,11,29,23,32,13,31,44,22,15,4,29,41,168,0.482,0.509,0.379,0.522,0.719,0.549,butlemi02
Jason Caffey,25,GSW,NBA,1998-99,35,32,876,123,277,123,276,0,1,62,98,79,126,205,18,24,9,75,113,308,0.444,0.446,0,0.444,0.633,0.481,caffeja01
Marcus Camby,24,NYK,NBA,1998-99,46,0,945,136,261,136,261,0,0,57,103,102,151,253,12,29,74,39,131,329,0.521,0.521,,0.521,0.553,0.537,cambyma01
Elden Campbell,30,TOT,NBA,1998-99,49,33,1459,222,465,222,464,0,1,172,269,126,271,397,69,39,73,80,159,616,0.477,0.478,0,0.477,0.639,0.528,campbel01
Antoine Carr,37,HOU,NBA,1998-99,18,0,152,21,52,21,51,0,1,5,7,9,22,31,9,1,10,9,31,47,0.404,0.412,0,0.404,0.714,0.427,carran01
Chris Carr,24,TOT,NBA,1998-99,39,4,445,76,205,48,130,28,75,27,40,23,48,71,23,8,2,28,45,207,0.371,0.369,0.373,0.439,0.675,0.465,carrch01
Cory Carr,23,CHI,NBA,1998-99,42,7,624,71,216,66,186,5,30,24,32,8,41,49,66,21,7,46,66,171,0.329,0.355,0.167,0.34,0.75,0.372,carrco01
Vince Carter,22,TOR,NBA,1998-99,50,49,1760,345,766,326,700,19,66,204,268,94,189,283,149,55,77,110,140,913,0.45,0.466,0.288,0.463,0.761,0.516,cartevi01
Sam Cassell,29,TOT,NBA,1998-99,8,3,199,39,93,37,83,2,10,47,50,5,10,15,36,9,0,20,22,127,0.419,0.446,0.2,0.43,0.94,0.552,cassesa01
Kelvin Cato,24,POR,NBA,1998-99,43,0,545,58,129,57,128,1,1,34,67,49,101,150,19,23,56,27,100,151,0.45,0.445,1,0.453,0.507,0.476,catoke01
Duane Causwell,30,MIA,NBA,1998-99,19,1,137,20,35,20,35,0,0,4,12,14,21,35,2,0,11,18,32,44,0.571,0.571,,0.571,0.333,0.546,causwdu01
Cedric Ceballos,29,DAL,NBA,1998-99,13,5,352,59,140,48,112,11,28,34,49,23,62,85,12,7,5,28,23,163,0.421,0.429,0.393,0.461,0.694,0.504,cebalce01
Rex Chapman,31,PHO,NBA,1998-99,38,35,1183,165,459,112,308,53,151,76,91,12,92,104,109,34,9,54,46,459,0.359,0.364,0.351,0.417,0.835,0.46,chapmre01
Calbert Cheaney,27,WAS,NBA,1998-99,50,18,1266,172,415,164,378,8,37,33,67,33,108,141,73,39,16,42,146,385,0.414,0.434,0.216,0.424,0.493,0.433,cheanca01
Pete Chilcutt,30,VAN,NBA,1998-99,46,0,697,63,172,37,104,26,68,14,17,29,88,117,30,22,12,28,52,166,0.366,0.356,0.382,0.442,0.824,0.462,chilcpe01
Chris Childs,31,NYK,NBA,1998-99,48,0,1297,114,267,78,173,36,94,64,78,18,115,133,193,44,1,85,156,328,0.427,0.451,0.383,0.494,0.821,0.544,childch01
Doug Christie,28,TOR,NBA,1998-99,50,50,1768,252,650,203,489,49,161,207,246,59,148,207,187,113,26,119,111,760,0.388,0.415,0.304,0.425,0.841,0.501,chrisdo01
Keon Clark,23,DEN,NBA,1998-99,28,0,409,36,80,36,79,0,1,21,37,36,60,96,10,10,31,21,52,93,0.45,0.456,0,0.45,0.568,0.483,clarkke01
Keith Closs,22,LAC,NBA,1998-99,15,0,87,12,23,12,22,0,1,8,10,5,20,25,0,3,9,6,14,32,0.522,0.545,0,0.522,0.8,0.584,closske01
John Coker,27,WAS,NBA,1998-99,14,0,98,13,31,13,31,0,0,5,6,7,15,22,0,1,2,2,17,31,0.419,0.419,,0.419,0.833,0.461,cokerjo01
Derrick Coleman,31,CHH,NBA,1998-99,37,29,1178,168,406,161,373,7,33,143,190,76,252,328,78,24,42,90,96,486,0.414,0.432,0.212,0.422,0.753,0.496,colemde01
Bimbo Coles,30,GSW,NBA,1998-99,48,32,1272,183,414,177,389,6,25,83,101,21,96,117,222,45,11,82,113,455,0.442,0.455,0.24,0.449,0.822,0.496,colesbi01
Marty Conlon,31,MIA,NBA,1998-99,7,0,35,3,13,3,13,0,0,2,2,1,4,5,1,0,1,3,6,8,0.231,0.231,,0.231,1,0.288,conloma01
Tyrone Corbin,36,ATL,NBA,1998-99,47,6,1066,131,335,93,216,38,119,52,80,37,108,145,43,31,7,43,74,352,0.391,0.431,0.319,0.448,0.65,0.475,corbity01
James Cotton,23,SEA,NBA,1998-99,10,0,59,6,18,6,15,0,3,13,18,2,8,10,0,3,0,3,6,25,0.333,0.4,0,0.333,0.722,0.482,cottoja02
Chris Crawford,23,ATL,NBA,1998-99,42,30,784,110,255,99,222,11,33,57,70,37,53,90,24,10,13,48,106,288,0.431,0.446,0.333,0.453,0.814,0.504,crawfch01
Austin Croshere,23,IND,NBA,1998-99,27,0,249,32,75,24,46,8,29,20,23,16,29,45,10,7,8,23,32,92,0.427,0.522,0.276,0.48,0.87,0.54,croshau01
John Crotty,29,TOT,NBA,1998-99,27,0,382,51,124,37,88,14,36,43,50,8,23,31,63,11,0,33,31,159,0.411,0.42,0.389,0.468,0.86,0.545,crottjo01
Terry Cummings,37,GSW,NBA,1998-99,50,0,1011,186,424,185,423,1,1,81,114,95,160,255,58,46,10,58,168,454,0.439,0.437,1,0.44,0.711,0.479,cummite01
William Cunningham,24,TOT,NBA,1998-99,16,6,162,3,18,3,18,0,0,0,2,13,15,28,1,1,11,5,30,6,0.167,0.167,,0.167,0,0.159,cunniwi01
Bill Curley,26,MIN,NBA,1998-99,35,7,372,29,72,28,67,1,5,19,22,20,31,51,14,17,9,10,83,78,0.403,0.418,0.2,0.41,0.864,0.477,curlebi01
Dell Curry,34,MIL,NBA,1998-99,42,0,864,163,336,94,191,69,145,28,34,18,67,85,48,36,3,45,42,423,0.485,0.492,0.476,0.588,0.824,0.603,curryde01
Michael Curry,30,MIL,NBA,1998-99,50,4,1146,90,206,89,191,1,15,63,79,19,89,108,78,42,7,37,135,244,0.437,0.466,0.067,0.439,0.797,0.507,currymi01
Erick Dampier,23,GSW,NBA,1998-99,50,50,1414,161,414,161,414,0,0,120,204,164,218,382,54,26,58,92,165,442,0.389,0.389,,0.389,0.588,0.439,dampier01
Antonio Daniels,23,SAS,NBA,1998-99,47,0,614,83,183,78,166,5,17,49,65,13,41,54,106,30,6,44,39,220,0.454,0.47,0.294,0.467,0.754,0.52,daniean01
Kornel David,27,CHI,NBA,1998-99,50,6,902,109,243,109,242,0,1,90,111,70,103,173,40,23,17,48,88,308,0.449,0.45,0,0.449,0.811,0.528,davidko01
Antonio Davis,30,IND,NBA,1998-99,49,1,1271,164,348,164,348,0,0,135,192,116,228,344,33,22,42,50,136,463,0.471,0.471,,0.471,0.703,0.535,davisan01
Ben Davis,26,NYK,NBA,1998-99,8,0,21,7,17,7,17,0,0,3,6,9,2,11,3,0,0,1,4,17,0.412,0.412,,0.412,0.5,0.433,davisbe01
Dale Davis,29,IND,NBA,1998-99,50,50,1374,161,302,161,302,0,0,76,123,155,261,416,22,20,57,43,115,398,0.533,0.533,,0.533,0.618,0.559,davisda01
Hubert Davis,28,DAL,NBA,1998-99,50,21,1378,174,397,109,253,65,144,44,50,3,83,86,89,21,3,57,76,457,0.438,0.431,0.451,0.52,0.88,0.545,davishu01
Mark Davis,25,MIA,NBA,1998-99,4,1,35,2,6,2,6,0,0,5,6,2,5,7,1,1,0,7,12,9,0.333,0.333,,0.333,0.833,0.521,davisma02
Ricky Davis,19,CHH,NBA,1998-99,46,1,557,81,200,79,188,2,12,45,59,40,44,84,58,30,7,54,46,209,0.405,0.42,0.167,0.41,0.763,0.462,davisri01
Terry Davis,31,WAS,NBA,1998-99,37,34,578,49,92,49,92,0,0,28,38,50,89,139,10,11,3,16,79,126,0.533,0.533,,0.533,0.737,0.579,daviste01
Andrew DeClercq,25,TOT,NBA,1998-99,47,32,1102,138,276,138,276,0,0,95,141,104,151,255,31,50,29,54,161,371,0.5,0.5,,0.5,0.674,0.549,declean01
Terry Dehere,27,TOT,NBA,1998-99,26,0,291,31,85,15,46,16,39,5,7,7,17,24,27,7,3,16,30,83,0.365,0.326,0.41,0.459,0.714,0.471,deherte01
Vinny Del Negro,32,MIL,NBA,1998-99,48,7,1093,114,270,101,240,13,30,40,50,14,88,102,174,33,3,55,62,281,0.422,0.421,0.433,0.446,0.8,0.481,delnevi01
Bison Dele,29,DET,NBA,1998-99,49,48,1177,216,431,216,430,0,1,81,118,92,180,272,71,38,40,111,181,513,0.501,0.502,0,0.501,0.686,0.531,delebi01
Tony Delk,25,GSW,NBA,1998-99,36,13,630,92,253,76,187,16,66,46,71,11,43,54,95,16,6,45,47,246,0.364,0.406,0.242,0.395,0.648,0.433,delkto01
Michael Dickerson,23,HOU,NBA,1998-99,50,50,1558,215,462,144,298,71,164,46,72,26,57,83,95,27,11,66,90,547,0.465,0.483,0.433,0.542,0.639,0.554,dickemi01
Vlade Divac,30,SAC,NBA,1998-99,50,50,1761,262,557,251,514,11,43,179,255,140,361,501,215,44,51,131,166,714,0.47,0.488,0.256,0.48,0.702,0.533,divacvl01
Michael Doleac,21,ORL,NBA,1998-99,49,0,780,125,267,125,267,0,0,54,80,66,82,148,20,19,17,26,117,304,0.468,0.468,,0.468,0.675,0.503,doleami01
Sherman Douglas,32,LAC,NBA,1998-99,30,19,842,96,219,96,208,0,11,55,87,16,42,58,124,27,3,61,54,247,0.438,0.462,0,0.438,0.632,0.48,douglsh01
Bryce Drew,24,HOU,NBA,1998-99,34,0,441,47,129,31,80,16,49,8,8,3,29,32,52,12,4,31,61,118,0.364,0.388,0.327,0.426,1,0.445,drewbr01
Chris Dudley,33,NYK,NBA,1998-99,46,16,685,48,109,48,109,0,0,19,40,79,114,193,7,13,38,24,116,115,0.44,0.44,,0.44,0.475,0.454,dudlech02
Joe Dumars,35,DET,NBA,1998-99,38,38,1116,144,350,55,129,89,221,51,61,12,56,68,134,23,2,53,51,428,0.411,0.426,0.403,0.539,0.836,0.568,dumarjo01
Tim Duncan,22,SAS,NBA,1998-99,50,50,1963,418,845,417,838,1,7,247,358,159,412,571,121,45,126,146,147,1084,0.495,0.498,0.143,0.495,0.69,0.541,duncati01
Blue Edwards,33,MIA,NBA,1998-99,24,0,283,32,72,28,62,4,10,9,13,7,26,33,30,17,5,21,23,77,0.444,0.452,0.4,0.472,0.692,0.495,edwarbl01
Howard Eisley,26,UTA,NBA,1998-99,50,0,1038,140,314,119,264,21,50,67,80,12,82,94,185,30,2,109,122,368,0.446,0.451,0.42,0.479,0.838,0.527,eisleho01
Mario Elie,35,SAS,NBA,1998-99,47,37,1291,156,331,116,224,40,107,103,119,36,101,137,89,46,12,61,91,455,0.471,0.518,0.374,0.532,0.866,0.593,eliema01
Sean Elliott,30,SAS,NBA,1998-99,50,50,1509,208,507,169,388,39,119,106,140,35,178,213,117,26,17,71,104,561,0.41,0.436,0.328,0.449,0.757,0.493,elliose01
Dale Ellis,38,SEA,NBA,1998-99,48,5,1232,174,395,80,178,94,217,53,70,25,90,115,38,25,3,45,77,495,0.441,0.449,0.433,0.559,0.757,0.581,ellisda01
LaPhonso Ellis,28,ATL,NBA,1998-99,20,20,539,80,190,79,185,1,5,43,61,25,84,109,18,8,7,34,48,204,0.421,0.427,0.2,0.424,0.705,0.47,ellisla01
Brian Evans,25,TOT,NBA,1998-99,16,0,145,13,44,9,31,4,13,4,4,6,13,19,15,5,3,2,8,34,0.295,0.29,0.308,0.341,1,0.372,evansbr01
Patrick Ewing,36,NYK,NBA,1998-99,38,38,1300,247,568,247,566,0,2,163,231,74,303,377,43,30,100,99,105,657,0.435,0.436,0,0.435,0.706,0.491,ewingpa01
Jamie Feick,24,TOT,NBA,1998-99,28,16,852,67,134,67,134,0,0,43,60,112,176,288,24,25,18,34,73,177,0.5,0.5,,0.5,0.717,0.552,feickja01
Duane Ferrell,33,GSW,NBA,1998-99,8,0,46,1,14,1,14,0,0,3,4,5,1,6,0,1,1,1,4,5,0.071,0.071,,0.071,0.75,0.159,ferredu01
Danny Ferry,32,CLE,NBA,1998-99,50,10,1058,141,296,103,199,38,97,29,33,16,86,102,53,23,10,39,113,349,0.476,0.518,0.392,0.541,0.879,0.562,ferryda01
Michael Finley,25,DAL,NBA,1998-99,50,50,2051,389,876,344,740,45,136,186,226,69,194,263,218,66,15,107,96,1009,0.444,0.465,0.331,0.47,0.823,0.517,finlemi01
Derek Fisher,24,LAL,NBA,1998-99,50,21,1131,99,263,61,166,38,97,60,79,21,70,91,197,61,1,77,95,296,0.376,0.367,0.392,0.449,0.759,0.497,fishede01
Danny Fortson,22,DEN,NBA,1998-99,50,38,1417,191,386,191,383,0,3,168,231,210,371,581,32,31,22,77,212,550,0.495,0.499,0,0.495,0.727,0.564,fortsda01
Greg Foster,30,UTA,NBA,1998-99,42,1,458,52,138,51,134,1,4,13,21,28,55,83,25,6,8,24,63,118,0.377,0.381,0.25,0.38,0.619,0.401,fostegr01
Rick Fox,29,LAL,NBA,1998-99,44,1,944,148,330,116,235,32,95,66,89,26,63,89,89,28,10,56,114,394,0.448,0.494,0.337,0.497,0.742,0.534,foxri01
Adonal Foyle,23,GSW,NBA,1998-99,44,0,614,52,121,52,121,0,0,25,51,79,115,194,18,15,43,31,90,129,0.43,0.43,,0.43,0.49,0.45,foylead01
Todd Fuller,24,UTA,NBA,1998-99,42,2,462,56,124,56,124,0,0,30,50,28,73,101,6,6,14,27,60,142,0.452,0.452,,0.452,0.6,0.486,fulleto02
Lawrence Funderburke,28,SAC,NBA,1998-99,47,2,936,167,299,166,294,1,5,85,120,101,121,222,30,22,23,52,77,420,0.559,0.565,0.2,0.56,0.708,0.597,fundela01
Kevin Garnett,22,MIN,NBA,1998-99,47,47,1780,414,900,410,886,4,14,145,206,166,323,489,202,78,83,135,152,977,0.46,0.463,0.286,0.462,0.704,0.493,garneke01
Marlon Garnett,23,BOS,NBA,1998-99,24,0,205,15,51,9,28,6,23,15,20,3,18,21,18,5,1,12,18,51,0.294,0.321,0.261,0.353,0.75,0.426,garnema01
Dean Garrett,32,MIN,NBA,1998-99,49,37,1054,116,231,116,231,0,0,38,51,99,158,257,28,30,45,29,113,270,0.502,0.502,,0.502,0.745,0.533,garrede01
Pat Garrity,22,PHO,NBA,1998-99,39,9,538,85,170,78,152,7,18,40,56,26,49,75,18,8,3,20,62,217,0.5,0.513,0.389,0.521,0.714,0.557,garripa01
Chris Gatling,31,TOT,NBA,1998-99,48,3,775,117,265,116,257,1,8,37,93,52,127,179,32,32,10,62,118,272,0.442,0.451,0.125,0.443,0.398,0.445,gatlich01
Andrew Gaze,33,SAS,NBA,1998-99,19,0,58,8,25,3,9,5,16,0,0,2,3,5,6,2,1,4,7,21,0.32,0.333,0.313,0.42,,0.42,gazean01
Matt Geiger,29,PHI,NBA,1998-99,50,40,1540,266,555,265,550,1,5,141,177,137,225,362,58,39,40,101,157,674,0.479,0.482,0.2,0.48,0.797,0.532,geigema01
Kendall Gill,30,NJN,NBA,1998-99,50,47,1606,236,593,234,576,2,17,114,167,61,183,244,123,134,26,71,162,588,0.398,0.406,0.118,0.4,0.683,0.441,gillke01
Armen Gilliam,34,MIL,NBA,1998-99,34,5,668,101,223,101,222,0,1,79,101,33,93,126,19,22,12,36,48,281,0.453,0.455,0,0.453,0.782,0.525,gilliar01
Brian Grant,26,POR,NBA,1998-99,48,46,1525,183,382,183,382,0,0,184,226,173,297,470,67,21,34,96,136,550,0.479,0.479,,0.479,0.814,0.571,grantbr01
Gary Grant,33,POR,NBA,1998-99,2,0,7,0,1,0,1,0,0,0,0,0,0,0,3,1,0,0,0,0,0,0,,0,,0,grantga01
Harvey Grant,33,PHI,NBA,1998-99,47,10,798,62,168,61,162,1,6,21,29,36,74,110,23,20,16,21,73,146,0.369,0.377,0.167,0.372,0.724,0.404,grantha01
Horace Grant,33,ORL,NBA,1998-99,50,50,1660,198,456,198,454,0,2,47,70,117,234,351,90,46,60,44,99,443,0.434,0.436,0,0.434,0.671,0.455,grantho01
Paul Grant,25,TOT,NBA,1998-99,6,0,13,2,6,2,6,0,0,0,0,1,0,1,0,1,0,2,4,4,0.333,0.333,,0.333,,0.333,grantpa01
Ed Gray,23,ATL,NBA,1998-99,30,3,337,53,182,41,140,12,42,28,37,7,21,28,12,12,1,29,30,146,0.291,0.293,0.286,0.324,0.757,0.368,grayed01
A.C. Green,35,DAL,NBA,1998-99,50,35,924,108,256,108,248,0,8,30,52,82,146,228,25,28,8,19,69,246,0.422,0.435,0,0.422,0.577,0.441,greenac01
Litterial Green,28,CLE,NBA,1998-99,1,0,2,0,1,0,1,0,0,0,0,0,0,0,0,0,0,0,0,0,0,0,,0,,0,greenli01
Tom Gugliotta,29,PHO,NBA,1998-99,43,43,1563,277,573,275,566,2,7,173,218,131,250,381,121,59,21,88,110,729,0.483,0.486,0.286,0.485,0.794,0.545,guglito01
Tom Hammonds,31,MIN,NBA,1998-99,49,0,716,82,179,82,179,0,0,48,75,54,82,136,20,8,7,32,88,212,0.458,0.458,,0.458,0.64,0.5,hammoto01
Anfernee Hardaway,27,ORL,NBA,1998-99,50,50,1944,301,717,261,577,40,140,149,211,74,210,284,266,111,23,150,111,791,0.42,0.452,0.286,0.448,0.706,0.488,hardaan01
Tim Hardaway,32,MIA,NBA,1998-99,48,48,1772,301,752,189,441,112,311,121,149,15,137,152,352,57,6,131,102,835,0.4,0.429,0.36,0.475,0.812,0.511,hardati01
Derek Harper,37,LAL,NBA,1998-99,45,29,1120,120,291,77,174,43,117,26,32,13,54,67,187,44,4,52,66,309,0.412,0.443,0.368,0.486,0.813,0.506,harpede01
Ron Harper,35,CHI,NBA,1998-99,35,35,1107,147,390,120,305,27,85,71,101,49,131,180,115,60,35,65,80,392,0.377,0.393,0.318,0.412,0.703,0.451,harpero01
Matt Harpring,22,ORL,NBA,1998-99,50,22,1114,148,320,138,295,10,25,102,143,88,126,214,45,30,6,73,112,408,0.463,0.468,0.4,0.478,0.713,0.533,harprma01
Al Harrington,18,IND,NBA,1998-99,21,0,160,18,56,18,51,0,5,9,15,20,19,39,5,4,2,11,26,45,0.321,0.353,0,0.321,0.6,0.359,harrial01
Othella Harrington,25,HOU,NBA,1998-99,41,10,903,156,304,156,304,0,0,88,122,72,174,246,15,6,25,61,103,400,0.513,0.513,,0.513,0.721,0.559,harriot01
Lucious Harris,28,NJN,NBA,1998-99,36,5,602,73,181,62,131,11,50,36,48,21,46,67,31,18,7,18,52,193,0.403,0.473,0.22,0.434,0.75,0.477,harrilu01
Hersey Hawkins,32,SEA,NBA,1998-99,50,34,1644,171,408,116,228,55,180,119,132,51,150,201,123,80,18,80,90,516,0.419,0.509,0.306,0.487,0.902,0.554,hawkihe01
Michael Hawkins,26,SAC,NBA,1998-99,24,0,203,14,40,9,21,5,19,3,3,10,15,25,27,3,1,13,14,36,0.35,0.429,0.263,0.413,1,0.436,hawkimi01
Alan Henderson,26,ATL,NBA,1998-99,38,37,1142,187,423,187,422,0,1,100,149,100,150,250,28,33,19,58,96,474,0.442,0.443,0,0.442,0.671,0.485,hendeal01
Cedric Henderson,23,CLE,NBA,1998-99,50,48,1517,189,453,187,441,2,12,74,91,45,152,197,113,58,24,97,136,454,0.417,0.424,0.167,0.419,0.813,0.46,hendece02
J.R. Henderson,22,VAN,NBA,1998-99,30,0,331,35,96,33,91,2,5,25,45,20,27,47,22,9,4,18,29,97,0.365,0.363,0.4,0.375,0.556,0.419,hendejr01
Mark Hendrickson,24,NJN,NBA,1998-99,22,6,399,39,88,39,87,0,1,42,50,27,41,68,13,12,1,15,39,120,0.443,0.448,0,0.443,0.84,0.545,hendrma01
Steve Henson,30,DET,NBA,1998-99,4,0,25,1,2,1,2,0,0,2,2,0,0,0,3,1,0,3,1,4,0.5,0.5,,0.5,1,0.694,hensost01
Carl Herrera,32,TOT,NBA,1998-99,28,0,307,30,76,30,75,0,1,5,11,25,37,62,4,12,7,16,41,65,0.395,0.4,0,0.395,0.455,0.402,herreca01
Grant Hill,26,DET,NBA,1998-99,50,50,1852,384,802,384,788,0,14,285,379,65,290,355,300,80,27,184,114,1053,0.479,0.487,0,0.479,0.752,0.543,hillgr01
Tyrone Hill,30,TOT,NBA,1998-99,38,23,1104,122,268,122,268,0,0,81,150,115,172,287,35,34,16,59,145,325,0.455,0.455,,0.455,0.54,0.487,hillty01
Fred Hoiberg,26,IND,NBA,1998-99,12,0,87,6,21,5,12,1,9,6,6,2,9,11,4,0,0,3,11,19,0.286,0.417,0.111,0.31,1,0.402,hoibefr01
Jerald Honeycutt,24,TOT,NBA,1998-99,16,0,102,9,32,4,15,5,17,7,10,3,9,12,3,5,2,9,16,30,0.281,0.267,0.294,0.359,0.7,0.412,honeyje01
Jeff Hornacek,35,UTA,NBA,1998-99,48,48,1435,214,449,180,368,34,81,125,140,33,127,160,192,52,14,82,95,587,0.477,0.489,0.42,0.514,0.893,0.575,hornaje01
Robert Horry,28,LAL,NBA,1998-99,38,5,744,67,146,47,101,20,45,34,46,56,96,152,56,36,39,49,103,188,0.459,0.465,0.444,0.527,0.739,0.565,horryro01
Allan Houston,27,NYK,NBA,1998-99,50,50,1815,294,703,237,563,57,140,168,195,20,132,152,137,35,9,130,115,813,0.418,0.421,0.407,0.459,0.862,0.515,houstal01
Juwan Howard,25,WAS,NBA,1998-99,36,36,1430,286,604,286,601,0,3,110,146,90,203,293,107,42,14,95,130,682,0.474,0.476,0,0.474,0.753,0.51,howarju01
Troy Hudson,22,LAC,NBA,1998-99,25,6,524,60,150,45,103,15,47,34,38,15,40,55,92,11,2,38,28,169,0.4,0.437,0.319,0.45,0.895,0.507,hudsotr01
Larry Hughes,20,PHI,NBA,1998-99,50,1,988,170,414,162,362,8,52,107,151,83,106,189,77,44,14,68,97,455,0.411,0.448,0.154,0.42,0.709,0.474,hughela01
Lindsey Hunter,28,DET,NBA,1998-99,49,49,1755,228,524,169,371,59,153,67,89,26,142,168,193,86,8,92,126,582,0.435,0.456,0.386,0.491,0.753,0.517,hunteli01
Zydrunas Ilgauskas,23,CLE,NBA,1998-99,5,5,171,29,57,29,57,0,0,18,30,17,27,44,4,4,7,9,24,76,0.509,0.509,,0.509,0.6,0.541,ilgauzy01
Allen Iverson,23,PHI,NBA,1998-99,48,48,1990,435,1056,377,857,58,199,356,474,66,170,236,223,110,7,167,98,1284,0.412,0.44,0.291,0.439,0.751,0.508,iversal01
Bobby Jackson,25,MIN,NBA,1998-99,50,12,941,141,348,131,321,10,27,61,79,43,92,135,167,39,3,75,75,353,0.405,0.408,0.37,0.42,0.772,0.461,jacksbo01
Jaren Jackson,31,SAS,NBA,1998-99,47,13,861,108,284,55,137,53,147,32,39,21,78,99,49,41,9,37,63,301,0.38,0.401,0.361,0.474,0.821,0.5,jacksja01
Jim Jackson,28,POR,NBA,1998-99,49,9,1175,152,370,127,280,25,90,85,101,36,123,159,128,43,6,82,80,414,0.411,0.454,0.278,0.445,0.842,0.499,jacksji01
Mark Jackson,33,IND,NBA,1998-99,49,49,1382,138,329,106,226,32,103,65,79,33,151,184,386,42,3,99,58,373,0.419,0.469,0.311,0.468,0.823,0.513,jacksma01
Randell Jackson,23,WAS,NBA,1998-99,27,8,271,46,108,45,101,1,7,21,32,30,24,54,8,3,11,26,29,114,0.426,0.446,0.143,0.431,0.656,0.467,jacksra02
Sam Jacobson,23,LAL,NBA,1998-99,2,0,12,3,5,3,4,0,1,2,2,0,3,3,0,0,0,1,2,8,0.6,0.75,0,0.6,1,0.68,jacobsa01
Jerome James,23,SAC,NBA,1998-99,16,0,42,9,24,9,24,0,0,6,12,6,11,17,1,2,6,9,11,24,0.375,0.375,,0.375,0.5,0.41,jamesje01
Antawn Jamison,22,GSW,NBA,1998-99,47,24,1058,178,394,175,384,3,10,90,153,131,170,301,34,38,16,68,102,449,0.452,0.456,0.3,0.456,0.588,0.487,jamisan01
Anthony Johnson,24,ATL,NBA,1998-99,49,2,885,91,225,86,206,5,19,57,82,16,59,75,107,35,7,65,67,244,0.404,0.417,0.263,0.416,0.695,0.467,johnsan02
Avery Johnson,33,SAS,NBA,1998-99,50,50,1672,218,461,217,449,1,12,50,88,22,96,118,369,51,11,112,101,487,0.473,0.483,0.083,0.474,0.568,0.487,johnsav01
Eddie Johnson,39,HOU,NBA,1998-99,3,0,18,6,13,6,12,0,1,0,0,0,2,2,1,0,0,2,3,12,0.462,0.5,0,0.462,,0.462,johnsed03
Ervin Johnson,31,MIL,NBA,1998-99,50,7,1027,96,189,96,189,0,0,64,105,120,200,320,19,29,57,47,151,256,0.508,0.508,,0.508,0.61,0.544,johnser02
Larry Johnson,29,NYK,NBA,1998-99,49,48,1639,210,458,177,366,33,92,134,164,91,193,284,119,34,10,89,147,587,0.459,0.484,0.359,0.495,0.817,0.554,johnsla02
Charles Jones,23,CHI,NBA,1998-99,29,5,476,39,123,20,62,19,61,11,22,9,33,42,41,18,5,29,30,108,0.317,0.323,0.311,0.394,0.5,0.407,jonesch03
Damon Jones,22,TOT,NBA,1998-99,24,0,344,43,119,18,57,25,62,14,17,6,38,44,42,13,0,17,23,125,0.361,0.316,0.403,0.466,0.824,0.494,jonesda01
Eddie Jones,27,TOT,NBA,1998-99,50,50,1881,260,595,212,453,48,142,212,271,50,144,194,186,125,58,93,128,780,0.437,0.468,0.338,0.477,0.782,0.546,jonesed02
Popeye Jones,28,BOS,NBA,1998-99,18,2,206,20,51,20,50,0,1,14,17,28,24,52,15,5,0,7,31,54,0.392,0.4,0,0.392,0.824,0.462,jonespo01
Adonis Jordan,28,MIL,NBA,1998-99,4,0,18,2,4,2,2,0,2,2,4,0,0,0,3,3,0,2,0,6,0.5,1,0,0.5,0.5,0.521,jordaad01
Reggie Jordan,31,MIN,NBA,1998-99,27,1,296,15,54,15,54,0,0,21,38,27,32,59,41,12,5,14,38,51,0.278,0.278,,0.278,0.553,0.361,jordare01
Adam Keefe,28,UTA,NBA,1998-99,44,0,642,56,124,56,120,0,4,62,89,51,91,142,28,16,12,33,63,174,0.452,0.467,0,0.452,0.697,0.533,keefead01
Shawn Kemp,29,CLE,NBA,1998-99,42,42,1475,277,575,276,573,1,2,307,389,131,257,388,101,48,45,127,159,862,0.482,0.482,0.5,0.483,0.789,0.578,kempsh01
Jonathan Kerner,24,ORL,NBA,1998-99,1,0,5,0,1,0,1,0,0,0,0,0,0,0,0,0,0,0,2,0,0,0,,0,,0,kernejo01
Steve Kerr,33,SAS,NBA,1998-99,44,0,734,68,174,43,94,25,80,31,35,6,38,44,49,23,3,22,28,192,0.391,0.457,0.313,0.463,0.886,0.507,kerrst01
Jerome Kersey,36,SAS,NBA,1998-99,45,0,699,68,200,65,186,3,14,6,14,42,88,130,41,37,14,30,92,145,0.34,0.349,0.214,0.348,0.429,0.352,kerseje01
Jason Kidd,25,PHO,NBA,1998-99,50,50,2060,310,698,265,575,45,123,181,239,87,252,339,539,114,19,150,108,846,0.444,0.461,0.366,0.476,0.757,0.527,kiddja01
Chris King,29,UTA,NBA,1998-99,8,0,42,2,7,2,7,0,0,0,4,1,10,11,1,2,1,4,8,4,0.286,0.286,,0.286,0,0.228,kingch01
Gerard King,26,SAS,NBA,1998-99,19,0,63,6,14,6,14,0,0,11,18,6,8,14,4,2,1,4,12,23,0.429,0.429,,0.429,0.611,0.525,kingge02
Kerry Kittles,24,NJN,NBA,1998-99,46,40,1570,227,613,177,455,50,158,88,114,52,139,191,116,79,26,66,82,592,0.37,0.389,0.316,0.411,0.772,0.446,kittlke01
Joe Kleine,37,PHO,NBA,1998-99,31,5,374,30,74,30,72,0,2,8,12,27,40,67,12,8,1,10,46,68,0.405,0.417,0,0.405,0.667,0.429,kleinjo01
Brevin Knight,23,CLE,NBA,1998-99,39,38,1186,134,315,134,310,0,5,105,141,16,115,131,302,70,7,105,115,373,0.425,0.432,0,0.425,0.745,0.495,knighbr01
Negele Knight,31,TOR,NBA,1998-99,6,0,56,3,8,3,7,0,1,2,4,1,5,6,8,1,0,7,5,8,0.375,0.429,0,0.375,0.5,0.41,knighne01
Travis Knight,24,LAL,NBA,1998-99,37,23,525,67,130,67,129,0,1,22,29,34,94,128,31,21,27,35,108,156,0.515,0.519,0,0.515,0.759,0.546,knightr01
Toni Kukoc,30,CHI,NBA,1998-99,44,44,1654,315,750,276,613,39,137,159,215,65,245,310,235,49,11,121,82,828,0.42,0.45,0.285,0.446,0.74,0.49,kukocto01
Christian Laettner,29,DET,NBA,1998-99,16,0,337,38,106,37,103,1,3,44,57,21,33,54,24,15,12,19,30,121,0.358,0.359,0.333,0.363,0.772,0.462,laettch01
Raef LaFrentz,22,DEN,NBA,1998-99,12,12,387,59,129,47,98,12,31,36,48,33,58,91,8,9,17,9,38,166,0.457,0.48,0.387,0.504,0.75,0.553,lafrera01
Andrew Lang,32,CHI,NBA,1998-99,21,13,386,32,99,32,99,0,0,16,23,33,60,93,13,5,12,17,43,80,0.323,0.323,,0.323,0.696,0.367,langan01
Antonio Lang,26,CLE,NBA,1998-99,10,0,65,4,6,4,6,0,0,5,9,6,10,16,1,2,1,4,13,13,0.667,0.667,,0.667,0.556,0.653,langan02
Rusty LaRue,25,CHI,NBA,1998-99,43,6,732,78,217,48,128,30,89,17,17,9,47,56,63,33,3,34,66,203,0.359,0.375,0.337,0.429,1,0.452,larueru01
Tim Legler,32,WAS,NBA,1998-99,30,0,377,51,115,37,80,14,35,3,6,8,32,40,21,4,3,14,42,119,0.443,0.463,0.4,0.504,0.5,0.506,legleti01
Voshon Lenard,25,MIA,NBA,1998-99,12,2,190,31,79,19,44,12,35,8,11,4,12,16,10,3,1,7,18,82,0.392,0.432,0.343,0.468,0.727,0.489,lenarvo01
Rashard Lewis,19,SEA,NBA,1998-99,20,7,145,19,52,18,46,1,6,8,14,13,12,25,4,8,1,20,19,47,0.365,0.391,0.167,0.375,0.571,0.404,lewisra02
Randy Livingston,23,PHO,NBA,1998-99,1,0,22,5,8,5,8,0,0,2,2,0,2,2,3,2,0,1,1,12,0.625,0.625,,0.625,1,0.676,livinra01
Grant Long,32,ATL,NBA,1998-99,50,13,1380,151,359,148,341,3,18,184,235,100,196,296,53,57,16,74,143,489,0.421,0.434,0.167,0.425,0.783,0.529,longgr01
Luc Longley,30,PHO,NBA,1998-99,39,39,933,140,290,140,290,0,0,59,76,59,162,221,45,23,21,53,119,339,0.483,0.483,,0.483,0.776,0.524,longllu01
Felipe Lopez,24,VAN,NBA,1998-99,47,32,1218,169,379,157,335,12,44,87,135,69,97,166,62,49,14,82,128,437,0.446,0.469,0.273,0.462,0.644,0.498,lopezfe01
Tyronn Lue,21,LAL,NBA,1998-99,15,0,188,28,65,21,49,7,16,12,21,2,4,6,25,5,0,11,28,75,0.431,0.429,0.438,0.485,0.571,0.505,luety01
George Lynch,28,PHI,NBA,1998-99,43,43,1315,147,349,138,326,9,23,53,84,110,169,279,76,85,22,79,142,356,0.421,0.423,0.391,0.434,0.631,0.461,lynchge01
Sam Mack,28,TOT,NBA,1998-99,44,15,1083,167,384,80,165,87,219,51,58,14,81,95,55,35,4,33,94,472,0.435,0.485,0.397,0.548,0.879,0.576,macksa01
Don MacLean,29,SEA,NBA,1998-99,17,10,365,63,159,54,126,9,33,50,80,18,47,65,16,5,5,25,34,185,0.396,0.429,0.273,0.425,0.625,0.476,macledo01
Mark Macon,29,DET,NBA,1998-99,7,3,69,4,20,3,17,1,3,0,0,3,2,5,4,5,1,6,6,9,0.2,0.176,0.333,0.225,,0.225,maconma01
Rick Mahorn,40,PHI,NBA,1998-99,16,0,127,5,18,5,18,0,0,3,8,7,16,23,2,5,1,6,22,13,0.278,0.278,,0.278,0.375,0.302,mahorri01
Dan Majerle,33,MIA,NBA,1998-99,48,48,1624,118,298,50,95,68,203,33,46,21,187,208,150,38,7,55,100,337,0.396,0.526,0.335,0.51,0.717,0.529,majerda01
Karl Malone,35,UTA,NBA,1998-99,49,49,1832,393,797,393,796,0,1,378,480,107,356,463,201,62,28,162,134,1164,0.493,0.494,0,0.493,0.788,0.577,malonka01
Matt Maloney,27,HOU,NBA,1998-99,15,7,186,5,28,4,13,1,15,10,11,2,8,10,21,4,0,14,7,21,0.179,0.308,0.067,0.196,0.909,0.32,malonma01
Danny Manning,32,PHO,NBA,1998-99,50,5,1184,187,386,186,377,1,9,78,112,62,157,219,113,36,38,69,129,453,0.484,0.493,0.111,0.486,0.696,0.52,mannida01
Stephon Marbury,21,TOT,NBA,1998-99,49,49,1895,378,883,312,686,66,197,222,278,37,105,142,437,59,8,164,125,1044,0.428,0.455,0.335,0.465,0.799,0.519,marbust01
Sean Marks,23,TOR,NBA,1998-99,8,0,28,5,8,5,8,0,0,1,2,0,1,1,0,1,0,3,3,11,0.625,0.625,,0.625,0.5,0.619,marksse01
Donyell Marshall,25,GSW,NBA,1998-99,48,20,1250,208,494,182,422,26,72,88,121,115,227,342,66,47,37,80,123,530,0.421,0.431,0.361,0.447,0.727,0.484,marshdo01
Darrick Martin,27,LAC,NBA,1998-99,37,25,941,102,278,71,172,31,106,61,76,5,43,48,144,43,4,67,82,296,0.367,0.413,0.292,0.423,0.803,0.475,martida01
Jamal Mashburn,26,MIA,NBA,1998-99,24,23,855,134,297,121,267,13,30,75,104,24,122,146,75,20,3,60,58,356,0.451,0.453,0.433,0.473,0.721,0.519,mashbja01
Tony Massenburg,31,VAN,NBA,1998-99,43,35,1143,189,388,189,386,0,2,103,155,83,174,257,23,26,39,64,108,481,0.487,0.49,0,0.487,0.665,0.527,masseto01
Vernon Maxwell,33,SAC,NBA,1998-99,46,1,1007,164,421,84,190,80,231,84,114,13,72,85,76,30,3,67,111,492,0.39,0.442,0.346,0.485,0.737,0.522,maxweve01
Lee Mayberry,28,VAN,NBA,1998-99,9,0,126,7,19,5,9,2,10,4,5,0,3,3,23,7,0,11,13,20,0.368,0.556,0.2,0.421,0.8,0.472,maybele01
Kelly McCarty,23,DEN,NBA,1998-99,2,0,4,2,3,2,3,0,0,0,0,2,1,3,0,0,0,2,0,4,0.667,0.667,,0.667,,0.667,mccarke01
Walter McCarty,24,BOS,NBA,1998-99,32,4,659,64,177,51,127,13,50,40,57,36,79,115,40,24,13,40,88,181,0.362,0.402,0.26,0.398,0.702,0.448,mccarwa01
George McCloud,31,PHO,NBA,1998-99,48,16,1245,142,324,73,158,69,166,75,87,34,128,162,79,45,14,49,128,428,0.438,0.462,0.416,0.545,0.862,0.591,mccloge01
Jelani McCoy,21,SEA,NBA,1998-99,26,0,331,56,76,56,76,0,0,21,42,27,52,79,4,11,20,10,42,133,0.737,0.737,,0.737,0.5,0.704,mccoyje01
Antonio McDyess,24,DEN,NBA,1998-99,50,50,1937,415,882,414,873,1,9,230,338,168,369,537,82,73,115,138,175,1061,0.471,0.474,0.111,0.471,0.68,0.515,mcdyean01
Tracy McGrady,19,TOR,NBA,1998-99,49,2,1106,168,385,160,350,8,35,114,157,120,158,278,113,52,66,80,94,458,0.436,0.457,0.229,0.447,0.726,0.504,mcgratr01
Jim McIlvaine,26,NJN,NBA,1998-99,22,1,269,22,51,22,51,0,0,4,6,31,23,54,2,9,32,13,59,48,0.431,0.431,,0.431,0.667,0.447,mcilvji01
Jeff McInnis,24,WAS,NBA,1998-99,35,6,427,50,134,41,99,9,35,21,28,9,12,21,73,19,1,30,36,130,0.373,0.414,0.257,0.407,0.75,0.444,mcinnje01
Derrick McKey,32,IND,NBA,1998-99,13,0,244,23,52,23,51,0,1,14,17,18,23,41,13,12,4,12,24,60,0.442,0.451,0,0.442,0.824,0.504,mckeyde01
Aaron McKie,26,PHI,NBA,1998-99,50,4,959,95,237,89,206,6,31,44,62,27,113,140,100,63,3,57,90,240,0.401,0.432,0.194,0.414,0.71,0.454,mckieaa01
Roshown McLeod,23,ATL,NBA,1998-99,34,0,348,62,163,61,153,1,10,37,45,12,38,50,14,2,1,23,24,162,0.38,0.399,0.1,0.383,0.822,0.443,mcleoro01
Ron Mercer,22,BOS,NBA,1998-99,41,40,1551,305,707,300,677,5,30,83,105,37,118,155,104,67,12,89,81,698,0.431,0.443,0.167,0.435,0.79,0.463,mercero01
Loren Meyer,26,DEN,NBA,1998-99,14,0,70,7,28,6,23,1,5,1,2,4,12,16,1,0,3,4,22,16,0.25,0.261,0.2,0.268,0.5,0.277,meyerlo01
Marko Milic,21,PHO,NBA,1998-99,11,0,53,8,20,8,19,0,1,0,0,3,2,5,2,3,1,6,7,16,0.4,0.421,0,0.4,,0.4,milicma01
Anthony Miller,27,HOU,NBA,1998-99,29,0,249,28,60,28,59,0,1,14,22,26,41,67,7,7,5,9,34,70,0.467,0.475,0,0.467,0.636,0.502,millean01
Brad Miller,22,CHH,NBA,1998-99,38,0,469,78,138,77,136,1,2,81,102,35,82,117,22,9,18,32,65,238,0.565,0.566,0.5,0.569,0.794,0.651,millebr01
Oliver Miller,28,SAC,NBA,1998-99,4,0,35,5,11,5,11,0,0,0,0,7,1,8,0,0,2,4,3,10,0.455,0.455,,0.455,,0.455,milleol01
Reggie Miller,33,IND,NBA,1998-99,50,50,1787,294,671,188,396,106,275,226,247,25,110,135,112,37,9,76,101,920,0.438,0.475,0.385,0.517,0.915,0.59,millere01
Chris Mills,29,GSW,NBA,1998-99,47,24,1395,186,453,154,338,32,115,79,96,49,188,237,103,39,14,58,125,483,0.411,0.456,0.278,0.446,0.823,0.488,millsch01
Terry Mills,31,MIA,NBA,1998-99,1,0,29,3,8,1,4,2,4,1,2,3,1,4,0,1,0,3,3,9,0.375,0.25,0.5,0.5,0.5,0.507,millste01
Greg Minor,27,BOS,NBA,1998-99,44,7,765,85,204,77,176,8,28,36,48,31,86,117,50,20,6,38,69,214,0.417,0.438,0.286,0.436,0.75,0.475,minorgr01
Sam Mitchell,35,MIN,NBA,1998-99,50,20,1344,213,522,204,484,9,38,126,165,55,127,182,98,35,16,34,111,561,0.408,0.421,0.237,0.417,0.764,0.472,mitchsa01
Cuttino Mobley,23,HOU,NBA,1998-99,49,37,1456,172,405,119,257,53,148,90,110,22,89,111,121,44,23,79,98,487,0.425,0.463,0.358,0.49,0.818,0.537,moblecu01
Nazr Mohammed,21,PHI,NBA,1998-99,26,0,121,15,42,15,42,0,0,12,21,18,19,37,2,5,4,12,22,42,0.357,0.357,,0.357,0.571,0.41,mohamna01
Eric Montross,27,DET,NBA,1998-99,46,2,577,42,80,42,79,0,1,11,32,45,94,139,14,12,27,16,107,95,0.525,0.532,0,0.525,0.344,0.505,montrer01
Mikki Moore,23,DET,NBA,1998-99,2,0,6,1,1,1,1,0,0,2,2,0,1,1,0,0,0,0,0,4,1,1,,1,1,1.064,mooremi01
Chris Morris,33,PHO,NBA,1998-99,44,2,535,64,149,48,93,16,56,40,46,54,67,121,23,16,11,21,54,184,0.43,0.516,0.286,0.483,0.87,0.544,morrich01
Alonzo Mourning,28,MIA,NBA,1998-99,46,46,1753,324,634,324,632,0,2,276,423,166,341,507,74,34,180,139,161,924,0.511,0.513,0,0.511,0.652,0.563,mournal01
Chris Mullin,35,IND,NBA,1998-99,50,50,1179,177,371,104,214,73,157,80,92,25,135,160,81,47,13,60,101,507,0.477,0.486,0.465,0.575,0.87,0.616,mullich01
Eric Murdock,30,NJN,NBA,1998-99,15,8,401,45,114,37,92,8,22,21,26,3,32,35,66,22,2,29,35,119,0.395,0.402,0.364,0.43,0.808,0.474,murdoer01
Gheorghe Muresan,27,NJN,NBA,1998-99,1,0,1,0,1,0,1,0,0,0,0,0,0,0,0,0,0,1,0,0,0,0,,0,,0,muresgh01
Lamond Murray,25,LAC,NBA,1998-99,50,13,1317,226,578,192,475,34,103,126,157,59,136,195,61,58,20,99,107,612,0.391,0.404,0.33,0.42,0.803,0.473,murrala01
Tracy Murray,27,WAS,NBA,1998-99,36,0,653,83,237,50,134,33,103,34,42,18,63,81,27,21,6,29,65,233,0.35,0.373,0.32,0.42,0.81,0.456,murratr01
Dikembe Mutombo,32,ATL,NBA,1998-99,50,50,1829,173,338,173,338,0,0,195,285,192,418,610,57,16,147,94,145,541,0.512,0.512,,0.512,0.684,0.584,mutomdi01
Makhtar N'Diaye,25,VAN,NBA,1998-99,4,0,27,1,4,1,4,0,0,3,4,3,2,5,1,0,1,1,9,5,0.25,0.25,,0.25,0.75,0.434,ndiayma01
Steve Nash,24,DAL,NBA,1998-99,40,40,1269,114,314,65,183,49,131,38,46,32,82,114,219,37,2,83,98,315,0.363,0.355,0.374,0.441,0.826,0.471,nashst01
Tyrone Nesby,23,LAC,NBA,1998-99,50,36,1288,182,405,147,309,35,96,104,133,57,118,175,82,77,20,53,143,503,0.449,0.476,0.365,0.493,0.782,0.543,nesbyty01
Rasho Nesterovic,22,MIN,NBA,1998-99,2,0,30,3,12,3,12,0,0,2,2,3,5,8,1,0,0,1,5,8,0.25,0.25,,0.25,1,0.311,nestera01
Johnny Newman,35,CLE,NBA,1998-99,50,2,949,106,251,83,190,23,61,68,84,15,60,75,41,28,12,41,126,303,0.422,0.437,0.377,0.468,0.81,0.526,newmajo01
Moochie Norris,25,SEA,NBA,1998-99,12,0,140,13,40,7,25,6,15,6,16,4,16,20,24,7,0,16,17,38,0.325,0.28,0.4,0.4,0.375,0.404,norrimo01
Dirk Nowitzki,20,DAL,NBA,1998-99,47,24,958,136,336,122,268,14,68,99,128,41,121,162,47,29,27,73,105,385,0.405,0.455,0.206,0.426,0.773,0.491,nowitdi01
Charles O'Bannon,23,DET,NBA,1998-99,18,1,165,24,56,24,55,0,1,8,8,18,16,34,12,2,3,8,22,56,0.429,0.436,0,0.429,1,0.47,obannch01
Jermaine O'Neal,20,POR,NBA,1998-99,36,1,311,36,83,36,82,0,1,18,35,42,55,97,13,4,14,14,41,90,0.434,0.439,0,0.434,0.514,0.457,onealje01
Shaquille O'Neal,26,LAL,NBA,1998-99,49,49,1705,510,885,510,884,0,1,269,498,187,338,525,114,36,82,122,155,1289,0.576,0.577,0,0.576,0.54,0.584,onealsh01
Charles Oakley,35,TOR,NBA,1998-99,50,50,1633,140,327,139,322,1,5,67,83,96,278,374,168,46,21,96,182,348,0.428,0.432,0.2,0.43,0.807,0.479,oaklech01
Hakeem Olajuwon,36,HOU,NBA,1998-99,50,50,1784,373,725,369,712,4,13,195,272,106,372,478,88,82,123,139,160,945,0.514,0.518,0.308,0.517,0.717,0.559,olajuha01
Jimmy Oliver,29,PHO,NBA,1998-99,2,0,11,1,3,0,2,1,1,0,0,0,0,0,0,0,0,0,2,3,0.333,0,1,0.5,,0.5,oliveji01
Kevin Ollie,26,TOT,NBA,1998-99,8,0,72,4,14,4,14,0,0,5,7,0,7,7,3,3,1,3,9,13,0.286,0.286,,0.286,0.714,0.381,ollieke01
Michael Olowokandi,23,LAC,NBA,1998-99,45,36,1279,172,399,172,399,0,0,57,118,120,237,357,25,27,55,85,137,401,0.431,0.431,,0.431,0.483,0.445,olowomi01
Greg Ostertag,25,UTA,NBA,1998-99,48,48,1340,99,208,99,208,0,0,75,121,105,243,348,23,12,131,45,140,273,0.476,0.476,,0.476,0.62,0.523,ostergr01
Bo Outlaw,27,ORL,NBA,1998-99,31,22,851,84,154,84,151,0,3,35,81,54,113,167,56,40,43,58,79,203,0.545,0.556,0,0.545,0.432,0.535,outlabo01
Doug Overton,29,TOT,NBA,1998-99,24,1,244,36,84,34,77,2,7,18,20,7,14,21,23,5,1,20,18,92,0.429,0.442,0.286,0.44,0.9,0.496,overtdo01
Billy Owens,29,SEA,NBA,1998-99,21,19,451,65,165,60,154,5,11,28,35,35,45,80,38,12,4,33,37,163,0.394,0.39,0.455,0.409,0.8,0.452,owensbi01
Robert Pack,29,DAL,NBA,1998-99,25,0,468,75,174,75,170,0,4,72,88,9,27,36,81,20,1,49,41,222,0.431,0.441,0,0.431,0.818,0.522,packro01
Anthony Parker,23,PHI,NBA,1998-99,2,0,3,1,1,1,1,0,0,0,0,0,0,0,0,0,0,0,0,2,1,1,,1,,1,parkean01
Cherokee Parks,26,VAN,NBA,1998-99,48,41,1118,118,275,118,274,0,1,30,55,75,168,243,36,28,28,49,114,266,0.429,0.431,0,0.429,0.545,0.445,parksch02
Andrae Patterson,23,MIN,NBA,1998-99,35,0,284,43,97,43,92,0,5,28,36,30,35,65,15,19,7,22,62,114,0.443,0.467,0,0.443,0.778,0.505,pattean01
Ruben Patterson,23,LAL,NBA,1998-99,24,2,144,21,51,20,45,1,6,22,31,17,13,30,2,5,3,12,16,65,0.412,0.444,0.167,0.422,0.71,0.503,patteru01
Gary Payton,30,SEA,NBA,1998-99,50,50,2008,401,923,318,642,83,281,199,276,62,182,244,436,109,12,154,115,1084,0.434,0.495,0.295,0.479,0.721,0.519,paytoga01
Anthony Peeler,29,MIN,NBA,1998-99,28,28,810,103,272,69,158,34,114,30,41,30,54,84,78,35,6,38,60,270,0.379,0.437,0.298,0.441,0.732,0.465,peelean01
Will Perdue,33,SAS,NBA,1998-99,37,1,445,38,60,38,60,0,0,14,26,33,105,138,18,9,10,22,63,90,0.633,0.633,,0.633,0.538,0.63,perduwi01
Sam Perkins,37,IND,NBA,1998-99,48,0,789,80,200,45,110,35,90,43,60,36,102,138,25,15,14,22,74,238,0.4,0.409,0.389,0.488,0.717,0.526,perkisa01
Elliot Perry,29,TOT,NBA,1998-99,35,0,290,39,103,29,79,10,24,10,14,7,27,34,47,20,0,34,25,98,0.379,0.367,0.417,0.427,0.714,0.449,perryel01
Chuck Person,34,CHH,NBA,1998-99,50,21,990,112,289,57,132,55,157,24,32,17,115,132,60,20,8,41,90,303,0.388,0.432,0.35,0.483,0.75,0.5,persoch01
Wesley Person,27,CLE,NBA,1998-99,45,42,1342,198,437,123,237,75,200,32,53,19,123,142,80,37,16,41,52,503,0.453,0.519,0.375,0.539,0.604,0.546,persowe01
Bobby Phills,29,CHH,NBA,1998-99,43,43,1574,215,497,147,325,68,172,115,168,39,135,174,149,60,25,92,124,613,0.433,0.452,0.395,0.501,0.685,0.537,phillbo01
Eric Piatkowski,28,LAC,NBA,1998-99,49,38,1242,180,417,115,252,65,165,88,102,39,101,140,53,44,6,53,86,513,0.432,0.456,0.394,0.51,0.863,0.555,piatker01
Paul Pierce,21,BOS,NBA,1998-99,48,47,1632,284,647,200,443,84,204,139,195,117,192,309,115,82,50,113,139,791,0.439,0.451,0.412,0.504,0.713,0.54,piercpa01
Scottie Pippen,33,HOU,NBA,1998-99,50,50,2011,261,604,189,392,72,212,132,183,63,260,323,293,98,37,159,118,726,0.432,0.482,0.34,0.492,0.721,0.53,pippesc01
Scot Pollard,23,SAC,NBA,1998-99,16,5,259,33,61,33,61,0,0,16,23,38,44,82,4,8,18,5,41,82,0.541,0.541,,0.541,0.696,0.576,pollasc01
Olden Polynice,34,SEA,NBA,1998-99,48,47,1481,169,358,168,357,1,1,29,94,184,241,425,43,20,30,49,150,368,0.472,0.471,1,0.473,0.309,0.461,polynol01
Mark Pope,26,IND,NBA,1998-99,4,0,26,1,7,1,3,0,4,0,1,2,2,4,0,0,0,1,6,2,0.143,0.333,0,0.143,0,0.134,popema01
Terry Porter,35,MIA,NBA,1998-99,50,1,1365,172,370,114,229,58,141,123,148,13,127,140,146,48,11,74,97,525,0.465,0.498,0.411,0.543,0.831,0.603,portete01
Vitaly Potapenko,23,TOT,NBA,1998-99,50,44,1394,204,412,204,411,0,1,91,155,114,218,332,75,35,36,100,169,499,0.495,0.496,0,0.495,0.587,0.52,potapvi01
Brent Price,30,HOU,NBA,1998-99,40,6,806,100,207,54,95,46,112,46,61,18,60,78,113,33,1,65,90,292,0.483,0.568,0.411,0.594,0.754,0.624,pricebr01
Theo Ratliff,25,PHI,NBA,1998-99,50,50,1627,197,419,197,419,0,0,166,229,139,268,407,30,45,149,92,180,560,0.47,0.47,,0.47,0.725,0.539,ratlith01
Eldridge Recasner,31,CHH,NBA,1998-99,44,2,708,82,184,58,124,24,60,34,39,20,57,77,91,17,1,58,66,222,0.446,0.468,0.4,0.511,0.872,0.552,recasel01
Bryant Reeves,25,VAN,NBA,1998-99,25,14,702,102,251,102,250,0,1,67,116,50,88,138,37,13,8,47,103,271,0.406,0.408,0,0.406,0.578,0.449,reevebr01
Khalid Reeves,26,DET,NBA,1998-99,11,0,112,8,21,7,18,1,3,8,14,3,4,7,11,4,0,7,13,25,0.381,0.389,0.333,0.405,0.571,0.46,reevekh01
Don Reid,25,DET,NBA,1998-99,47,30,935,97,174,97,174,0,0,48,79,66,104,170,33,27,43,36,156,242,0.557,0.557,,0.557,0.608,0.58,reiddo01
J.R. Reid,30,TOT,NBA,1998-99,41,26,1029,132,277,132,276,0,1,105,137,45,167,212,48,37,10,51,135,369,0.477,0.478,0,0.477,0.766,0.547,reidjr01
Shawn Respert,26,PHO,NBA,1998-99,12,1,99,13,36,9,23,4,13,7,10,2,11,13,8,5,0,5,10,37,0.361,0.391,0.308,0.417,0.7,0.458,respesh01
Rodrick Rhodes,25,TOT,NBA,1998-99,13,1,156,13,52,12,45,1,7,16,25,9,8,17,11,5,2,20,21,43,0.25,0.267,0.143,0.26,0.64,0.341,rhodero01
Glen Rice,31,LAL,NBA,1998-99,27,25,985,171,396,118,261,53,135,77,90,9,90,99,71,17,6,45,67,472,0.432,0.452,0.393,0.499,0.856,0.542,ricegl01
Pooh Richardson,32,LAC,NBA,1998-99,11,0,130,12,36,12,30,0,6,4,4,1,12,13,30,4,0,9,5,28,0.333,0.4,0,0.333,1,0.371,richapo01
Mitch Richmond,33,WAS,NBA,1998-99,50,50,1912,331,803,261,582,70,221,251,293,30,142,172,122,64,10,136,121,983,0.412,0.448,0.317,0.456,0.857,0.527,richmmi01
Isaiah Rider,27,POR,NBA,1998-99,47,41,1385,249,605,207,494,42,111,111,147,59,137,196,104,25,9,95,100,651,0.412,0.419,0.378,0.446,0.755,0.486,rideris01
Eric Riley,28,BOS,NBA,1998-99,35,11,337,28,54,28,54,0,0,22,31,36,63,99,13,9,26,26,73,78,0.519,0.519,,0.519,0.71,0.577,rileyer01
Stanley Roberts,28,HOU,NBA,1998-99,6,0,33,5,13,5,13,0,0,4,8,4,7,11,0,0,1,4,2,14,0.385,0.385,,0.385,0.5,0.424,roberst01
Clifford Robinson,32,PHO,NBA,1998-99,50,35,1740,299,629,241,490,58,139,163,234,69,158,227,128,75,59,88,153,819,0.475,0.492,0.417,0.521,0.697,0.559,robincl02
David Robinson,33,SAS,NBA,1998-99,49,49,1554,268,527,268,526,0,1,239,363,148,344,492,103,69,119,108,143,775,0.509,0.51,0,0.509,0.658,0.564,robinda01
Glenn Robinson,26,MIL,NBA,1998-99,47,47,1579,347,756,316,677,31,79,140,161,73,203,276,100,46,41,106,114,865,0.459,0.467,0.392,0.479,0.87,0.523,robingl01
James Robinson,28,TOT,NBA,1998-99,31,0,506,67,185,46,111,21,74,28,41,18,44,62,56,22,8,44,60,183,0.362,0.414,0.284,0.419,0.683,0.451,robinja02
Dennis Rodman,37,LAL,NBA,1998-99,23,11,657,16,46,16,44,0,2,17,39,62,196,258,30,10,12,31,71,49,0.348,0.364,0,0.348,0.436,0.388,rodmade01
Carlos Rogers,27,POR,NBA,1998-99,2,0,8,2,2,2,2,0,0,1,4,0,1,1,1,0,0,0,2,5,1,1,,1,0.25,0.665,rogerca01
Rodney Rogers,27,LAC,NBA,1998-99,47,7,968,131,297,113,234,18,63,68,101,65,114,179,77,47,22,66,140,348,0.441,0.483,0.286,0.471,0.673,0.51,rogerro01
Sean Rooks,29,LAL,NBA,1998-99,36,0,315,32,79,32,77,0,2,34,48,33,39,72,9,2,9,21,61,98,0.405,0.416,0,0.405,0.708,0.489,rooksse01
Jalen Rose,26,IND,NBA,1998-99,49,1,1238,200,496,183,431,17,65,125,158,34,120,154,93,50,15,72,128,542,0.403,0.425,0.262,0.42,0.791,0.479,roseja01
Malik Rose,24,SAS,NBA,1998-99,47,0,608,93,201,93,200,0,1,98,146,90,92,182,29,40,22,56,120,284,0.463,0.465,0,0.463,0.671,0.535,rosema01
Bryon Russell,28,UTA,NBA,1998-99,50,50,1770,217,468,165,321,52,147,136,171,65,201,266,74,76,15,76,154,622,0.464,0.514,0.354,0.519,0.795,0.572,russebr01
Arvydas Sabonis,34,POR,NBA,1998-99,50,48,1349,232,478,225,454,7,24,135,175,88,305,393,119,34,63,85,147,606,0.485,0.496,0.292,0.493,0.771,0.546,sabonar01
Jason Sasser,25,VAN,NBA,1998-99,6,0,39,5,11,5,11,0,0,1,2,2,5,7,2,2,0,2,4,11,0.455,0.455,,0.455,0.5,0.463,sasseja01
Danny Schayes,39,ORL,NBA,1998-99,19,1,143,11,29,11,29,0,0,6,8,3,11,14,4,1,2,8,23,28,0.379,0.379,,0.379,0.75,0.431,schayda01
Dwayne Schintzius,30,BOS,NBA,1998-99,16,0,67,4,16,4,16,0,0,3,4,7,12,19,8,0,3,10,17,11,0.25,0.25,,0.25,0.75,0.31,schindw01
Detlef Schrempf,36,SEA,NBA,1998-99,50,39,1765,259,549,225,463,34,86,200,243,77,293,370,184,41,26,103,152,752,0.472,0.486,0.395,0.503,0.823,0.573,schrede01
Dennis Scott,30,TOT,NBA,1998-99,36,9,738,87,213,50,116,37,97,23,31,8,50,58,40,15,3,19,49,234,0.408,0.431,0.381,0.495,0.742,0.516,scottde01
Malik Sealy,28,MIN,NBA,1998-99,31,7,731,95,231,89,208,6,23,55,61,23,69,92,36,30,5,33,68,251,0.411,0.428,0.261,0.424,0.902,0.487,sealyma01
Rony Seikaly,33,NJN,NBA,1998-99,9,0,88,4,20,4,20,0,0,7,18,5,16,21,2,4,6,10,15,15,0.2,0.2,,0.2,0.389,0.269,seikaro01
Charles Shackleford,32,CHH,NBA,1998-99,32,4,367,44,90,44,90,0,0,19,29,41,88,129,13,5,13,27,66,107,0.489,0.489,,0.489,0.655,0.521,shackch01
Brian Shaw,32,POR,NBA,1998-99,1,0,5,0,1,0,1,0,0,0,0,0,1,1,1,0,0,1,1,0,0,0,,0,,0,shawbr01
Casey Shaw,23,PHI,NBA,1998-99,9,0,14,1,8,1,8,0,0,0,0,3,0,3,0,0,0,2,2,2,0.125,0.125,,0.125,,0.125,shawca01
Jeff Sheppard,24,ATL,NBA,1998-99,18,5,185,15,39,13,32,2,7,8,13,6,16,22,16,3,0,7,12,40,0.385,0.406,0.286,0.41,0.615,0.447,sheppje01
Miles Simon,23,ORL,NBA,1998-99,5,0,19,1,5,1,3,0,2,0,0,1,1,2,0,1,0,3,1,2,0.2,0.333,0,0.2,,0.2,simonmi01
Dickey Simpkins,26,CHI,NBA,1998-99,50,35,1448,150,324,150,323,0,1,156,242,110,229,339,65,36,13,72,128,456,0.463,0.464,0,0.463,0.645,0.53,simpkdi01
Alvin Sims,24,PHO,NBA,1998-99,4,0,25,4,10,3,9,1,1,2,5,3,1,4,5,2,0,6,2,11,0.4,0.333,1,0.45,0.4,0.451,simsal01
Brian Skinner,22,LAC,NBA,1998-99,21,0,258,33,71,33,71,0,0,20,33,20,33,53,1,10,13,19,20,86,0.465,0.465,,0.465,0.606,0.503,skinnbr01
Reggie Slater,28,TOR,NBA,1998-99,30,0,263,31,81,31,81,0,0,53,85,36,34,70,5,3,3,25,50,115,0.383,0.383,,0.383,0.624,0.486,slatere01
Charles Smith,23,LAC,NBA,1998-99,23,10,317,35,97,28,64,7,33,7,16,7,17,24,13,17,14,20,35,84,0.361,0.438,0.212,0.397,0.438,0.404,smithch04
Joe Smith,23,MIN,NBA,1998-99,43,42,1418,223,522,223,519,0,3,142,188,154,200,354,68,32,66,66,147,588,0.427,0.43,0,0.427,0.755,0.486,smithjo02
Michael Smith,26,VAN,NBA,1998-99,48,10,1098,77,144,77,143,0,1,76,128,135,215,350,48,46,18,60,107,230,0.535,0.538,0,0.535,0.594,0.574,smithmi02
Steve Smith,29,ATL,NBA,1998-99,36,36,1314,217,540,170,401,47,139,191,225,50,101,151,118,36,11,99,100,672,0.402,0.424,0.338,0.445,0.849,0.526,smithst01
Rik Smits,32,IND,NBA,1998-99,49,49,1271,310,633,310,631,0,2,108,132,73,202,275,52,18,52,75,159,728,0.49,0.491,0,0.49,0.818,0.527,smitsri01
Eric Snow,25,PHI,NBA,1998-99,48,48,1716,149,348,144,327,5,21,110,150,25,137,162,301,100,1,111,149,413,0.428,0.44,0.238,0.435,0.733,0.499,snower01
Felton Spencer,31,GSW,NBA,1998-99,26,0,159,15,33,15,33,0,0,12,26,18,28,46,0,5,10,9,41,42,0.455,0.455,,0.455,0.462,0.473,spencfe01
Latrell Sprewell,28,NYK,NBA,1998-99,37,4,1233,215,518,194,441,21,77,155,191,41,115,156,91,46,2,79,65,606,0.415,0.44,0.273,0.435,0.812,0.503,sprewla01
Ryan Stack,23,CLE,NBA,1998-99,18,0,199,14,37,14,37,0,0,19,20,19,15,34,5,2,11,9,31,47,0.378,0.378,,0.378,0.95,0.513,stackry01
Jerry Stackhouse,24,DET,NBA,1998-99,42,9,1188,181,488,146,362,35,126,210,247,26,81,107,118,34,19,121,79,607,0.371,0.403,0.278,0.407,0.85,0.509,stackje01
John Starks,33,GSW,NBA,1998-99,50,50,1686,269,728,191,459,78,269,74,100,33,130,163,235,69,5,83,135,690,0.37,0.416,0.29,0.423,0.74,0.447,starkjo01
Vladimir Stepania,22,SEA,NBA,1998-99,23,6,313,53,125,53,122,0,3,21,40,27,48,75,12,10,23,32,58,127,0.424,0.434,0,0.424,0.525,0.445,stepavl01
Michael Stewart,23,TOR,NBA,1998-99,42,2,394,22,53,22,53,0,0,17,25,43,56,99,5,4,28,12,76,61,0.415,0.415,,0.415,0.68,0.477,stewami01
Bryant Stith,28,DEN,NBA,1998-99,46,32,1194,114,290,83,184,31,106,61,71,30,77,107,82,28,15,45,65,320,0.393,0.451,0.292,0.447,0.859,0.498,stithbr01
John Stockton,36,UTA,NBA,1998-99,50,50,1410,200,410,184,360,16,50,137,169,31,115,146,374,81,13,110,107,553,0.488,0.511,0.32,0.507,0.811,0.571,stockjo01
Peja Stojakovic,21,SAC,NBA,1998-99,48,1,1025,141,373,84,195,57,178,63,74,43,100,143,72,41,7,53,43,402,0.378,0.431,0.32,0.454,0.851,0.496,stojape01
Damon Stoudamire,25,POR,NBA,1998-99,50,50,1673,249,629,205,487,44,142,89,122,41,126,167,312,49,4,110,81,631,0.396,0.421,0.31,0.431,0.73,0.462,stoudda01
Erick Strickland,25,DAL,NBA,1998-99,33,2,567,89,221,71,162,18,59,53,65,12,71,83,64,40,2,36,44,249,0.403,0.438,0.305,0.443,0.815,0.499,stricer01
Mark Strickland,28,MIA,NBA,1998-99,32,1,357,50,101,50,100,0,1,19,26,26,52,78,9,7,8,13,28,119,0.495,0.5,0,0.495,0.731,0.529,stricma01
Rod Strickland,32,WAS,NBA,1998-99,44,43,1632,251,603,239,561,12,42,176,236,56,156,212,434,76,5,142,91,690,0.416,0.426,0.286,0.426,0.746,0.488,stricro02
Derek Strong,30,ORL,NBA,1998-99,44,0,695,76,180,76,178,0,2,71,99,66,95,161,17,15,7,37,64,223,0.422,0.427,0,0.422,0.717,0.499,stronde01
Bruno Sundov,18,DAL,NBA,1998-99,3,0,11,2,7,2,7,0,0,0,0,0,0,0,1,0,0,1,4,4,0.286,0.286,,0.286,,0.286,sundobr01
Bob Sura,25,CLE,NBA,1998-99,50,6,841,70,210,61,165,9,45,65,103,21,81,102,152,46,14,67,98,214,0.333,0.37,0.2,0.355,0.631,0.419,surabo01
Johnny Taylor,24,DEN,NBA,1998-99,36,9,724,82,198,56,130,26,68,17,23,30,71,101,24,28,17,34,97,207,0.414,0.431,0.382,0.48,0.739,0.497,taylojo01
Maurice Taylor,22,LAC,NBA,1998-99,46,45,1505,311,675,310,669,1,6,150,206,100,142,242,67,16,29,120,179,773,0.461,0.463,0.167,0.461,0.728,0.505,tayloma01
John Thomas,23,TOR,NBA,1998-99,39,11,593,71,123,71,122,0,1,27,48,65,69,134,15,17,9,21,82,169,0.577,0.582,0,0.577,0.563,0.586,thomajo02
Kurt Thomas,26,NYK,NBA,1998-99,50,44,1182,170,368,170,367,0,1,66,108,82,204,286,55,45,17,73,159,406,0.462,0.463,0,0.462,0.611,0.489,thomaku01
Tim Thomas,21,TOT,NBA,1998-99,50,26,812,132,279,111,211,21,68,73,112,49,77,126,46,26,12,46,107,358,0.473,0.526,0.309,0.511,0.652,0.545,thomati01
Otis Thorpe,36,WAS,NBA,1998-99,49,38,1539,240,440,240,438,0,2,74,106,96,238,334,101,42,19,88,196,554,0.545,0.548,0,0.545,0.698,0.569,thorpot01
Robert Traylor,21,MIL,NBA,1998-99,49,43,786,108,201,108,200,0,1,43,80,80,102,182,38,44,44,42,140,259,0.537,0.54,0,0.537,0.538,0.548,traylro01
Gary Trent,24,DAL,NBA,1998-99,45,23,1362,287,602,287,597,0,5,145,235,127,224,351,77,29,23,66,122,719,0.477,0.481,0,0.477,0.617,0.51,trentga01
Nick Van Exel,27,DEN,NBA,1998-99,50,50,1802,306,769,234,535,72,234,142,175,14,99,113,368,40,3,121,90,826,0.398,0.437,0.308,0.445,0.811,0.488,vanexni01
Keith Van Horn,23,NJN,NBA,1998-99,42,42,1576,322,752,306,699,16,53,256,298,114,244,358,65,43,53,133,134,916,0.428,0.438,0.302,0.439,0.859,0.519,vanhoke01
David Vaughn,25,NJN,NBA,1998-99,10,0,103,13,24,13,24,0,0,8,10,13,21,34,1,2,8,11,22,34,0.542,0.542,,0.542,0.8,0.599,vaughda02
Jacque Vaughn,23,UTA,NBA,1998-99,19,0,87,11,30,9,22,2,8,20,24,1,10,11,12,5,0,14,14,44,0.367,0.409,0.25,0.4,0.833,0.542,vaughja01
Loy Vaught,30,DET,NBA,1998-99,37,10,481,59,155,59,154,0,1,9,14,36,110,146,11,15,6,17,54,127,0.381,0.383,0,0.381,0.643,0.394,vaughlo01
Stojko Vrankovic,35,LAC,NBA,1998-99,2,0,12,1,4,1,4,0,0,0,0,4,2,6,0,0,0,0,2,2,0.25,0.25,,0.25,,0.25,vrankst01
Antoine Walker,22,BOS,NBA,1998-99,42,41,1549,303,735,238,559,65,176,113,202,106,253,359,130,63,28,119,142,784,0.412,0.426,0.369,0.456,0.559,0.476,walkean02
Samaki Walker,22,DAL,NBA,1998-99,39,2,568,88,190,88,189,0,1,53,98,46,97,143,6,9,16,37,87,229,0.463,0.466,0,0.463,0.541,0.491,walkesa01
Ben Wallace,24,WAS,NBA,1998-99,46,16,1231,115,199,115,199,0,0,47,132,137,247,384,18,50,90,36,111,277,0.578,0.578,,0.578,0.356,0.539,wallabe01
John Wallace,24,TOR,NBA,1998-99,48,3,812,153,354,153,354,0,0,105,150,54,117,171,46,12,43,70,92,411,0.432,0.432,,0.432,0.7,0.489,wallajo01
Rasheed Wallace,24,POR,NBA,1998-99,49,18,1414,242,476,229,445,13,31,131,179,57,184,241,60,48,54,80,175,628,0.508,0.515,0.419,0.522,0.732,0.566,wallara01
Rex Walters,28,MIA,NBA,1998-99,33,13,506,35,95,23,57,12,38,19,23,10,40,50,58,10,3,32,63,101,0.368,0.404,0.316,0.432,0.826,0.48,waltere01
Charlie Ward,28,NYK,NBA,1998-99,50,50,1556,135,334,82,185,53,149,55,78,23,149,172,271,103,8,131,105,378,0.404,0.443,0.356,0.484,0.705,0.513,wardch01
Eric Washington,24,DEN,NBA,1998-99,38,6,761,73,184,36,87,37,97,22,32,35,54,89,30,25,18,34,87,205,0.397,0.414,0.381,0.497,0.688,0.517,washier01
Jamie Watson,26,MIA,NBA,1998-99,3,0,18,1,2,1,2,0,0,0,0,0,1,1,1,0,0,1,1,2,0.5,0.5,,0.5,,0.5,watsoja01
Clarence Weatherspoon,28,MIA,NBA,1998-99,49,3,1040,141,264,141,264,0,0,115,143,72,171,243,34,28,17,61,107,397,0.534,0.534,,0.534,0.804,0.607,weathcl01
Chris Webber,25,SAC,NBA,1998-99,42,42,1719,378,778,374,744,4,34,79,174,149,396,545,173,60,89,148,145,839,0.486,0.503,0.118,0.488,0.454,0.491,webbech01
Bonzi Wells,22,POR,NBA,1998-99,7,0,35,11,20,10,17,1,3,8,18,4,5,9,3,1,1,6,5,31,0.55,0.588,0.333,0.575,0.444,0.555,wellsbo01
Bill Wennington,35,CHI,NBA,1998-99,38,3,451,62,178,61,177,1,1,18,22,20,59,79,18,13,12,17,79,143,0.348,0.345,1,0.351,0.818,0.381,wennibi01
David Wesley,28,CHH,NBA,1998-99,50,50,1848,243,545,182,375,61,170,159,191,23,138,161,322,100,10,142,130,706,0.446,0.485,0.359,0.502,0.832,0.561,wesleda01
Doug West,31,VAN,NBA,1998-99,14,2,294,31,65,31,63,0,2,19,25,5,20,25,19,16,7,12,38,81,0.477,0.492,0,0.477,0.76,0.533,westdo01
Mark West,38,ATL,NBA,1998-99,49,0,499,22,59,22,59,0,0,16,45,49,76,125,13,4,22,17,81,60,0.373,0.373,,0.373,0.356,0.381,westma01
DeJuan Wheat,25,VAN,NBA,1998-99,46,0,590,73,193,51,133,22,60,40,55,11,34,45,102,26,2,48,59,208,0.378,0.383,0.367,0.435,0.727,0.479,wheatde01
Tyson Wheeler,23,DEN,NBA,1998-99,1,0,3,1,1,0,0,1,1,1,2,0,0,0,2,0,0,0,1,4,1,,1,1.5,0.5,1.064,wheelty01
Jahidi White,22,WAS,NBA,1998-99,20,0,191,17,32,17,32,0,0,15,35,23,35,58,1,3,11,16,39,49,0.531,0.531,,0.531,0.429,0.517,whiteja01
Chris Whitney,27,WAS,NBA,1998-99,39,1,441,64,156,32,61,32,95,27,31,8,39,47,69,18,2,36,49,187,0.41,0.525,0.337,0.513,0.871,0.551,whitnch01
Dominique Wilkins,39,ORL,NBA,1998-99,27,2,252,50,132,45,113,5,19,29,42,30,41,71,16,4,1,23,19,134,0.379,0.398,0.263,0.398,0.69,0.445,wilkido01
Gerald Wilkins,35,ORL,NBA,1998-99,3,0,28,0,9,0,9,0,0,2,2,0,1,1,1,0,0,3,3,2,0,0,,0,1,0.101,wilkige01
Aaron Williams,27,SEA,NBA,1998-99,40,2,458,52,123,52,122,0,1,54,74,54,74,128,22,14,24,30,75,158,0.423,0.426,0,0.423,0.73,0.508,williaa01
Alvin Williams,24,TOR,NBA,1998-99,50,45,1051,95,237,81,195,14,42,44,52,19,63,82,130,51,12,56,94,248,0.401,0.415,0.333,0.43,0.846,0.477,willial02
Brandon Williams,23,SAS,NBA,1998-99,3,0,4,0,0,0,0,0,0,2,4,1,0,1,0,0,0,0,0,2,,,,,0.5,0.568,willibr01
Eric Williams,26,DEN,NBA,1998-99,38,8,780,80,219,74,193,6,26,111,139,34,47,81,37,27,8,49,76,277,0.365,0.383,0.231,0.379,0.799,0.494,willier01
Herb Williams,40,NYK,NBA,1998-99,6,0,34,4,8,4,8,0,0,2,2,3,3,6,0,0,2,2,2,10,0.5,0.5,,0.5,1,0.563,willihe01
Hot Rod Williams,36,DAL,NBA,1998-99,25,11,403,11,33,11,33,0,0,7,10,36,47,83,15,13,18,13,49,29,0.333,0.333,,0.333,0.7,0.388,williho01
Jason Williams,23,SAC,NBA,1998-99,50,50,1805,231,617,131,294,100,323,79,105,14,139,153,299,95,1,143,91,641,0.374,0.446,0.31,0.455,0.752,0.483,willija02
Jayson Williams,30,NJN,NBA,1998-99,30,30,1020,97,218,97,216,0,2,48,85,147,213,360,33,24,60,46,126,242,0.445,0.449,0,0.445,0.565,0.474,willija01
Jerome Williams,25,DET,NBA,1998-99,50,10,1154,124,248,124,248,0,0,107,159,158,191,349,23,63,7,41,108,355,0.5,0.5,,0.5,0.673,0.558,willije01
Micheal Williams,32,TOR,NBA,1998-99,2,0,15,1,5,1,5,0,0,0,0,1,0,1,0,0,0,1,1,2,0.2,0.2,,0.2,,0.2,willimi02
Monty Williams,27,DEN,NBA,1998-99,1,0,6,0,2,0,2,0,0,1,2,0,0,0,0,0,0,0,0,1,0,0,,0,0.5,0.174,willimo01
Scott Williams,30,TOT,NBA,1998-99,7,0,46,5,17,5,17,0,0,4,7,3,11,14,1,3,2,4,9,14,0.294,0.294,,0.294,0.571,0.349,willisc01
Shammond Williams,23,ATL,NBA,1998-99,2,0,4,0,1,0,1,0,0,3,4,0,0,0,1,0,0,0,0,3,0,0,,0,0.75,0.543,willish01
Travis Williams,29,CHH,NBA,1998-99,8,0,62,6,13,6,13,0,0,3,4,6,13,19,2,2,1,6,10,15,0.462,0.462,,0.462,0.75,0.508,willitr01
Walt Williams,28,POR,NBA,1998-99,48,16,1044,147,347,84,203,63,144,89,107,36,107,143,80,37,28,63,101,446,0.424,0.414,0.438,0.514,0.832,0.566,williwa02
Corliss Williamson,25,SAC,NBA,1998-99,50,50,1374,269,555,268,550,1,5,120,188,85,121,206,66,30,8,75,118,659,0.485,0.487,0.2,0.486,0.638,0.517,willico02
Kevin Willis,36,TOR,NBA,1998-99,42,38,1216,187,447,187,445,0,2,130,155,109,241,350,67,28,28,86,134,504,0.418,0.42,0,0.418,0.839,0.489,willike02
David Wingate,35,NYK,NBA,1998-99,20,0,92,7,16,7,16,0,0,0,0,3,5,8,5,4,0,6,10,14,0.438,0.438,,0.438,,0.438,wingada01
Trevor Winter,25,MIN,NBA,1998-99,1,0,5,0,0,0,0,0,0,0,0,1,2,3,0,0,0,0,5,0,,,,,,,wintetr01
Joe Wolf,34,CHH,NBA,1998-99,3,0,12,0,1,0,1,0,0,0,2,0,1,1,0,0,0,0,6,0,0,0,,0,0,0,wolfjo01
Haywoode Workman,33,MIL,NBA,1998-99,29,29,815,73,170,56,123,17,47,37,47,14,88,102,172,32,1,63,53,200,0.429,0.455,0.362,0.479,0.787,0.524,workmha01
Lorenzen Wright,23,LAC,NBA,1998-99,48,15,1135,119,260,119,259,0,1,81,117,142,219,361,33,26,36,48,162,319,0.458,0.459,0,0.458,0.692,0.512,wrighlo02
Korleone Young,20,DET,NBA,1998-99,3,0,15,5,10,4,6,1,4,2,2,2,2,4,1,0,0,1,3,13,0.5,0.667,0.25,0.55,1,0.597,youngko01
Tariq Abdul-Wahad,25,TOT,NBA,1999-00,61,56,1578,274,646,271,623,3,23,146,193,101,190,291,98,59,28,106,147,697,0.424,0.435,0.13,0.426,0.756,0.477,abdulta01
Shareef Abdur-Rahim,23,VAN,NBA,1999-00,82,82,3223,594,1277,565,1181,29,96,446,551,218,607,825,271,89,87,249,244,1663,0.465,0.478,0.302,0.477,0.809,0.547,abdursh01
Cory Alexander,26,DEN,NBA,1999-00,29,2,329,28,98,19,63,9,35,17,22,8,34,42,58,24,2,28,39,82,0.286,0.302,0.257,0.332,0.773,0.381,alexaco01
Ray Allen,24,MIL,NBA,1999-00,82,82,3070,642,1411,470,1004,172,407,353,398,83,276,359,308,110,19,183,187,1809,0.455,0.468,0.423,0.516,0.887,0.57,allenra02
Rafer Alston,23,MIL,NBA,1999-00,27,0,361,27,95,24,81,3,14,3,4,5,18,23,70,12,0,29,29,60,0.284,0.296,0.214,0.3,0.75,0.31,alstora01
John Amaechi,29,ORL,NBA,1999-00,80,53,1684,306,700,305,694,1,6,223,291,62,204,266,95,35,37,139,161,836,0.437,0.439,0.167,0.438,0.766,0.505,amaecjo01
Derek Anderson,25,LAC,NBA,1999-00,64,58,2201,377,860,322,682,55,178,271,309,80,178,258,220,90,11,167,149,1080,0.438,0.472,0.309,0.47,0.877,0.542,anderde01
Kenny Anderson,29,BOS,NBA,1999-00,82,82,2593,434,986,349,766,85,220,196,253,55,170,225,420,139,8,130,230,1149,0.44,0.456,0.386,0.483,0.775,0.524,anderke01
Nick Anderson,32,SAC,NBA,1999-00,72,72,2094,306,782,174,385,132,397,37,76,83,256,339,123,94,16,95,118,781,0.391,0.452,0.332,0.476,0.487,0.479,anderni01
Shandon Anderson,26,HOU,NBA,1999-00,82,82,2700,368,778,289,553,79,225,194,253,91,293,384,239,96,32,194,182,1009,0.473,0.523,0.351,0.524,0.767,0.567,andersh01
Chris Anstey,25,CHI,NBA,1999-00,73,11,1007,161,364,160,358,1,6,116,147,90,190,280,65,29,25,80,180,439,0.442,0.447,0.167,0.444,0.789,0.512,anstech01
Greg Anthony,32,POR,NBA,1999-00,82,3,1548,169,416,81,183,88,233,88,114,17,116,133,208,59,9,85,143,514,0.406,0.443,0.378,0.512,0.772,0.551,anthogr01
B.J. Armstrong,32,CHI,NBA,1999-00,27,18,583,83,186,70,157,13,29,22,25,2,45,47,78,7,1,40,34,201,0.446,0.446,0.448,0.481,0.88,0.51,armstbj01
Darrell Armstrong,31,ORL,NBA,1999-00,82,82,2590,484,1119,347,716,137,403,225,247,65,205,270,501,169,9,248,137,1330,0.433,0.485,0.34,0.494,0.911,0.542,armstda01
Chucky Atkins,25,ORL,NBA,1999-00,82,0,1626,314,741,257,578,57,163,97,133,20,106,126,306,52,3,142,137,782,0.424,0.445,0.35,0.462,0.729,0.489,atkinch01
Stacey Augmon,31,POR,NBA,1999-00,59,0,692,83,175,83,173,0,2,37,55,42,74,116,53,27,11,38,69,203,0.474,0.48,0,0.474,0.673,0.51,augmost01
Isaac Austin,30,WAS,NBA,1999-00,59,23,1173,151,352,150,348,1,4,94,137,64,218,282,74,17,38,107,128,397,0.429,0.431,0.25,0.43,0.686,0.481,austiis01
Anthony Avent,30,LAC,NBA,1999-00,49,3,377,29,96,29,96,0,0,23,32,23,51,74,11,16,15,24,62,81,0.302,0.302,,0.302,0.719,0.368,aventan01
William Avery,20,MIN,NBA,1999-00,59,1,484,56,181,38,118,18,63,24,36,8,32,40,88,14,2,42,60,154,0.309,0.322,0.286,0.359,0.667,0.391,averywi01
Toby Bailey,24,PHO,NBA,1999-00,46,2,449,58,140,56,130,2,10,45,65,26,46,72,30,13,4,24,55,163,0.414,0.431,0.2,0.421,0.692,0.483,baileto01
Vin Baker,28,SEA,NBA,1999-00,79,75,2849,514,1129,512,1121,2,8,281,412,227,378,605,148,47,66,213,288,1311,0.455,0.457,0.25,0.456,0.682,0.5,bakervi01
Charles Barkley,36,HOU,NBA,1999-00,20,18,620,106,222,100,196,6,26,71,110,71,138,209,63,14,4,44,48,289,0.477,0.51,0.231,0.491,0.645,0.534,barklch01
Dana Barros,32,BOS,NBA,1999-00,72,0,1139,196,435,137,291,59,144,66,76,13,86,99,133,31,4,66,80,517,0.451,0.471,0.41,0.518,0.868,0.552,barroda01
Brent Barry,28,SEA,NBA,1999-00,80,74,2726,327,707,163,308,164,399,127,157,50,322,372,291,103,31,142,228,945,0.463,0.529,0.411,0.579,0.809,0.609,barrybr01
Drew Barry,26,TOT,NBA,1999-00,16,0,159,15,33,8,15,7,18,4,5,0,12,12,33,2,0,13,23,41,0.455,0.533,0.389,0.561,0.8,0.582,barrydr01
Jon Barry,30,SAC,NBA,1999-00,62,1,1281,161,346,95,192,66,154,107,116,38,121,159,150,75,7,85,104,495,0.465,0.495,0.429,0.561,0.922,0.623,barryjo01
Tony Battie,23,BOS,NBA,1999-00,82,4,1505,219,459,218,451,1,8,102,151,152,258,410,63,47,70,67,249,541,0.477,0.483,0.125,0.478,0.675,0.515,battito01
Jonathan Bender,19,IND,NBA,1999-00,24,1,130,23,70,21,58,2,12,16,24,4,17,21,3,1,5,7,18,64,0.329,0.362,0.167,0.343,0.667,0.397,bendejo01
Benoit Benjamin,35,CLE,NBA,1999-00,3,0,8,1,3,1,3,0,0,0,0,0,1,1,0,0,1,0,1,2,0.333,0.333,,0.333,,0.333,benjabe01
Corey Benjamin,21,CHI,NBA,1999-00,48,10,862,145,350,114,261,31,89,49,82,21,67,88,54,31,22,74,122,370,0.414,0.437,0.348,0.459,0.598,0.479,benjaco01
Mario Bennett,26,LAC,NBA,1999-00,1,0,3,0,3,0,3,0,0,0,0,1,1,2,0,0,0,0,1,0,0,0,,0,,0,bennema01
Travis Best,27,IND,NBA,1999-00,82,0,1691,271,561,236,468,35,93,156,190,16,126,142,272,76,5,107,204,733,0.483,0.504,0.376,0.514,0.821,0.569,besttr01
Mike Bibby,21,VAN,NBA,1999-00,82,82,3155,459,1031,382,819,77,212,195,250,73,233,306,665,132,15,247,171,1190,0.445,0.466,0.363,0.483,0.78,0.521,bibbymi01
Chauncey Billups,23,DEN,NBA,1999-00,13,5,305,34,101,27,60,7,41,37,44,8,26,34,39,10,2,24,27,112,0.337,0.45,0.171,0.371,0.841,0.465,billuch01
Mookie Blaylock,32,GSW,NBA,1999-00,73,72,2459,327,837,226,536,101,301,67,95,55,215,270,489,146,22,143,122,822,0.391,0.422,0.336,0.451,0.705,0.468,blaylmo01
Corie Blount,31,PHO,NBA,1999-00,38,1,446,44,89,44,87,0,2,19,33,52,61,113,10,15,7,28,78,107,0.494,0.506,0,0.494,0.576,0.517,blounco01
Muggsy Bogues,35,TOR,NBA,1999-00,80,5,1731,157,358,140,307,17,51,79,87,25,110,135,299,65,4,59,119,410,0.439,0.456,0.333,0.462,0.908,0.517,boguemu01
Etdrick Bohannon,26,TOT,NBA,1999-00,13,0,118,7,13,7,13,0,0,15,24,13,18,31,5,2,6,10,25,29,0.538,0.538,,0.538,0.625,0.615,bohanet01
Calvin Booth,23,WAS,NBA,1999-00,11,0,143,16,46,16,46,0,0,10,14,15,17,32,7,3,14,6,23,42,0.348,0.348,,0.348,0.714,0.403,boothca01
Lazaro Borrell,27,SEA,NBA,1999-00,17,6,167,28,63,28,60,0,3,6,11,14,26,40,10,6,3,6,9,62,0.444,0.467,0,0.444,0.545,0.457,borrela01
Cal Bowdler,22,ATL,NBA,1999-00,46,0,423,49,115,49,114,0,1,24,38,22,63,85,14,14,9,21,46,122,0.426,0.43,0,0.426,0.632,0.463,bowdlca01
Bruce Bowen,28,TOT,NBA,1999-00,69,2,878,72,194,45,136,27,58,25,43,27,69,96,34,23,15,19,118,196,0.371,0.331,0.466,0.441,0.581,0.46,bowenbr01
Ryan Bowen,24,DEN,NBA,1999-00,52,0,589,46,117,45,108,1,9,38,53,75,39,114,20,39,13,14,95,131,0.393,0.417,0.111,0.397,0.717,0.467,bowenry01
Ira Bowman,26,PHI,NBA,1999-00,11,0,20,2,2,2,2,0,0,1,2,0,2,2,1,1,0,1,0,5,1,1,,1,0.5,0.868,bowmair01
Earl Boykins,23,TOT,NBA,1999-00,26,0,261,56,116,48,96,8,20,18,23,12,14,26,48,12,1,17,23,138,0.483,0.5,0.4,0.517,0.783,0.547,boykiea01
Shawn Bradley,27,DAL,NBA,1999-00,77,54,1901,266,555,265,550,1,5,114,149,160,337,497,60,71,190,74,260,647,0.479,0.482,0.2,0.48,0.765,0.521,bradlsh01
A.J. Bramlett,23,CLE,NBA,1999-00,8,0,61,4,21,4,21,0,0,0,0,12,10,22,0,1,0,3,13,8,0.19,0.19,,0.19,,0.19,bramlaj01
Elton Brand,20,CHI,NBA,1999-00,81,80,2999,630,1306,630,1304,0,2,367,536,348,462,810,155,66,132,228,259,1627,0.482,0.483,0,0.482,0.685,0.528,brandel01
Terrell Brandon,29,MIN,NBA,1999-00,71,71,2587,486,1042,433,910,53,132,187,208,44,194,238,629,134,30,184,158,1212,0.466,0.476,0.402,0.492,0.899,0.535,brandte01
Chucky Brown,31,TOT,NBA,1999-00,63,29,1096,148,328,146,318,2,10,36,52,35,132,167,66,20,18,45,114,334,0.451,0.459,0.2,0.454,0.692,0.476,brownch01
Dee Brown,31,TOR,NBA,1999-00,38,12,673,93,258,26,71,67,187,11,16,9,45,54,86,24,5,39,62,264,0.36,0.366,0.358,0.49,0.688,0.498,brownde01
Marcus Brown,25,DET,NBA,1999-00,6,0,45,4,14,4,7,0,7,2,2,3,4,7,3,0,0,3,8,10,0.286,0.571,0,0.286,1,0.336,brownma01
P.J. Brown,30,MIA,NBA,1999-00,80,80,2302,322,671,322,670,0,1,120,159,216,384,600,145,65,61,100,264,764,0.48,0.481,0,0.48,0.755,0.516,brownpj01
Randy Brown,31,CHI,NBA,1999-00,59,55,1625,157,435,154,429,3,6,62,84,23,121,144,202,61,15,105,120,379,0.361,0.359,0.5,0.364,0.738,0.402,brownra02
Rick Brunson,27,NYK,NBA,1999-00,37,0,289,29,70,27,57,2,13,11,18,3,24,27,49,9,1,31,35,71,0.414,0.474,0.154,0.429,0.611,0.456,brunsri01
Kobe Bryant,21,LAL,NBA,1999-00,66,62,2524,554,1183,508,1039,46,144,331,403,108,308,416,323,106,62,182,220,1485,0.468,0.489,0.319,0.488,0.821,0.546,bryanko01
Mark Bryant,34,CLE,NBA,1999-00,75,50,1712,174,346,174,346,0,0,76,94,126,226,352,61,31,31,87,250,424,0.503,0.503,,0.503,0.809,0.547,bryanma01
Greg Buckner,23,DAL,NBA,1999-00,48,1,923,111,233,101,207,10,26,43,63,56,118,174,55,38,20,36,148,275,0.476,0.488,0.385,0.498,0.683,0.527,buckngr01
Jud Buechler,31,DET,NBA,1999-00,58,5,657,55,156,37,73,18,83,2,7,30,61,91,33,25,16,13,50,130,0.353,0.507,0.217,0.41,0.286,0.409,buechju01
Rodney Buford,22,MIA,NBA,1999-00,34,0,386,62,151,55,122,7,29,16,22,10,38,48,21,10,8,9,44,147,0.411,0.451,0.241,0.434,0.727,0.457,buforro01
Matt Bullard,32,HOU,NBA,1999-00,56,27,1024,139,340,60,163,79,177,25,30,13,125,138,63,19,13,36,85,382,0.409,0.368,0.446,0.525,0.833,0.541,bullama01
Scott Burrell,29,NJN,NBA,1999-00,74,9,1336,165,419,83,187,82,232,39,50,65,191,256,72,67,44,38,173,451,0.394,0.444,0.353,0.492,0.78,0.511,burresc01
Jason Caffey,26,GSW,NBA,1999-00,71,56,2159,323,675,323,673,0,2,206,345,189,293,482,119,62,20,170,269,852,0.479,0.48,0,0.479,0.597,0.515,caffeja01
Michael Cage,38,NJN,NBA,1999-00,20,7,242,12,24,12,24,0,0,3,3,33,48,81,9,8,8,4,30,27,0.5,0.5,,0.5,1,0.533,cagemi01
Marcus Camby,25,NYK,NBA,1999-00,59,11,1548,226,471,225,469,1,2,148,221,174,287,461,49,43,116,72,204,601,0.48,0.48,0.5,0.481,0.67,0.529,cambyma01
Elden Campbell,31,CHH,NBA,1999-00,78,77,2538,370,829,370,823,0,6,247,358,168,422,590,129,56,150,127,269,987,0.446,0.45,0,0.446,0.69,0.5,campbel01
Antoine Carr,38,VAN,NBA,1999-00,21,0,221,28,64,28,64,0,0,11,14,8,24,32,7,3,6,9,42,67,0.438,0.438,,0.438,0.786,0.477,carran01
Chris Carr,25,TOT,NBA,1999-00,57,2,1166,196,496,164,395,32,101,107,125,41,132,173,84,30,15,117,113,531,0.395,0.415,0.317,0.427,0.856,0.482,carrch01
Anthony Carter,24,MIA,NBA,1999-00,79,30,1859,201,509,198,486,3,23,93,124,48,151,199,378,93,5,173,167,498,0.395,0.407,0.13,0.398,0.75,0.442,cartean01
Vince Carter,23,TOR,NBA,1999-00,82,82,3126,788,1696,693,1460,95,236,436,551,150,326,476,322,110,92,178,263,2107,0.465,0.475,0.403,0.493,0.791,0.543,cartevi01
Sam Cassell,30,MIL,NBA,1999-00,81,81,2899,545,1170,519,1080,26,90,390,445,69,232,301,729,102,8,267,255,1506,0.466,0.481,0.289,0.477,0.876,0.551,cassesa01
Kelvin Cato,25,HOU,NBA,1999-00,65,32,1581,216,402,216,398,0,4,135,208,102,287,389,26,33,124,71,175,567,0.537,0.543,0,0.537,0.649,0.574,catoke01
Duane Causwell,31,MIA,NBA,1999-00,25,2,185,20,37,20,37,0,0,26,38,11,36,47,2,2,16,10,42,66,0.541,0.541,,0.541,0.684,0.614,causwdu01
Cedric Ceballos,30,DAL,NBA,1999-00,69,25,2064,447,1002,403,868,44,134,209,248,172,290,462,90,56,24,125,165,1147,0.446,0.464,0.328,0.468,0.843,0.516,cebalce01
John Celestand,22,LAL,NBA,1999-00,16,0,185,15,45,13,36,2,9,5,6,1,10,11,20,7,0,16,22,37,0.333,0.361,0.222,0.356,0.833,0.388,celesjo01
Rex Chapman,32,PHO,NBA,1999-00,53,19,957,124,320,83,197,41,123,59,78,10,70,80,62,22,1,38,70,348,0.388,0.421,0.333,0.452,0.756,0.491,chapmre01
Calbert Cheaney,28,BOS,NBA,1999-00,67,19,1309,120,273,102,219,18,54,9,21,23,115,138,80,44,14,46,158,267,0.44,0.466,0.333,0.473,0.429,0.473,cheanca01
Pete Chilcutt,31,TOT,NBA,1999-00,56,2,601,53,127,47,101,6,26,8,8,46,85,131,27,15,10,20,73,120,0.417,0.465,0.231,0.441,1,0.46,chilcpe01
Chris Childs,32,NYK,NBA,1999-00,71,2,1675,146,357,109,253,37,104,47,59,17,130,147,285,36,4,105,240,376,0.409,0.431,0.356,0.461,0.797,0.491,childch01
Doug Christie,29,TOR,NBA,1999-00,73,73,2264,311,764,212,489,99,275,182,216,63,222,285,321,102,43,144,167,903,0.407,0.434,0.36,0.472,0.843,0.526,chrisdo01
Keon Clark,24,DEN,NBA,1999-00,81,20,1850,286,528,285,520,1,8,121,176,162,343,505,71,45,114,125,231,694,0.542,0.548,0.125,0.543,0.688,0.573,clarkke01
Keith Closs,23,LAC,NBA,1999-00,57,6,820,96,197,96,194,0,3,46,78,65,114,179,25,13,73,34,80,238,0.487,0.495,0,0.487,0.59,0.514,closske01
Derrick Coleman,32,CHH,NBA,1999-00,74,64,2347,446,979,395,838,51,141,296,377,124,508,632,175,34,130,173,195,1239,0.456,0.471,0.362,0.482,0.785,0.541,colemde01
Bimbo Coles,31,ATL,NBA,1999-00,80,54,1924,276,607,268,568,8,39,85,104,30,142,172,290,58,11,103,178,645,0.455,0.472,0.205,0.461,0.817,0.494,colesbi01
Marty Conlon,32,LAC,NBA,1999-00,3,0,9,1,2,1,2,0,0,0,0,1,1,2,0,0,0,0,1,2,0.5,0.5,,0.5,,0.5,conloma01
Tyrone Corbin,37,SAC,NBA,1999-00,54,5,941,88,247,78,203,10,44,33,39,40,125,165,60,36,5,29,99,219,0.356,0.384,0.227,0.377,0.846,0.415,corbity01
Chris Crawford,24,ATL,NBA,1999-00,55,11,668,91,229,84,202,7,27,63,81,51,48,99,33,17,16,37,83,252,0.397,0.416,0.259,0.413,0.778,0.476,crawfch01
Austin Croshere,24,IND,NBA,1999-00,81,14,1885,288,653,225,479,63,174,196,231,135,381,516,89,44,60,121,203,835,0.441,0.47,0.362,0.489,0.848,0.553,croshau01
John Crotty,30,DET,NBA,1999-00,69,0,937,106,251,73,171,33,80,80,93,17,58,75,128,27,5,54,104,325,0.422,0.427,0.413,0.488,0.86,0.557,crottjo01
Terry Cummings,38,GSW,NBA,1999-00,22,0,398,76,177,76,177,0,0,32,39,45,62,107,21,13,8,27,74,184,0.429,0.429,,0.429,0.821,0.474,cummite01
Vonteego Cummings,23,GSW,NBA,1999-00,75,11,1793,265,655,216,504,49,151,127,169,57,127,184,247,91,13,132,174,706,0.405,0.429,0.325,0.442,0.751,0.484,cummivo01
Bill Curley,27,TOT,NBA,1999-00,28,0,309,29,68,29,67,0,1,18,25,18,32,50,14,13,4,21,61,76,0.426,0.433,0,0.426,0.72,0.481,curlebi01
Dell Curry,35,TOR,NBA,1999-00,67,9,1095,194,454,99,212,95,242,24,32,11,89,100,89,32,9,40,66,507,0.427,0.467,0.393,0.532,0.75,0.542,curryde01
Michael Curry,31,DET,NBA,1999-00,82,3,1611,182,379,181,374,1,5,141,168,21,83,104,87,33,5,73,209,506,0.48,0.484,0.2,0.482,0.839,0.559,currymi01
Erick Dampier,24,GSW,NBA,1999-00,21,12,495,70,173,70,173,0,0,27,51,48,86,134,19,8,15,29,75,167,0.405,0.405,,0.405,0.529,0.427,dampier01
Antonio Daniels,24,SAS,NBA,1999-00,68,1,1195,163,344,141,278,22,66,72,101,16,70,86,177,55,5,58,73,420,0.474,0.507,0.333,0.506,0.713,0.541,daniean01
Kornel David,28,TOT,NBA,1999-00,32,5,474,67,157,67,154,0,3,45,56,26,55,81,17,17,3,33,56,179,0.427,0.435,0,0.427,0.804,0.493,davidko01
Antonio Davis,31,TOR,NBA,1999-00,79,78,2479,313,712,313,712,0,0,284,371,235,461,696,105,38,100,121,267,910,0.44,0.44,,0.44,0.765,0.52,davisan01
Baron Davis,20,CHH,NBA,1999-00,82,0,1523,182,433,157,322,25,111,97,153,48,117,165,309,97,19,140,201,486,0.42,0.488,0.225,0.449,0.634,0.486,davisba01
Ben Davis,27,PHO,NBA,1999-00,5,0,22,2,6,2,6,0,0,0,0,3,6,9,2,1,1,3,2,4,0.333,0.333,,0.333,,0.333,davisbe01
Dale Davis,30,IND,NBA,1999-00,74,72,2127,302,602,302,602,0,0,139,203,256,473,729,64,52,94,91,203,743,0.502,0.502,,0.502,0.685,0.537,davisda01
Emanual Davis,31,SEA,NBA,1999-00,54,2,701,80,220,49,117,31,103,26,38,15,85,100,70,38,5,44,72,217,0.364,0.419,0.301,0.434,0.684,0.458,davisem01
Hubert Davis,29,DAL,NBA,1999-00,79,15,1817,217,464,135,297,82,167,67,77,17,117,134,141,24,3,70,109,583,0.468,0.455,0.491,0.556,0.87,0.585,davishu01
Mark Davis,26,GSW,NBA,1999-00,23,7,464,56,137,56,135,0,2,31,47,31,53,84,38,25,4,40,52,143,0.409,0.415,0,0.409,0.66,0.453,davisma02
Ricky Davis,20,CHH,NBA,1999-00,48,4,570,94,187,94,183,0,4,39,51,29,54,83,62,30,8,46,39,227,0.503,0.514,0,0.503,0.765,0.542,davisri01
Todd Day,30,PHO,NBA,1999-00,58,1,941,130,330,66,165,64,165,72,108,31,98,129,65,44,22,50,127,396,0.394,0.4,0.388,0.491,0.667,0.524,dayto01
Andrew DeClercq,26,CLE,NBA,1999-00,82,31,1831,225,443,225,443,0,0,94,160,156,283,439,58,63,66,108,275,544,0.508,0.508,,0.508,0.588,0.53,declean01
Vinny Del Negro,33,MIL,NBA,1999-00,67,0,1211,153,325,145,301,8,24,35,39,9,98,107,160,36,0,48,81,349,0.471,0.482,0.333,0.483,0.897,0.51,delnevi01
Tony Delk,26,SAC,NBA,1999-00,46,1,682,120,279,111,239,9,40,47,59,36,52,88,55,35,5,32,58,296,0.43,0.464,0.225,0.446,0.797,0.485,delkto01
Derrick Dial,24,SAS,NBA,1999-00,8,0,95,17,46,14,34,3,12,3,5,14,12,26,5,1,1,6,10,40,0.37,0.412,0.25,0.402,0.6,0.415,dialde01
Michael Dickerson,24,VAN,NBA,1999-00,82,82,3103,554,1270,435,979,119,291,269,324,78,201,279,208,116,45,165,226,1496,0.436,0.444,0.409,0.483,0.83,0.53,dickemi01
Vlade Divac,31,SAC,NBA,1999-00,82,81,2374,384,764,377,738,7,26,230,333,174,482,656,244,103,103,190,251,1005,0.503,0.511,0.269,0.507,0.691,0.552,divacvl01
Michael Doleac,22,ORL,NBA,1999-00,81,29,1335,242,535,241,533,1,2,80,95,89,245,334,63,29,34,65,224,565,0.452,0.452,0.5,0.453,0.842,0.49,doleami01
Sherman Douglas,33,NJN,NBA,1999-00,20,2,309,45,90,40,74,5,16,25,28,13,16,29,34,17,0,24,26,120,0.5,0.541,0.313,0.528,0.893,0.586,douglsh01
Bryce Drew,25,HOU,NBA,1999-00,72,5,1293,158,413,99,250,59,163,45,53,23,80,103,162,41,1,66,79,420,0.383,0.396,0.362,0.454,0.849,0.481,drewbr01
Chris Dudley,34,NYK,NBA,1999-00,47,3,459,23,67,23,67,0,0,9,27,63,73,136,5,7,21,18,95,55,0.343,0.343,,0.343,0.333,0.349,dudlech02
Tim Duncan,23,SAS,NBA,1999-00,74,74,2875,628,1281,627,1270,1,11,459,603,262,656,918,234,66,165,242,210,1716,0.49,0.494,0.091,0.491,0.761,0.555,duncati01
Howard Eisley,27,UTA,NBA,1999-00,82,5,2096,282,675,222,512,60,163,84,102,23,147,170,347,59,9,132,223,708,0.418,0.434,0.368,0.462,0.824,0.492,eisleho01
Obinna Ekezie,24,VAN,NBA,1999-00,39,0,351,41,88,41,88,0,0,43,64,34,58,92,8,9,4,26,61,125,0.466,0.466,,0.466,0.672,0.538,ekeziob01
Mario Elie,36,SAS,NBA,1999-00,79,79,2217,195,457,121,271,74,186,126,149,48,201,249,193,73,9,130,156,590,0.427,0.446,0.398,0.508,0.846,0.565,eliema01
Sean Elliott,31,SAS,NBA,1999-00,19,19,391,38,106,25,69,13,37,25,32,6,41,47,28,12,2,19,34,114,0.358,0.362,0.351,0.42,0.781,0.475,elliose01
Dale Ellis,39,TOT,NBA,1999-00,42,5,564,66,159,29,59,37,100,9,13,13,43,56,14,13,0,20,45,178,0.415,0.492,0.37,0.531,0.692,0.54,ellisda01
LaPhonso Ellis,29,ATL,NBA,1999-00,58,8,1309,209,464,206,443,3,21,66,95,98,192,290,59,32,25,52,133,487,0.45,0.465,0.143,0.454,0.695,0.481,ellisla01
Pervis Ellison,32,BOS,NBA,1999-00,30,5,269,19,43,19,43,0,0,15,21,29,38,67,13,10,8,13,67,53,0.442,0.442,,0.442,0.714,0.507,ellispe01
Evan Eschmeyer,24,NJN,NBA,1999-00,31,5,373,38,72,38,72,0,0,15,30,40,68,108,21,8,21,21,84,91,0.528,0.528,,0.528,0.5,0.534,eschmev01
Patrick Ewing,37,NYK,NBA,1999-00,62,62,2035,361,775,361,773,0,2,207,283,140,464,604,58,36,84,142,196,929,0.466,0.467,0,0.466,0.731,0.516,ewingpa01
Tony Farmer,30,GSW,NBA,1999-00,74,9,1199,127,312,119,268,8,44,203,265,118,177,295,74,66,16,82,167,465,0.407,0.444,0.182,0.42,0.766,0.542,farmeto01
Jamie Feick,25,NJN,NBA,1999-00,81,17,2241,181,423,178,420,3,3,94,133,264,491,755,68,43,38,59,206,459,0.428,0.424,1,0.431,0.707,0.477,feickja01
Danny Ferry,33,CLE,NBA,1999-00,63,3,1326,189,380,156,305,33,75,52,57,55,183,238,67,22,24,55,181,463,0.497,0.511,0.44,0.541,0.912,0.571,ferryda01
Michael Finley,26,DAL,NBA,1999-00,82,82,3464,748,1636,649,1389,99,247,260,317,122,396,518,438,109,32,196,171,1855,0.457,0.467,0.401,0.487,0.82,0.522,finlemi01
Derek Fisher,25,LAL,NBA,1999-00,78,22,1803,167,483,115,317,52,166,105,145,22,121,143,216,80,3,75,150,491,0.346,0.363,0.313,0.4,0.724,0.449,fishede01
Danny Fortson,23,BOS,NBA,1999-00,55,5,856,140,265,140,265,0,0,139,189,141,225,366,29,20,5,67,180,419,0.528,0.528,,0.528,0.735,0.602,fortsda01
Greg Foster,31,SEA,NBA,1999-00,60,5,718,91,224,88,209,3,15,18,28,16,91,107,41,10,18,28,105,203,0.406,0.421,0.2,0.413,0.643,0.43,fostegr01
Jeff Foster,23,IND,NBA,1999-00,19,0,86,13,23,13,22,0,1,17,25,12,20,32,5,5,1,2,18,43,0.565,0.591,0,0.565,0.68,0.632,fosteje01
Rick Fox,30,LAL,NBA,1999-00,82,1,1473,206,498,147,317,59,181,63,78,63,135,198,138,52,26,87,203,534,0.414,0.464,0.326,0.473,0.808,0.502,foxri01
Adonal Foyle,24,GSW,NBA,1999-00,76,59,1654,193,380,193,380,0,0,34,90,174,250,424,42,26,136,71,218,420,0.508,0.508,,0.508,0.378,0.5,foylead01
Steve Francis,22,HOU,NBA,1999-00,77,77,2776,497,1117,390,807,107,310,287,365,152,257,409,507,118,29,306,231,1388,0.445,0.483,0.345,0.493,0.786,0.543,francst01
Todd Fuller,25,CHH,NBA,1999-00,41,2,399,51,122,51,122,0,0,32,53,36,74,110,5,9,8,27,46,134,0.418,0.418,,0.418,0.604,0.461,fulleto02
Lawrence Funderburke,29,SAC,NBA,1999-00,75,1,1026,184,352,184,350,0,2,115,163,98,136,234,33,32,20,40,91,483,0.523,0.526,0,0.523,0.706,0.57,fundela01
Kevin Garnett,23,MIN,NBA,1999-00,81,81,3243,759,1526,729,1445,30,81,309,404,223,733,956,401,120,126,268,205,1857,0.497,0.504,0.37,0.507,0.765,0.545,garneke01
Dean Garrett,33,MIN,NBA,1999-00,56,23,604,48,108,48,108,0,0,18,26,41,99,140,19,8,40,21,94,114,0.444,0.444,,0.444,0.692,0.477,garrede01
Kiwane Garris,25,ORL,NBA,1999-00,3,0,23,2,10,2,9,0,1,0,0,0,1,1,2,0,0,1,0,4,0.2,0.222,0,0.2,,0.2,garriki01
Pat Garrity,23,ORL,NBA,1999-00,82,1,1479,258,585,179,388,79,197,80,111,44,166,210,58,31,19,85,197,675,0.441,0.461,0.401,0.509,0.721,0.532,garripa01
Chris Gatling,32,TOT,NBA,1999-00,85,0,1811,365,802,347,732,18,70,266,373,154,348,502,71,82,23,169,246,1014,0.455,0.474,0.257,0.466,0.713,0.525,gatlich01
Matt Geiger,30,PHI,NBA,1999-00,65,20,1406,260,589,260,585,0,4,109,140,154,233,387,39,29,22,91,194,629,0.441,0.444,0,0.441,0.779,0.483,geigema01
Devean George,22,LAL,NBA,1999-00,49,1,345,56,144,40,97,16,47,27,41,29,46,75,12,10,4,21,54,155,0.389,0.412,0.34,0.444,0.659,0.478,georgde01
Kendall Gill,31,NJN,NBA,1999-00,76,75,2355,396,956,376,878,20,78,181,255,82,201,283,210,139,41,89,211,993,0.414,0.428,0.256,0.425,0.71,0.465,gillke01
Armen Gilliam,35,UTA,NBA,1999-00,50,0,782,133,305,133,304,0,1,67,86,72,137,209,42,12,16,55,83,333,0.436,0.438,0,0.436,0.779,0.486,gilliar01
Dion Glover,21,ATL,NBA,1999-00,30,1,446,66,171,54,126,12,45,51,70,15,23,38,27,15,4,28,28,195,0.386,0.429,0.267,0.421,0.729,0.483,glovedi01
Brian Grant,27,POR,NBA,1999-00,63,14,1322,173,352,172,350,1,2,112,166,121,223,344,64,32,28,84,166,459,0.491,0.491,0.5,0.493,0.675,0.54,grantbr01
Gary Grant,34,POR,NBA,1999-00,3,0,24,6,14,6,14,0,0,0,0,0,3,3,1,1,0,2,3,12,0.429,0.429,,0.429,,0.429,grantga01
Horace Grant,34,SEA,NBA,1999-00,76,76,2688,266,599,266,595,0,4,80,111,167,424,591,188,55,60,61,192,612,0.444,0.447,0,0.444,0.721,0.472,grantho01
Devin Gray,27,HOU,NBA,1999-00,21,2,124,15,37,15,37,0,0,19,29,11,14,25,5,5,3,4,22,49,0.405,0.405,,0.405,0.655,0.492,grayde01
A.C. Green,36,LAL,NBA,1999-00,82,82,1929,173,387,172,383,1,4,66,95,160,326,486,80,53,18,53,127,413,0.447,0.449,0.25,0.448,0.695,0.482,greenac01
Adrian Griffin,25,BOS,NBA,1999-00,72,47,1927,175,413,159,356,16,57,119,158,128,244,372,177,116,15,93,222,485,0.424,0.447,0.281,0.443,0.753,0.503,griffad01
Tom Gugliotta,30,PHO,NBA,1999-00,54,54,1767,310,645,309,637,1,8,117,151,141,284,425,124,80,31,106,152,738,0.481,0.485,0.125,0.481,0.775,0.519,guglito01
Darvin Ham,26,MIL,NBA,1999-00,35,21,792,71,128,71,127,0,1,35,78,85,87,172,42,29,29,29,102,177,0.555,0.559,0,0.555,0.449,0.545,hamda01
Richard Hamilton,21,WAS,NBA,1999-00,71,12,1373,254,605,226,528,28,77,103,133,38,91,129,108,28,6,84,142,639,0.42,0.428,0.364,0.443,0.774,0.482,hamilri01
Thomas Hamilton,24,HOU,NBA,1999-00,22,7,273,35,79,35,79,0,0,12,23,31,59,90,15,4,14,28,25,82,0.443,0.443,,0.443,0.522,0.46,hamilth01
Tom Hammonds,32,MIN,NBA,1999-00,56,0,372,42,97,42,97,0,0,33,56,34,67,101,10,8,3,21,55,117,0.433,0.433,,0.433,0.589,0.481,hammoto01
Anfernee Hardaway,28,PHO,NBA,1999-00,60,60,2253,378,798,345,696,33,102,226,286,91,256,347,315,94,38,153,164,1015,0.474,0.496,0.324,0.494,0.79,0.549,hardaan01
Tim Hardaway,33,MIA,NBA,1999-00,52,52,1672,246,638,152,382,94,256,110,133,25,125,150,385,49,4,119,112,696,0.386,0.398,0.367,0.459,0.827,0.5,hardati01
Ron Harper,36,LAL,NBA,1999-00,80,78,2042,212,531,179,425,33,106,100,147,96,241,337,270,85,39,132,164,557,0.399,0.421,0.311,0.43,0.68,0.468,harpero01
Matt Harpring,23,ORL,NBA,1999-00,4,0,63,4,17,2,15,2,2,6,7,5,7,12,8,5,1,1,7,16,0.235,0.133,1,0.294,0.857,0.398,harprma01
Al Harrington,19,IND,NBA,1999-00,50,0,854,121,264,113,230,8,34,78,111,47,112,159,38,25,9,65,130,328,0.458,0.491,0.235,0.473,0.703,0.524,harrial01
Othella Harrington,26,VAN,NBA,1999-00,82,82,2677,420,830,420,828,0,2,236,298,196,367,563,97,36,58,217,287,1076,0.506,0.507,0,0.506,0.792,0.56,harriot01
Lucious Harris,29,NJN,NBA,1999-00,77,11,1510,198,463,160,348,38,115,79,99,53,134,187,100,65,6,42,98,513,0.428,0.46,0.33,0.469,0.798,0.506,harrilu01
Antonio Harvey,29,POR,NBA,1999-00,19,0,137,17,30,17,30,0,0,7,12,8,25,33,5,1,6,12,20,41,0.567,0.567,,0.567,0.583,0.581,harvean01
Hersey Hawkins,33,CHI,NBA,1999-00,61,49,1622,159,375,104,234,55,141,107,119,31,144,175,134,74,15,100,146,480,0.424,0.444,0.39,0.497,0.899,0.562,hawkihe01
Michael Hawkins,27,CHH,NBA,1999-00,12,0,36,3,13,2,8,1,5,1,2,0,7,7,13,0,0,3,2,8,0.231,0.25,0.2,0.269,0.5,0.288,hawkimi01
Alan Henderson,27,ATL,NBA,1999-00,82,82,2775,429,930,428,920,1,10,224,334,265,306,571,77,81,54,139,233,1083,0.461,0.465,0.1,0.462,0.671,0.503,hendeal01
Cedric Henderson,24,CLE,NBA,1999-00,61,7,1107,129,326,128,311,1,15,69,104,34,106,140,55,39,17,68,99,328,0.396,0.412,0.067,0.397,0.663,0.441,hendece02
Mark Hendrickson,25,TOT,NBA,1999-00,15,0,71,5,8,5,8,0,0,3,4,3,10,13,6,2,1,3,8,13,0.625,0.625,,0.625,0.75,0.666,hendrma01
Chris Herren,24,DEN,NBA,1999-00,45,1,597,45,124,21,57,24,67,27,40,12,40,52,111,15,2,42,74,141,0.363,0.368,0.358,0.46,0.675,0.498,herrech01
Grant Hill,27,DET,NBA,1999-00,74,74,2776,696,1422,662,1324,34,98,480,604,97,393,490,385,103,43,240,190,1906,0.489,0.5,0.347,0.501,0.795,0.565,hillgr01
Tyrone Hill,31,PHI,NBA,1999-00,68,65,2155,318,656,318,655,0,1,179,259,220,405,625,52,64,27,124,243,815,0.485,0.485,0,0.485,0.691,0.529,hillty01
Fred Hoiberg,27,CHI,NBA,1999-00,31,11,845,89,230,57,136,32,94,69,76,7,103,110,85,40,2,43,66,279,0.387,0.419,0.34,0.457,0.908,0.53,hoibefr01
Derek Hood,23,CHH,NBA,1999-00,2,0,4,0,3,0,3,0,0,0,0,0,1,1,0,0,0,0,0,0,0,0,,0,,0,hoodde01
Jeff Hornacek,36,UTA,NBA,1999-00,77,77,2133,358,728,292,590,66,138,171,180,49,133,182,202,66,16,113,149,953,0.492,0.495,0.478,0.537,0.95,0.59,hornaje01
Robert Horry,29,LAL,NBA,1999-00,76,0,1685,159,363,130,269,29,94,89,113,133,228,361,118,84,80,73,189,436,0.438,0.483,0.309,0.478,0.788,0.528,horryro01
Allan Houston,28,NYK,NBA,1999-00,82,82,3169,614,1271,508,1028,106,243,280,334,38,233,271,224,65,14,186,219,1614,0.483,0.494,0.436,0.525,0.838,0.569,houstal01
Juwan Howard,26,WAS,NBA,1999-00,82,82,2909,509,1108,509,1101,0,7,202,275,132,338,470,247,67,21,225,299,1220,0.459,0.462,0,0.459,0.735,0.496,howarju01
Troy Hudson,23,LAC,NBA,1999-00,62,38,1592,204,541,144,348,60,193,77,95,28,120,148,242,43,0,108,65,545,0.377,0.414,0.311,0.433,0.811,0.468,hudsotr01
Larry Hughes,21,TOT,NBA,1999-00,82,37,2324,459,1147,430,1022,29,125,279,377,113,236,349,205,115,28,195,191,1226,0.4,0.421,0.232,0.413,0.74,0.467,hughela01
Rick Hughes,26,DAL,NBA,1999-00,21,0,224,35,72,35,71,0,1,12,26,24,25,49,9,3,1,14,30,82,0.486,0.493,0,0.486,0.462,0.491,hugheri02
Lindsey Hunter,29,DET,NBA,1999-00,82,82,2919,379,892,211,503,168,389,117,154,35,215,250,327,129,22,145,216,1043,0.425,0.419,0.432,0.519,0.76,0.543,hunteli01
Allen Iverson,24,PHI,NBA,1999-00,70,70,2853,729,1733,640,1472,89,261,442,620,71,196,267,328,144,5,230,162,1989,0.421,0.435,0.341,0.446,0.713,0.496,iversal01
Bobby Jackson,26,MIN,NBA,1999-00,73,10,1034,140,346,127,300,13,46,76,98,50,103,153,172,48,7,58,114,369,0.405,0.423,0.283,0.423,0.776,0.474,jacksbo01
Jaren Jackson,32,SAS,NBA,1999-00,81,12,1691,186,488,78,182,108,306,33,51,34,147,181,118,54,7,66,157,513,0.381,0.429,0.353,0.492,0.647,0.503,jacksja01
Jermaine Jackson,23,DET,NBA,1999-00,7,0,73,1,11,1,10,0,1,5,8,1,10,11,4,3,0,7,7,7,0.091,0.1,0,0.091,0.625,0.241,jacksje01
Jim Jackson,29,ATL,NBA,1999-00,79,76,2767,507,1235,390,932,117,303,186,212,101,293,394,230,57,10,185,167,1317,0.411,0.418,0.386,0.458,0.877,0.496,jacksji01
Mark Jackson,34,IND,NBA,1999-00,81,81,2190,246,570,157,349,89,221,79,98,63,233,296,650,76,10,174,111,660,0.432,0.45,0.403,0.51,0.806,0.538,jacksma01
Randell Jackson,24,DAL,NBA,1999-00,1,0,1,0,0,0,0,0,0,0,0,0,0,0,0,0,0,0,0,0,,,,,,,jacksra02
Sam Jacobson,24,TOT,NBA,1999-00,52,5,681,108,212,99,188,9,24,30,41,25,46,71,32,30,3,33,113,255,0.509,0.527,0.375,0.531,0.732,0.554,jacobsa01
Tim James,23,MIA,NBA,1999-00,4,0,23,5,14,5,14,0,0,1,3,3,1,4,2,0,3,2,1,11,0.357,0.357,,0.357,0.333,0.359,jamesti01
Antawn Jamison,23,GSW,NBA,1999-00,43,41,1556,356,756,354,749,2,7,127,208,172,187,359,90,30,15,113,115,841,0.471,0.473,0.286,0.472,0.611,0.496,jamisan01
Harold Jamison,23,MIA,NBA,1999-00,12,0,74,7,20,7,20,0,0,4,18,16,5,21,4,2,1,4,17,18,0.35,0.35,,0.35,0.222,0.322,jamisha01
Anthony Johnson,25,TOT,NBA,1999-00,56,6,637,62,164,60,153,2,11,28,39,21,30,51,72,33,4,32,58,154,0.378,0.392,0.182,0.384,0.718,0.425,johnsan02
Avery Johnson,34,SAS,NBA,1999-00,82,82,2571,402,850,401,841,1,9,114,155,33,125,158,491,76,18,140,150,919,0.473,0.477,0.111,0.474,0.735,0.5,johnsav01
DeMarco Johnson,24,NYK,NBA,1999-00,5,0,37,3,9,3,9,0,0,0,0,3,4,7,0,1,0,3,5,6,0.333,0.333,,0.333,,0.333,johnsde02
Ervin Johnson,32,MIL,NBA,1999-00,80,74,2129,144,279,144,278,0,1,95,157,233,415,648,44,81,127,80,298,383,0.516,0.518,0,0.516,0.605,0.55,johnser02
Kevin Johnson,33,PHO,NBA,1999-00,6,0,113,16,28,15,27,1,1,7,7,0,16,16,24,2,0,7,6,40,0.571,0.556,1,0.589,1,0.644,johnske02
Larry Johnson,30,NYK,NBA,1999-00,70,68,2281,282,652,224,478,58,174,128,167,87,293,380,175,42,7,94,205,750,0.433,0.469,0.333,0.477,0.766,0.517,johnsla02
Charles Jones,24,LAC,NBA,1999-00,56,0,662,66,201,27,83,39,118,17,23,17,45,62,94,30,5,28,46,188,0.328,0.325,0.331,0.425,0.739,0.445,jonesch03
Damon Jones,23,TOT,NBA,1999-00,55,1,612,80,208,39,94,41,114,32,48,12,43,55,96,18,1,40,34,233,0.385,0.415,0.36,0.483,0.667,0.508,jonesda01
Eddie Jones,28,CHH,NBA,1999-00,72,72,2807,478,1119,350,778,128,341,362,419,81,262,343,305,192,49,160,176,1446,0.427,0.45,0.375,0.484,0.864,0.555,jonesed02
Jumaine Jones,20,PHI,NBA,1999-00,33,0,138,22,58,20,54,2,4,11,18,16,22,38,5,6,5,14,10,57,0.379,0.37,0.5,0.397,0.611,0.432,jonesju01
Popeye Jones,29,DEN,NBA,1999-00,40,1,330,44,104,42,101,2,3,14,19,41,62,103,19,3,6,13,50,104,0.423,0.416,0.667,0.433,0.737,0.463,jonespo01
Reggie Jordan,32,WAS,NBA,1999-00,36,0,243,17,53,17,52,0,1,7,13,16,25,41,32,12,2,19,29,41,0.321,0.327,0,0.321,0.538,0.349,jordare01
Adam Keefe,29,UTA,NBA,1999-00,62,3,604,53,130,53,129,0,1,29,36,45,91,136,34,17,13,46,90,135,0.408,0.411,0,0.408,0.806,0.463,keefead01
Shawn Kemp,30,CLE,NBA,1999-00,82,82,2492,484,1160,482,1154,2,6,493,635,231,494,725,138,100,96,291,371,1463,0.417,0.418,0.333,0.418,0.776,0.508,kempsh01
Steve Kerr,34,SAS,NBA,1999-00,32,0,268,32,74,16,43,16,31,9,11,3,16,19,12,4,0,7,14,89,0.432,0.372,0.516,0.541,0.818,0.564,kerrst01
Jerome Kersey,37,SAS,NBA,1999-00,72,18,1310,146,354,146,345,0,9,29,41,58,167,225,69,67,47,51,161,321,0.412,0.423,0,0.412,0.707,0.431,kerseje01
Lari Ketner,22,TOT,NBA,1999-00,22,0,132,13,32,13,32,0,0,8,12,12,22,34,1,4,3,10,20,34,0.406,0.406,,0.406,0.667,0.456,ketnela01
Jason Kidd,26,PHO,NBA,1999-00,67,67,2616,350,855,294,689,56,166,203,245,96,387,483,678,134,28,226,148,959,0.409,0.427,0.337,0.442,0.829,0.498,kiddja01
Gerard King,27,WAS,NBA,1999-00,62,28,1060,139,277,139,277,0,0,49,66,84,166,250,49,34,15,41,132,327,0.502,0.502,,0.502,0.742,0.534,kingge02
Kerry Kittles,25,NJN,NBA,1999-00,62,61,1896,305,698,209,458,96,240,101,127,46,179,225,142,79,19,56,120,807,0.437,0.456,0.4,0.506,0.795,0.535,kittlke01
Joe Kleine,38,POR,NBA,1999-00,7,0,31,4,11,4,11,0,0,3,3,0,6,6,2,1,0,2,7,11,0.364,0.364,,0.364,1,0.446,kleinjo01
Brevin Knight,24,CLE,NBA,1999-00,65,46,1754,230,558,228,548,2,10,140,184,38,155,193,458,107,21,157,185,602,0.412,0.416,0.2,0.414,0.761,0.471,knighbr01
Travis Knight,25,LAL,NBA,1999-00,63,0,410,46,118,46,118,0,0,17,28,46,83,129,23,6,23,26,88,109,0.39,0.39,,0.39,0.607,0.418,knightr01
Toni Kukoc,31,TOT,NBA,1999-00,56,31,1784,297,728,253,560,44,168,192,265,75,198,273,265,77,28,146,112,830,0.408,0.452,0.262,0.438,0.725,0.491,kukocto01
Christian Laettner,30,DET,NBA,1999-00,82,82,2443,379,801,372,777,7,24,237,292,175,378,553,186,83,45,186,326,1002,0.473,0.479,0.292,0.478,0.812,0.539,laettch01
Raef LaFrentz,23,DEN,NBA,1999-00,81,80,2435,392,879,332,696,60,183,162,236,170,471,641,97,42,180,96,292,1006,0.446,0.477,0.328,0.48,0.686,0.512,lafrera01
Andrew Lang,33,NYK,NBA,1999-00,19,10,244,28,64,28,64,0,0,3,7,16,44,60,3,8,6,5,31,59,0.438,0.438,,0.438,0.429,0.44,langan01
Antonio Lang,27,TOT,NBA,1999-00,10,0,38,1,6,1,6,0,0,4,5,0,5,5,2,4,1,2,8,6,0.167,0.167,,0.167,0.8,0.366,langan02
Trajan Langdon,23,CLE,NBA,1999-00,10,0,145,15,40,7,21,8,19,11,11,4,11,15,11,5,0,6,16,49,0.375,0.333,0.421,0.475,1,0.546,langdtr01
Rusty LaRue,26,CHI,NBA,1999-00,4,1,129,15,43,13,29,2,14,5,7,1,9,10,11,7,0,7,9,37,0.349,0.448,0.143,0.372,0.714,0.401,larueru01
Tim Legler,33,GSW,NBA,1999-00,23,4,284,28,78,21,57,7,21,14,18,4,19,23,24,4,1,6,33,77,0.359,0.368,0.333,0.404,0.778,0.448,legleti01
Voshon Lenard,26,MIA,NBA,1999-00,53,13,1434,228,560,139,332,89,228,84,106,37,116,153,136,41,15,80,127,629,0.407,0.419,0.39,0.487,0.792,0.518,lenarvo01
Quincy Lewis,22,UTA,NBA,1999-00,74,0,896,111,298,88,235,23,63,38,52,46,67,113,40,24,15,46,158,283,0.372,0.374,0.365,0.411,0.731,0.441,lewisqu01
Rashard Lewis,20,SEA,NBA,1999-00,82,8,1575,275,566,235,446,40,120,84,123,127,209,336,70,62,36,78,163,674,0.486,0.527,0.333,0.521,0.683,0.543,lewisra02
Randy Livingston,24,PHO,NBA,1999-00,79,15,1081,155,373,136,318,19,55,52,62,25,105,130,170,49,13,92,129,381,0.416,0.428,0.345,0.441,0.839,0.476,livinra01
Grant Long,33,VAN,NBA,1999-00,42,1,920,74,167,74,163,0,4,55,71,86,148,234,43,45,10,49,108,203,0.443,0.454,0,0.443,0.775,0.512,longgr01
Luc Longley,31,PHO,NBA,1999-00,72,68,1417,186,399,186,399,0,0,80,97,100,223,323,77,22,42,136,221,452,0.466,0.466,,0.466,0.825,0.512,longllu01
Felipe Lopez,25,VAN,NBA,1999-00,65,0,781,111,261,108,243,3,18,67,109,59,65,124,44,32,17,53,94,292,0.425,0.444,0.167,0.431,0.615,0.473,lopezfe01
Tyronn Lue,22,LAL,NBA,1999-00,8,0,146,19,39,15,31,4,8,6,8,2,10,12,17,3,0,9,17,48,0.487,0.484,0.5,0.538,0.75,0.564,luety01
George Lynch,29,PHI,NBA,1999-00,75,75,2416,297,644,282,608,15,36,113,183,216,366,582,136,119,38,120,231,722,0.461,0.464,0.417,0.473,0.617,0.498,lynchge01
Todd MacCulloch,24,PHI,NBA,1999-00,56,6,528,89,161,89,161,0,0,28,54,48,98,146,13,11,37,26,94,206,0.553,0.553,,0.553,0.519,0.557,maccuto01
Sam Mack,29,GSW,NBA,1999-00,23,5,333,37,122,16,58,21,64,19,20,7,32,39,24,18,1,19,45,114,0.303,0.276,0.328,0.389,0.95,0.436,macksa01
Don MacLean,30,PHO,NBA,1999-00,16,0,143,18,49,16,43,2,6,4,6,6,17,23,8,2,1,8,24,42,0.367,0.372,0.333,0.388,0.667,0.407,macledo01
Corey Maggette,20,ORL,NBA,1999-00,77,5,1370,224,469,222,458,2,11,196,261,123,180,303,61,24,26,138,169,646,0.478,0.485,0.182,0.48,0.751,0.553,maggeco01
Dan Majerle,34,MIA,NBA,1999-00,69,69,2308,170,422,60,118,110,304,56,69,27,306,333,206,89,17,62,156,506,0.403,0.508,0.362,0.533,0.812,0.559,majerda01
Karl Malone,36,UTA,NBA,1999-00,82,82,2947,752,1476,750,1468,2,8,589,739,169,610,779,304,79,71,231,229,2095,0.509,0.511,0.25,0.51,0.797,0.582,malonka01
Matt Maloney,28,CHI,NBA,1999-00,51,12,1175,114,318,52,144,62,174,37,45,10,54,64,138,32,3,63,42,327,0.358,0.361,0.356,0.456,0.822,0.484,malonma01
Danny Manning,33,MIL,NBA,1999-00,72,0,1217,149,339,148,335,1,4,34,52,50,158,208,73,62,29,55,183,333,0.44,0.442,0.25,0.441,0.654,0.46,mannida01
Stephon Marbury,22,NJN,NBA,1999-00,74,74,2881,569,1317,503,1084,66,233,436,536,61,179,240,622,112,15,270,195,1640,0.432,0.464,0.283,0.457,0.813,0.528,marbust01
Shawn Marion,21,PHO,NBA,1999-00,51,38,1260,222,471,218,449,4,22,72,85,105,227,332,69,38,53,51,113,520,0.471,0.486,0.182,0.476,0.847,0.511,mariosh01
Sean Marks,24,TOR,NBA,1999-00,5,0,12,2,6,2,5,0,1,4,4,0,2,2,0,1,1,3,3,8,0.333,0.4,0,0.333,1,0.515,marksse01
Donny Marshall,27,CLE,NBA,1999-00,6,0,39,3,11,3,8,0,3,5,6,0,1,1,0,2,0,3,7,11,0.273,0.375,0,0.273,0.833,0.403,marshdo02
Donyell Marshall,26,GSW,NBA,1999-00,64,51,2071,331,840,282,702,49,138,199,255,189,448,637,167,68,68,123,180,910,0.394,0.402,0.355,0.423,0.78,0.478,marshdo01
Darrick Martin,28,SAC,NBA,1999-00,71,1,893,133,350,95,226,38,124,98,119,7,37,44,122,28,2,62,89,402,0.38,0.42,0.306,0.434,0.824,0.5,martida01
Jamal Mashburn,27,MIA,NBA,1999-00,76,76,2828,515,1158,403,880,112,278,186,239,64,317,381,298,79,14,180,215,1328,0.445,0.458,0.403,0.493,0.778,0.526,mashbja01
Anthony Mason,33,CHH,NBA,1999-00,82,81,3133,317,661,317,660,0,1,314,421,145,554,699,367,74,29,160,220,948,0.48,0.48,0,0.48,0.746,0.56,masonan01
Tony Massenburg,32,HOU,NBA,1999-00,10,0,109,16,36,16,36,0,0,14,16,7,20,27,3,2,5,9,13,46,0.444,0.444,,0.444,0.875,0.534,masseto01
Vernon Maxwell,34,SEA,NBA,1999-00,47,0,989,169,490,102,267,67,223,108,148,15,64,79,75,38,9,53,83,513,0.345,0.382,0.3,0.413,0.73,0.462,maxweve01
Walter McCarty,25,BOS,NBA,1999-00,61,5,879,78,230,44,120,34,110,39,54,33,77,110,70,24,23,67,83,229,0.339,0.367,0.309,0.413,0.722,0.451,mccarwa01
George McCloud,32,DEN,NBA,1999-00,78,11,2118,266,638,159,355,107,283,148,181,72,213,285,246,48,26,134,180,787,0.417,0.448,0.378,0.501,0.818,0.548,mccloge01
Jelani McCoy,22,SEA,NBA,1999-00,58,2,746,102,177,102,177,0,0,45,91,54,125,179,24,15,46,45,127,249,0.576,0.576,,0.576,0.495,0.574,mccoyje01
Antonio McDyess,25,DEN,NBA,1999-00,81,81,2698,614,1211,614,1209,0,2,323,516,234,451,685,159,69,139,230,316,1551,0.507,0.508,0,0.507,0.626,0.539,mcdyean01
Tracy McGrady,20,TOR,NBA,1999-00,79,34,2462,459,1018,441,953,18,65,277,392,188,313,501,263,90,151,160,201,1213,0.451,0.463,0.277,0.46,0.707,0.509,mcgratr01
Jim McIlvaine,27,NJN,NBA,1999-00,66,53,1048,64,154,64,154,0,0,29,56,106,124,230,36,26,117,38,205,157,0.416,0.416,,0.416,0.518,0.439,mcilvji01
Jeff McInnis,25,LAC,NBA,1999-00,25,10,597,80,186,73,165,7,21,13,17,18,54,72,89,15,2,27,55,180,0.43,0.442,0.333,0.449,0.765,0.465,mcinnje01
Derrick McKey,33,IND,NBA,1999-00,32,0,634,43,108,33,85,10,23,43,56,29,106,135,35,29,13,19,81,139,0.398,0.388,0.435,0.444,0.768,0.524,mckeyde01
Aaron McKie,27,PHI,NBA,1999-00,82,14,1952,244,593,200,472,44,121,121,146,47,199,246,240,108,18,113,194,653,0.411,0.424,0.364,0.449,0.829,0.497,mckieaa01
Roshown McLeod,24,ATL,NBA,1999-00,44,20,860,131,332,129,319,2,13,54,70,41,97,138,52,16,5,59,84,318,0.395,0.404,0.154,0.398,0.771,0.438,mcleoro01
Ron Mercer,23,TOT,NBA,1999-00,68,68,2377,460,1080,445,1032,15,48,213,270,64,186,250,158,75,23,151,151,1148,0.426,0.431,0.313,0.433,0.789,0.479,mercero01
Andre Miller,23,CLE,NBA,1999-00,82,36,2093,339,755,329,706,10,49,226,292,85,195,280,476,84,17,166,194,914,0.449,0.466,0.204,0.456,0.774,0.517,millean02
Anthony Miller,28,HOU,NBA,1999-00,35,14,476,52,97,52,97,0,0,26,51,49,115,164,16,11,10,19,68,130,0.536,0.536,,0.536,0.51,0.544,millean01
Brad Miller,23,CHH,NBA,1999-00,55,4,961,135,293,135,291,0,2,153,195,113,180,293,45,23,35,48,111,423,0.461,0.464,0,0.461,0.785,0.558,millebr01
Oliver Miller,29,PHO,NBA,1999-00,51,9,1088,137,233,137,233,0,0,49,73,87,174,261,68,42,80,74,132,323,0.588,0.588,,0.588,0.671,0.609,milleol01
Reggie Miller,34,IND,NBA,1999-00,81,81,2987,466,1041,301,637,165,404,373,406,50,189,239,187,85,25,129,126,1470,0.448,0.473,0.408,0.527,0.919,0.603,millere01
Chris Mills,30,GSW,NBA,1999-00,20,11,649,123,292,115,262,8,30,68,84,46,77,123,47,18,4,25,60,322,0.421,0.439,0.267,0.435,0.81,0.489,millsch01
Terry Mills,32,DET,NBA,1999-00,82,78,1842,214,488,119,246,95,242,25,34,50,340,390,85,38,24,46,242,548,0.439,0.484,0.393,0.536,0.735,0.545,millste01
Jason Miskiri,24,CHH,NBA,1999-00,1,0,3,0,1,0,0,0,1,0,0,0,0,0,1,0,0,0,2,0,0,,0,0,,0,miskija01
Sam Mitchell,36,MIN,NBA,1999-00,66,24,1227,168,376,158,353,10,23,81,92,28,110,138,111,27,14,44,116,427,0.447,0.448,0.435,0.46,0.88,0.513,mitchsa01
Cuttino Mobley,24,HOU,NBA,1999-00,81,8,2496,437,1016,333,724,104,292,299,353,59,229,288,208,87,32,186,171,1277,0.43,0.46,0.356,0.481,0.847,0.545,moblecu01
Nazr Mohammed,22,PHI,NBA,1999-00,28,3,190,21,54,21,54,0,0,12,22,16,34,50,2,4,12,18,29,54,0.389,0.389,,0.389,0.545,0.424,mohamna01
Eric Montross,28,DET,NBA,1999-00,51,0,332,17,55,17,55,0,0,6,12,18,54,72,7,6,9,22,81,40,0.309,0.309,,0.309,0.5,0.332,montrer01
Mikki Moore,24,DET,NBA,1999-00,29,0,488,87,140,87,140,0,0,54,68,44,68,112,17,9,31,23,104,228,0.621,0.621,,0.621,0.794,0.671,mooremi01
Alonzo Mourning,29,MIA,NBA,1999-00,79,78,2748,652,1184,652,1180,0,4,414,582,215,538,753,123,40,294,217,308,1718,0.551,0.553,0,0.551,0.711,0.596,mournal01
Chris Mullin,36,IND,NBA,1999-00,47,2,582,80,187,35,77,45,110,37,41,14,62,76,37,28,9,28,60,242,0.428,0.455,0.409,0.548,0.902,0.59,mullich01
Eric Murdock,31,LAC,NBA,1999-00,40,15,693,79,205,63,163,16,42,51,80,15,62,77,108,47,5,58,67,225,0.385,0.387,0.381,0.424,0.638,0.468,murdoer01
Gheorghe Muresan,28,NJN,NBA,1999-00,30,2,267,41,90,41,90,0,0,23,38,24,44,68,9,0,12,16,52,105,0.456,0.456,,0.456,0.605,0.492,muresgh01
Lamond Murray,26,CLE,NBA,1999-00,74,72,2365,460,1019,409,880,51,139,204,268,127,296,423,132,105,36,184,208,1175,0.451,0.465,0.367,0.476,0.761,0.517,murrala01
Tracy Murray,28,WAS,NBA,1999-00,80,8,1831,290,670,177,407,113,263,120,141,63,208,271,72,45,24,84,185,813,0.433,0.435,0.43,0.517,0.851,0.555,murratr01
Dikembe Mutombo,33,ATL,NBA,1999-00,82,82,2984,322,573,322,573,0,0,298,421,304,853,1157,105,27,269,174,248,942,0.562,0.562,,0.562,0.708,0.621,mutomdi01
Steve Nash,25,DAL,NBA,1999-00,56,27,1532,173,363,113,214,60,149,75,85,34,87,121,272,37,3,102,122,481,0.477,0.528,0.403,0.559,0.882,0.601,nashst01
Tyrone Nesby,24,LAC,NBA,1999-00,73,39,2317,364,915,270,634,94,281,151,191,82,193,275,121,75,31,102,205,973,0.398,0.426,0.335,0.449,0.791,0.487,nesbyty01
Rasho Nesterovic,23,MIN,NBA,1999-00,82,55,1723,206,433,206,431,0,2,59,103,135,244,379,93,21,85,71,262,471,0.476,0.478,0,0.476,0.573,0.492,nestera01
Johnny Newman,36,NJN,NBA,1999-00,82,9,1763,278,623,206,433,72,190,192,229,39,115,154,65,53,11,89,207,820,0.446,0.476,0.379,0.504,0.838,0.566,newmajo01
Moochie Norris,26,HOU,NBA,1999-00,30,0,502,69,159,57,130,12,29,57,73,16,52,68,94,23,1,30,32,207,0.434,0.438,0.414,0.472,0.781,0.542,norrimo01
Dirk Nowitzki,21,DAL,NBA,1999-00,82,81,2938,515,1118,399,812,116,306,289,348,102,430,532,203,63,68,141,256,1435,0.461,0.491,0.379,0.513,0.83,0.564,nowitdi01
Jermaine O'Neal,21,POR,NBA,1999-00,70,8,859,108,222,108,221,0,1,57,98,97,132,229,18,11,55,47,127,273,0.486,0.489,0,0.486,0.582,0.515,onealje01
Shaquille O'Neal,27,LAL,NBA,1999-00,79,79,3163,956,1665,956,1664,0,1,432,824,336,742,1078,299,36,239,223,255,2344,0.574,0.575,0,0.574,0.524,0.578,onealsh01
Charles Oakley,36,TOR,NBA,1999-00,80,80,2431,234,560,220,519,14,41,66,85,117,423,540,253,102,45,154,294,548,0.418,0.424,0.341,0.43,0.776,0.459,oaklech01
Lamar Odom,20,LAC,NBA,1999-00,76,70,2767,449,1024,390,860,59,164,302,420,159,436,595,317,91,95,258,291,1259,0.438,0.453,0.36,0.467,0.719,0.521,odomla01
Hakeem Olajuwon,37,HOU,NBA,1999-00,44,28,1049,193,421,193,419,0,2,69,112,65,209,274,61,41,70,73,88,455,0.458,0.461,0,0.458,0.616,0.484,olajuha01
Kevin Ollie,27,PHI,NBA,1999-00,40,0,290,22,49,22,49,0,0,28,37,4,27,31,46,10,0,10,27,72,0.449,0.449,,0.449,0.757,0.551,ollieke01
Michael Olowokandi,24,LAC,NBA,1999-00,80,77,2493,330,756,330,756,0,0,123,189,194,462,656,38,35,140,177,304,783,0.437,0.437,,0.437,0.651,0.467,olowomi01
Greg Ostertag,26,UTA,NBA,1999-00,81,3,1606,124,267,124,266,0,1,119,187,172,310,482,18,20,172,79,196,367,0.464,0.466,0,0.464,0.636,0.525,ostergr01
Bo Outlaw,28,ORL,NBA,1999-00,82,55,2326,204,339,204,336,0,3,82,162,202,323,525,245,113,148,133,203,490,0.602,0.607,0,0.602,0.506,0.597,outlabo01
Doug Overton,30,BOS,NBA,1999-00,48,0,432,61,154,51,126,10,28,20,21,14,19,33,53,10,0,20,46,152,0.396,0.405,0.357,0.429,0.952,0.466,overtdo01
Billy Owens,30,TOT,NBA,1999-00,62,11,1305,150,358,139,324,11,34,63,106,99,202,301,97,33,21,85,166,374,0.419,0.429,0.324,0.434,0.594,0.462,owensbi01
Robert Pack,30,DAL,NBA,1999-00,29,22,665,96,230,92,219,4,11,63,78,7,35,42,168,31,3,76,44,259,0.417,0.42,0.364,0.426,0.808,0.49,packro01
Scott Padgett,23,UTA,NBA,1999-00,47,9,432,44,140,31,96,13,44,19,27,24,64,88,25,14,8,22,55,120,0.314,0.323,0.295,0.361,0.704,0.395,padgesc01
Milt Palacio,21,VAN,NBA,1999-00,53,0,394,43,98,43,96,0,2,22,37,17,34,51,48,20,0,44,32,108,0.439,0.448,0,0.439,0.595,0.473,palacmi01
Anthony Parker,24,ORL,NBA,1999-00,16,0,185,24,57,23,43,1,14,8,11,5,22,27,10,8,4,11,13,57,0.421,0.535,0.071,0.43,0.727,0.461,parkean01
Cherokee Parks,27,VAN,NBA,1999-00,56,14,808,72,145,72,144,0,1,24,37,55,128,183,35,29,45,28,115,168,0.497,0.5,0,0.497,0.649,0.521,parksch02
Andrae Patterson,24,MIN,NBA,1999-00,5,0,20,3,4,3,4,0,0,0,0,1,1,2,1,1,0,1,4,6,0.75,0.75,,0.75,,0.75,pattean01
Ruben Patterson,24,SEA,NBA,1999-00,81,74,2097,354,661,342,634,12,27,222,321,218,216,434,126,94,40,144,190,942,0.536,0.539,0.444,0.545,0.692,0.587,patteru01
Gary Payton,31,SEA,NBA,1999-00,82,82,3425,747,1666,570,1146,177,520,311,423,100,429,529,732,153,18,224,178,1982,0.448,0.497,0.34,0.502,0.735,0.535,paytoga01
Anthony Peeler,30,MIN,NBA,1999-00,82,22,2073,316,725,231,470,85,255,87,109,58,174,232,195,62,10,85,171,804,0.436,0.491,0.333,0.494,0.798,0.52,peelean01
Will Perdue,34,CHI,NBA,1999-00,67,15,1012,59,168,59,168,0,0,50,105,88,174,262,65,14,42,78,126,168,0.351,0.351,,0.351,0.476,0.392,perduwi01
Sam Perkins,38,IND,NBA,1999-00,81,0,1620,184,441,95,223,89,218,80,97,64,225,289,68,31,33,63,136,537,0.417,0.426,0.408,0.518,0.825,0.555,perkisa01
Elliot Perry,30,NJN,NBA,1999-00,60,5,803,128,294,117,255,11,39,50,62,13,48,61,139,39,1,60,47,317,0.435,0.459,0.282,0.454,0.806,0.493,perryel01
Chuck Person,35,SEA,NBA,1999-00,37,0,340,37,123,13,28,24,95,4,8,6,47,53,22,5,2,12,56,102,0.301,0.464,0.253,0.398,0.5,0.403,persoch01
Wesley Person,28,CLE,NBA,1999-00,79,38,2056,280,654,174,404,106,250,61,77,44,223,267,146,40,19,60,119,727,0.428,0.431,0.424,0.509,0.792,0.528,persowe01
Bobby Phills,30,CHH,NBA,1999-00,28,9,825,152,335,122,244,30,91,47,65,17,54,71,79,41,8,48,72,381,0.454,0.5,0.33,0.499,0.723,0.524,phillbo01
Eric Piatkowski,29,LAC,NBA,1999-00,75,23,1712,238,573,145,330,93,243,85,100,74,148,222,81,44,13,57,140,654,0.415,0.439,0.383,0.497,0.85,0.53,piatker01
Paul Pierce,22,BOS,NBA,1999-00,73,72,2583,486,1099,390,819,96,280,359,450,83,313,396,221,152,62,178,237,1427,0.442,0.476,0.343,0.486,0.798,0.55,piercpa01
Scottie Pippen,34,POR,NBA,1999-00,82,82,2749,388,860,302,597,86,263,160,223,114,399,513,406,117,41,208,208,1022,0.451,0.506,0.327,0.501,0.717,0.533,pippesc01
Scot Pollard,24,SAC,NBA,1999-00,76,5,1336,149,283,149,283,0,0,114,159,168,236,404,43,55,59,50,213,412,0.527,0.527,,0.527,0.717,0.584,pollasc01
Olden Polynice,35,UTA,NBA,1999-00,82,79,1819,203,398,202,396,1,2,28,90,166,287,453,37,30,84,70,260,435,0.51,0.51,0.5,0.511,0.311,0.497,polynol01
Terry Porter,36,SAS,NBA,1999-00,68,8,1613,207,463,117,256,90,207,137,170,24,167,191,221,50,9,100,79,641,0.447,0.457,0.435,0.544,0.806,0.596,portete01
James Posey,23,DEN,NBA,1999-00,81,77,2052,230,536,148,316,82,220,120,150,85,232,317,146,98,33,95,207,662,0.429,0.468,0.373,0.506,0.8,0.55,poseyja01
Vitaly Potapenko,24,BOS,NBA,1999-00,79,72,1797,307,615,307,614,0,1,109,160,182,317,499,77,41,29,145,239,723,0.499,0.5,0,0.499,0.681,0.527,potapvi01
Brent Price,31,VAN,NBA,1999-00,41,0,424,41,119,16,51,25,68,34,39,8,29,37,69,17,1,47,63,141,0.345,0.314,0.368,0.45,0.872,0.518,pricebr01
Laron Profit,22,WAS,NBA,1999-00,33,1,225,21,59,18,42,3,17,4,10,2,24,26,25,7,4,19,26,49,0.356,0.429,0.176,0.381,0.4,0.386,profila01
Aleksandar Radojevic,23,TOR,NBA,1999-00,3,0,24,2,7,2,7,0,0,3,6,2,6,8,1,2,1,5,5,7,0.286,0.286,,0.286,0.5,0.363,radojal01
Theo Ratliff,26,PHI,NBA,1999-00,57,56,1795,247,491,247,491,0,0,182,236,140,295,435,36,32,171,108,185,676,0.503,0.503,,0.503,0.771,0.568,ratlith01
Eldridge Recasner,32,CHH,NBA,1999-00,7,0,28,3,7,2,3,1,4,0,0,0,4,4,5,0,0,0,1,7,0.429,0.667,0.25,0.5,,0.5,recasel01
Bryant Reeves,26,VAN,NBA,1999-00,69,67,1773,252,562,252,558,0,4,107,165,126,264,390,82,33,38,119,245,611,0.448,0.452,0,0.448,0.648,0.481,reevebr01
Khalid Reeves,27,CHI,NBA,1999-00,3,0,48,3,12,3,9,0,3,5,5,2,2,4,13,2,0,6,8,11,0.25,0.333,0,0.25,1,0.387,reevekh01
Don Reid,26,TOT,NBA,1999-00,38,3,498,60,112,60,112,0,0,24,34,31,71,102,11,24,31,23,118,144,0.536,0.536,,0.536,0.706,0.567,reiddo01
J.R. Reid,31,MIL,NBA,1999-00,34,7,602,53,127,52,120,1,7,43,56,29,88,117,18,19,5,20,81,150,0.417,0.433,0.143,0.421,0.768,0.495,reidjr01
Rodrick Rhodes,26,DAL,NBA,1999-00,1,0,8,0,3,0,3,0,0,0,0,1,0,1,0,2,0,2,0,0,0,0,,0,,0,rhodero01
Glen Rice,32,LAL,NBA,1999-00,80,80,2530,421,980,337,751,84,229,346,396,56,271,327,176,47,12,114,179,1272,0.43,0.449,0.367,0.472,0.874,0.551,ricegl01
Mitch Richmond,34,WAS,NBA,1999-00,74,69,2397,447,1049,354,808,93,241,298,340,37,176,213,185,110,13,154,191,1285,0.426,0.438,0.386,0.47,0.876,0.536,richmmi01
Isaiah Rider,28,ATL,NBA,1999-00,60,47,2084,449,1072,393,892,56,180,204,260,63,195,258,219,41,6,168,132,1158,0.419,0.441,0.311,0.445,0.785,0.488,rideris01
Stanley Roberts,29,PHI,NBA,1999-00,5,1,51,5,16,5,15,0,1,0,3,6,9,15,3,1,1,2,15,10,0.313,0.333,0,0.313,0,0.289,roberst01
Ryan Robertson,23,SAC,NBA,1999-00,1,0,25,2,6,2,4,0,2,1,1,0,0,0,0,0,0,0,0,5,0.333,0.5,0,0.333,1,0.388,roberry01
Clifford Robinson,33,PHO,NBA,1999-00,80,67,2839,530,1142,410,818,120,324,298,381,105,254,359,224,90,61,166,239,1478,0.464,0.501,0.37,0.517,0.782,0.564,robincl02
David Robinson,34,SAS,NBA,1999-00,80,80,2557,528,1031,528,1029,0,2,371,511,193,577,770,142,97,183,164,247,1427,0.512,0.513,0,0.512,0.726,0.568,robinda01
Eddie Robinson,23,CHH,NBA,1999-00,67,8,1112,212,386,212,382,0,4,47,64,54,130,184,32,48,25,39,67,471,0.549,0.555,0,0.549,0.734,0.569,robined01
Glenn Robinson,27,MIL,NBA,1999-00,81,81,2909,690,1461,604,1224,86,237,227,283,107,378,485,193,78,41,223,212,1693,0.472,0.493,0.363,0.502,0.802,0.534,robingl01
Dennis Rodman,38,DAL,NBA,1999-00,12,12,389,12,31,12,30,0,1,10,14,48,123,171,14,2,1,19,41,34,0.387,0.4,0,0.387,0.714,0.457,rodmade01
Carlos Rogers,28,HOU,NBA,1999-00,53,15,1101,170,324,169,310,1,14,81,137,98,177,275,42,14,34,63,77,422,0.525,0.545,0.071,0.526,0.591,0.549,rogerca01
Rodney Rogers,28,PHO,NBA,1999-00,82,7,2286,428,881,313,619,115,262,159,249,138,309,447,170,94,47,163,290,1130,0.486,0.506,0.439,0.551,0.639,0.57,rogerro01
Roy Rogers,26,DEN,NBA,1999-00,40,0,355,35,88,35,87,0,1,19,41,33,47,80,9,2,38,10,36,89,0.398,0.402,0,0.398,0.463,0.42,rogerro02
Sean Rooks,30,DAL,NBA,1999-00,71,13,1001,122,283,122,283,0,0,65,89,82,166,248,68,29,52,70,169,309,0.431,0.431,,0.431,0.73,0.48,rooksse01
Jalen Rose,27,IND,NBA,1999-00,80,80,2978,563,1196,486,1000,77,196,254,307,42,345,387,320,84,49,188,234,1457,0.471,0.486,0.393,0.503,0.827,0.547,roseja01
Malik Rose,25,SAS,NBA,1999-00,74,3,1341,176,385,175,382,1,3,143,198,133,202,335,47,35,52,99,232,496,0.457,0.458,0.333,0.458,0.722,0.525,rosema01
Michael Ruffin,23,CHI,NBA,1999-00,71,6,975,58,138,58,138,0,0,43,88,117,133,250,44,26,26,59,170,159,0.42,0.42,,0.42,0.489,0.45,ruffimi01
Bryon Russell,29,UTA,NBA,1999-00,82,70,2900,408,914,302,646,106,268,237,316,99,328,427,158,128,23,101,255,1159,0.446,0.467,0.396,0.504,0.75,0.55,russebr01
Arvydas Sabonis,35,POR,NBA,1999-00,66,61,1688,302,598,295,579,7,19,167,198,97,416,513,118,43,78,97,184,778,0.505,0.509,0.368,0.511,0.843,0.568,sabonar01
John Salley,35,LAL,NBA,1999-00,45,3,303,25,69,25,69,0,0,21,28,20,45,65,26,8,14,18,67,71,0.362,0.362,,0.362,0.75,0.437,sallejo01
Detlef Schrempf,37,POR,NBA,1999-00,77,6,1662,187,433,166,381,21,52,179,215,79,253,332,197,37,17,100,182,574,0.432,0.436,0.404,0.456,0.833,0.544,schrede01
Dennis Scott,31,VAN,NBA,1999-00,66,0,1263,125,333,54,144,71,189,48,57,16,90,106,69,28,9,30,104,369,0.375,0.375,0.376,0.482,0.842,0.515,scottde01
Malik Sealy,29,MIN,NBA,1999-00,82,61,2392,371,780,361,745,10,35,177,218,119,233,352,197,76,19,110,197,929,0.476,0.485,0.286,0.482,0.812,0.53,sealyma01
Brian Shaw,33,LAL,NBA,1999-00,74,2,1249,123,322,105,264,18,58,41,54,45,171,216,201,35,14,75,105,305,0.382,0.398,0.31,0.41,0.759,0.441,shawbr01
Dickey Simpkins,27,CHI,NBA,1999-00,69,48,1651,111,274,111,273,0,1,65,120,124,248,372,100,22,22,128,217,287,0.405,0.407,0,0.405,0.542,0.439,simpkdi01
Brian Skinner,23,LAC,NBA,1999-00,33,9,775,68,134,68,134,0,0,43,65,63,138,201,11,16,44,37,75,179,0.507,0.507,,0.507,0.662,0.55,skinnbr01
Joe Smith,24,MIN,NBA,1999-00,78,9,1975,289,623,288,622,1,1,195,258,186,298,484,88,45,85,119,302,774,0.464,0.463,1,0.465,0.756,0.525,smithjo02
Michael Smith,27,WAS,NBA,1999-00,46,46,1145,108,192,108,191,0,1,73,101,121,210,331,56,27,23,45,127,289,0.563,0.565,0,0.563,0.723,0.611,smithmi02
Steve Smith,30,POR,NBA,1999-00,82,81,2689,420,900,324,659,96,241,289,340,123,190,313,209,71,31,117,214,1225,0.467,0.492,0.398,0.52,0.85,0.584,smithst01
Rik Smits,33,IND,NBA,1999-00,79,79,1852,431,890,431,889,0,1,156,211,94,307,401,85,20,100,108,249,1018,0.484,0.485,0,0.484,0.739,0.518,smitsri01
Eric Snow,26,PHI,NBA,1999-00,82,80,2866,257,597,246,552,11,45,126,177,42,219,261,624,140,8,162,243,651,0.43,0.446,0.244,0.44,0.712,0.482,snower01
Felton Spencer,32,SAS,NBA,1999-00,26,0,149,15,33,15,33,0,0,20,30,15,24,39,3,6,8,9,32,50,0.455,0.455,,0.455,0.667,0.541,spencfe01
Latrell Sprewell,29,NYK,NBA,1999-00,82,82,3276,568,1305,524,1178,44,127,344,397,49,300,349,332,109,22,226,184,1524,0.435,0.445,0.346,0.452,0.866,0.515,sprewla01
Ryan Stack,24,CLE,NBA,1999-00,25,0,198,17,51,17,50,0,1,18,27,15,30,45,5,4,11,17,47,52,0.333,0.34,0,0.333,0.667,0.413,stackry01
Jerry Stackhouse,25,DET,NBA,1999-00,82,82,3148,619,1447,536,1159,83,288,618,758,118,197,315,365,103,36,311,188,1939,0.428,0.462,0.288,0.456,0.815,0.545,stackje01
John Starks,34,TOT,NBA,1999-00,37,30,1190,203,542,144,371,59,171,50,59,10,91,101,181,42,4,67,102,515,0.375,0.388,0.345,0.429,0.847,0.453,starkjo01
Vladimir Stepania,23,SEA,NBA,1999-00,30,1,202,29,79,29,73,0,6,17,36,21,26,47,3,10,11,22,44,75,0.367,0.397,0,0.367,0.472,0.395,stepavl01
Joe Stephens,27,VAN,NBA,1999-00,13,0,181,19,51,19,43,0,8,3,4,13,23,36,11,7,3,6,9,41,0.373,0.442,0,0.373,0.75,0.389,stephjo01
Michael Stewart,24,TOR,NBA,1999-00,42,1,389,20,53,20,53,0,0,18,32,33,61,94,6,5,19,17,81,58,0.377,0.377,,0.377,0.563,0.432,stewami01
Bryant Stith,29,DEN,NBA,1999-00,45,6,691,86,189,69,133,17,56,64,77,23,61,84,61,18,12,33,56,253,0.455,0.519,0.304,0.5,0.831,0.568,stithbr01
John Stockton,37,UTA,NBA,1999-00,82,82,2432,363,725,320,604,43,121,221,257,45,170,215,703,143,15,179,192,990,0.501,0.53,0.355,0.53,0.86,0.591,stockjo01
Peja Stojakovic,22,SAC,NBA,1999-00,74,11,1749,321,717,221,450,100,267,135,153,74,202,276,106,52,7,88,97,877,0.448,0.491,0.375,0.517,0.882,0.559,stojape01
Damon Stoudamire,26,POR,NBA,1999-00,78,78,2372,386,894,306,682,80,212,122,145,61,182,243,405,77,1,149,173,974,0.432,0.449,0.377,0.477,0.841,0.508,stoudda01
Erick Strickland,26,DAL,NBA,1999-00,68,67,2025,316,730,243,544,73,186,162,195,69,254,323,211,105,13,102,190,867,0.433,0.447,0.392,0.483,0.831,0.531,stricer01
Mark Strickland,29,MIA,NBA,1999-00,58,5,663,122,224,122,224,0,0,40,56,44,96,140,22,15,18,24,68,284,0.545,0.545,,0.545,0.714,0.571,stricma01
Rod Strickland,33,WAS,NBA,1999-00,69,67,2188,327,762,326,741,1,21,214,305,73,186,259,519,94,18,187,147,869,0.429,0.44,0.048,0.43,0.702,0.485,stricro02
Derek Strong,31,ORL,NBA,1999-00,20,0,148,21,48,20,44,1,4,11,14,11,33,44,4,5,2,12,15,54,0.438,0.455,0.25,0.448,0.786,0.499,stronde01
Bruno Sundov,19,DAL,NBA,1999-00,14,0,61,12,31,12,31,0,0,2,2,5,7,12,2,2,2,4,16,26,0.387,0.387,,0.387,1,0.408,sundobr01
Bob Sura,26,CLE,NBA,1999-00,73,45,2216,356,815,234,483,122,332,175,251,50,238,288,284,91,19,148,201,1009,0.437,0.484,0.367,0.512,0.697,0.545,surabo01
Wally Szczerbiak,22,MIN,NBA,1999-00,73,53,2171,342,669,314,591,28,78,133,161,89,183,272,201,58,23,83,175,845,0.511,0.531,0.359,0.532,0.826,0.571,szczewa02
Zan Tabak,29,IND,NBA,1999-00,18,0,114,16,34,16,34,0,0,5,8,16,16,32,4,3,9,11,13,37,0.471,0.471,,0.471,0.625,0.493,tabakza01
Johnny Taylor,25,TOT,NBA,1999-00,6,0,34,5,14,4,13,1,1,0,0,2,4,6,1,1,1,2,5,11,0.357,0.308,1,0.393,,0.393,taylojo01
Maurice Taylor,23,LAC,NBA,1999-00,62,60,2227,458,988,457,980,1,8,143,201,96,304,400,101,51,48,169,217,1060,0.464,0.466,0.125,0.464,0.711,0.492,tayloma01
Jason Terry,22,ATL,NBA,1999-00,81,27,1888,249,600,203,443,46,157,113,140,24,142,166,346,90,10,156,133,657,0.415,0.458,0.293,0.453,0.807,0.497,terryja01
Jamel Thomas,26,TOT,NBA,1999-00,7,0,46,8,18,8,15,0,3,1,1,1,4,5,6,1,0,5,2,17,0.444,0.533,0,0.444,1,0.461,thomaja01
John Thomas,24,TOR,NBA,1999-00,55,6,477,49,107,49,106,0,1,16,41,37,38,75,9,12,14,14,106,114,0.458,0.462,0,0.458,0.39,0.456,thomajo02
Kenny Thomas,22,HOU,NBA,1999-00,72,29,1797,212,531,180,409,32,122,138,209,147,290,437,113,54,22,112,167,594,0.399,0.44,0.262,0.429,0.66,0.477,thomake01
Kurt Thomas,27,NYK,NBA,1999-00,80,21,1971,270,535,269,532,1,3,100,128,144,361,505,82,51,42,105,278,641,0.505,0.506,0.333,0.506,0.781,0.542,thomaku01
Tim Thomas,22,MIL,NBA,1999-00,80,1,2093,347,753,284,571,63,182,188,243,100,232,332,113,59,31,129,227,945,0.461,0.497,0.346,0.503,0.774,0.549,thomati01
Otis Thorpe,37,MIA,NBA,1999-00,51,1,777,125,243,125,240,0,3,29,48,56,110,166,33,26,9,59,136,279,0.514,0.521,0,0.514,0.604,0.528,thorpot01
Robert Traylor,22,MIL,NBA,1999-00,44,16,447,58,122,58,118,0,4,41,68,50,65,115,20,25,25,27,79,157,0.475,0.492,0,0.475,0.603,0.517,traylro01
Gary Trent,25,DAL,NBA,1999-00,11,11,301,70,142,70,140,0,2,11,21,20,32,52,22,8,3,25,28,151,0.493,0.5,0,0.493,0.524,0.499,trentga01
Mirsad Turkcan,23,TOT,NBA,1999-00,17,0,90,14,38,14,32,0,6,5,8,13,20,33,5,3,1,8,14,33,0.368,0.438,0,0.368,0.625,0.397,turkcmi01
Wayne Turner,23,BOS,NBA,1999-00,3,0,41,1,6,1,6,0,0,2,6,1,2,3,5,0,0,3,4,4,0.167,0.167,,0.167,0.333,0.231,turnewa01
Nick Van Exel,28,DEN,NBA,1999-00,79,79,2950,473,1213,340,812,133,401,196,240,34,277,311,714,68,11,221,148,1275,0.39,0.419,0.332,0.445,0.817,0.483,vanexni01
Keith Van Horn,24,NJN,NBA,1999-00,80,80,2782,559,1257,475,1029,84,228,333,393,200,476,676,158,64,60,245,258,1535,0.445,0.462,0.368,0.478,0.847,0.537,vanhoke01
Jacque Vaughn,24,UTA,NBA,1999-00,78,0,884,109,262,95,228,14,34,57,76,11,54,65,121,32,0,77,92,289,0.416,0.417,0.412,0.443,0.75,0.489,vaughja01
Loy Vaught,31,DET,NBA,1999-00,43,0,292,32,89,32,86,0,3,11,16,26,65,91,11,6,4,11,45,75,0.36,0.372,0,0.36,0.688,0.39,vaughlo01
Fred Vinson,29,SEA,NBA,1999-00,8,0,40,5,17,3,10,2,7,1,2,0,1,1,0,3,0,4,2,13,0.294,0.3,0.286,0.353,0.5,0.364,vinsofr01
Antoine Walker,23,BOS,NBA,1999-00,82,82,3003,648,1506,575,1221,73,285,311,445,199,453,652,305,117,32,259,263,1680,0.43,0.471,0.256,0.455,0.699,0.494,walkean02
Samaki Walker,23,SAS,NBA,1999-00,71,7,980,137,305,137,305,0,0,86,126,77,195,272,38,10,35,64,108,360,0.449,0.449,,0.449,0.683,0.499,walkesa01
Ben Wallace,25,ORL,NBA,1999-00,81,81,1959,168,334,168,334,0,0,54,114,211,454,665,67,72,130,67,162,390,0.503,0.503,,0.503,0.474,0.508,wallabe01
John Wallace,25,NYK,NBA,1999-00,60,0,798,155,332,155,329,0,3,82,102,42,93,135,22,10,14,63,103,392,0.467,0.471,0,0.467,0.804,0.52,wallajo01
Rasheed Wallace,25,POR,NBA,1999-00,81,77,2845,542,1045,534,995,8,50,233,331,129,437,566,142,87,107,157,216,1325,0.519,0.537,0.16,0.522,0.704,0.556,wallara01
Rex Walters,29,MIA,NBA,1999-00,33,0,389,38,91,33,71,5,20,12,16,8,28,36,65,6,0,29,44,93,0.418,0.465,0.25,0.445,0.75,0.474,waltere01
Charlie Ward,29,NYK,NBA,1999-00,72,69,1986,189,447,87,183,102,264,48,58,22,206,228,300,95,16,102,176,528,0.423,0.475,0.386,0.537,0.828,0.559,wardch01
Clarence Weatherspoon,29,MIA,NBA,1999-00,78,2,1615,215,419,215,419,0,0,135,183,128,321,449,93,51,49,100,165,565,0.513,0.513,,0.513,0.738,0.566,weathcl01
Chris Webber,26,SAC,NBA,1999-00,75,75,2880,748,1548,721,1453,27,95,311,414,189,598,787,345,120,128,218,264,1834,0.483,0.496,0.284,0.492,0.751,0.53,webbech01
Bonzi Wells,23,POR,NBA,1999-00,66,0,1162,236,480,216,427,20,53,88,129,78,104,182,97,69,12,97,153,580,0.492,0.506,0.377,0.513,0.682,0.54,wellsbo01
Bill Wennington,36,SAC,NBA,1999-00,7,0,57,6,19,6,19,0,0,2,2,5,14,19,1,2,2,1,13,14,0.316,0.316,,0.316,1,0.352,wennibi01
David Wesley,29,CHH,NBA,1999-00,82,82,2760,407,955,319,707,88,248,214,275,39,186,225,463,109,11,159,186,1116,0.426,0.451,0.355,0.472,0.778,0.519,wesleda01
Doug West,32,VAN,NBA,1999-00,38,0,581,59,145,59,142,0,3,34,40,18,53,71,43,12,8,19,80,152,0.407,0.415,0,0.407,0.85,0.467,westdo01
Mark West,39,PHO,NBA,1999-00,22,2,127,5,12,5,12,0,0,5,8,6,25,31,2,2,4,6,23,15,0.417,0.417,,0.417,0.625,0.483,westma01
Jahidi White,23,WAS,NBA,1999-00,80,59,1537,228,450,228,450,0,0,113,211,202,351,553,15,31,83,94,234,569,0.507,0.507,,0.507,0.536,0.524,whiteja01
Chris Whitney,28,WAS,NBA,1999-00,82,15,1627,217,521,121,266,96,255,112,132,20,114,134,313,55,5,107,166,642,0.417,0.455,0.376,0.509,0.848,0.554,whitnch01
Aaron Williams,28,WAS,NBA,1999-00,81,0,1545,235,450,235,447,0,3,146,201,159,250,409,58,41,92,80,234,616,0.522,0.526,0,0.522,0.726,0.572,williaa01
Alvin Williams,25,TOR,NBA,1999-00,55,28,779,114,287,98,232,16,55,48,65,27,58,85,126,34,11,47,78,292,0.397,0.422,0.291,0.425,0.738,0.463,willial02
Eric Williams,27,BOS,NBA,1999-00,68,17,1378,165,386,140,314,25,72,134,169,55,101,156,93,44,16,66,165,489,0.427,0.446,0.347,0.46,0.793,0.531,willier01
Jason Williams,24,SAC,NBA,1999-00,81,81,2760,363,973,218,468,145,505,128,170,22,208,230,589,117,8,296,140,999,0.373,0.466,0.287,0.448,0.753,0.477,willija02
Jerome Williams,26,DET,NBA,1999-00,82,1,2102,257,456,257,453,0,3,175,284,277,512,789,68,95,21,105,196,689,0.564,0.567,0,0.564,0.616,0.593,willije01
Lorenzo Williams,30,WAS,NBA,1999-00,8,0,76,7,9,7,9,0,0,0,0,12,13,25,1,3,6,3,13,14,0.778,0.778,,0.778,,0.778,willilo01
Monty Williams,28,ORL,NBA,1999-00,75,23,1501,263,538,261,533,2,5,123,166,96,154,250,106,46,17,109,187,651,0.489,0.49,0.4,0.491,0.741,0.533,willimo01
Scott Williams,31,MIL,NBA,1999-00,68,46,1488,213,426,213,426,0,0,94,129,177,271,448,28,40,66,65,230,520,0.5,0.5,,0.5,0.729,0.539,willisc01
Shammond Williams,24,SEA,NBA,1999-00,43,5,517,84,225,60,144,24,81,33,51,12,40,52,78,18,0,40,39,225,0.373,0.417,0.296,0.427,0.647,0.455,willish01
Walt Williams,29,HOU,NBA,1999-00,76,66,1859,312,681,210,420,102,261,101,123,69,237,306,157,49,44,113,190,827,0.458,0.5,0.391,0.533,0.821,0.562,williwa02
Corliss Williamson,26,SAC,NBA,1999-00,76,76,1707,311,622,311,622,0,0,163,212,122,168,290,82,38,19,110,192,785,0.5,0.5,,0.5,0.769,0.549,willico02
Kevin Willis,37,TOR,NBA,1999-00,79,1,1679,236,569,235,566,1,3,131,164,201,281,482,49,36,48,98,256,604,0.415,0.415,0.333,0.416,0.799,0.471,willike02
Dedric Willoughby,25,CHI,NBA,1999-00,25,1,508,61,179,32,81,29,98,39,51,11,40,51,66,23,2,37,32,190,0.341,0.395,0.296,0.422,0.765,0.472,willode01
David Wingate,36,NYK,NBA,1999-00,7,0,32,1,9,1,9,0,0,0,0,1,1,2,3,1,2,2,7,2,0.111,0.111,,0.111,,0.111,wingada01
Haywoode Workman,34,TOT,NBA,1999-00,36,2,350,31,90,17,47,14,43,10,15,1,25,26,61,20,0,18,37,86,0.344,0.362,0.326,0.422,0.667,0.445,workmha01
Metta World Peace,20,CHI,NBA,1999-00,72,63,2238,309,759,249,568,60,191,188,279,62,246,308,202,119,39,166,159,866,0.407,0.438,0.314,0.447,0.674,0.491,artesro01
Lorenzen Wright,24,ATL,NBA,1999-00,75,0,1205,180,361,179,358,1,3,87,135,117,188,305,21,29,40,66,203,448,0.499,0.5,0.333,0.5,0.644,0.533,wrighlo02
Tim Young,23,GSW,NBA,1999-00,25,0,137,13,39,13,39,0,0,28,36,13,22,35,5,2,1,9,18,54,0.333,0.333,,0.333,0.778,0.492,youngti01
Mahmoud Abdul-Rauf,31,VAN,NBA,2000-01,41,0,486,120,246,116,232,4,14,22,29,5,20,25,76,9,1,26,50,266,0.488,0.5,0.286,0.496,0.759,0.514,abdulma02
Tariq Abdul-Wahad,26,DEN,NBA,2000-01,29,12,420,43,111,39,101,4,10,21,36,14,45,59,22,14,13,34,54,111,0.387,0.386,0.4,0.405,0.583,0.438,abdulta01
Shareef Abdur-Rahim,24,VAN,NBA,2000-01,81,81,3241,604,1280,592,1216,12,64,443,531,175,560,735,250,90,77,231,238,1663,0.472,0.487,0.188,0.477,0.834,0.549,abdursh01
Cory Alexander,27,ORL,NBA,2000-01,26,0,227,18,56,14,40,4,16,12,18,0,25,25,36,16,0,25,29,52,0.321,0.35,0.25,0.357,0.667,0.407,alexaco01
Courtney Alexander,23,TOT,NBA,2000-01,65,24,1382,239,573,222,527,17,46,123,150,42,101,143,62,45,5,75,139,618,0.417,0.421,0.37,0.432,0.82,0.484,alexaco02
Ray Allen,25,MIL,NBA,2000-01,82,82,3129,628,1309,426,842,202,467,348,392,101,327,428,374,124,20,204,192,1806,0.48,0.506,0.433,0.557,0.888,0.61,allenra02
Rafer Alston,24,MIL,NBA,2000-01,37,2,288,30,84,22,54,8,30,9,13,4,27,31,68,13,0,20,27,77,0.357,0.407,0.267,0.405,0.692,0.429,alstora01
John Amaechi,30,ORL,NBA,2000-01,82,36,1710,237,592,237,585,0,7,176,279,77,191,268,74,28,29,124,175,650,0.4,0.405,0,0.4,0.631,0.455,amaecjo01
Derek Anderson,26,SAS,NBA,2000-01,82,82,2859,413,993,312,740,101,253,342,402,75,288,363,301,120,14,165,188,1269,0.416,0.422,0.399,0.467,0.851,0.542,anderde01
Kenny Anderson,30,BOS,NBA,2000-01,33,28,849,88,227,77,194,11,33,59,71,16,57,73,134,44,2,52,62,246,0.388,0.397,0.333,0.412,0.831,0.476,anderke01
Nick Anderson,33,SAC,NBA,2000-01,21,0,169,14,57,4,18,10,39,0,0,3,22,25,13,10,4,7,13,38,0.246,0.222,0.256,0.333,,0.333,anderni01
Shandon Anderson,27,HOU,NBA,2000-01,82,82,2396,263,590,217,420,46,170,138,188,72,261,333,189,82,40,131,202,710,0.446,0.517,0.271,0.485,0.734,0.528,andersh01
Greg Anthony,33,POR,NBA,2000-01,58,0,856,97,253,32,94,65,159,23,35,21,40,61,82,40,3,43,63,282,0.383,0.34,0.409,0.512,0.657,0.525,anthogr01
Darrell Armstrong,32,ORL,NBA,2000-01,75,75,2767,413,1002,270,599,143,403,220,249,94,249,343,524,135,13,200,155,1189,0.412,0.451,0.355,0.484,0.884,0.535,armstda01
Chucky Atkins,26,DET,NBA,2000-01,81,75,2363,380,952,259,613,121,339,90,130,28,145,173,330,67,5,149,184,971,0.399,0.423,0.357,0.463,0.692,0.481,atkinch01
Stacey Augmon,32,POR,NBA,2000-01,66,23,1182,127,266,127,262,0,4,57,87,60,99,159,98,48,21,48,105,311,0.477,0.485,0,0.477,0.655,0.511,augmost01
Isaac Austin,31,VAN,NBA,2000-01,52,16,845,96,270,90,246,6,24,28,40,50,172,222,58,20,23,54,94,226,0.356,0.366,0.25,0.367,0.7,0.393,austiis01
William Avery,21,MIN,NBA,2000-01,55,0,463,55,144,39,85,16,59,28,36,5,24,29,75,13,4,45,48,154,0.382,0.459,0.271,0.438,0.778,0.482,averywi01
Dalibor Bagaric,20,CHI,NBA,2000-01,35,0,259,17,65,17,64,0,1,13,28,22,34,56,10,9,16,21,44,47,0.262,0.266,0,0.262,0.464,0.304,bagarda01
Vin Baker,29,SEA,NBA,2000-01,76,27,2129,347,822,346,806,1,16,232,321,179,251,430,90,38,73,158,264,927,0.422,0.429,0.063,0.423,0.723,0.481,bakervi01
Erick Barkley,22,POR,NBA,2000-01,8,0,38,8,22,5,14,3,8,0,0,0,3,3,6,2,0,5,2,19,0.364,0.357,0.375,0.432,,0.432,barkler01
Dana Barros,33,DET,NBA,2000-01,60,0,1079,183,412,139,307,44,105,68,80,6,88,94,110,30,2,60,63,478,0.444,0.453,0.419,0.498,0.85,0.534,barroda01
Brent Barry,29,SEA,NBA,2000-01,67,20,1778,198,401,89,172,109,229,84,103,33,178,211,225,80,14,86,126,589,0.494,0.517,0.476,0.63,0.816,0.66,barrybr01
Jon Barry,31,SAC,NBA,2000-01,62,2,1010,103,255,57,123,46,132,64,73,16,78,94,130,28,6,53,66,316,0.404,0.463,0.348,0.494,0.877,0.55,barryjo01
Tony Battie,24,BOS,NBA,2000-01,40,25,845,108,201,108,198,0,3,44,69,73,160,233,16,27,60,37,126,260,0.537,0.545,0,0.537,0.638,0.562,battito01
Raja Bell,24,PHI,NBA,2000-01,5,0,30,2,7,1,4,1,3,0,0,0,1,1,0,1,0,2,1,5,0.286,0.25,0.333,0.357,,0.357,bellra01
Jonathan Bender,20,IND,NBA,2000-01,59,7,574,66,186,55,145,11,41,50,68,14,60,74,32,7,28,42,73,193,0.355,0.379,0.268,0.384,0.735,0.447,bendejo01
Corey Benjamin,22,CHI,NBA,2000-01,65,5,857,115,302,94,221,21,81,56,83,38,62,100,69,28,16,63,128,307,0.381,0.425,0.259,0.416,0.675,0.453,benjaco01
David Benoit,32,UTA,NBA,2000-01,49,2,446,71,147,66,134,5,13,31,39,20,61,81,22,6,6,28,75,178,0.483,0.493,0.385,0.5,0.795,0.542,benoida01
Travis Best,28,IND,NBA,2000-01,77,21,2457,347,788,310,691,37,97,187,226,38,184,222,473,110,11,127,246,918,0.44,0.449,0.381,0.464,0.827,0.517,besttr01
Mike Bibby,22,VAN,NBA,2000-01,82,82,3190,525,1157,417,872,108,285,143,188,47,257,304,685,107,12,248,148,1301,0.454,0.478,0.379,0.5,0.761,0.525,bibbymi01
Chauncey Billups,24,MIN,NBA,2000-01,77,33,1790,248,587,175,393,73,194,144,171,32,126,158,260,51,11,111,178,713,0.422,0.445,0.376,0.485,0.842,0.538,billuch01
Mookie Blaylock,33,GSW,NBA,2000-01,69,59,2352,317,801,244,576,73,225,53,76,71,201,272,462,163,20,128,134,760,0.396,0.424,0.324,0.441,0.697,0.455,blaylmo01
Corie Blount,32,TOT,NBA,2000-01,68,6,1305,130,294,128,286,2,8,51,83,181,219,400,59,42,22,73,165,313,0.442,0.448,0.25,0.446,0.614,0.473,blounco01
Mark Blount,25,BOS,NBA,2000-01,64,50,1098,101,200,101,200,0,0,46,66,97,134,231,32,39,76,62,183,248,0.505,0.505,,0.505,0.697,0.541,blounma01
Muggsy Bogues,36,TOR,NBA,2000-01,3,0,34,0,2,0,1,0,1,0,0,0,3,3,5,2,0,4,3,0,0,0,0,0,,0,boguemu01
Etdrick Bohannon,27,CLE,NBA,2000-01,6,0,19,2,4,2,4,0,0,4,4,3,4,7,0,0,2,1,4,8,0.5,0.5,,0.5,1,0.694,bohanet01
Calvin Booth,24,TOT,NBA,2000-01,55,29,933,120,252,120,252,0,0,53,78,77,169,246,42,29,111,53,146,293,0.476,0.476,,0.476,0.679,0.512,boothca01
Cal Bowdler,23,ATL,NBA,2000-01,44,0,375,53,114,52,109,1,5,33,40,30,47,77,4,10,21,11,45,140,0.465,0.477,0.2,0.469,0.825,0.532,bowdlca01
Bruce Bowen,29,MIA,NBA,2000-01,82,72,2685,211,581,108,274,103,307,98,161,45,200,245,132,83,53,74,269,623,0.363,0.394,0.336,0.452,0.609,0.478,bowenbr01
Ryan Bowen,25,DEN,NBA,2000-01,57,0,696,80,144,76,133,4,11,27,44,62,51,113,30,37,12,24,95,191,0.556,0.571,0.364,0.569,0.614,0.585,bowenry01
Ira Bowman,27,ATL,NBA,2000-01,3,0,19,0,2,0,2,0,0,0,0,1,1,2,7,0,0,1,0,0,0,0,,0,,0,bowmair01
Earl Boykins,24,LAC,NBA,2000-01,10,0,149,25,63,24,55,1,8,14,17,4,7,11,32,5,0,9,9,65,0.397,0.436,0.125,0.405,0.824,0.461,boykiea01
Shawn Bradley,28,DAL,NBA,2000-01,82,35,2001,219,447,218,441,1,6,140,178,160,448,608,38,36,228,88,256,579,0.49,0.494,0.167,0.491,0.787,0.551,bradlsh01
Elton Brand,21,CHI,NBA,2000-01,74,74,2906,578,1215,578,1213,0,2,334,472,285,461,746,240,71,118,219,243,1490,0.476,0.477,0,0.476,0.708,0.524,brandel01
Terrell Brandon,30,MIN,NBA,2000-01,78,78,2821,511,1134,478,1043,33,91,195,224,60,238,298,583,161,21,155,138,1250,0.451,0.458,0.363,0.465,0.871,0.507,brandte01
Chucky Brown,32,TOT,NBA,2000-01,26,2,339,40,95,40,92,0,3,22,34,8,46,54,11,9,7,8,37,102,0.421,0.435,0,0.421,0.647,0.464,brownch01
Dee Brown,32,ORL,NBA,2000-01,7,0,155,16,44,4,12,12,32,4,5,0,11,11,12,4,0,7,10,48,0.364,0.333,0.375,0.5,0.8,0.519,brownde01
P.J. Brown,31,CHH,NBA,2000-01,80,79,2811,249,561,249,557,0,4,178,209,257,485,742,127,78,92,108,260,676,0.444,0.447,0,0.444,0.852,0.518,brownpj01
Randy Brown,32,BOS,NBA,2000-01,54,35,1238,100,237,100,234,0,3,23,40,23,76,99,154,62,10,56,132,223,0.422,0.427,0,0.422,0.575,0.438,brownra02
Rick Brunson,28,TOT,NBA,2000-01,22,0,208,18,54,16,40,2,14,8,15,5,16,21,31,8,1,17,21,46,0.333,0.4,0.143,0.352,0.533,0.38,brunsri01
Kobe Bryant,22,LAL,NBA,2000-01,68,68,2783,701,1510,640,1310,61,200,475,557,104,295,399,338,114,43,220,222,1938,0.464,0.489,0.305,0.484,0.853,0.552,bryanko01
Mark Bryant,35,DAL,NBA,2000-01,18,1,101,8,20,8,20,0,0,3,5,4,17,21,3,1,2,5,29,19,0.4,0.4,,0.4,0.6,0.428,bryanma01
Greg Buckner,24,DAL,NBA,2000-01,37,9,820,84,192,82,185,2,7,59,81,60,97,157,49,33,9,27,118,229,0.438,0.443,0.286,0.443,0.728,0.503,buckngr01
Jud Buechler,32,DET,NBA,2000-01,57,3,737,76,164,44,87,32,77,9,12,20,74,94,39,21,10,25,83,193,0.463,0.506,0.416,0.561,0.75,0.57,buechju01
Rodney Buford,23,PHI,NBA,2000-01,47,0,573,104,241,88,203,16,38,24,29,16,58,74,17,17,6,29,68,248,0.432,0.433,0.421,0.465,0.828,0.489,buforro01
Matt Bullard,33,HOU,NBA,2000-01,61,5,1000,129,305,43,92,86,213,10,14,22,108,130,42,10,9,12,76,354,0.423,0.467,0.404,0.564,0.714,0.569,bullama01
Scott Burrell,30,CHH,NBA,2000-01,4,0,41,7,15,5,9,2,6,1,4,1,2,3,1,3,0,0,8,17,0.467,0.556,0.333,0.533,0.25,0.507,burresc01
Jason Caffey,27,MIL,NBA,2000-01,70,33,1460,179,367,179,367,0,0,142,211,135,218,353,53,38,25,77,184,500,0.488,0.488,,0.488,0.673,0.544,caffeja01
Marcus Camby,26,NYK,NBA,2000-01,63,63,2127,304,580,303,572,1,8,150,225,196,527,723,52,66,136,63,205,759,0.524,0.53,0.125,0.525,0.667,0.559,cambyma01
Elden Campbell,32,CHH,NBA,2000-01,78,78,2337,367,834,367,828,0,6,288,406,157,451,608,104,60,140,144,280,1022,0.44,0.443,0,0.44,0.709,0.505,campbel01
Brian Cardinal,23,DET,NBA,2000-01,15,0,126,10,31,10,26,0,5,11,18,8,15,23,3,7,2,9,27,31,0.323,0.385,0,0.323,0.611,0.398,cardibr01
Chris Carr,26,BOS,NBA,2000-01,35,0,309,53,112,36,75,17,37,46,60,11,33,44,11,4,3,19,45,169,0.473,0.48,0.459,0.549,0.767,0.611,carrch01
Anthony Carter,25,MIA,NBA,2000-01,72,6,1630,195,480,189,440,6,40,65,103,46,134,180,268,73,10,119,154,461,0.406,0.43,0.15,0.413,0.631,0.439,cartean01
Vince Carter,24,TOR,NBA,2000-01,75,75,2979,762,1656,600,1259,162,397,384,502,176,240,416,291,114,82,167,205,2070,0.46,0.477,0.408,0.509,0.765,0.551,cartevi01
Sam Cassell,31,MIL,NBA,2000-01,76,75,2709,537,1132,507,1034,30,98,277,323,46,244,290,580,88,8,220,214,1381,0.474,0.49,0.306,0.488,0.858,0.542,cassesa01
Kelvin Cato,26,HOU,NBA,2000-01,35,13,624,64,111,64,111,0,0,37,57,47,94,141,11,13,31,25,89,165,0.577,0.577,,0.577,0.649,0.606,catoke01
Duane Causwell,32,MIA,NBA,2000-01,31,14,384,32,85,32,85,0,0,12,25,23,60,83,5,8,18,23,67,76,0.376,0.376,,0.376,0.48,0.396,causwdu01
Cedric Ceballos,31,TOT,NBA,2000-01,40,0,559,101,229,79,156,22,73,37,43,34,72,106,20,16,7,32,61,261,0.441,0.506,0.301,0.489,0.86,0.526,cebalce01
Calbert Cheaney,29,DEN,NBA,2000-01,9,5,153,10,30,10,30,0,0,1,2,5,15,20,9,4,2,5,14,21,0.333,0.333,,0.333,0.5,0.34,cheanca01
Chris Childs,33,TOT,NBA,2000-01,77,5,1859,135,335,103,229,32,106,60,71,24,178,202,355,59,15,156,242,362,0.403,0.45,0.302,0.451,0.845,0.494,childch01
Doug Christie,30,SAC,NBA,2000-01,81,81,2939,311,788,217,538,94,250,280,312,95,260,355,289,183,45,154,224,996,0.395,0.403,0.376,0.454,0.897,0.538,chrisdo01
Keon Clark,25,TOT,NBA,2000-01,81,3,1720,249,519,249,518,0,1,142,240,136,298,434,72,32,154,90,244,640,0.48,0.481,0,0.48,0.592,0.512,clarkke01
Mateen Cleaves,23,DET,NBA,2000-01,78,8,1268,160,400,155,383,5,17,97,137,26,106,132,207,49,1,139,153,422,0.4,0.405,0.294,0.406,0.708,0.458,cleavma01
John Coker,29,GSW,NBA,2000-01,6,0,32,1,8,1,8,0,0,0,0,3,2,5,2,1,0,2,4,2,0.125,0.125,,0.125,,0.125,cokerjo01
Derrick Coleman,33,CHH,NBA,2000-01,34,3,683,97,255,77,204,20,51,63,92,46,138,184,39,10,21,42,53,277,0.38,0.377,0.392,0.42,0.685,0.469,colemde01
Bimbo Coles,32,CLE,NBA,2000-01,47,0,804,91,239,89,223,2,16,48,56,9,39,48,138,27,6,59,87,232,0.381,0.399,0.125,0.385,0.857,0.44,colesbi01
Jason Collier,23,HOU,NBA,2000-01,23,0,222,27,71,27,70,0,1,17,24,12,25,37,6,2,3,11,27,71,0.38,0.386,0,0.38,0.708,0.435,collija02
Sean Colson,25,TOT,NBA,2000-01,13,0,44,6,24,5,19,1,5,2,4,2,4,6,10,1,0,2,6,15,0.25,0.263,0.2,0.271,0.5,0.291,colsose01
Tyrone Corbin,38,TOR,NBA,2000-01,15,1,117,9,38,9,33,0,5,2,4,3,10,13,4,2,0,3,18,20,0.237,0.273,0,0.237,0.5,0.252,corbity01
Chris Crawford,25,ATL,NBA,2000-01,47,22,901,122,270,116,248,6,22,68,83,28,82,110,37,21,16,62,117,318,0.452,0.468,0.273,0.463,0.819,0.519,crawfch01
Jamal Crawford,20,CHI,NBA,2000-01,61,8,1050,107,304,66,187,41,117,27,34,9,80,89,141,43,14,85,68,282,0.352,0.353,0.35,0.419,0.794,0.442,crawfja01
Austin Croshere,25,IND,NBA,2000-01,81,23,1874,276,701,206,494,70,207,200,231,123,264,387,92,36,50,136,180,822,0.394,0.417,0.338,0.444,0.866,0.512,croshau01
John Crotty,31,UTA,NBA,2000-01,31,0,264,22,65,18,58,4,7,17,19,13,15,28,34,6,0,19,32,65,0.338,0.31,0.571,0.369,0.895,0.443,crottjo01
Vonteego Cummings,24,GSW,NBA,2000-01,66,11,1495,178,517,130,374,48,143,79,116,47,90,137,227,67,14,91,160,483,0.344,0.348,0.336,0.391,0.681,0.425,cummivo01
Bill Curley,28,TOT,NBA,2000-01,20,2,192,25,47,24,45,1,2,12,19,21,16,37,3,7,9,16,45,63,0.532,0.533,0.5,0.543,0.632,0.569,curlebi01
Dell Curry,36,TOR,NBA,2000-01,71,1,956,162,382,100,237,62,145,43,51,16,69,85,75,27,8,39,66,429,0.424,0.422,0.428,0.505,0.843,0.53,curryde01
Michael Curry,32,DET,NBA,2000-01,68,58,1485,145,319,141,310,4,9,62,73,21,100,121,132,27,3,61,173,356,0.455,0.455,0.444,0.461,0.849,0.507,currymi01
Erick Dampier,25,GSW,NBA,2000-01,43,26,1038,126,314,126,312,0,2,67,126,97,153,250,59,17,58,82,123,319,0.401,0.404,0,0.401,0.532,0.432,dampier01
Antonio Daniels,25,SAS,NBA,2000-01,79,23,2060,275,588,201,405,74,183,121,156,26,137,163,304,61,14,109,120,745,0.468,0.496,0.404,0.531,0.776,0.567,daniean01
Kornel David,29,TOT,NBA,2000-01,27,0,209,25,51,25,51,0,0,12,13,15,37,52,7,6,4,11,28,62,0.49,0.49,,0.49,0.923,0.547,davidko01
Antonio Davis,32,TOR,NBA,2000-01,78,77,2729,375,866,375,865,0,1,319,423,274,513,787,106,22,151,135,230,1069,0.433,0.434,0,0.433,0.754,0.508,davisan01
Baron Davis,21,CHH,NBA,2000-01,82,82,3192,409,957,324,683,85,274,228,337,129,279,408,598,170,36,226,267,1131,0.427,0.474,0.31,0.472,0.677,0.512,davisba01
Dale Davis,31,POR,NBA,2000-01,81,43,2162,242,487,242,483,0,4,96,152,233,373,606,103,44,76,67,199,580,0.497,0.501,0,0.497,0.632,0.524,davisda01
Emanual Davis,32,SEA,NBA,2000-01,62,39,1290,133,318,83,191,50,127,45,55,28,126,154,137,64,12,77,101,361,0.418,0.435,0.394,0.497,0.818,0.527,davisem01
Hubert Davis,30,TOT,NBA,2000-01,66,18,1692,196,433,118,262,78,171,54,62,28,111,139,110,35,1,81,121,524,0.453,0.45,0.456,0.543,0.871,0.569,davishu01
Ricky Davis,21,MIA,NBA,2000-01,7,0,70,12,29,11,28,1,1,7,8,1,6,7,11,5,2,5,7,32,0.414,0.393,1,0.431,0.875,0.492,davisri01
Terry Davis,33,DEN,NBA,2000-01,19,1,228,12,25,12,25,0,0,9,22,24,29,53,7,1,1,5,34,33,0.48,0.48,,0.48,0.409,0.476,daviste01
Todd Day,31,MIN,NBA,2000-01,31,0,345,44,118,18,49,26,69,18,23,10,27,37,28,10,7,24,52,132,0.373,0.367,0.377,0.483,0.783,0.515,dayto01
Andrew DeClercq,27,ORL,NBA,2000-01,67,51,903,107,193,107,193,0,0,47,82,91,145,236,32,41,33,51,198,261,0.554,0.554,,0.554,0.573,0.57,declean01
Vinny Del Negro,34,TOT,NBA,2000-01,65,1,922,106,234,105,221,1,13,41,44,12,70,82,126,26,3,34,78,254,0.453,0.475,0.077,0.455,0.932,0.501,delnevi01
Tony Delk,27,PHO,NBA,2000-01,82,11,2288,383,923,329,755,54,168,185,235,76,185,261,160,75,17,101,171,1005,0.415,0.436,0.321,0.444,0.787,0.49,delkto01
Derrick Dial,25,SAS,NBA,2000-01,33,0,207,36,83,34,73,2,10,12,21,12,26,38,21,4,6,12,22,86,0.434,0.466,0.2,0.446,0.571,0.466,dialde01
Michael Dickerson,25,VAN,NBA,2000-01,70,69,2618,425,1020,339,790,86,230,206,270,70,159,229,233,62,27,162,207,1142,0.417,0.429,0.374,0.459,0.763,0.501,dickemi01
Vlade Divac,32,SAC,NBA,2000-01,81,81,2420,364,755,360,741,4,14,242,350,207,466,673,231,87,93,192,242,974,0.482,0.486,0.286,0.485,0.691,0.536,divacvl01
Michael Doleac,23,ORL,NBA,2000-01,77,21,1398,220,527,220,524,0,3,50,59,70,203,273,65,37,41,59,239,490,0.417,0.42,0,0.417,0.847,0.443,doleami01
Keyon Dooling,20,LAC,NBA,2000-01,76,1,1237,148,362,120,282,28,80,125,179,8,81,89,177,41,11,94,107,449,0.409,0.426,0.35,0.448,0.698,0.509,doolike01
Sherman Douglas,34,NJN,NBA,2000-01,59,7,1094,122,303,114,263,8,40,86,115,21,53,74,144,36,4,79,93,338,0.403,0.433,0.2,0.416,0.748,0.478,douglsh01
Bryce Drew,26,CHI,NBA,2000-01,48,41,1305,124,327,84,222,40,105,14,19,12,57,69,185,32,3,68,99,302,0.379,0.378,0.381,0.44,0.737,0.45,drewbr01
Chris Dudley,35,PHO,NBA,2000-01,53,33,613,29,73,29,73,0,0,14,36,64,119,183,18,14,29,26,111,72,0.397,0.397,,0.397,0.389,0.405,dudlech02
Tim Duncan,24,SAS,NBA,2000-01,82,82,3174,702,1406,695,1379,7,27,409,662,259,738,997,245,70,192,242,247,1820,0.499,0.504,0.259,0.502,0.618,0.536,duncati01
Tyus Edney,27,IND,NBA,2000-01,24,0,263,35,91,34,85,1,6,35,39,5,19,24,54,17,0,25,17,106,0.385,0.4,0.167,0.39,0.897,0.49,edneyty01
Kevin Edwards,35,VAN,NBA,2000-01,46,5,634,56,170,51,151,5,19,43,53,23,59,82,52,29,8,37,46,160,0.329,0.338,0.263,0.344,0.811,0.414,edwarke01
Howard Eisley,28,DAL,NBA,2000-01,82,40,2426,265,675,158,406,107,269,104,126,23,174,197,295,99,12,102,218,741,0.393,0.389,0.398,0.472,0.825,0.507,eisleho01
Obinna Ekezie,25,TOT,NBA,2000-01,33,0,281,32,81,32,81,0,0,37,53,31,47,78,9,5,5,14,48,101,0.395,0.395,,0.395,0.698,0.484,ekeziob01
Khalid El-Amin,21,CHI,NBA,2000-01,50,14,936,115,311,87,227,28,84,56,72,21,60,81,145,48,2,54,99,314,0.37,0.383,0.333,0.415,0.778,0.458,elamikh01
Mario Elie,37,PHO,NBA,2000-01,68,67,1506,104,246,68,146,36,100,55,69,38,117,155,131,58,12,60,112,299,0.423,0.466,0.36,0.496,0.797,0.541,eliema01
Sean Elliott,32,SAS,NBA,2000-01,52,34,1229,147,339,92,210,55,129,60,84,17,153,170,81,23,25,51,80,409,0.434,0.438,0.426,0.515,0.714,0.544,elliose01
LaPhonso Ellis,30,MIN,NBA,2000-01,82,5,1948,298,642,291,620,7,22,169,214,199,295,494,93,67,74,108,290,772,0.464,0.469,0.318,0.47,0.79,0.524,ellisla01
Pervis Ellison,33,SEA,NBA,2000-01,9,0,40,2,7,2,7,0,0,2,2,2,10,12,3,0,2,3,13,6,0.286,0.286,,0.286,1,0.381,ellispe01
Evan Eschmeyer,25,NJN,NBA,2000-01,74,51,1331,92,200,92,200,0,0,67,102,135,231,366,40,41,58,53,220,251,0.46,0.46,,0.46,0.657,0.512,eschmev01
Patrick Ewing,38,SEA,NBA,2000-01,79,79,2107,294,684,294,682,0,2,172,251,124,461,585,92,53,91,151,229,760,0.43,0.431,0,0.43,0.685,0.478,ewingpa01
Jamie Feick,26,NJN,NBA,2000-01,6,0,149,8,23,8,23,0,0,6,12,12,44,56,5,8,3,7,15,22,0.348,0.348,,0.348,0.5,0.389,feickja01
Danny Ferry,34,SAS,NBA,2000-01,80,29,1688,178,375,108,219,70,156,22,30,55,168,223,71,28,21,50,169,448,0.475,0.493,0.449,0.568,0.733,0.577,ferryda01
Michael Finley,27,DAL,NBA,2000-01,82,82,3443,711,1552,620,1289,91,263,252,325,109,316,425,360,118,32,190,174,1765,0.458,0.481,0.346,0.487,0.775,0.521,finlemi01
Derek Fisher,26,LAL,NBA,2000-01,20,20,709,77,187,52,124,25,63,50,62,5,54,59,87,39,2,29,50,229,0.412,0.419,0.397,0.479,0.806,0.534,fishede01
Marcus Fizer,22,CHI,NBA,2000-01,72,13,1580,278,646,268,607,10,39,117,161,76,237,313,76,30,19,124,175,683,0.43,0.442,0.256,0.438,0.727,0.476,fizerma01
Danny Fortson,24,GSW,NBA,2000-01,6,6,203,29,50,29,50,0,0,42,54,29,69,98,5,2,0,10,22,100,0.58,0.58,,0.58,0.778,0.678,fortsda01
Greg Foster,32,LAL,NBA,2000-01,62,8,451,56,133,53,124,3,9,10,14,29,83,112,32,9,12,25,76,125,0.421,0.427,0.333,0.432,0.714,0.449,fostegr01
Jeff Foster,24,IND,NBA,2000-01,71,9,1152,100,213,98,206,2,7,47,91,144,245,389,33,39,28,52,152,249,0.469,0.476,0.286,0.474,0.516,0.492,fosteje01
Rick Fox,31,LAL,NBA,2000-01,82,77,2291,287,646,169,346,118,300,95,122,80,245,325,262,70,29,136,225,787,0.444,0.488,0.393,0.536,0.779,0.562,foxri01
Adonal Foyle,25,GSW,NBA,2000-01,58,37,1457,156,375,156,375,0,0,30,68,156,249,405,48,31,156,79,136,342,0.416,0.416,,0.416,0.441,0.422,foylead01
Steve Francis,23,HOU,NBA,2000-01,80,79,3194,550,1219,417,883,133,336,358,438,190,363,553,517,141,31,265,274,1591,0.451,0.472,0.396,0.506,0.817,0.563,francst01
Todd Fuller,26,MIA,NBA,2000-01,10,0,77,10,35,10,35,0,0,8,8,7,11,18,1,3,2,3,10,28,0.286,0.286,,0.286,1,0.363,fulleto02
Lawrence Funderburke,30,SAC,NBA,2000-01,59,2,698,120,242,120,242,0,0,48,77,74,122,196,17,9,13,32,44,288,0.496,0.496,,0.496,0.623,0.522,fundela01
Ruben Garces,27,TOT,NBA,2000-01,13,0,73,7,22,7,22,0,0,2,8,16,13,29,5,3,2,5,14,16,0.318,0.318,,0.318,0.25,0.313,garceru01
Chris Garner,25,GSW,NBA,2000-01,8,0,149,7,37,7,30,0,7,5,6,2,10,12,18,7,1,9,18,19,0.189,0.233,0,0.189,0.833,0.24,garnech01
Kevin Garnett,24,MIN,NBA,2000-01,81,81,3202,704,1475,685,1409,19,66,357,467,219,702,921,401,111,145,230,204,1784,0.477,0.486,0.288,0.484,0.764,0.531,garneke01
Dean Garrett,34,MIN,NBA,2000-01,70,21,831,75,156,75,156,0,0,27,39,65,152,217,24,26,49,25,93,177,0.481,0.481,,0.481,0.692,0.511,garrede01
Pat Garrity,24,ORL,NBA,2000-01,76,1,1579,223,576,126,352,97,224,85,98,51,159,210,51,40,15,68,241,628,0.387,0.358,0.433,0.471,0.867,0.507,garripa01
Chris Gatling,33,CLE,NBA,2000-01,74,6,1670,329,733,301,641,28,92,156,228,99,292,391,61,52,27,119,185,842,0.449,0.47,0.304,0.468,0.684,0.505,gatlich01
Matt Geiger,31,PHI,NBA,2000-01,35,4,542,88,224,88,222,0,2,37,54,50,89,139,14,12,8,25,73,213,0.393,0.396,0,0.393,0.685,0.43,geigema01
Devean George,23,LAL,NBA,2000-01,59,1,593,64,207,49,139,15,68,39,55,35,75,110,19,15,15,34,87,182,0.309,0.353,0.221,0.345,0.709,0.394,georgde01
Eddie Gill,22,NJN,NBA,2000-01,8,0,152,16,41,13,32,3,9,4,5,0,9,9,24,4,1,10,9,39,0.39,0.406,0.333,0.427,0.8,0.451,gilled01
Kendall Gill,32,NJN,NBA,2000-01,31,26,892,107,323,103,309,4,14,65,90,32,99,131,87,47,7,48,64,283,0.331,0.333,0.286,0.337,0.722,0.39,gillke01
Dion Glover,22,ATL,NBA,2000-01,57,7,929,141,336,132,290,9,46,47,69,39,92,131,69,49,10,54,92,338,0.42,0.455,0.196,0.433,0.681,0.461,glovedi01
Anthony Goldwire,29,DEN,NBA,2000-01,20,0,201,30,80,21,46,9,34,13,17,1,11,12,34,9,0,15,13,82,0.375,0.457,0.265,0.431,0.765,0.469,goldwan01
Steve Goodrich,24,CHI,NBA,2000-01,12,0,133,7,18,6,15,1,3,4,7,7,14,21,6,2,1,8,14,19,0.389,0.4,0.333,0.417,0.571,0.451,goodrst01
Brian Grant,28,MIA,NBA,2000-01,82,79,2771,484,1010,484,1009,0,1,282,354,217,501,718,101,60,71,170,293,1250,0.479,0.48,0,0.479,0.797,0.536,grantbr01
Gary Grant,35,POR,NBA,2000-01,4,0,17,5,7,5,7,0,0,0,0,0,0,0,1,0,0,0,1,10,0.714,0.714,,0.714,,0.714,grantga01
Horace Grant,35,LAL,NBA,2000-01,77,77,2390,263,569,263,566,0,3,131,169,220,325,545,121,51,61,48,181,657,0.462,0.465,0,0.462,0.775,0.511,grantho01
A.C. Green,37,MIA,NBA,2000-01,82,1,1411,144,324,144,318,0,6,79,111,107,206,313,39,30,8,45,119,367,0.444,0.453,0,0.444,0.712,0.492,greenac01
Adrian Griffin,26,BOS,NBA,2000-01,44,0,377,33,97,24,71,9,26,18,24,27,60,87,27,18,5,18,45,93,0.34,0.338,0.346,0.387,0.75,0.432,griffad01
Tom Gugliotta,31,PHO,NBA,2000-01,57,2,1159,149,380,146,368,3,12,61,77,76,179,255,55,47,21,51,110,362,0.392,0.397,0.25,0.396,0.792,0.437,guglito01
A.J. Guyton,22,CHI,NBA,2000-01,33,8,630,78,192,51,123,27,69,15,18,10,26,36,64,9,5,24,35,198,0.406,0.415,0.391,0.477,0.833,0.495,guytoaj01
Darvin Ham,27,MIL,NBA,2000-01,29,13,540,39,80,37,77,2,3,29,49,56,65,121,25,17,21,33,85,109,0.488,0.481,0.667,0.5,0.592,0.537,hamda01
Richard Hamilton,22,WAS,NBA,2000-01,78,42,2519,547,1249,507,1103,40,146,277,319,75,163,238,224,75,10,201,203,1411,0.438,0.46,0.274,0.454,0.868,0.508,hamilri01
Zendon Hamilton,25,LAC,NBA,2000-01,3,0,19,2,9,2,9,0,0,5,8,3,5,8,0,0,0,2,4,9,0.222,0.222,,0.222,0.625,0.359,hamilze01
Tom Hammonds,33,MIN,NBA,2000-01,7,0,30,3,10,3,10,0,0,1,2,2,2,4,1,0,0,3,8,7,0.3,0.3,,0.3,0.5,0.322,hammoto01
Anfernee Hardaway,29,PHO,NBA,2000-01,4,4,112,15,36,13,28,2,8,7,11,5,13,18,15,6,1,3,6,39,0.417,0.464,0.25,0.444,0.636,0.477,hardaan01
Tim Hardaway,34,MIA,NBA,2000-01,77,77,2613,408,1042,219,525,189,517,145,181,26,178,204,483,90,6,189,155,1150,0.392,0.417,0.366,0.482,0.801,0.513,hardati01
Ron Harper,37,LAL,NBA,2000-01,47,46,1139,127,271,108,199,19,72,34,48,46,120,166,113,39,25,62,70,307,0.469,0.543,0.264,0.504,0.708,0.525,harpero01
Matt Harpring,24,CLE,NBA,2000-01,56,55,1615,238,524,225,472,13,52,134,165,90,152,242,102,42,17,90,161,623,0.454,0.477,0.25,0.467,0.812,0.522,harprma01
Al Harrington,20,IND,NBA,2000-01,78,38,1892,241,543,240,536,1,7,103,157,119,262,381,130,63,18,148,223,586,0.444,0.448,0.143,0.445,0.656,0.479,harrial01
Othella Harrington,27,TOT,NBA,2000-01,74,45,1815,247,507,247,504,0,3,171,224,139,249,388,56,34,45,145,237,665,0.487,0.49,0,0.487,0.763,0.549,harriot01
Lucious Harris,30,NJN,NBA,2000-01,73,50,2071,265,624,219,492,46,132,107,139,71,217,288,135,74,16,64,127,683,0.425,0.445,0.348,0.462,0.77,0.498,harrilu01
Jason Hart,22,MIL,NBA,2000-01,1,0,10,1,1,1,1,0,0,0,0,0,0,0,1,0,0,2,0,2,1,1,,1,,1,hartja01
Antonio Harvey,30,POR,NBA,2000-01,12,0,72,13,28,13,28,0,0,5,6,5,9,14,4,1,6,3,10,31,0.464,0.464,,0.464,0.833,0.506,harvean01
Donnell Harvey,20,DAL,NBA,2000-01,18,0,65,8,14,8,14,0,0,6,16,6,14,20,2,3,1,7,15,22,0.571,0.571,,0.571,0.375,0.523,harvedo01
Hersey Hawkins,34,CHH,NBA,2000-01,59,0,681,56,137,39,91,17,46,54,63,17,63,80,72,33,9,19,45,183,0.409,0.429,0.37,0.471,0.857,0.555,hawkihe01
Michael Hawkins,28,CLE,NBA,2000-01,10,0,76,3,9,1,5,2,4,0,0,2,3,5,13,2,0,6,13,8,0.333,0.2,0.5,0.444,,0.444,hawkimi01
Alan Henderson,28,ATL,NBA,2000-01,73,42,1810,298,671,298,670,0,1,173,271,180,226,406,50,51,29,126,164,769,0.444,0.445,0,0.444,0.638,0.487,hendeal01
Cedric Henderson,25,CLE,NBA,2000-01,55,10,961,102,262,101,254,1,8,30,46,19,71,90,79,29,23,63,101,235,0.389,0.398,0.125,0.391,0.652,0.416,hendece02
Chris Herren,25,BOS,NBA,2000-01,25,7,408,29,96,13,41,16,55,9,12,4,17,21,56,14,0,20,43,83,0.302,0.317,0.291,0.385,0.75,0.41,herrech01
Grant Hill,28,ORL,NBA,2000-01,4,4,133,19,43,18,42,1,1,16,26,8,17,25,25,5,2,11,9,55,0.442,0.429,1,0.453,0.615,0.505,hillgr01
Tyrone Hill,32,PHI,NBA,2000-01,76,75,2363,278,587,278,586,0,1,172,273,239,448,687,48,37,27,127,242,728,0.474,0.474,0,0.474,0.63,0.515,hillty01
Fred Hoiberg,28,CHI,NBA,2000-01,74,37,2247,217,495,114,245,103,250,136,157,21,287,308,263,98,12,74,155,673,0.438,0.465,0.412,0.542,0.866,0.597,hoibefr01
Robert Horry,30,LAL,NBA,2000-01,79,1,1587,147,380,93,224,54,156,59,83,93,203,296,128,54,54,79,210,407,0.387,0.415,0.346,0.458,0.711,0.489,horryro01
Eddie House,22,MIA,NBA,2000-01,50,0,550,104,247,85,192,19,55,24,35,5,37,42,52,13,0,35,58,251,0.421,0.443,0.345,0.46,0.686,0.478,houseed01
Allan Houston,29,NYK,NBA,2000-01,78,78,2858,542,1208,446,956,96,252,279,307,20,263,283,173,52,10,161,190,1459,0.449,0.467,0.381,0.488,0.909,0.543,houstal01
Juwan Howard,27,TOT,NBA,2000-01,81,81,2974,583,1218,583,1215,0,3,296,383,171,401,572,224,75,37,242,292,1462,0.479,0.48,0,0.479,0.773,0.527,howarju01
Troy Hudson,24,ORL,NBA,2000-01,75,7,1008,125,372,103,263,22,109,85,104,38,67,105,162,37,3,92,82,357,0.336,0.392,0.202,0.366,0.817,0.427,hudsotr01
Larry Hughes,22,GSW,NBA,2000-01,50,45,1846,308,805,294,730,14,75,193,252,76,200,276,223,96,29,152,147,823,0.383,0.403,0.187,0.391,0.766,0.449,hughela01
Lindsey Hunter,30,MIL,NBA,2000-01,82,5,2002,298,783,146,376,152,407,77,96,32,137,169,222,102,12,68,172,825,0.381,0.388,0.373,0.478,0.802,0.5,hunteli01
Zydrunas Ilgauskas,25,CLE,NBA,2000-01,24,24,616,114,234,114,232,0,2,53,78,65,95,160,18,15,37,60,78,281,0.487,0.491,0,0.487,0.679,0.524,ilgauzy01
Allen Iverson,25,PHI,NBA,2000-01,71,71,2979,762,1813,664,1507,98,306,585,719,50,223,273,325,178,20,237,147,2207,0.42,0.441,0.32,0.447,0.814,0.518,iversal01
Bobby Jackson,27,SAC,NBA,2000-01,79,7,1648,231,526,192,422,39,104,65,88,74,172,246,161,87,7,103,139,566,0.439,0.455,0.375,0.476,0.739,0.501,jacksbo01
Jaren Jackson,33,SAS,NBA,2000-01,16,0,114,16,40,9,22,7,18,0,2,1,11,12,7,5,0,3,13,39,0.4,0.409,0.389,0.488,0,0.477,jacksja01
Jim Jackson,30,TOT,NBA,2000-01,56,40,1690,239,632,213,552,26,80,139,169,53,171,224,163,53,10,130,139,643,0.378,0.386,0.325,0.399,0.822,0.455,jacksji01
Marc Jackson,26,GSW,NBA,2000-01,48,35,1410,237,508,232,485,5,23,154,192,119,242,361,59,34,27,93,138,633,0.467,0.478,0.217,0.471,0.802,0.534,jacksma02
Mark Jackson,35,TOT,NBA,2000-01,83,82,2588,244,583,174,376,70,207,73,93,63,242,305,661,84,7,175,139,631,0.419,0.463,0.338,0.479,0.785,0.506,jacksma01
Stephen Jackson,22,NJN,NBA,2000-01,77,40,1660,243,572,191,417,52,155,97,135,41,167,208,140,86,14,130,166,635,0.425,0.458,0.335,0.47,0.719,0.503,jacksst02
Sam Jacobson,25,MIN,NBA,2000-01,14,0,59,9,18,9,18,0,0,2,3,3,3,6,4,3,0,0,19,20,0.5,0.5,,0.5,0.667,0.518,jacobsa01
Tim James,24,CHH,NBA,2000-01,30,0,197,16,52,15,49,1,3,12,14,15,20,35,8,2,5,8,27,45,0.308,0.306,0.333,0.317,0.857,0.387,jamesti01
Antawn Jamison,24,GSW,NBA,2000-01,82,82,3394,800,1812,738,1607,62,205,382,534,280,435,715,164,114,28,199,225,2044,0.442,0.459,0.302,0.459,0.715,0.499,jamisan01
Anthony Johnson,26,TOT,NBA,2000-01,53,0,511,53,152,52,147,1,5,23,33,10,34,44,78,23,6,34,62,130,0.349,0.354,0.2,0.352,0.697,0.39,johnsan02
Avery Johnson,35,SAS,NBA,2000-01,55,20,1290,134,300,133,294,1,6,41,60,21,64,85,237,33,4,60,90,310,0.447,0.452,0.167,0.448,0.683,0.475,johnsav01
DerMarr Johnson,20,ATL,NBA,2000-01,78,21,1313,146,390,105,263,41,127,64,87,56,122,178,64,43,30,93,134,397,0.374,0.399,0.323,0.427,0.736,0.463,johnsde03
Ervin Johnson,33,MIL,NBA,2000-01,82,19,1981,108,198,108,198,0,0,50,93,205,408,613,40,44,97,47,257,266,0.545,0.545,,0.545,0.538,0.557,johnser02
Larry Johnson,31,NYK,NBA,2000-01,65,65,2105,246,598,195,435,51,163,102,128,90,273,363,127,39,29,97,209,645,0.411,0.448,0.313,0.454,0.797,0.493,johnsla02
Damon Jones,24,VAN,NBA,2000-01,71,10,1415,170,416,86,185,84,231,37,52,16,108,124,224,36,1,76,58,461,0.409,0.465,0.364,0.51,0.712,0.525,jonesda01
Eddie Jones,29,MIA,NBA,2000-01,63,58,2282,388,871,298,633,90,238,228,270,75,217,292,171,110,58,135,183,1094,0.445,0.471,0.378,0.497,0.844,0.553,jonesed02
Jumaine Jones,21,PHI,NBA,2000-01,65,0,866,122,275,102,215,20,60,40,53,63,126,189,32,30,15,39,68,304,0.444,0.474,0.333,0.48,0.755,0.51,jonesju01
Popeye Jones,30,WAS,NBA,2000-01,45,1,638,60,153,59,147,1,6,41,55,83,137,220,31,19,8,21,95,162,0.392,0.401,0.167,0.395,0.745,0.457,jonespo01
Garth Joseph,27,TOT,NBA,2000-01,4,0,16,1,5,1,5,0,0,0,2,2,0,2,1,0,1,2,1,2,0.2,0.2,,0.2,0,0.17,josepga01
Adam Keefe,30,GSW,NBA,2000-01,67,13,836,64,159,63,156,1,3,39,63,90,119,209,36,28,20,40,102,168,0.403,0.404,0.333,0.406,0.619,0.45,keefead01
Shawn Kemp,31,POR,NBA,2000-01,68,3,1083,168,413,164,402,4,11,101,131,63,196,259,65,45,23,99,184,441,0.407,0.408,0.364,0.412,0.771,0.469,kempsh01
Steve Kerr,35,SAS,NBA,2000-01,55,1,650,67,159,34,82,33,77,14,15,6,29,35,57,16,1,21,30,181,0.421,0.415,0.429,0.525,0.933,0.546,kerrst01
Jerome Kersey,38,MIL,NBA,2000-01,22,2,243,32,69,32,68,0,1,8,16,8,37,45,15,14,8,6,36,72,0.464,0.471,0,0.464,0.5,0.473,kerseje01
Lari Ketner,23,IND,NBA,2000-01,3,0,7,0,0,0,0,0,0,0,0,0,0,0,1,0,0,2,0,0,,,,,,,ketnela01
Jason Kidd,27,PHO,NBA,2000-01,77,76,3065,451,1097,382,865,69,232,328,403,91,403,494,753,166,23,286,171,1299,0.411,0.442,0.297,0.443,0.814,0.51,kiddja01
Gerard King,28,WAS,NBA,2000-01,45,3,706,90,176,90,176,0,0,36,45,39,90,129,31,14,11,47,94,216,0.511,0.511,,0.511,0.8,0.552,kingge02
Brevin Knight,25,TOT,NBA,2000-01,53,43,1457,139,371,138,361,1,10,54,66,23,145,168,311,101,4,91,155,333,0.375,0.382,0.1,0.376,0.818,0.416,knighbr01
Travis Knight,26,NYK,NBA,2000-01,45,0,256,10,53,10,52,0,1,9,18,19,34,53,5,5,11,10,47,29,0.189,0.192,0,0.189,0.5,0.238,knightr01
Toni Kukoc,32,TOT,NBA,2000-01,65,19,1597,275,582,205,425,70,157,101,160,66,193,259,199,48,11,111,98,721,0.473,0.482,0.446,0.533,0.631,0.553,kukocto01
Christian Laettner,31,TOT,NBA,2000-01,78,48,1663,277,551,273,538,4,13,170,204,118,247,365,124,71,46,137,242,728,0.503,0.507,0.308,0.506,0.833,0.568,laettch01
Raef LaFrentz,24,DEN,NBA,2000-01,78,74,2457,387,812,336,673,51,139,183,262,173,434,607,107,37,206,97,290,1008,0.477,0.499,0.367,0.508,0.698,0.544,lafrera01
Trajan Langdon,24,CLE,NBA,2000-01,65,5,1116,135,313,84,189,51,124,68,76,12,77,89,81,38,9,52,114,389,0.431,0.444,0.411,0.513,0.895,0.561,langdtr01
Dan Langhi,23,HOU,NBA,2000-01,33,0,241,37,99,37,98,0,1,16,29,13,28,41,4,7,1,8,16,90,0.374,0.378,0,0.374,0.552,0.403,langhda01
Voshon Lenard,27,DEN,NBA,2000-01,80,58,2331,336,846,189,464,147,382,153,192,47,184,231,190,65,18,102,170,972,0.397,0.407,0.385,0.484,0.797,0.522,lenarvo01
Quincy Lewis,23,UTA,NBA,2000-01,35,2,402,50,123,41,98,9,25,15,21,14,33,47,18,10,10,17,78,124,0.407,0.418,0.36,0.443,0.714,0.469,lewisqu01
Rashard Lewis,21,SEA,NBA,2000-01,78,78,2720,426,887,303,602,123,285,176,213,143,398,541,125,91,45,129,191,1151,0.48,0.503,0.432,0.55,0.826,0.587,lewisra02
Randy Livingston,25,GSW,NBA,2000-01,2,0,7,0,2,0,1,0,1,0,0,0,1,1,1,0,0,0,0,0,0,0,0,0,,0,livinra01
Art Long,28,SAC,NBA,2000-01,9,0,20,0,4,0,4,0,0,0,2,2,6,8,1,0,3,2,5,0,0,0,,0,0,0,longar01
Grant Long,34,VAN,NBA,2000-01,66,27,1507,140,319,136,304,4,15,112,157,76,198,274,83,72,15,62,160,396,0.439,0.447,0.267,0.445,0.713,0.51,longgr01
Luc Longley,32,NYK,NBA,2000-01,25,2,301,18,54,18,54,0,0,13,17,26,40,66,7,3,9,22,51,49,0.333,0.333,,0.333,0.765,0.399,longllu01
Felipe Lopez,26,TOT,NBA,2000-01,70,48,1565,211,478,192,426,19,52,109,156,55,179,234,107,62,30,83,156,550,0.441,0.451,0.365,0.461,0.699,0.503,lopezfe01
Tyronn Lue,23,LAL,NBA,2000-01,38,1,468,50,117,39,83,11,34,19,24,5,27,32,45,19,0,27,54,130,0.427,0.47,0.324,0.474,0.792,0.51,luety01
George Lynch,30,PHI,NBA,2000-01,82,80,2649,274,616,259,559,15,57,123,171,200,390,590,139,99,30,109,222,686,0.445,0.463,0.263,0.457,0.719,0.496,lynchge01
Todd MacCulloch,25,PHI,NBA,2000-01,63,3,597,109,185,109,185,0,0,42,66,69,99,168,10,7,19,27,96,260,0.589,0.589,,0.589,0.636,0.607,maccuto01
Don MacLean,31,MIA,NBA,2000-01,8,1,76,10,20,8,18,2,2,9,12,7,11,18,4,5,1,10,9,31,0.5,0.444,1,0.55,0.75,0.613,macledo01
Mark Madsen,25,LAL,NBA,2000-01,70,3,641,55,113,54,112,1,1,26,37,74,78,152,24,8,8,27,111,137,0.487,0.482,1,0.491,0.703,0.53,madsema01
Corey Maggette,21,LAC,NBA,2000-01,69,9,1359,225,487,208,431,17,56,223,288,88,203,291,82,35,9,106,140,690,0.462,0.483,0.304,0.479,0.774,0.562,maggeco01
Jamaal Magloire,22,CHH,NBA,2000-01,74,0,1095,122,271,122,269,0,2,95,145,103,192,295,27,18,78,61,139,339,0.45,0.454,0,0.45,0.655,0.506,magloja01
Dan Majerle,35,MIA,NBA,2000-01,53,19,1306,87,259,30,78,57,181,36,44,20,146,166,88,53,15,35,98,267,0.336,0.385,0.315,0.446,0.818,0.48,majerda01
Karl Malone,37,UTA,NBA,2000-01,81,81,2895,670,1345,668,1340,2,5,536,676,114,555,669,361,93,62,244,216,1878,0.498,0.499,0.4,0.499,0.793,0.572,malonka01
Matt Maloney,29,ATL,NBA,2000-01,55,27,1403,146,348,95,206,51,142,26,34,14,103,117,154,56,5,70,94,369,0.42,0.461,0.359,0.493,0.765,0.508,malonma01
Danny Manning,34,UTA,NBA,2000-01,82,0,1305,247,500,240,472,7,28,102,140,66,148,214,92,47,29,96,219,603,0.494,0.508,0.25,0.501,0.729,0.537,mannida01
Stephon Marbury,23,NJN,NBA,2000-01,67,67,2557,563,1277,453,942,110,335,362,458,53,152,205,506,79,5,197,150,1598,0.441,0.481,0.328,0.484,0.79,0.54,marbust01
Shawn Marion,22,PHO,NBA,2000-01,79,79,2857,557,1160,536,1078,21,82,234,289,220,628,848,160,132,108,129,211,1369,0.48,0.497,0.256,0.489,0.81,0.532,mariosh01
Donyell Marshall,27,UTA,NBA,2000-01,81,49,2326,427,849,386,721,41,128,205,273,172,394,566,133,85,78,128,196,1100,0.503,0.535,0.32,0.527,0.751,0.568,marshdo01
Darrick Martin,29,SAC,NBA,2000-01,31,0,176,29,76,15,49,14,27,31,35,2,14,16,14,7,0,10,27,103,0.382,0.306,0.519,0.474,0.886,0.563,martida01
Kenyon Martin,23,NJN,NBA,2000-01,68,68,2272,346,777,345,766,1,11,121,192,137,365,502,131,78,113,138,281,814,0.445,0.45,0.091,0.446,0.63,0.472,martike01
Jamal Mashburn,28,CHH,NBA,2000-01,76,76,2989,573,1388,470,1099,103,289,279,364,92,484,576,411,85,13,211,185,1528,0.413,0.428,0.356,0.45,0.766,0.493,mashbja01
Anthony Mason,34,MIA,NBA,2000-01,80,80,3254,460,954,460,954,0,0,370,474,169,601,770,248,80,25,179,231,1290,0.482,0.482,,0.482,0.781,0.555,masonan01
Desmond Mason,23,SEA,NBA,2000-01,78,14,1522,189,439,171,372,18,67,67,91,72,177,249,63,39,20,53,146,463,0.431,0.46,0.269,0.451,0.736,0.483,masonde01
Tony Massenburg,33,VAN,NBA,2000-01,52,20,823,92,199,92,199,0,0,49,70,75,135,210,9,10,28,48,122,233,0.462,0.462,,0.462,0.7,0.507,masseto01
Vernon Maxwell,35,TOT,NBA,2000-01,43,6,660,73,223,39,112,34,111,21,32,4,62,66,49,21,3,35,64,201,0.327,0.348,0.306,0.404,0.656,0.424,maxweve01
Walter McCarty,26,BOS,NBA,2000-01,60,3,478,45,126,26,70,19,56,22,28,24,57,81,39,14,7,20,82,131,0.357,0.371,0.339,0.433,0.786,0.474,mccarwa01
Dan McClintock,23,DEN,NBA,2000-01,6,1,58,9,18,9,18,0,0,0,5,10,7,17,1,0,2,3,11,18,0.5,0.5,,0.5,0,0.446,mcclida01
George McCloud,33,DEN,NBA,2000-01,76,8,2007,250,655,173,421,77,234,152,181,55,169,224,279,53,27,117,165,729,0.382,0.411,0.329,0.44,0.84,0.496,mccloge01
Jelani McCoy,23,SEA,NBA,2000-01,70,44,1143,138,264,138,264,0,0,41,93,92,159,251,57,18,49,75,141,317,0.523,0.523,,0.523,0.441,0.52,mccoyje01
Antonio McDyess,26,DEN,NBA,2000-01,70,70,2555,577,1165,577,1165,0,0,304,434,240,605,845,146,43,102,162,220,1458,0.495,0.495,,0.495,0.7,0.538,mcdyean01
Tracy McGrady,21,ORL,NBA,2000-01,77,77,3087,788,1724,729,1558,59,166,430,587,192,388,580,352,116,118,198,160,2065,0.457,0.468,0.355,0.474,0.733,0.521,mcgratr01
Jim McIlvaine,28,NJN,NBA,2000-01,18,3,193,10,28,10,28,0,0,8,12,8,27,35,4,7,15,9,35,28,0.357,0.357,,0.357,0.667,0.421,mcilvji01
Jeff McInnis,26,LAC,NBA,2000-01,81,81,2831,432,933,380,789,52,144,130,161,41,179,220,447,75,7,113,199,1046,0.463,0.482,0.361,0.491,0.807,0.521,mcinnje01
Derrick McKey,34,IND,NBA,2000-01,66,20,987,60,136,56,116,4,20,21,27,49,127,176,74,48,13,47,136,145,0.441,0.483,0.2,0.456,0.778,0.49,mckeyde01
Aaron McKie,28,PHI,NBA,2000-01,76,33,2394,338,714,285,544,53,170,149,194,33,278,311,377,106,8,203,178,878,0.473,0.524,0.312,0.511,0.768,0.549,mckieaa01
Roshown McLeod,25,TOT,NBA,2000-01,35,25,922,145,332,143,310,2,22,45,51,38,82,120,58,23,8,58,90,337,0.437,0.461,0.091,0.44,0.882,0.475,mcleoro01
Paul McPherson,22,TOT,NBA,2000-01,55,0,595,109,216,107,204,2,12,42,58,40,39,79,38,25,4,47,80,262,0.505,0.525,0.167,0.509,0.724,0.542,mcphepa01
Stanislav Medvedenko,21,LAL,NBA,2000-01,7,0,39,12,25,11,24,1,1,7,12,1,8,9,2,1,1,3,9,32,0.48,0.458,1,0.5,0.583,0.528,medvest01
Ron Mercer,24,CHI,NBA,2000-01,61,61,2535,500,1121,486,1075,14,46,188,228,72,164,236,201,78,27,129,148,1202,0.446,0.452,0.304,0.452,0.825,0.492,mercero01
Chris Mihm,21,CLE,NBA,2000-01,59,43,1166,173,391,173,390,0,1,100,126,106,174,280,16,20,53,80,156,446,0.442,0.444,0,0.442,0.794,0.5,mihmch01
Darius Miles,19,LAC,NBA,2000-01,81,21,2133,318,630,317,611,1,19,124,238,127,350,477,99,51,125,147,191,761,0.505,0.519,0.053,0.506,0.521,0.518,milesda01
Andre Miller,24,CLE,NBA,2000-01,82,82,2848,452,999,435,935,17,64,375,450,94,266,360,657,119,28,265,229,1296,0.452,0.465,0.266,0.461,0.833,0.541,millean02
Anthony Miller,29,TOT,NBA,2000-01,4,0,11,1,2,1,2,0,0,0,0,0,2,2,0,0,0,1,1,2,0.5,0.5,,0.5,,0.5,millean01
Brad Miller,24,CHI,NBA,2000-01,57,45,1434,168,386,167,381,1,5,168,226,144,275,419,107,33,38,73,176,505,0.435,0.438,0.2,0.437,0.743,0.52,millebr01
Mike Miller,20,ORL,NBA,2000-01,82,62,2390,368,845,220,481,148,364,91,128,66,261,327,140,51,19,97,200,975,0.436,0.457,0.407,0.523,0.711,0.541,millemi01
Reggie Miller,35,IND,NBA,2000-01,81,81,3181,517,1176,347,712,170,464,323,348,38,247,285,260,81,15,133,162,1527,0.44,0.487,0.366,0.512,0.928,0.574,millere01
Chris Mills,31,GSW,NBA,2000-01,15,8,493,71,191,64,166,7,25,31,36,24,69,93,18,9,5,20,43,180,0.372,0.386,0.28,0.39,0.861,0.435,millsch01
Terry Mills,33,IND,NBA,2000-01,14,0,113,11,34,8,17,3,17,0,0,4,17,21,5,3,1,10,20,25,0.324,0.471,0.176,0.368,,0.368,millste01
Sam Mitchell,37,MIN,NBA,2000-01,82,4,983,118,289,109,246,9,43,40,55,28,95,123,57,26,10,36,117,285,0.408,0.443,0.209,0.424,0.727,0.455,mitchsa01
Cuttino Mobley,25,HOU,NBA,2000-01,79,49,3002,527,1214,437,962,90,252,394,474,83,314,397,195,84,26,165,169,1538,0.434,0.454,0.357,0.471,0.831,0.541,moblecu01
Nazr Mohammed,23,TOT,NBA,2000-01,58,22,912,176,369,176,368,0,1,89,126,115,192,307,19,29,35,64,113,441,0.477,0.478,0,0.477,0.706,0.52,mohamna01
Jerome Moiso,22,BOS,NBA,2000-01,24,0,135,12,30,12,29,0,1,11,26,12,30,42,3,3,4,18,29,35,0.4,0.414,0,0.4,0.423,0.422,moisoje01
Eric Montross,29,TOT,NBA,2000-01,54,21,649,56,138,56,138,0,0,8,31,52,121,173,19,11,26,41,115,120,0.406,0.406,,0.406,0.258,0.396,montrer01
Mikki Moore,25,DET,NBA,2000-01,81,2,1154,132,268,132,267,0,1,95,130,121,195,316,33,24,61,74,202,359,0.493,0.494,0,0.493,0.731,0.552,mooremi01
Hanno Mottola,24,ATL,NBA,2000-01,73,3,989,123,277,123,274,0,3,73,90,49,125,174,25,11,9,67,163,319,0.444,0.449,0,0.444,0.811,0.504,mottoha01
Alonzo Mourning,30,MIA,NBA,2000-01,13,3,306,73,141,73,140,0,1,31,55,35,66,101,12,4,31,28,24,177,0.518,0.521,0,0.518,0.564,0.536,mournal01
Chris Mullin,37,GSW,NBA,2000-01,20,8,374,36,106,17,54,19,52,24,28,10,31,41,19,16,10,19,28,115,0.34,0.315,0.365,0.429,0.857,0.486,mullich01
Lamond Murray,27,CLE,NBA,2000-01,78,46,2225,391,925,330,760,61,165,155,211,104,236,340,124,83,27,141,173,998,0.423,0.434,0.37,0.456,0.735,0.49,murrala01
Tracy Murray,29,TOT,NBA,2000-01,51,1,588,94,248,58,145,36,103,33,42,22,59,81,23,12,7,26,53,257,0.379,0.4,0.35,0.452,0.786,0.482,murratr01
Dikembe Mutombo,34,TOT,NBA,2000-01,75,75,2591,269,556,269,556,0,0,211,291,307,708,1015,76,29,203,144,204,749,0.484,0.484,,0.484,0.725,0.547,mutomdi01
Mamadou N'Diaye,25,TOR,NBA,2000-01,3,0,10,1,4,1,4,0,0,2,2,1,1,2,0,0,0,0,3,4,0.25,0.25,,0.25,1,0.41,ndiayma02
Lee Nailon,25,CHH,NBA,2000-01,42,0,469,66,136,66,135,0,1,32,43,29,63,92,24,9,5,27,60,164,0.485,0.489,0,0.485,0.744,0.529,nailole01
Eduardo Najera,24,DAL,NBA,2000-01,40,4,431,58,111,57,108,1,3,14,33,41,54,95,27,13,8,17,48,131,0.523,0.528,0.333,0.527,0.424,0.522,najered01
Steve Nash,26,DAL,NBA,2000-01,70,70,2387,386,792,297,573,89,219,231,258,46,177,223,509,72,5,205,158,1092,0.487,0.518,0.406,0.544,0.895,0.603,nashst01
Tyrone Nesby,25,TOT,NBA,2000-01,62,34,1556,189,530,140,350,49,180,85,106,51,122,173,76,51,20,65,155,512,0.357,0.4,0.272,0.403,0.802,0.444,nesbyty01
Rasho Nesterovic,24,MIN,NBA,2000-01,73,39,1233,147,319,147,318,0,1,34,65,99,187,286,45,25,63,55,189,328,0.461,0.462,0,0.461,0.523,0.472,nestera01
Ira Newble,26,SAS,NBA,2000-01,27,6,184,21,55,17,46,4,9,8,16,13,22,35,6,2,4,7,18,54,0.382,0.37,0.444,0.418,0.5,0.435,newblir01
Johnny Newman,37,NJN,NBA,2000-01,82,17,2049,291,695,232,519,59,176,254,297,34,142,176,115,63,10,106,229,895,0.419,0.447,0.335,0.461,0.855,0.542,newmajo01
Moochie Norris,27,HOU,NBA,2000-01,82,6,1654,184,413,159,324,25,89,151,194,44,154,198,283,69,2,107,84,544,0.446,0.491,0.281,0.476,0.778,0.546,norrimo01
Dirk Nowitzki,22,DAL,NBA,2000-01,82,82,3125,591,1247,440,857,151,390,451,538,119,635,754,173,79,101,156,245,1784,0.474,0.513,0.387,0.534,0.838,0.601,nowitdi01
Jermaine O'Neal,22,IND,NBA,2000-01,81,80,2641,404,868,404,863,0,5,233,388,249,545,794,98,49,228,161,280,1041,0.465,0.468,0,0.465,0.601,0.501,onealje01
Shaquille O'Neal,28,LAL,NBA,2000-01,74,74,2924,813,1422,813,1420,0,2,499,972,291,649,940,277,47,204,218,256,2125,0.572,0.573,0,0.572,0.513,0.574,onealsh01
Charles Oakley,37,TOR,NBA,2000-01,78,77,2767,305,786,294,737,11,49,127,152,142,599,741,264,76,48,139,258,748,0.388,0.399,0.224,0.395,0.836,0.439,oaklech01
Lamar Odom,21,LAC,NBA,2000-01,76,74,2836,481,1046,401,793,80,253,262,386,110,482,592,392,74,122,264,236,1304,0.46,0.506,0.316,0.498,0.679,0.536,odomla01
Hakeem Olajuwon,38,HOU,NBA,2000-01,58,55,1545,283,568,283,567,0,1,123,198,124,307,431,72,70,88,81,141,689,0.498,0.499,0,0.498,0.621,0.526,olajuha01
Kevin Ollie,28,TOT,NBA,2000-01,70,4,925,76,192,75,189,1,3,63,89,16,79,95,146,30,1,49,84,216,0.396,0.397,0.333,0.398,0.708,0.467,ollieke01
Michael Olowokandi,25,LAC,NBA,2000-01,82,82,2127,308,708,308,708,0,0,85,156,168,357,525,46,30,108,169,250,701,0.435,0.435,,0.435,0.545,0.451,olowomi01
Greg Ostertag,27,UTA,NBA,2000-01,81,3,1491,139,281,138,279,1,2,84,151,164,251,415,22,22,142,63,215,363,0.495,0.495,0.5,0.496,0.556,0.522,ostergr01
Bo Outlaw,29,ORL,NBA,2000-01,80,69,2534,226,368,225,366,1,2,129,225,211,408,619,225,105,137,141,241,582,0.614,0.615,0.5,0.615,0.573,0.623,outlabo01
Doug Overton,31,TOT,NBA,2000-01,21,10,475,52,139,41,103,11,36,10,16,4,35,39,72,8,0,31,37,125,0.374,0.398,0.306,0.414,0.625,0.428,overtdo01
Billy Owens,31,DET,NBA,2000-01,45,14,793,88,230,85,210,3,20,19,40,84,121,205,55,32,12,39,93,198,0.383,0.405,0.15,0.389,0.475,0.4,owensbi01
Olumide Oyedeji,19,SEA,NBA,2000-01,30,1,221,18,37,18,37,0,0,9,12,24,43,67,2,7,10,11,40,45,0.486,0.486,,0.486,0.75,0.532,oyedeol01
Robert Pack,31,DEN,NBA,2000-01,74,11,1260,181,426,169,395,12,31,105,137,30,107,137,293,65,1,135,114,479,0.425,0.428,0.387,0.439,0.766,0.493,packro01
Scott Padgett,24,UTA,NBA,2000-01,27,0,127,18,43,13,34,5,9,15,20,19,20,39,5,6,3,10,21,56,0.419,0.382,0.556,0.477,0.75,0.541,padgesc01
Milt Palacio,22,BOS,NBA,2000-01,58,6,1141,126,267,114,231,12,36,78,92,25,77,102,151,48,0,80,83,342,0.472,0.494,0.333,0.494,0.848,0.556,palacmi01
Andy Panko,23,ATL,NBA,2000-01,1,0,1,0,0,0,0,0,0,0,0,0,0,0,0,0,0,0,0,0,,,,,,,pankoan01
Cherokee Parks,28,TOT,NBA,2000-01,65,31,1054,134,274,134,268,0,6,31,44,71,158,229,46,25,36,41,122,299,0.489,0.5,0,0.489,0.705,0.51,parksch02
Ruben Patterson,25,SEA,NBA,2000-01,76,22,2059,370,749,368,713,2,36,246,361,183,199,382,161,103,45,155,176,988,0.494,0.516,0.056,0.495,0.681,0.544,patteru01
Gary Payton,32,SEA,NBA,2000-01,79,79,3244,725,1591,623,1319,102,272,271,354,73,288,361,642,127,26,209,184,1823,0.456,0.472,0.375,0.488,0.766,0.522,paytoga01
Anthony Peeler,31,MIN,NBA,2000-01,75,41,2126,308,732,208,476,100,256,75,87,44,148,192,192,91,18,105,166,791,0.421,0.437,0.391,0.489,0.862,0.513,peelean01
Mike Penberthy,26,LAL,NBA,2000-01,53,0,851,92,222,37,83,55,139,28,31,10,53,63,71,22,2,34,57,267,0.414,0.446,0.396,0.538,0.903,0.567,penbemi01
Will Perdue,35,POR,NBA,2000-01,13,0,58,6,9,6,9,0,0,2,4,6,12,18,2,3,2,0,8,14,0.667,0.667,,0.667,0.5,0.651,perduwi01
Sam Perkins,39,IND,NBA,2000-01,64,41,999,86,226,48,116,38,110,32,38,32,136,168,41,33,18,19,61,242,0.381,0.414,0.345,0.465,0.842,0.499,perkisa01
Elliot Perry,31,TOT,NBA,2000-01,49,6,499,65,140,64,135,1,5,16,22,9,37,46,79,22,1,38,29,147,0.464,0.474,0.2,0.468,0.727,0.491,perryel01
Wesley Person,29,CLE,NBA,2000-01,44,22,958,128,292,94,208,34,84,24,30,11,119,130,64,27,11,40,62,314,0.438,0.452,0.405,0.497,0.8,0.514,persowe01
Morris Peterson,23,TOR,NBA,2000-01,80,49,1809,290,673,227,508,63,165,104,145,112,147,259,105,63,20,78,164,747,0.431,0.447,0.382,0.478,0.717,0.507,petermo01
Eric Piatkowski,30,LAC,NBA,2000-01,81,40,2144,291,672,171,375,120,297,158,181,54,187,241,96,46,19,76,123,860,0.433,0.456,0.404,0.522,0.873,0.572,piatker01
Paul Pierce,23,BOS,NBA,2000-01,82,82,3120,687,1513,540,1129,147,384,550,738,94,428,522,253,138,69,262,251,2071,0.454,0.478,0.383,0.503,0.745,0.563,piercpa01
Scottie Pippen,35,POR,NBA,2000-01,64,60,2133,269,596,205,410,64,186,119,161,70,263,333,294,94,35,154,158,721,0.451,0.5,0.344,0.505,0.739,0.541,pippesc01
Scot Pollard,25,SAC,NBA,2000-01,77,8,1658,185,395,185,393,0,2,128,171,173,292,465,47,48,97,66,206,498,0.468,0.471,0,0.468,0.749,0.53,pollasc01
Olden Polynice,36,UTA,NBA,2000-01,81,79,1619,206,415,206,414,0,1,17,65,157,221,378,31,27,77,78,241,429,0.496,0.498,0,0.496,0.262,0.484,polynol01
Mark Pope,28,MIL,NBA,2000-01,63,45,942,62,142,57,118,5,24,22,35,56,91,147,38,16,26,17,140,151,0.437,0.483,0.208,0.454,0.629,0.48,popema01
Chris Porter,22,GSW,NBA,2000-01,51,35,1147,173,445,173,440,0,5,94,141,89,100,189,61,45,6,59,111,440,0.389,0.393,0,0.389,0.667,0.434,portech01
Terry Porter,37,SAS,NBA,2000-01,80,42,1678,197,440,110,235,87,205,92,116,24,177,201,251,52,11,104,88,573,0.448,0.468,0.424,0.547,0.793,0.583,portete01
James Posey,24,DEN,NBA,2000-01,82,82,2255,243,590,178,373,65,217,115,141,125,306,431,163,93,40,102,226,666,0.412,0.477,0.3,0.467,0.816,0.511,poseyja01
Lavor Postell,22,NYK,NBA,2000-01,26,0,169,17,54,14,43,3,11,22,27,8,17,25,5,4,2,17,12,59,0.315,0.326,0.273,0.343,0.815,0.448,postela01
Vitaly Potapenko,25,BOS,NBA,2000-01,82,7,1901,248,521,248,521,0,0,115,158,206,289,495,64,52,23,105,228,611,0.476,0.476,,0.476,0.728,0.517,potapvi01
Brent Price,32,VAN,NBA,2000-01,6,0,30,3,11,2,7,1,4,6,7,1,3,4,5,2,0,4,8,13,0.273,0.286,0.25,0.318,0.857,0.462,pricebr01
Laron Profit,23,WAS,NBA,2000-01,35,12,605,56,142,49,116,7,26,33,45,18,46,64,89,36,11,46,43,152,0.394,0.422,0.269,0.419,0.733,0.47,profila01
Joel Przybilla,21,MIL,NBA,2000-01,33,13,270,12,35,12,35,0,0,3,11,29,42,71,2,3,30,13,56,27,0.343,0.343,,0.343,0.273,0.339,przybjo01
Theo Ratliff,27,PHI,NBA,2000-01,50,50,1800,228,457,228,457,0,0,165,217,125,288,413,58,30,187,126,165,621,0.499,0.499,,0.499,0.76,0.562,ratlith01
Eldridge Recasner,33,CHH,NBA,2000-01,43,0,403,38,114,25,75,13,39,14,18,13,37,50,39,6,1,27,30,103,0.333,0.333,0.333,0.39,0.778,0.422,recasel01
Michael Redd,21,MIL,NBA,2000-01,6,0,35,5,19,5,16,0,3,3,6,3,1,4,1,1,0,1,2,13,0.263,0.313,0,0.263,0.5,0.3,reddmi01
Bryant Reeves,27,VAN,NBA,2000-01,75,48,1832,254,552,253,548,1,4,113,142,132,320,452,80,43,54,90,243,622,0.46,0.462,0.25,0.461,0.796,0.506,reevebr01
Don Reid,27,ORL,NBA,2000-01,65,7,764,82,145,82,145,0,0,46,75,84,158,242,21,23,54,48,190,210,0.566,0.566,,0.566,0.613,0.59,reiddo01
J.R. Reid,32,CLE,NBA,2000-01,6,0,39,2,5,2,5,0,0,6,8,5,3,8,1,2,1,1,4,10,0.4,0.4,,0.4,0.75,0.587,reidjr01
Glen Rice,33,NYK,NBA,2000-01,75,25,2212,331,752,249,541,82,211,155,182,61,246,307,89,41,13,96,179,899,0.44,0.46,0.389,0.495,0.852,0.54,ricegl01
Quentin Richardson,20,LAC,NBA,2000-01,76,28,1358,232,525,182,374,50,151,99,158,105,152,257,62,42,7,64,98,613,0.442,0.487,0.331,0.49,0.627,0.516,richaqu01
Mitch Richmond,35,WAS,NBA,2000-01,37,30,1216,205,504,160,371,45,133,143,160,15,94,109,111,43,7,84,86,598,0.407,0.431,0.338,0.451,0.894,0.521,richmmi01
Isaiah Rider,29,LAL,NBA,2000-01,67,6,1206,201,472,167,380,34,92,71,83,44,112,156,111,27,7,98,105,507,0.426,0.439,0.37,0.462,0.855,0.499,rideris01
Terrance Roberson,24,CHH,NBA,2000-01,3,0,13,0,2,0,1,0,1,0,0,0,1,1,1,0,0,2,3,0,0,0,0,0,,0,roberte01
Clifford Robinson,34,PHO,NBA,2000-01,82,82,2751,501,1186,411,937,90,249,253,357,105,229,334,237,87,82,186,258,1345,0.422,0.439,0.361,0.46,0.709,0.501,robincl02
David Robinson,35,SAS,NBA,2000-01,80,80,2371,400,823,400,822,0,1,351,470,208,483,691,116,80,197,122,212,1151,0.486,0.487,0,0.486,0.747,0.559,robinda01
Eddie Robinson,24,CHH,NBA,2000-01,67,6,1201,216,407,214,403,2,4,64,88,60,138,198,59,50,32,43,66,498,0.531,0.531,0.5,0.533,0.727,0.559,robined01
Glenn Robinson,28,MIL,NBA,2000-01,76,74,2813,684,1460,629,1276,55,184,251,306,124,402,526,252,86,62,219,191,1674,0.468,0.493,0.299,0.487,0.82,0.525,robingl01
Jamal Robinson,27,MIA,NBA,2000-01,6,0,72,3,22,3,20,0,2,0,0,3,8,11,2,6,0,3,7,6,0.136,0.15,0,0.136,,0.136,robinja03
James Robinson,30,ORL,NBA,2000-01,6,0,50,4,11,2,6,2,5,0,0,0,8,8,0,4,1,4,5,10,0.364,0.333,0.4,0.455,,0.455,robinja02
Larry Robinson,33,TOT,NBA,2000-01,34,1,632,67,184,23,68,44,116,21,24,23,64,87,36,28,2,25,46,199,0.364,0.338,0.379,0.484,0.875,0.511,robinla01
Carlos Rogers,29,HOU,NBA,2000-01,39,0,544,75,110,75,109,0,1,29,52,48,91,139,9,10,18,17,33,179,0.682,0.688,0,0.682,0.558,0.674,rogerca01
Rodney Rogers,29,PHO,NBA,2000-01,82,3,2183,377,876,321,687,56,189,188,247,94,265,359,180,97,47,157,269,998,0.43,0.467,0.296,0.462,0.761,0.507,rogerro01
Sean Rooks,31,LAC,NBA,2000-01,82,0,1553,169,395,168,393,1,2,107,143,91,212,303,77,34,64,73,197,446,0.428,0.427,0.5,0.429,0.748,0.487,rooksse01
Jalen Rose,28,IND,NBA,2000-01,72,72,2943,567,1242,508,1068,59,174,285,344,37,322,359,435,65,43,211,230,1478,0.457,0.476,0.339,0.48,0.828,0.53,roseja01
Malik Rose,26,SAS,NBA,2000-01,57,9,1219,160,368,157,351,3,17,114,160,95,213,308,48,59,40,74,148,437,0.435,0.447,0.176,0.439,0.713,0.498,rosema01
Michael Ruffin,24,CHI,NBA,2000-01,45,16,879,40,90,40,90,0,0,39,77,101,161,262,39,30,38,46,131,119,0.444,0.444,,0.444,0.506,0.48,ruffimi01
Bryon Russell,30,UTA,NBA,2000-01,78,46,2473,308,700,213,470,95,230,222,285,94,236,330,160,96,20,113,229,933,0.44,0.453,0.413,0.508,0.779,0.565,russebr01
Arvydas Sabonis,36,POR,NBA,2000-01,61,42,1299,247,516,246,501,1,15,121,156,51,280,331,91,40,62,85,137,616,0.479,0.491,0.067,0.48,0.776,0.527,sabonar01
Soumaila Samake,22,NJN,NBA,2000-01,34,0,226,18,48,18,48,0,0,10,24,22,31,53,1,2,14,4,23,46,0.375,0.375,,0.375,0.417,0.393,samakso01
Pepe Sanchez,23,TOT,NBA,2000-01,29,0,150,9,28,9,27,0,1,2,2,3,12,15,41,11,1,6,21,20,0.321,0.333,0,0.321,1,0.346,sanchpe01
Daniel Santiago,24,PHO,NBA,2000-01,54,2,581,64,134,64,134,0,0,42,61,35,67,102,11,17,21,47,101,170,0.478,0.478,,0.478,0.689,0.528,santida01
Detlef Schrempf,38,POR,NBA,2000-01,26,0,397,39,95,36,87,3,8,23,27,17,61,78,44,7,3,28,43,104,0.411,0.414,0.375,0.426,0.852,0.487,schrede01
Shawnelle Scott,28,SAS,NBA,2000-01,27,1,144,17,41,17,41,0,0,9,22,23,27,50,4,5,6,11,23,43,0.415,0.415,,0.415,0.409,0.424,scottsh01
Brian Shaw,34,LAL,NBA,2000-01,80,28,1833,164,411,122,276,42,135,51,64,48,256,304,258,49,27,97,159,421,0.399,0.442,0.311,0.45,0.797,0.479,shawbr01
Brian Skinner,24,LAC,NBA,2000-01,39,23,584,64,161,64,161,0,0,32,59,55,113,168,18,14,11,32,61,160,0.398,0.398,,0.398,0.542,0.428,skinnbr01
Reggie Slater,30,MIN,NBA,2000-01,55,16,686,90,175,90,175,0,0,74,110,78,108,186,26,18,9,43,126,254,0.514,0.514,,0.514,0.673,0.568,slatere01
Jabari Smith,23,SAC,NBA,2000-01,9,0,66,11,22,11,22,0,0,4,6,1,7,8,6,4,0,3,7,26,0.5,0.5,,0.5,0.667,0.528,smithja01
Joe Smith,25,DET,NBA,2000-01,69,59,1941,308,765,308,760,0,5,231,287,160,331,491,79,47,50,88,258,847,0.403,0.405,0,0.403,0.805,0.475,smithjo02
Michael Smith,28,WAS,NBA,2000-01,79,29,1610,106,218,106,217,0,1,89,154,172,390,562,101,57,37,62,156,301,0.486,0.488,0,0.486,0.578,0.527,smithmi02
Mike Smith,24,WAS,NBA,2000-01,17,0,180,19,59,16,41,3,18,10,16,10,12,22,10,5,3,7,8,51,0.322,0.39,0.167,0.347,0.625,0.386,smithmi03
Steve Smith,31,POR,NBA,2000-01,81,36,2542,359,788,281,558,78,230,309,347,87,185,272,213,48,24,137,203,1105,0.456,0.504,0.339,0.505,0.89,0.587,smithst01
Tony Smith,32,ATL,NBA,2000-01,6,0,78,8,23,8,21,0,2,1,2,2,1,3,10,7,0,9,12,17,0.348,0.381,0,0.348,0.5,0.356,smithto02
Eric Snow,27,PHI,NBA,2000-01,50,50,1740,182,435,177,416,5,19,122,154,27,139,166,369,77,7,124,123,491,0.418,0.425,0.263,0.424,0.792,0.488,snower01
Felton Spencer,33,NYK,NBA,2000-01,18,0,113,12,20,12,20,0,0,15,25,16,19,35,2,2,2,11,24,39,0.6,0.6,,0.6,0.6,0.629,spencfe01
Latrell Sprewell,30,NYK,NBA,2000-01,77,77,3017,524,1219,483,1084,41,135,275,351,49,298,347,269,106,28,218,159,1364,0.43,0.446,0.304,0.447,0.783,0.497,sprewla01
Jerry Stackhouse,26,DET,NBA,2000-01,80,80,3215,774,1927,608,1454,166,473,666,810,99,216,315,410,97,54,326,160,2380,0.402,0.418,0.351,0.445,0.822,0.521,stackje01
John Starks,35,UTA,NBA,2000-01,75,64,2122,273,686,209,504,64,182,89,111,29,125,154,178,73,10,94,217,699,0.398,0.415,0.352,0.445,0.802,0.476,starkjo01
Vladimir Stepania,24,NJN,NBA,2000-01,29,0,280,28,88,27,84,1,4,25,34,35,74,109,16,10,11,19,47,82,0.318,0.321,0.25,0.324,0.735,0.398,stepavl01
DeShawn Stevenson,19,UTA,NBA,2000-01,40,2,293,31,91,30,79,1,12,26,38,9,19,28,18,10,2,28,29,89,0.341,0.38,0.083,0.346,0.684,0.413,stevede01
Michael Stewart,25,TOR,NBA,2000-01,26,0,123,11,34,11,34,0,0,11,18,16,13,29,2,4,3,5,19,33,0.324,0.324,,0.324,0.611,0.394,stewami01
Bryant Stith,30,BOS,NBA,2000-01,78,74,2504,245,611,154,369,91,242,175,207,65,219,284,168,93,14,90,182,756,0.401,0.417,0.376,0.475,0.845,0.538,stithbr01
John Stockton,38,UTA,NBA,2000-01,82,82,2397,328,651,267,519,61,132,227,278,54,173,227,713,132,21,203,194,944,0.504,0.514,0.462,0.551,0.817,0.61,stockjo01
Peja Stojakovic,23,SAC,NBA,2000-01,75,75,2905,559,1189,415,829,144,360,267,312,93,341,434,164,91,13,146,144,1529,0.47,0.501,0.4,0.531,0.856,0.576,stojape01
Damon Stoudamire,27,POR,NBA,2000-01,82,82,2655,406,935,324,716,82,219,172,207,69,234,303,468,106,8,191,202,1066,0.434,0.453,0.374,0.478,0.831,0.519,stoudda01
Erick Strickland,27,TOT,NBA,2000-01,50,0,830,81,267,51,172,30,95,68,79,18,110,128,95,44,2,48,88,260,0.303,0.297,0.316,0.36,0.861,0.431,stricer01
Mark Strickland,30,TOT,NBA,2000-01,55,2,719,103,239,102,237,1,2,45,70,54,107,161,24,16,22,34,72,252,0.431,0.43,0.5,0.433,0.643,0.467,stricma01
Rod Strickland,34,TOT,NBA,2000-01,54,28,1371,182,429,178,412,4,17,130,173,36,104,140,303,53,5,107,76,498,0.424,0.432,0.235,0.429,0.751,0.493,stricro02
Derek Strong,32,LAC,NBA,2000-01,28,8,491,45,117,45,116,0,1,28,37,34,74,108,7,14,1,22,30,118,0.385,0.388,0,0.385,0.757,0.443,stronde01
Bruno Sundov,20,IND,NBA,2000-01,11,4,120,20,41,20,37,0,4,3,5,4,19,23,2,2,4,3,21,43,0.488,0.541,0,0.488,0.6,0.498,sundobr01
Bob Sura,27,GSW,NBA,2000-01,53,42,1684,202,518,155,346,47,172,135,189,54,173,227,242,54,8,160,127,586,0.39,0.448,0.273,0.435,0.714,0.487,surabo01
Stromile Swift,21,VAN,NBA,2000-01,80,6,1312,153,339,153,335,0,4,85,141,109,175,284,28,62,82,64,160,391,0.451,0.457,0,0.451,0.603,0.487,swiftst01
Wally Szczerbiak,23,MIN,NBA,2000-01,82,82,2856,469,920,443,843,26,77,181,208,133,314,447,260,59,33,138,226,1145,0.51,0.526,0.338,0.524,0.87,0.566,szczewa02
Zan Tabak,30,IND,NBA,2000-01,55,14,777,98,186,98,186,0,0,20,47,65,148,213,33,10,30,57,125,216,0.527,0.527,,0.527,0.426,0.523,tabakza01
Dragan Tarlac,27,CHI,NBA,2000-01,43,12,598,39,99,39,99,0,0,25,33,37,85,122,31,7,19,38,95,103,0.394,0.394,,0.394,0.758,0.454,tarladr01
Maurice Taylor,24,HOU,NBA,2000-01,69,69,1972,390,797,390,793,0,4,119,162,109,269,378,104,28,38,125,208,899,0.489,0.492,0,0.489,0.735,0.518,tayloma01
Jason Terry,23,ATL,NBA,2000-01,82,77,3089,596,1367,472,1053,124,314,303,358,42,227,269,403,104,12,239,204,1619,0.436,0.448,0.395,0.481,0.846,0.531,terryja01
Jamel Thomas,27,NJN,NBA,2000-01,5,0,56,6,19,5,16,1,3,0,0,4,5,9,0,3,0,6,6,13,0.316,0.313,0.333,0.342,,0.342,thomaja01
Kenny Thomas,23,HOU,NBA,2000-01,74,21,1820,206,465,181,373,25,92,91,126,122,295,417,77,40,43,116,178,528,0.443,0.485,0.272,0.47,0.722,0.507,thomake01
Kurt Thomas,28,NYK,NBA,2000-01,77,29,2125,314,614,313,611,1,3,171,210,172,343,515,63,61,69,99,287,800,0.511,0.512,0.333,0.512,0.814,0.566,thomaku01
Tim Thomas,23,MIL,NBA,2000-01,76,16,2086,326,758,219,498,107,260,195,253,79,234,313,138,78,45,114,194,954,0.43,0.44,0.412,0.501,0.771,0.549,thomati01
Otis Thorpe,38,CHH,NBA,2000-01,49,4,647,59,131,59,131,0,0,20,24,50,95,145,29,12,7,32,108,138,0.45,0.45,,0.45,0.833,0.487,thorpot01
Robert Traylor,23,CLE,NBA,2000-01,70,7,1212,161,324,161,322,0,2,80,141,124,176,300,63,49,76,98,204,402,0.497,0.5,0,0.497,0.567,0.521,traylro01
Gary Trent,26,DAL,NBA,2000-01,33,4,319,57,130,57,129,0,1,19,36,39,53,92,10,13,8,22,52,133,0.438,0.442,0,0.438,0.528,0.456,trentga01
Jake Tsakalidis,21,PHO,NBA,2000-01,57,39,947,101,215,101,215,0,0,54,91,83,159,242,19,10,55,66,137,256,0.47,0.47,,0.47,0.593,0.502,tsakaja01
Hedo Turkoglu,21,SAC,NBA,2000-01,74,7,1245,138,335,110,249,28,86,87,112,49,161,210,69,52,24,55,139,391,0.412,0.442,0.326,0.454,0.777,0.509,turkohe01
Nick Van Exel,29,DEN,NBA,2000-01,71,70,2688,460,1112,325,754,135,358,204,249,44,197,241,600,61,18,165,109,1259,0.414,0.431,0.377,0.474,0.819,0.515,vanexni01
Keith Van Horn,25,NJN,NBA,2000-01,49,47,1733,308,708,243,538,65,170,150,186,78,269,347,82,40,20,103,150,831,0.435,0.452,0.382,0.481,0.806,0.526,vanhoke01
David Vanterpool,27,WAS,NBA,2000-01,22,0,411,46,110,46,104,0,6,30,50,15,22,37,66,23,3,37,44,122,0.418,0.442,0,0.418,0.6,0.462,vanteda01
Jacque Vaughn,25,UTA,NBA,2000-01,82,0,1620,170,393,140,315,30,78,128,164,18,132,150,323,48,3,129,145,498,0.433,0.444,0.385,0.471,0.78,0.535,vaughja01
Loy Vaught,32,TOT,NBA,2000-01,51,1,549,80,169,80,169,0,0,8,10,51,122,173,23,21,7,26,74,168,0.473,0.473,,0.473,0.8,0.484,vaughlo01
Jake Voskuhl,23,CHI,NBA,2000-01,16,2,143,11,25,11,25,0,0,8,14,12,22,34,5,5,6,12,38,30,0.44,0.44,,0.44,0.571,0.481,voskuja01
Antoine Walker,24,BOS,NBA,2000-01,81,81,3396,711,1720,490,1117,221,603,249,348,151,568,719,445,138,49,301,251,1892,0.413,0.439,0.367,0.478,0.716,0.505,walkean02
Samaki Walker,24,SAS,NBA,2000-01,61,1,963,121,252,120,249,1,3,78,124,67,176,243,29,10,41,68,103,321,0.48,0.482,0.333,0.482,0.629,0.524,walkesa01
Ben Wallace,26,DET,NBA,2000-01,80,80,2760,215,439,214,435,1,4,80,238,303,749,1052,123,107,186,117,192,511,0.49,0.492,0.25,0.491,0.336,0.47,wallabe01
John Wallace,26,DET,NBA,2000-01,40,0,527,100,236,98,221,2,15,35,45,25,58,83,23,13,16,36,72,237,0.424,0.443,0.133,0.428,0.778,0.463,wallajo01
Rasheed Wallace,26,POR,NBA,2000-01,77,75,2940,590,1178,538,1016,52,162,245,320,147,455,602,212,90,135,158,206,1477,0.501,0.53,0.321,0.523,0.766,0.56,wallara01
Charlie Ward,30,NYK,NBA,2000-01,61,33,1492,155,373,88,198,67,175,56,70,32,127,159,273,70,10,112,132,433,0.416,0.444,0.383,0.505,0.8,0.536,wardch01
Clarence Weatherspoon,30,CLE,NBA,2000-01,82,82,2774,347,692,347,692,0,0,230,291,223,573,796,103,85,105,112,171,924,0.501,0.501,,0.501,0.79,0.563,weathcl01
Chris Webber,27,SAC,NBA,2000-01,70,70,2836,786,1635,784,1607,2,28,324,461,179,598,777,294,93,118,195,226,1898,0.481,0.488,0.071,0.481,0.703,0.516,webbech01
Bonzi Wells,24,POR,NBA,2000-01,75,46,1995,387,726,370,676,17,50,159,240,120,247,367,208,94,20,169,203,950,0.533,0.547,0.34,0.545,0.663,0.571,wellsbo01
David Wesley,30,CHH,NBA,2000-01,82,82,3106,523,1239,426,981,97,258,271,339,64,160,224,361,128,16,171,220,1414,0.422,0.434,0.376,0.461,0.799,0.509,wesleda01
Doug West,33,VAN,NBA,2000-01,15,6,171,11,38,11,36,0,2,6,7,4,11,15,14,3,4,4,21,28,0.289,0.306,0,0.289,0.857,0.341,westdo01
Jahidi White,24,WAS,NBA,2000-01,68,56,1609,203,408,203,407,0,1,177,312,178,343,521,20,32,111,136,211,583,0.498,0.499,0,0.498,0.567,0.535,whiteja01
Chris Whitney,29,WAS,NBA,2000-01,59,31,1532,182,470,89,222,93,248,101,113,12,94,106,248,55,3,103,150,558,0.387,0.401,0.375,0.486,0.894,0.537,whitnch01
Aaron Williams,29,NJN,NBA,2000-01,82,25,2336,297,650,297,648,0,2,244,310,211,379,590,88,59,113,132,319,838,0.457,0.458,0,0.457,0.787,0.533,williaa01
Alvin Williams,26,TOR,NBA,2000-01,82,34,2394,330,767,297,659,33,108,109,145,50,162,212,407,123,26,103,171,802,0.43,0.451,0.306,0.452,0.752,0.483,willial02
Eric Williams,28,BOS,NBA,2000-01,81,11,1745,162,448,116,309,46,139,165,231,64,143,207,112,64,13,76,179,535,0.362,0.375,0.331,0.413,0.714,0.487,willier01
Jason Williams,25,SAC,NBA,2000-01,77,77,2290,281,690,183,379,98,311,60,76,19,166,185,416,94,9,160,114,720,0.407,0.483,0.315,0.478,0.789,0.498,willija02
Jerome Williams,27,TOT,NBA,2000-01,59,2,1182,136,294,136,291,0,3,100,135,133,249,382,45,57,20,63,124,372,0.463,0.467,0,0.463,0.741,0.526,willije01
Monty Williams,29,ORL,NBA,2000-01,82,0,1211,162,364,161,351,1,13,85,133,86,157,243,79,29,16,85,136,410,0.445,0.459,0.077,0.446,0.639,0.485,willimo01
Scott Williams,32,MIL,NBA,2000-01,66,31,1272,171,361,170,357,1,4,60,70,97,267,364,35,48,32,41,178,403,0.474,0.476,0.25,0.475,0.857,0.514,willisc01
Shammond Williams,25,SEA,NBA,2000-01,69,6,1238,161,368,100,235,61,133,84,96,34,98,132,190,31,4,82,83,467,0.438,0.426,0.459,0.52,0.875,0.569,willish01
Walt Williams,30,HOU,NBA,2000-01,72,31,1583,202,513,104,265,98,248,97,126,31,214,245,97,30,28,73,153,599,0.394,0.392,0.395,0.489,0.77,0.527,williwa02
Corliss Williamson,27,TOT,NBA,2000-01,69,40,1686,325,647,325,645,0,2,151,237,110,211,321,61,50,21,110,185,801,0.502,0.504,0,0.502,0.637,0.533,willico02
Kevin Willis,38,TOT,NBA,2000-01,78,22,1830,304,690,303,684,1,6,113,147,177,355,532,50,57,52,87,216,722,0.441,0.443,0.167,0.441,0.769,0.478,willike02
David Wingate,37,SEA,NBA,2000-01,1,0,9,3,3,3,3,0,0,0,0,0,0,0,2,0,0,0,1,6,1,1,,1,,1,wingada01
Ruben Wolkowyski,27,SEA,NBA,2000-01,34,1,305,25,79,25,77,0,2,25,34,12,34,46,3,6,18,12,38,75,0.316,0.325,0,0.316,0.735,0.399,wolkoru01
Metta World Peace,21,CHI,NBA,2000-01,76,74,2363,327,815,284,667,43,148,210,280,59,235,294,228,152,45,159,254,907,0.401,0.426,0.291,0.428,0.75,0.483,artesro01
Lorenzen Wright,25,ATL,NBA,2000-01,71,46,1988,363,811,363,809,0,2,155,216,180,355,535,87,42,63,125,232,881,0.448,0.449,0,0.448,0.718,0.486,wrighlo02
Wang Zhizhi,23,DAL,NBA,2000-01,5,0,38,8,19,8,17,0,2,8,10,1,6,7,0,0,0,1,8,24,0.421,0.471,0,0.421,0.8,0.513,zhizhwa01
Tariq Abdul-Wahad,27,TOT,NBA,2001-02,24,12,441,55,147,54,145,1,2,24,33,41,43,84,24,20,10,27,56,135,0.374,0.372,0.5,0.378,0.727,0.418,abdulta01
Shareef Abdur-Rahim,25,ATL,NBA,2001-02,77,77,2980,598,1297,577,1227,21,70,419,523,198,498,696,239,98,81,250,214,1636,0.461,0.47,0.3,0.469,0.801,0.536,abdursh01
Courtney Alexander,24,WAS,NBA,2001-02,56,28,1325,223,474,218,456,5,18,98,121,43,105,148,86,35,7,60,113,549,0.47,0.478,0.278,0.476,0.81,0.521,alexaco02
Victor Alexander,32,DET,NBA,2001-02,15,0,97,18,51,18,49,0,2,4,8,7,22,29,6,0,1,5,6,40,0.353,0.367,0,0.353,0.5,0.367,alexavi01
Malik Allen,23,MIA,NBA,2001-02,12,2,161,22,51,22,50,0,1,8,10,15,23,38,5,3,8,2,16,52,0.431,0.44,0,0.431,0.8,0.469,allenma01
Ray Allen,26,MIL,NBA,2001-02,69,67,2525,530,1148,301,620,229,528,214,245,81,231,312,271,88,18,159,157,1503,0.462,0.485,0.434,0.561,0.873,0.598,allenra02
Rafer Alston,25,MIL,NBA,2001-02,50,7,600,66,191,39,120,27,71,18,29,10,62,72,143,32,2,40,42,177,0.346,0.325,0.38,0.416,0.621,0.434,alstora01
John Amaechi,31,UTA,NBA,2001-02,54,0,586,54,166,54,166,0,0,67,105,52,57,109,29,7,10,55,64,175,0.325,0.325,,0.325,0.638,0.412,amaecjo01
Chris Andersen,23,DEN,NBA,2001-02,24,1,262,25,74,25,70,0,4,22,28,38,38,76,7,7,28,13,35,72,0.338,0.357,0,0.338,0.786,0.417,anderch01
Derek Anderson,27,POR,NBA,2001-02,70,27,1860,247,612,162,384,85,228,178,208,47,142,189,216,68,8,87,113,757,0.404,0.422,0.373,0.473,0.856,0.538,anderde01
Kenny Anderson,31,BOS,NBA,2001-02,76,76,2430,312,716,303,683,9,33,98,132,57,218,275,403,141,10,119,210,731,0.436,0.444,0.273,0.442,0.742,0.472,anderke01
Nick Anderson,34,MEM,NBA,2001-02,15,0,219,21,76,8,28,13,48,5,9,1,32,33,14,6,6,14,17,60,0.276,0.286,0.271,0.362,0.556,0.375,anderni01
Shandon Anderson,28,NYK,NBA,2001-02,82,6,1596,149,373,110,232,39,141,74,107,57,192,249,76,48,15,97,134,411,0.399,0.474,0.277,0.452,0.692,0.489,andersh01
Greg Anthony,34,TOT,NBA,2001-02,60,38,1514,183,475,135,312,48,163,60,91,22,110,132,282,77,5,94,114,474,0.385,0.433,0.294,0.436,0.659,0.46,anthogr01
Gilbert Arenas,20,GSW,NBA,2001-02,47,30,1155,174,384,135,271,39,113,124,160,41,91,132,174,69,11,97,115,511,0.453,0.498,0.345,0.504,0.775,0.562,arenagi01
Brandon Armstrong,21,NJN,NBA,2001-02,35,0,196,27,85,22,68,5,17,5,10,10,6,16,8,7,1,8,26,64,0.318,0.324,0.294,0.347,0.5,0.358,armstbr01
Darrell Armstrong,33,ORL,NBA,2001-02,82,79,2730,347,828,208,430,139,398,182,205,83,236,319,453,157,10,175,166,1015,0.419,0.484,0.349,0.503,0.888,0.553,armstda01
Carlos Arroyo,22,TOT,NBA,2001-02,37,1,371,49,111,49,109,0,2,13,18,12,28,40,70,11,1,23,30,111,0.441,0.45,0,0.441,0.722,0.467,arroyca01
Chucky Atkins,27,DET,NBA,2001-02,79,62,2285,368,790,230,454,138,336,83,120,31,127,158,263,72,11,128,177,957,0.466,0.507,0.411,0.553,0.692,0.568,atkinch01
Stacey Augmon,33,CHH,NBA,2001-02,77,3,1319,140,328,140,325,0,3,77,101,59,166,225,103,56,12,54,115,357,0.427,0.431,0,0.427,0.762,0.479,augmost01
Isaac Austin,32,MEM,NBA,2001-02,21,8,307,36,92,36,89,0,3,4,4,11,60,71,13,9,5,11,36,76,0.391,0.404,0,0.391,1,0.405,austiis01
William Avery,22,MIN,NBA,2001-02,28,0,258,26,90,20,55,6,35,13,19,4,20,24,36,7,0,19,17,71,0.289,0.364,0.171,0.322,0.684,0.361,averywi01
Dalibor Bagaric,21,CHI,NBA,2001-02,50,0,638,72,178,72,177,0,1,41,70,55,107,162,23,17,24,46,108,185,0.404,0.407,0,0.404,0.586,0.443,bagarda01
Vin Baker,30,SEA,NBA,2001-02,55,41,1710,315,649,314,641,1,8,143,226,168,182,350,72,22,36,127,197,774,0.485,0.49,0.125,0.486,0.633,0.517,bakervi01
Erick Barkley,23,POR,NBA,2001-02,19,4,228,24,68,23,61,1,7,9,10,5,13,18,34,17,1,12,29,58,0.353,0.377,0.143,0.36,0.9,0.401,barkler01
Dana Barros,34,DET,NBA,2001-02,29,20,582,74,192,50,121,24,71,21,27,1,56,57,78,14,2,33,37,193,0.385,0.413,0.338,0.448,0.778,0.473,barroda01
Brent Barry,30,SEA,NBA,2001-02,81,81,3040,401,790,237,403,164,387,198,234,58,383,441,426,147,37,165,182,1164,0.508,0.588,0.424,0.611,0.846,0.652,barrybr01
Jon Barry,32,DET,NBA,2001-02,82,6,1985,255,522,134,264,121,258,108,116,42,192,234,274,94,20,111,134,739,0.489,0.508,0.469,0.604,0.931,0.645,barryjo01
Mengke Bateer,26,DEN,NBA,2001-02,27,10,408,53,132,49,120,4,12,29,37,32,64,96,22,10,5,32,94,139,0.402,0.408,0.333,0.417,0.784,0.469,bateeme01
Tony Battie,25,BOS,NBA,2001-02,74,73,1819,211,390,211,388,0,2,88,130,184,297,481,35,60,67,51,219,510,0.541,0.544,0,0.541,0.677,0.57,battito01
Shane Battier,23,MEM,NBA,2001-02,78,78,3097,412,961,309,685,103,276,198,283,180,238,418,216,121,81,155,215,1125,0.429,0.451,0.373,0.482,0.7,0.518,battish01
Charlie Bell,22,TOT,NBA,2001-02,7,0,44,3,11,3,5,0,6,2,2,2,3,5,2,0,0,5,3,8,0.273,0.6,0,0.273,1,0.337,bellch01
Raja Bell,25,PHI,NBA,2001-02,74,12,890,103,240,91,196,12,44,36,48,31,80,111,71,21,4,48,109,254,0.429,0.464,0.273,0.454,0.75,0.486,bellra01
Jonathan Bender,21,IND,NBA,2001-02,78,17,1647,198,460,153,335,45,125,140,181,64,180,244,62,19,49,96,147,581,0.43,0.457,0.36,0.479,0.773,0.538,bendejo01
Travis Best,29,TOT,NBA,2001-02,74,21,1747,228,518,207,459,21,59,104,116,20,131,151,324,89,7,99,173,581,0.44,0.451,0.356,0.46,0.897,0.511,besttr01
Mike Bibby,23,SAC,NBA,2001-02,80,80,2659,446,985,395,847,51,138,155,193,37,185,222,403,87,15,134,133,1098,0.453,0.466,0.37,0.479,0.803,0.513,bibbymi01
Chauncey Billups,25,MIN,NBA,2001-02,82,54,2355,348,823,224,508,124,315,207,234,35,191,226,450,66,17,138,169,1027,0.423,0.441,0.394,0.498,0.885,0.555,billuch01
Mookie Blaylock,34,GSW,NBA,2001-02,35,0,599,50,146,35,104,15,42,4,8,8,44,52,114,24,4,37,20,119,0.342,0.337,0.357,0.394,0.5,0.398,blaylmo01
Corie Blount,33,PHI,NBA,2001-02,72,21,1426,115,251,115,250,0,1,29,45,149,219,368,44,49,26,52,176,259,0.458,0.46,0,0.458,0.644,0.478,blounco01
Mark Blount,26,BOS,NBA,2001-02,44,0,415,32,76,32,76,0,0,30,37,26,59,85,10,16,19,23,59,94,0.421,0.421,,0.421,0.811,0.509,blounma01
Calvin Booth,25,SEA,NBA,2001-02,15,15,279,35,82,35,82,0,0,23,24,20,34,54,16,6,13,16,47,93,0.427,0.427,,0.427,0.958,0.502,boothca01
Ruben Boumtje-Boumtje,23,POR,NBA,2001-02,33,1,245,13,32,13,32,0,0,13,25,21,34,55,4,3,16,14,38,39,0.406,0.406,,0.406,0.52,0.453,boumtru01
Cal Bowdler,24,ATL,NBA,2001-02,52,0,585,61,174,60,169,1,5,39,47,38,72,110,11,18,15,11,64,162,0.351,0.355,0.2,0.353,0.83,0.416,bowdlca01
Bruce Bowen,30,SAS,NBA,2001-02,59,59,1699,155,398,99,250,56,148,46,96,42,120,162,88,62,25,66,116,412,0.389,0.396,0.378,0.46,0.479,0.468,bowenbr01
Ryan Bowen,26,DEN,NBA,2001-02,75,21,1686,147,307,146,295,1,12,69,92,134,165,299,52,75,41,41,171,364,0.479,0.495,0.083,0.48,0.75,0.524,bowenry01
Ira Bowman,28,PHI,NBA,2001-02,3,0,29,5,7,5,6,0,1,0,0,0,1,1,1,2,0,0,3,10,0.714,0.833,0,0.714,,0.714,bowmair01
Earl Boykins,25,LAC,NBA,2001-02,68,2,761,110,275,97,233,13,42,47,61,27,27,54,145,20,2,44,44,280,0.4,0.416,0.31,0.424,0.77,0.464,boykiea01
Michael Bradley,22,TOR,NBA,2001-02,26,0,118,13,25,13,23,0,2,4,8,7,17,24,3,0,6,6,10,30,0.52,0.565,0,0.52,0.5,0.526,bradlmi01
Shawn Bradley,29,DAL,NBA,2001-02,53,16,757,78,163,78,162,0,1,59,64,53,123,176,20,28,64,25,128,215,0.479,0.481,0,0.479,0.922,0.562,bradlsh01
Elton Brand,22,LAC,NBA,2001-02,80,80,3020,532,1010,532,1010,0,0,389,524,396,529,925,191,80,163,173,254,1453,0.527,0.527,,0.527,0.742,0.586,brandel01
Terrell Brandon,31,MIN,NBA,2001-02,32,28,962,155,365,151,342,4,23,83,84,17,76,93,264,52,6,43,49,397,0.425,0.442,0.174,0.43,0.988,0.494,brandte01
Jamison Brewer,21,IND,NBA,2001-02,13,0,43,2,5,2,4,0,1,0,0,2,6,8,9,2,0,3,3,4,0.4,0.5,0,0.4,,0.4,breweja01
Primoz Brezec,22,IND,NBA,2001-02,22,4,160,14,29,14,29,0,0,15,25,16,12,28,6,0,7,6,28,43,0.483,0.483,,0.483,0.6,0.538,brezepr01
Chucky Brown,33,SAC,NBA,2001-02,18,0,92,10,27,10,27,0,0,1,2,10,23,33,6,2,4,5,12,21,0.37,0.37,,0.37,0.5,0.377,brownch01
Damone Brown,22,PHI,NBA,2001-02,17,0,67,8,21,8,20,0,1,7,8,2,2,4,2,1,1,9,11,23,0.381,0.4,0,0.381,0.875,0.469,brownda02
Dee Brown,33,ORL,NBA,2001-02,7,0,65,3,20,2,8,1,12,0,0,0,9,9,2,3,1,4,4,7,0.15,0.25,0.083,0.175,,0.175,brownde01
Ernest Brown,22,MIA,NBA,2001-02,3,0,21,1,6,1,6,0,0,1,4,1,5,6,0,0,1,3,4,3,0.167,0.167,,0.167,0.25,0.193,browner01
Kedrick Brown,20,BOS,NBA,2001-02,29,5,245,23,70,18,43,5,27,12,20,11,39,50,15,18,7,7,18,63,0.329,0.419,0.185,0.364,0.6,0.4,brownke01
Kwame Brown,19,WAS,NBA,2001-02,57,3,817,94,243,94,242,0,1,70,99,63,135,198,43,16,26,43,105,258,0.387,0.388,0,0.387,0.707,0.45,brownkw01
P.J. Brown,32,CHH,NBA,2001-02,80,80,2563,250,527,250,527,0,0,169,197,273,513,786,107,59,78,85,222,669,0.474,0.474,,0.474,0.858,0.545,brownpj01
Randy Brown,33,BOS,NBA,2001-02,1,0,6,0,1,0,1,0,0,0,0,0,0,0,2,0,1,0,1,0,0,0,,0,,0,brownra02
Tierre Brown,22,HOU,NBA,2001-02,40,1,403,49,115,45,103,4,12,21,28,12,30,42,70,19,3,40,26,123,0.426,0.437,0.333,0.443,0.75,0.483,brownti01
Rick Brunson,29,POR,NBA,2001-02,59,2,520,45,113,39,102,6,11,29,41,23,45,68,114,25,2,47,51,125,0.398,0.382,0.545,0.425,0.707,0.477,brunsri01
Kobe Bryant,23,LAL,NBA,2001-02,80,80,3063,749,1597,716,1465,33,132,488,589,112,329,441,438,118,35,223,228,2019,0.469,0.489,0.25,0.479,0.829,0.544,bryanko01
Mark Bryant,36,SAS,NBA,2001-02,30,3,206,25,55,25,55,0,0,6,8,25,19,44,10,7,2,6,38,56,0.455,0.455,,0.455,0.75,0.478,bryanma01
Greg Buckner,25,DAL,NBA,2001-02,44,16,885,104,198,99,182,5,16,40,58,67,106,173,48,31,19,27,124,253,0.525,0.544,0.313,0.538,0.69,0.566,buckngr01
Jud Buechler,33,TOT,NBA,2001-02,66,2,684,44,118,23,58,21,60,2,4,29,87,116,32,21,8,15,53,111,0.373,0.397,0.35,0.462,0.5,0.463,buechju01
Rodney Buford,24,MEM,NBA,2001-02,63,21,1769,258,593,241,523,17,70,58,80,52,220,272,71,42,12,63,110,591,0.435,0.461,0.243,0.449,0.725,0.47,buforro01
Matt Bullard,34,CHH,NBA,2001-02,31,0,350,39,115,23,58,16,57,11,12,10,37,47,16,2,2,12,29,105,0.339,0.397,0.281,0.409,0.917,0.436,bullama01
Mitchell Butler,31,POR,NBA,2001-02,11,0,90,10,23,9,20,1,3,8,12,6,8,14,5,0,1,5,10,29,0.435,0.45,0.333,0.457,0.667,0.513,butlemi02
Jason Caffey,28,MIL,NBA,2001-02,23,0,283,36,72,36,71,0,1,27,43,24,26,50,12,4,5,19,39,99,0.5,0.507,0,0.5,0.628,0.544,caffeja01
Marcus Camby,27,NYK,NBA,2001-02,29,29,1007,130,290,130,289,0,1,62,99,89,233,322,33,34,50,42,107,322,0.448,0.45,0,0.448,0.626,0.483,cambyma01
Elden Campbell,33,CHH,NBA,2001-02,77,74,2156,384,794,384,792,0,2,306,384,133,397,530,102,60,137,138,264,1074,0.484,0.485,0,0.484,0.797,0.558,campbel01
Brian Cardinal,24,DET,NBA,2001-02,8,0,43,6,13,3,6,3,7,2,2,2,4,6,2,1,0,0,5,17,0.462,0.5,0.429,0.577,1,0.612,cardibr01
Anthony Carter,26,MIA,NBA,2001-02,46,18,1050,89,260,88,241,1,19,19,36,19,98,117,214,50,3,72,85,198,0.342,0.365,0.053,0.344,0.528,0.359,cartean01
Vince Carter,25,TOR,NBA,2001-02,60,60,2385,559,1307,438,994,121,313,245,307,138,175,313,239,94,43,154,191,1484,0.428,0.441,0.387,0.474,0.798,0.515,cartevi01
Sam Cassell,32,MIL,NBA,2001-02,74,73,2605,554,1197,483,993,71,204,282,328,54,258,312,493,90,12,177,208,1461,0.463,0.486,0.348,0.492,0.86,0.545,cassesa01
Kelvin Cato,27,HOU,NBA,2001-02,75,73,1917,190,326,190,325,0,1,113,194,176,349,525,29,40,95,53,208,493,0.583,0.585,0,0.583,0.582,0.599,catoke01
Tyson Chandler,19,CHI,NBA,2001-02,71,31,1389,151,304,151,304,0,0,134,222,114,229,343,54,28,93,99,179,436,0.497,0.497,,0.497,0.604,0.543,chandty01
Calbert Cheaney,30,DEN,NBA,2001-02,68,47,1631,224,466,224,462,0,4,46,67,57,183,240,110,34,21,70,156,494,0.481,0.485,0,0.481,0.687,0.499,cheanca01
Chris Childs,34,TOR,NBA,2001-02,69,4,1576,97,296,64,176,33,120,58,71,18,136,154,351,56,5,123,177,285,0.328,0.364,0.275,0.383,0.817,0.435,childch01
Doug Christie,31,SAC,NBA,2001-02,81,81,2798,338,735,248,479,90,256,206,242,74,300,374,340,160,25,164,209,972,0.46,0.518,0.352,0.521,0.851,0.578,chrisdo01
Keon Clark,26,TOR,NBA,2001-02,81,31,2185,380,775,380,770,0,5,155,230,182,421,603,88,58,122,140,258,915,0.49,0.494,0,0.49,0.674,0.522,clarkke01
Speedy Claxton,23,PHI,NBA,2001-02,67,18,1528,181,452,177,419,4,33,114,136,46,114,160,198,95,6,95,145,480,0.4,0.422,0.121,0.405,0.838,0.469,claxtsp01
Mateen Cleaves,24,SAC,NBA,2001-02,32,0,153,30,68,28,60,2,8,8,9,1,7,8,25,7,0,27,9,70,0.441,0.467,0.25,0.456,0.889,0.486,cleavma01
Derrick Coleman,34,PHI,NBA,2001-02,58,58,2080,331,735,303,652,28,83,185,227,167,342,509,98,42,51,119,158,875,0.45,0.465,0.337,0.469,0.815,0.524,colemde01
Bimbo Coles,33,CLE,NBA,2001-02,47,1,693,56,146,52,126,4,20,33,37,12,43,55,107,13,4,31,59,149,0.384,0.413,0.2,0.397,0.892,0.459,colesbi01
Jason Collier,24,HOU,NBA,2001-02,25,2,365,41,95,41,94,0,1,24,32,31,51,82,9,6,4,13,40,106,0.432,0.436,0,0.432,0.75,0.486,collija02
Jarron Collins,23,UTA,NBA,2001-02,70,68,1440,158,343,158,342,0,1,134,181,138,158,296,58,29,22,56,234,450,0.461,0.462,0,0.461,0.74,0.532,collija03
Jason Collins,23,NJN,NBA,2001-02,77,9,1407,117,278,116,276,1,2,115,164,132,169,301,81,29,47,72,173,350,0.421,0.42,0.5,0.423,0.701,0.5,collija04
Chris Crawford,26,ATL,NBA,2001-02,7,4,131,21,45,21,44,0,1,11,15,9,16,25,5,2,5,10,21,53,0.467,0.477,0,0.467,0.733,0.514,crawfch01
Jamal Crawford,21,CHI,NBA,2001-02,23,6,481,89,187,63,129,26,58,10,13,5,29,34,55,18,5,32,18,214,0.476,0.488,0.448,0.545,0.769,0.555,crawfja01
Joe Crispin,22,TOT,NBA,2001-02,21,0,156,26,68,11,29,15,39,12,13,2,9,11,26,5,0,10,10,79,0.382,0.379,0.385,0.493,0.923,0.536,crispjo01
Austin Croshere,26,IND,NBA,2001-02,76,1,1286,185,448,136,303,49,145,97,114,74,220,294,77,26,29,67,106,516,0.413,0.449,0.338,0.468,0.851,0.518,croshau01
John Crotty,32,UTA,NBA,2001-02,41,0,802,98,208,67,139,31,69,57,66,16,59,75,141,19,1,51,77,284,0.471,0.482,0.449,0.546,0.864,0.599,crottjo01
Vonteego Cummings,25,PHI,NBA,2001-02,58,1,501,78,187,66,141,12,46,24,32,14,38,52,60,18,5,36,53,192,0.417,0.468,0.261,0.449,0.75,0.477,cummivo01
Dell Curry,37,TOR,NBA,2001-02,56,4,886,141,347,96,216,45,131,33,37,23,58,81,61,22,6,41,50,360,0.406,0.444,0.344,0.471,0.892,0.495,curryde01
Eddy Curry,19,CHI,NBA,2001-02,72,31,1150,189,377,189,377,0,0,105,160,111,161,272,25,16,53,69,173,483,0.501,0.501,,0.501,0.656,0.54,curryed01
Michael Curry,33,DET,NBA,2001-02,82,75,1912,125,276,118,250,7,26,72,91,15,153,168,127,47,10,60,207,329,0.453,0.472,0.269,0.466,0.791,0.521,currymi01
Samuel Dalembert,20,PHI,NBA,2001-02,34,0,177,22,50,22,50,0,0,7,18,25,43,68,5,6,13,14,30,51,0.44,0.44,,0.44,0.389,0.44,dalemsa01
Erick Dampier,26,GSW,NBA,2001-02,73,46,1740,209,480,209,480,0,0,136,211,167,220,387,87,17,167,156,235,554,0.435,0.435,,0.435,0.645,0.484,dampier01
Antonio Daniels,26,SAS,NBA,2001-02,82,13,2175,269,612,212,416,57,196,158,210,23,153,176,228,48,12,70,104,753,0.44,0.51,0.291,0.486,0.752,0.534,daniean01
Antonio Davis,33,TOR,NBA,2001-02,77,77,2978,410,963,410,962,0,1,293,358,254,486,740,155,54,83,159,225,1113,0.426,0.426,0,0.426,0.818,0.497,davisan01
Baron Davis,22,CHH,NBA,2001-02,82,82,3318,559,1341,389,863,170,478,196,338,93,256,349,698,172,47,246,241,1484,0.417,0.451,0.356,0.48,0.58,0.498,davisba01
Dale Davis,32,POR,NBA,2001-02,78,77,2447,296,580,296,580,0,0,150,212,262,426,688,96,62,83,62,193,742,0.51,0.51,,0.51,0.708,0.551,davisda01
Emanual Davis,33,ATL,NBA,2001-02,28,20,774,70,198,41,113,29,85,16,18,19,55,74,68,27,5,52,68,185,0.354,0.363,0.341,0.427,0.889,0.449,davisem01
Hubert Davis,31,WAS,NBA,2001-02,51,17,1231,146,326,89,200,57,126,16,21,7,70,77,107,28,3,44,58,365,0.448,0.445,0.452,0.535,0.762,0.544,davishu01
Ricky Davis,22,CLE,NBA,2001-02,82,8,1954,376,781,365,746,11,35,196,248,63,180,243,178,69,23,148,145,959,0.481,0.489,0.314,0.488,0.79,0.539,davisri01
Andrew DeClercq,28,ORL,NBA,2001-02,61,14,633,67,149,67,149,0,0,28,50,74,89,163,22,23,24,34,130,162,0.45,0.45,,0.45,0.56,0.474,declean01
Vinny Del Negro,35,PHO,NBA,2001-02,2,0,6,1,4,1,4,0,0,0,0,0,0,0,2,0,0,0,0,2,0.25,0.25,,0.25,,0.25,delnevi01
Tony Delk,28,TOT,NBA,2001-02,63,17,1447,226,588,159,374,67,214,78,97,58,145,203,132,53,10,59,98,597,0.384,0.425,0.313,0.441,0.804,0.473,delkto01
Derrick Dial,26,TOT,NBA,2001-02,32,0,299,41,120,40,109,1,11,18,24,14,42,56,35,10,4,16,13,101,0.342,0.367,0.091,0.346,0.75,0.387,dialde01
Michael Dickerson,26,MEM,NBA,2001-02,4,4,124,15,48,7,27,8,21,5,6,3,9,12,9,3,1,8,12,43,0.313,0.259,0.381,0.396,0.833,0.425,dickemi01
DeSagana Diop,20,CLE,NBA,2001-02,18,1,109,12,29,12,29,0,0,1,5,5,12,17,5,1,10,12,19,25,0.414,0.414,,0.414,0.2,0.401,diopde01
Vlade Divac,33,SAC,NBA,2001-02,80,80,2420,338,716,335,703,3,13,209,340,205,466,671,297,79,94,158,229,888,0.472,0.477,0.231,0.474,0.615,0.513,divacvl01
Michael Doleac,24,CLE,NBA,2001-02,42,15,705,78,187,78,187,0,0,38,46,47,121,168,25,15,11,37,98,194,0.417,0.417,,0.417,0.826,0.468,doleami01
Keyon Dooling,21,LAC,NBA,2001-02,14,0,155,22,57,18,43,4,14,10,12,0,3,3,12,4,3,10,20,58,0.386,0.419,0.286,0.421,0.833,0.466,doolike01
Bryce Drew,27,CHH,NBA,2001-02,61,0,774,78,182,47,109,31,73,23,29,14,58,72,101,32,2,33,49,210,0.429,0.431,0.425,0.514,0.793,0.539,drewbr01
Predrag Drobnjak,26,SEA,NBA,2001-02,64,12,1174,191,414,191,412,0,2,55,73,75,144,219,51,20,31,51,109,437,0.461,0.464,0,0.461,0.753,0.49,drobnpr01
Chris Dudley,36,POR,NBA,2001-02,43,2,327,20,50,20,48,0,2,8,15,27,53,80,13,3,14,14,42,48,0.4,0.417,0,0.4,0.533,0.424,dudlech02
Tim Duncan,25,SAS,NBA,2001-02,82,82,3329,764,1504,763,1494,1,10,560,701,268,774,1042,307,61,203,263,217,2089,0.508,0.511,0.1,0.508,0.799,0.576,duncati01
Howard Eisley,29,NYK,NBA,2001-02,39,0,609,59,175,45,117,14,58,39,49,9,40,49,100,24,3,53,55,171,0.337,0.385,0.241,0.377,0.796,0.435,eisleho01
Obinna Ekezie,26,LAC,NBA,2001-02,29,1,152,13,39,13,39,0,0,28,40,12,22,34,3,2,6,10,16,54,0.333,0.333,,0.333,0.7,0.477,ekeziob01
LaPhonso Ellis,31,MIA,NBA,2001-02,66,14,1684,189,452,151,328,38,124,53,84,107,180,287,56,30,37,73,196,469,0.418,0.46,0.306,0.46,0.631,0.48,ellisla01
Evan Eschmeyer,26,DAL,NBA,2001-02,31,6,299,21,50,21,50,0,0,20,33,35,63,98,9,10,9,16,60,62,0.42,0.42,,0.42,0.606,0.48,eschmev01
Maurice Evans,23,MIN,NBA,2001-02,10,0,45,9,19,9,16,0,3,3,4,3,1,4,4,0,0,2,9,21,0.474,0.563,0,0.474,0.75,0.506,evansma01
Patrick Ewing,39,ORL,NBA,2001-02,65,4,901,148,333,148,332,0,1,94,134,60,203,263,35,22,45,65,129,390,0.444,0.446,0,0.444,0.701,0.497,ewingpa01
Danny Ferry,35,SAS,NBA,2001-02,50,2,799,76,177,33,78,43,99,34,36,15,75,90,48,16,9,22,70,229,0.429,0.423,0.434,0.551,0.944,0.594,ferryda01
Michael Finley,28,DAL,NBA,2001-02,69,69,2754,569,1228,493,1004,76,224,210,251,90,270,360,230,65,25,117,144,1424,0.463,0.491,0.339,0.494,0.837,0.532,finlemi01
Derek Fisher,27,LAL,NBA,2001-02,70,35,1974,274,666,130,317,144,349,94,111,15,131,146,181,66,9,62,121,786,0.411,0.41,0.413,0.52,0.847,0.55,fishede01
Marcus Fizer,23,CHI,NBA,2001-02,76,20,1963,371,848,364,807,7,41,189,283,128,299,427,120,49,24,131,186,938,0.438,0.451,0.171,0.442,0.668,0.482,fizerma01
Isaac Fontaine,26,MEM,NBA,2001-02,6,0,75,3,14,2,9,1,5,4,6,0,5,5,4,0,0,4,6,11,0.214,0.222,0.2,0.25,0.667,0.331,fontais01
Alton Ford,20,PHO,NBA,2001-02,53,0,452,61,118,61,118,0,0,42,57,32,75,107,7,6,7,32,99,164,0.517,0.517,,0.517,0.737,0.573,fordal02
Joseph Forte,20,BOS,NBA,2001-02,8,0,39,1,12,1,9,0,3,4,4,1,5,6,6,2,0,3,1,6,0.083,0.111,0,0.083,1,0.218,fortejo01
Danny Fortson,25,GSW,NBA,2001-02,77,76,2216,309,722,308,718,1,4,245,308,290,609,899,127,44,17,160,255,864,0.428,0.429,0.25,0.429,0.795,0.504,fortsda01
Greg Foster,33,MIL,NBA,2001-02,6,0,24,2,9,2,5,0,4,3,4,0,8,8,1,0,0,0,4,7,0.222,0.4,0,0.222,0.75,0.325,fostegr01
Jeff Foster,25,IND,NBA,2001-02,82,48,1786,177,394,175,379,2,15,111,182,206,350,556,70,71,38,79,232,467,0.449,0.462,0.133,0.452,0.61,0.493,fosteje01
Antonis Fotsis,20,MEM,NBA,2001-02,28,1,320,42,104,35,81,7,23,17,20,25,37,62,10,9,11,21,22,108,0.404,0.432,0.304,0.438,0.85,0.479,fotsian01
Tremaine Fowlkes,25,LAC,NBA,2001-02,22,17,343,25,64,25,64,0,0,24,31,32,32,64,17,11,1,13,39,74,0.391,0.391,,0.391,0.774,0.477,fowlktr01
Rick Fox,32,LAL,NBA,2001-02,82,82,2289,255,605,190,397,65,208,70,85,90,299,389,283,67,21,132,244,645,0.421,0.479,0.313,0.475,0.824,0.502,foxri01
Adonal Foyle,26,GSW,NBA,2001-02,79,36,1485,171,385,171,385,0,0,37,93,150,234,384,41,36,168,76,179,379,0.444,0.444,,0.444,0.398,0.445,foylead01
Steve Francis,24,HOU,NBA,2001-02,57,56,2343,420,1007,352,797,68,210,326,422,102,299,401,362,71,25,221,172,1234,0.417,0.442,0.324,0.451,0.773,0.517,francst01
Lawrence Funderburke,31,SAC,NBA,2001-02,56,1,722,115,245,115,242,0,3,34,56,76,122,198,32,11,18,33,65,264,0.469,0.475,0,0.469,0.607,0.49,fundela01
Kevin Garnett,25,MIN,NBA,2001-02,81,81,3175,659,1401,622,1285,37,116,359,448,243,738,981,422,96,126,229,184,1714,0.47,0.484,0.319,0.484,0.801,0.536,garneke01
Dean Garrett,35,TOT,NBA,2001-02,34,0,183,18,55,18,55,0,0,0,3,16,41,57,5,7,10,10,32,36,0.327,0.327,,0.327,0,0.32,garrede01
Pat Garrity,25,ORL,NBA,2001-02,80,43,2406,327,767,158,371,169,396,61,73,77,261,338,99,61,28,68,230,884,0.426,0.426,0.427,0.537,0.836,0.553,garripa01
Pau Gasol,21,MEM,NBA,2001-02,82,79,3007,551,1064,550,1059,1,5,338,477,238,492,730,223,41,169,224,195,1441,0.518,0.519,0.2,0.518,0.709,0.566,gasolpa01
Chris Gatling,34,MIA,NBA,2001-02,54,1,809,131,293,130,285,1,8,82,117,71,135,206,25,17,11,58,109,345,0.447,0.456,0.125,0.449,0.701,0.501,gatlich01
Matt Geiger,32,PHI,NBA,2001-02,4,0,36,1,8,1,8,0,0,1,2,3,3,6,0,0,2,2,2,3,0.125,0.125,,0.125,0.5,0.169,geigema01
Devean George,24,LAL,NBA,2001-02,82,1,1759,215,523,149,345,66,178,85,126,78,225,303,111,71,42,66,190,581,0.411,0.432,0.371,0.474,0.675,0.502,georgde01
Eddie Gill,23,MEM,NBA,2001-02,23,5,384,39,92,32,70,7,22,31,39,7,21,28,49,11,3,34,38,116,0.424,0.457,0.318,0.462,0.795,0.531,gilled01
Kendall Gill,33,MIA,NBA,2001-02,65,49,1410,162,422,156,378,6,44,42,62,29,155,184,100,44,8,55,140,372,0.384,0.413,0.136,0.391,0.677,0.414,gillke01
Dion Glover,23,ATL,NBA,2001-02,55,25,1156,192,456,162,365,30,91,78,103,36,133,169,84,45,14,76,89,492,0.421,0.444,0.33,0.454,0.757,0.491,glovedi01
Steve Goodrich,25,NJN,NBA,2001-02,9,0,50,2,10,2,10,0,0,1,2,1,4,5,5,1,2,3,10,5,0.2,0.2,,0.2,0.5,0.23,goodrst01
Brian Grant,29,MIA,NBA,2001-02,72,72,2256,286,610,286,608,0,2,101,119,168,407,575,137,48,31,122,236,673,0.469,0.47,0,0.469,0.849,0.508,grantbr01
Horace Grant,36,ORL,NBA,2001-02,76,76,2210,264,515,264,515,0,0,80,111,159,322,481,104,57,49,51,118,608,0.513,0.513,,0.513,0.721,0.539,grantho01
Adrian Griffin,27,DAL,NBA,2001-02,58,34,1383,179,359,163,305,16,54,41,49,68,161,229,106,75,12,42,142,415,0.499,0.534,0.296,0.521,0.837,0.545,griffad01
Eddie Griffin,19,HOU,NBA,2001-02,73,24,1896,244,666,154,393,90,273,64,86,117,299,416,53,17,134,47,117,642,0.366,0.392,0.33,0.434,0.744,0.456,griffed01
Tom Gugliotta,32,PHO,NBA,2001-02,44,40,1129,127,301,124,292,3,9,28,37,59,162,221,77,39,30,61,116,285,0.422,0.425,0.333,0.427,0.757,0.449,guglito01
A.J. Guyton,23,CHI,NBA,2001-02,45,6,607,88,244,42,121,46,123,22,27,12,32,44,81,10,7,37,23,244,0.361,0.347,0.374,0.455,0.815,0.477,guytoaj01
Darvin Ham,28,MIL,NBA,2001-02,70,2,1208,120,211,119,204,1,7,62,123,91,111,202,73,25,37,83,175,303,0.569,0.583,0.143,0.571,0.504,0.571,hamda01
Richard Hamilton,23,WAS,NBA,2001-02,63,57,2203,472,1084,456,1042,16,42,300,337,73,143,216,171,38,14,132,136,1260,0.435,0.438,0.381,0.443,0.89,0.511,hamilri01
Tang Hamilton,23,MIA,NBA,2001-02,9,2,98,10,19,10,18,0,1,0,1,6,12,18,5,4,0,2,10,20,0.526,0.556,0,0.526,0,0.514,hamilta01
Zendon Hamilton,26,DEN,NBA,2001-02,54,15,848,103,245,103,245,0,0,118,181,110,143,253,14,21,18,60,104,324,0.42,0.42,,0.42,0.652,0.499,hamilze01
Anfernee Hardaway,30,PHO,NBA,2001-02,80,55,2462,389,931,366,848,23,83,158,195,98,252,350,324,122,32,189,184,959,0.418,0.432,0.277,0.43,0.81,0.472,hardaan01
Tim Hardaway,35,TOT,NBA,2001-02,68,16,1601,226,620,103,266,123,354,77,97,14,110,124,278,57,10,111,109,652,0.365,0.387,0.347,0.464,0.794,0.492,hardati01
Matt Harpring,25,PHI,NBA,2001-02,81,81,2541,386,838,365,769,21,69,165,222,203,370,573,107,70,5,127,201,958,0.461,0.475,0.304,0.473,0.743,0.512,harprma01
Al Harrington,21,IND,NBA,2001-02,44,1,1313,230,484,229,481,1,3,115,144,96,180,276,54,41,21,78,166,576,0.475,0.476,0.333,0.476,0.799,0.526,harrial01
Othella Harrington,28,NYK,NBA,2001-02,77,4,1563,237,450,237,448,0,2,122,172,125,224,349,37,30,36,95,250,596,0.527,0.529,0,0.527,0.709,0.567,harriot01
Lucious Harris,31,NJN,NBA,2001-02,74,0,1553,249,537,205,419,44,118,133,158,49,158,207,116,53,6,61,99,675,0.464,0.489,0.373,0.505,0.842,0.556,harrilu01
Jason Hart,23,SAS,NBA,2001-02,10,0,92,10,19,10,17,0,2,6,6,4,9,13,12,7,1,8,16,26,0.526,0.588,0,0.526,1,0.601,hartja01
Antonio Harvey,31,SEA,NBA,2001-02,5,3,47,4,12,4,12,0,0,1,2,5,4,9,5,1,3,3,8,9,0.333,0.333,,0.333,0.5,0.349,harvean01
Donnell Harvey,21,TOT,NBA,2001-02,47,4,841,108,217,108,217,0,0,54,90,80,147,227,37,21,24,33,115,270,0.498,0.498,,0.498,0.6,0.526,harvedo01
Trenton Hassell,22,CHI,NBA,2001-02,78,47,2237,267,628,207,463,60,165,87,114,65,190,255,172,55,44,101,184,681,0.425,0.447,0.364,0.473,0.763,0.502,hassetr01
Kirk Haston,22,CHH,NBA,2001-02,15,0,77,11,39,11,36,0,3,4,8,5,15,20,5,0,1,3,9,26,0.282,0.306,0,0.282,0.5,0.306,hastoki01
Brendan Haywood,22,WAS,NBA,2001-02,62,2,1266,109,221,109,221,0,0,97,160,143,179,322,29,21,91,50,158,315,0.493,0.493,,0.493,0.606,0.54,haywobr01
Alan Henderson,29,ATL,NBA,2001-02,26,1,422,59,116,58,115,1,1,24,45,31,66,97,11,11,15,21,40,143,0.509,0.504,1,0.513,0.533,0.527,hendeal01
Cedric Henderson,26,GSW,NBA,2001-02,12,0,70,15,31,13,27,2,4,4,7,1,2,3,4,6,2,8,4,36,0.484,0.481,0.5,0.516,0.571,0.528,hendece02
Grant Hill,29,ORL,NBA,2001-02,14,14,512,83,195,83,193,0,2,69,80,29,96,125,64,8,4,37,40,235,0.426,0.43,0,0.426,0.863,0.51,hillgr01
Tyrone Hill,33,CLE,NBA,2001-02,26,26,810,71,182,71,181,0,1,67,103,79,195,274,23,17,13,48,102,209,0.39,0.392,0,0.39,0.65,0.46,hillty01
Fred Hoiberg,29,CHI,NBA,2001-02,79,8,1408,121,291,97,199,24,92,79,94,18,192,210,136,61,5,32,87,345,0.416,0.487,0.261,0.457,0.84,0.519,hoibefr01
Robert Horry,31,LAL,NBA,2001-02,81,23,2140,183,460,107,257,76,203,108,138,130,349,479,232,77,89,88,208,550,0.398,0.416,0.374,0.48,0.783,0.528,horryro01
Eddie House,23,MIA,NBA,2001-02,64,3,1230,209,524,155,367,54,157,42,49,17,93,110,123,43,5,80,98,514,0.399,0.422,0.344,0.45,0.857,0.471,houseed01
Allan Houston,30,NYK,NBA,2001-02,77,77,2914,568,1301,432,955,136,346,295,339,37,215,252,190,54,10,170,182,1567,0.437,0.452,0.393,0.489,0.87,0.54,houstal01
Juwan Howard,28,TOT,NBA,2001-02,81,72,2635,462,1005,462,1003,0,2,261,343,223,389,612,169,46,47,152,265,1185,0.46,0.461,0,0.46,0.761,0.513,howarju01
Troy Hudson,25,ORL,NBA,2001-02,81,4,1854,354,815,288,628,66,187,176,201,30,115,145,255,57,6,163,119,950,0.434,0.459,0.353,0.475,0.876,0.526,hudsotr01
Larry Hughes,23,GSW,NBA,2001-02,73,56,2049,343,810,325,717,18,93,191,259,83,162,245,316,113,23,171,150,895,0.423,0.453,0.194,0.435,0.737,0.484,hughela01
Lindsey Hunter,31,LAL,NBA,2001-02,82,47,1616,187,490,108,282,79,208,20,40,18,103,121,129,66,19,55,120,473,0.382,0.383,0.38,0.462,0.5,0.466,hunteli01
Steven Hunter,20,ORL,NBA,2001-02,53,21,516,67,147,67,147,0,0,55,94,40,57,97,5,5,43,16,81,189,0.456,0.456,,0.456,0.585,0.502,huntest01
Zydrunas Ilgauskas,26,CLE,NBA,2001-02,62,23,1329,241,567,241,562,0,5,208,276,136,198,334,70,17,84,94,187,690,0.425,0.429,0,0.425,0.754,0.501,ilgauzy01
Allen Iverson,26,PHI,NBA,2001-02,60,59,2622,665,1669,587,1401,78,268,475,585,44,225,269,331,168,13,237,102,1883,0.398,0.419,0.291,0.422,0.812,0.489,iversal01
Bobby Jackson,28,SAC,NBA,2001-02,81,3,1750,334,754,255,535,79,219,149,184,82,169,251,164,73,11,93,145,896,0.443,0.477,0.361,0.495,0.81,0.537,jacksbo01
Jaren Jackson,34,ORL,NBA,2001-02,9,0,144,15,37,8,17,7,20,2,4,1,16,17,8,5,0,8,13,39,0.405,0.471,0.35,0.5,0.5,0.503,jacksja01
Jermaine Jackson,25,TOR,NBA,2001-02,24,0,280,20,42,19,40,1,2,16,24,3,24,27,57,9,1,14,24,57,0.476,0.475,0.5,0.488,0.667,0.542,jacksje01
Jim Jackson,31,MIA,NBA,2001-02,55,19,1825,238,538,200,457,38,81,75,87,54,236,290,140,42,14,106,145,589,0.442,0.438,0.469,0.478,0.862,0.511,jacksji01
Marc Jackson,27,TOT,NBA,2001-02,39,0,495,60,164,60,163,0,1,66,80,48,80,128,14,11,6,30,69,186,0.366,0.368,0,0.366,0.825,0.467,jacksma02
Mark Jackson,36,NYK,NBA,2001-02,82,82,2367,260,592,181,397,79,195,87,110,56,253,309,605,74,1,150,162,686,0.439,0.456,0.405,0.506,0.791,0.536,jacksma01
Stephen Jackson,23,SAS,NBA,2001-02,23,1,227,34,91,25,55,9,36,12,17,3,23,26,11,15,3,23,29,89,0.374,0.455,0.25,0.423,0.706,0.452,jacksst02
Jerome James,26,SEA,NBA,2001-02,56,40,949,134,273,134,273,0,0,30,60,89,143,232,24,25,86,74,174,298,0.491,0.491,,0.491,0.5,0.498,jamesje01
Mike James,26,MIA,NBA,2001-02,15,0,119,15,43,7,22,8,21,4,7,2,12,14,19,6,1,13,17,42,0.349,0.318,0.381,0.442,0.571,0.456,jamesmi01
Tim James,25,PHI,NBA,2001-02,9,0,41,5,13,5,13,0,0,2,6,5,2,7,1,0,1,3,5,12,0.385,0.385,,0.385,0.333,0.384,jamesti01
Antawn Jamison,25,GSW,NBA,2001-02,82,82,3033,614,1375,546,1165,68,210,323,440,211,345,556,161,70,45,161,187,1619,0.447,0.469,0.324,0.471,0.734,0.516,jamisan01
Harold Jamison,25,LAC,NBA,2001-02,25,2,176,22,43,22,43,0,0,10,15,24,15,39,6,5,1,6,23,54,0.512,0.512,,0.512,0.667,0.544,jamisha01
Richard Jefferson,21,NJN,NBA,2001-02,79,9,1917,270,591,257,535,13,56,189,265,85,208,293,140,64,48,107,211,742,0.457,0.48,0.232,0.468,0.713,0.524,jefferi01
Anthony Johnson,27,NJN,NBA,2001-02,34,0,366,37,90,33,78,4,12,16,25,10,19,29,48,31,1,20,30,94,0.411,0.423,0.333,0.433,0.64,0.465,johnsan02
Avery Johnson,36,TOT,NBA,2001-02,68,13,1352,207,432,207,427,0,5,121,163,14,55,69,286,40,9,76,86,535,0.479,0.485,0,0.479,0.742,0.531,johnsav01
DerMarr Johnson,21,ATL,NBA,2001-02,72,46,1727,214,540,125,293,89,247,85,105,59,188,247,81,62,56,102,163,602,0.396,0.427,0.36,0.479,0.81,0.513,johnsde03
Ervin Johnson,34,MIL,NBA,2001-02,81,9,1660,89,193,89,192,0,1,30,66,142,324,466,27,37,82,52,219,208,0.461,0.464,0,0.461,0.455,0.468,johnser02
Joe Johnson,20,TOT,NBA,2001-02,77,60,1916,251,584,213,454,38,130,41,53,75,182,257,179,59,20,71,114,581,0.43,0.469,0.292,0.462,0.774,0.478,johnsjo02
Alvin Jones,23,PHI,NBA,2001-02,23,2,126,8,20,8,20,0,0,10,20,13,23,36,3,3,9,11,35,26,0.4,0.4,,0.4,0.5,0.451,jonesal01
Damon Jones,25,DET,NBA,2001-02,67,0,1083,114,284,45,98,69,186,43,59,13,90,103,140,23,1,61,83,340,0.401,0.459,0.371,0.523,0.729,0.548,jonesda01
Eddie Jones,30,MIA,NBA,2001-02,81,81,3156,517,1198,368,816,149,382,297,355,61,317,378,262,117,77,148,258,1480,0.432,0.451,0.39,0.494,0.837,0.546,jonesed02
Jumaine Jones,22,CLE,NBA,2001-02,81,36,2142,287,640,235,472,52,168,45,68,125,365,490,116,75,46,79,184,671,0.448,0.498,0.31,0.489,0.662,0.501,jonesju01
Popeye Jones,31,WAS,NBA,2001-02,79,40,1920,222,508,218,497,4,11,106,130,233,345,578,127,50,19,88,209,554,0.437,0.439,0.364,0.441,0.815,0.49,jonespo01
Michael Jordan,38,WAS,NBA,2001-02,60,53,2093,551,1324,541,1271,10,53,263,333,50,289,339,310,85,26,162,119,1375,0.416,0.426,0.189,0.42,0.79,0.468,jordami01
Shawn Kemp,32,POR,NBA,2001-02,75,5,1232,175,407,175,403,0,4,104,131,90,198,288,52,43,33,81,184,454,0.43,0.434,0,0.43,0.794,0.489,kempsh01
Steve Kerr,36,POR,NBA,2001-02,65,0,775,102,217,76,151,26,66,39,40,6,54,60,63,13,1,24,49,269,0.47,0.503,0.394,0.53,0.975,0.573,kerrst01
Jason Kidd,28,NJN,NBA,2001-02,82,82,3056,445,1138,328,774,117,364,201,247,130,465,595,808,175,20,286,136,1208,0.391,0.424,0.321,0.442,0.814,0.484,kiddja01
Andrei Kirilenko,20,UTA,NBA,2001-02,82,40,2151,285,633,260,533,25,100,285,371,149,253,402,94,116,159,108,156,880,0.45,0.488,0.25,0.47,0.768,0.553,kirilan01
Kerry Kittles,27,NJN,NBA,2001-02,82,82,2601,438,940,340,698,98,242,128,172,68,207,275,216,130,31,109,108,1102,0.466,0.487,0.405,0.518,0.744,0.542,kittlke01
Brevin Knight,26,MEM,NBA,2001-02,53,11,1151,141,334,139,326,2,8,87,115,11,98,109,302,79,7,111,135,371,0.422,0.426,0.25,0.425,0.757,0.482,knighbr01
Travis Knight,27,NYK,NBA,2001-02,49,0,429,41,113,41,113,0,0,16,21,48,56,104,8,11,10,27,95,98,0.363,0.363,,0.363,0.762,0.401,knightr01
Toni Kukoc,33,ATL,NBA,2001-02,59,9,1494,211,504,158,333,53,171,109,153,43,175,218,210,48,17,113,91,584,0.419,0.474,0.31,0.471,0.712,0.511,kukocto01
Christian Laettner,32,WAS,NBA,2001-02,57,48,1441,168,362,166,352,2,10,66,76,74,227,301,151,60,25,85,129,404,0.464,0.472,0.2,0.467,0.868,0.511,laettch01
Raef LaFrentz,25,TOT,NBA,2001-02,78,76,2455,421,920,317,652,104,268,105,151,176,403,579,89,55,213,94,281,1051,0.458,0.486,0.388,0.514,0.695,0.533,lafrera01
Trajan Langdon,25,CLE,NBA,2001-02,44,0,477,70,176,43,102,27,74,42,46,13,42,55,60,13,5,40,49,209,0.398,0.422,0.365,0.474,0.913,0.533,langdtr01
Dan Langhi,24,HOU,NBA,2001-02,34,8,434,49,125,48,121,1,4,8,11,22,45,67,14,8,5,9,25,107,0.392,0.397,0.25,0.396,0.727,0.412,langhda01
Rusty LaRue,28,UTA,NBA,2001-02,33,0,542,73,185,56,135,17,50,30,35,11,38,49,71,17,7,43,58,193,0.395,0.415,0.34,0.441,0.857,0.482,larueru01
Voshon Lenard,28,DEN,NBA,2001-02,71,19,1665,315,769,226,529,89,240,94,120,38,145,183,130,59,25,91,105,813,0.41,0.427,0.371,0.467,0.783,0.495,lenarvo01
Quincy Lewis,24,UTA,NBA,2001-02,36,19,490,64,143,61,125,3,18,13,20,10,33,43,36,23,9,32,89,144,0.448,0.488,0.167,0.458,0.65,0.474,lewisqu01
Rashard Lewis,22,SEA,NBA,2001-02,71,70,2585,455,972,332,656,123,316,162,200,139,359,498,123,104,40,97,174,1195,0.468,0.506,0.389,0.531,0.81,0.564,lewisra02
Randy Livingston,26,SEA,NBA,2001-02,13,0,176,15,54,14,46,1,8,10,11,9,16,25,26,9,2,2,11,41,0.278,0.304,0.125,0.287,0.909,0.348,livinra01
Art Long,29,SEA,NBA,2001-02,63,27,989,120,244,120,244,0,0,45,85,107,144,251,41,22,28,63,180,285,0.492,0.492,,0.492,0.529,0.506,longar01
Grant Long,35,MEM,NBA,2001-02,66,56,1868,164,385,161,368,3,17,86,123,31,200,231,136,63,12,103,123,417,0.426,0.438,0.176,0.43,0.699,0.475,longgr01
Felipe Lopez,27,MIN,NBA,2001-02,67,0,581,59,156,45,123,14,33,37,55,29,51,80,39,18,1,36,73,169,0.378,0.366,0.424,0.423,0.673,0.469,lopezfe01
Tyronn Lue,24,WAS,NBA,2001-02,71,0,1458,222,520,159,379,63,141,48,63,14,108,122,246,49,0,96,120,555,0.427,0.42,0.447,0.488,0.762,0.507,luety01
George Lynch,31,CHH,NBA,2001-02,45,18,893,73,198,72,192,1,6,25,40,70,116,186,54,40,14,41,75,172,0.369,0.375,0.167,0.371,0.625,0.399,lynchge01
Todd MacCulloch,26,NJN,NBA,2001-02,62,61,1502,247,465,247,465,0,0,110,164,157,221,378,78,24,89,66,181,604,0.531,0.531,,0.531,0.671,0.562,maccuto01
Sam Mack,31,MIA,NBA,2001-02,12,1,159,14,49,7,21,7,28,5,7,2,12,14,4,5,1,7,17,40,0.286,0.333,0.25,0.357,0.714,0.384,macksa01
Mark Madsen,26,LAL,NBA,2001-02,59,5,650,66,146,66,144,0,2,35,54,89,73,162,44,16,13,22,104,167,0.452,0.458,0,0.452,0.648,0.492,madsema01
Corey Maggette,22,LAC,NBA,2001-02,63,52,1615,235,530,189,391,46,139,201,251,54,177,231,112,41,19,116,155,717,0.443,0.483,0.331,0.487,0.801,0.56,maggeco01
Jamaal Magloire,23,CHH,NBA,2001-02,82,8,1549,228,414,228,413,0,1,243,333,153,308,461,31,27,86,118,201,699,0.551,0.552,0,0.551,0.73,0.624,magloja01
Dan Majerle,36,PHO,NBA,2001-02,65,1,1180,99,289,20,54,79,235,23,39,28,148,176,90,48,15,35,104,300,0.343,0.37,0.336,0.479,0.59,0.49,majerda01
Karl Malone,38,UTA,NBA,2001-02,80,80,3040,635,1399,626,1374,9,25,509,639,142,544,686,341,152,59,263,229,1788,0.454,0.456,0.36,0.457,0.797,0.532,malonka01
Danny Manning,35,DAL,NBA,2001-02,41,10,552,71,149,70,142,1,7,22,33,25,83,108,30,21,21,25,80,165,0.477,0.493,0.143,0.48,0.667,0.505,mannida01
Stephon Marbury,24,PHO,NBA,2001-02,82,80,3187,625,1413,554,1165,71,248,353,452,75,191,266,666,77,13,284,186,1674,0.442,0.476,0.286,0.467,0.781,0.519,marbust01
Shawn Marion,23,PHO,NBA,2001-02,81,81,3109,654,1395,606,1273,48,122,191,226,211,592,803,162,149,86,144,214,1547,0.469,0.476,0.393,0.486,0.845,0.518,mariosh01
Sean Marks,26,MIA,NBA,2001-02,21,6,319,38,88,38,88,0,0,20,34,19,56,75,8,5,10,19,40,96,0.432,0.432,,0.432,0.588,0.466,marksse01
Donny Marshall,29,NJN,NBA,2001-02,20,0,118,8,29,6,25,2,4,12,18,8,13,21,5,3,0,2,14,30,0.276,0.24,0.5,0.31,0.667,0.406,marshdo02
Donyell Marshall,28,UTA,NBA,2001-02,58,42,1750,343,661,330,619,13,42,160,226,158,285,443,101,50,67,124,150,859,0.519,0.533,0.31,0.529,0.708,0.565,marshdo01
Darrick Martin,30,DAL,NBA,2001-02,3,0,22,0,10,0,8,0,2,1,2,0,1,1,3,2,0,1,4,1,0,0,0,0,0.5,0.046,martida01
Kenyon Martin,24,NJN,NBA,2001-02,73,73,2504,445,962,430,895,15,67,181,267,113,275,388,192,90,121,172,261,1086,0.463,0.48,0.224,0.47,0.678,0.503,martike01
Jamal Mashburn,29,CHH,NBA,2001-02,40,40,1601,303,744,262,632,41,112,211,241,31,211,242,171,45,6,110,80,858,0.407,0.415,0.366,0.435,0.876,0.505,mashbja01
Anthony Mason,35,MIL,NBA,2001-02,82,82,3143,316,626,315,625,1,1,154,221,124,522,646,346,57,22,130,187,787,0.505,0.504,1,0.506,0.697,0.544,masonan01
Desmond Mason,24,SEA,NBA,2001-02,75,20,2420,357,769,341,710,16,59,201,237,92,259,351,104,67,27,104,170,931,0.464,0.48,0.271,0.475,0.848,0.533,masonde01
Tony Massenburg,34,MEM,NBA,2001-02,73,31,1247,159,349,158,348,1,1,84,117,100,224,324,26,30,31,65,174,403,0.456,0.454,1,0.457,0.718,0.503,masseto01
Walter McCarty,27,BOS,NBA,2001-02,56,0,718,80,180,41,81,39,99,13,19,32,96,128,41,18,7,22,83,212,0.444,0.506,0.394,0.553,0.684,0.563,mccarwa01
Amal McCaskill,28,SAS,NBA,2001-02,27,0,153,20,49,20,49,0,0,12,26,16,20,36,4,6,10,14,23,52,0.408,0.408,,0.408,0.462,0.43,mccasam01
George McCloud,34,DEN,NBA,2001-02,69,26,1830,206,576,146,354,60,222,132,163,67,184,251,204,58,19,144,175,604,0.358,0.412,0.27,0.41,0.81,0.466,mccloge01
Jelani McCoy,24,LAL,NBA,2001-02,21,0,104,12,21,12,21,0,0,2,8,8,17,25,7,0,5,8,14,26,0.571,0.571,,0.571,0.25,0.53,mccoyje01
Antonio McDyess,27,DEN,NBA,2001-02,10,10,236,43,75,43,75,0,0,27,33,18,37,55,18,10,8,20,20,113,0.573,0.573,,0.573,0.818,0.631,mcdyean01
Tracy McGrady,22,ORL,NBA,2001-02,76,76,2912,715,1586,612,1303,103,283,415,555,150,447,597,400,119,73,189,139,1948,0.451,0.47,0.364,0.483,0.748,0.532,mcgratr01
Jeff McInnis,27,LAC,NBA,2001-02,81,80,3030,463,1121,388,887,75,234,183,219,45,168,213,500,63,6,147,202,1184,0.413,0.437,0.321,0.446,0.836,0.486,mcinnje01
Derrick McKey,35,PHI,NBA,2001-02,41,1,784,52,122,47,110,5,12,10,14,48,79,127,45,41,4,22,90,119,0.426,0.427,0.417,0.447,0.714,0.464,mckeyde01
Aaron McKie,29,PHI,NBA,2001-02,48,16,1471,220,490,169,362,51,128,96,122,26,166,192,179,56,14,93,74,587,0.449,0.467,0.398,0.501,0.787,0.54,mckieaa01
Stanislav Medvedenko,22,LAL,NBA,2001-02,71,6,729,145,304,145,300,0,4,41,62,85,73,158,43,29,11,42,119,331,0.477,0.483,0,0.477,0.661,0.5,medvest01
Ron Mercer,25,TOT,NBA,2001-02,53,41,1716,311,784,293,722,18,62,95,119,50,128,178,128,32,13,88,108,735,0.397,0.406,0.29,0.408,0.798,0.439,mercero01
Chris Mihm,22,CLE,NBA,2001-02,74,60,1659,221,526,218,519,3,7,124,179,133,259,392,24,18,89,97,260,569,0.42,0.42,0.429,0.423,0.693,0.47,mihmch01
Darius Miles,20,LAC,NBA,2001-02,82,6,2227,309,642,306,623,3,19,158,255,109,344,453,184,71,103,160,184,779,0.481,0.491,0.158,0.484,0.62,0.516,milesda01
Andre Miller,25,CLE,NBA,2001-02,81,81,3023,474,1045,452,958,22,87,365,447,108,271,379,882,126,34,245,228,1335,0.454,0.472,0.253,0.464,0.817,0.538,millean02
Brad Miller,25,TOT,NBA,2001-02,76,75,2263,366,733,363,726,3,7,297,383,252,369,621,152,76,41,115,244,1032,0.499,0.5,0.429,0.501,0.775,0.572,millebr01
Mike Miller,21,ORL,NBA,2001-02,63,53,2123,351,802,235,499,116,303,138,181,49,224,273,198,47,23,108,145,956,0.438,0.471,0.383,0.51,0.762,0.542,millemi01
Reggie Miller,36,IND,NBA,2001-02,79,79,2889,414,913,234,470,180,443,296,325,23,196,219,253,88,10,120,143,1304,0.453,0.498,0.406,0.552,0.911,0.617,millere01
Chris Mills,32,GSW,NBA,2001-02,66,0,1237,178,427,130,300,48,127,85,107,51,139,190,72,31,13,56,120,489,0.417,0.433,0.378,0.473,0.794,0.516,millsch01
Sam Mitchell,38,MIN,NBA,2001-02,74,10,726,98,227,88,192,10,35,38,49,18,64,82,45,12,4,26,79,244,0.432,0.458,0.286,0.454,0.776,0.491,mitchsa01
Cuttino Mobley,26,HOU,NBA,2001-02,74,74,3116,595,1358,446,981,149,377,267,314,63,237,300,187,109,37,180,189,1606,0.438,0.455,0.395,0.493,0.85,0.537,moblecu01
Nazr Mohammed,24,ATL,NBA,2001-02,82,73,2168,329,713,329,712,0,1,137,222,242,409,651,33,63,61,118,252,795,0.461,0.462,0,0.461,0.617,0.49,mohamna01
Jerome Moiso,23,CHH,NBA,2001-02,15,0,76,8,20,8,20,0,0,0,0,4,21,25,4,3,2,8,12,16,0.4,0.4,,0.4,,0.4,moisoje01
Eric Montross,30,TOR,NBA,2001-02,49,24,655,53,132,53,131,0,1,10,31,36,104,140,16,12,23,25,92,116,0.402,0.405,0,0.402,0.323,0.398,montrer01
Mikki Moore,26,DET,NBA,2001-02,30,0,217,29,61,28,59,1,2,20,26,22,31,53,11,7,9,14,35,79,0.475,0.475,0.5,0.484,0.769,0.545,mooremi01
Terence Morris,23,HOU,NBA,2001-02,68,12,1110,111,289,96,211,15,78,18,28,77,134,211,64,21,27,45,72,255,0.384,0.455,0.192,0.41,0.643,0.423,morrite01
Hanno Mottola,25,ATL,NBA,2001-02,82,14,1371,169,384,168,371,1,13,57,76,81,187,268,50,20,19,70,174,396,0.44,0.453,0.077,0.441,0.75,0.474,mottoha01
Alonzo Mourning,31,MIA,NBA,2001-02,75,74,2455,447,866,446,863,1,3,283,431,182,450,632,87,27,186,182,258,1178,0.516,0.517,0.333,0.517,0.657,0.558,mournal01
Troy Murphy,21,GSW,NBA,2001-02,82,4,1448,178,423,175,414,3,9,121,156,99,223,322,70,36,21,84,217,480,0.421,0.423,0.333,0.424,0.776,0.488,murphtr01
Lamond Murray,28,CLE,NBA,2001-02,71,68,2312,430,986,329,748,101,238,215,263,81,291,372,157,70,43,141,148,1176,0.436,0.44,0.424,0.487,0.817,0.534,murrala01
Tracy Murray,30,TOR,NBA,2001-02,40,3,473,85,207,45,103,40,104,17,21,18,35,53,19,11,8,25,38,227,0.411,0.437,0.385,0.507,0.81,0.525,murratr01
Dikembe Mutombo,35,PHI,NBA,2001-02,80,80,2907,321,641,321,641,0,0,278,364,254,609,863,83,29,190,156,242,920,0.501,0.501,,0.501,0.764,0.574,mutomdi01
Mamadou N'Diaye,26,TOR,NBA,2001-02,5,0,46,6,10,6,10,0,0,8,10,6,5,11,0,0,2,1,6,20,0.6,0.6,,0.6,0.8,0.694,ndiayma02
Lee Nailon,26,CHH,NBA,2001-02,79,41,1912,369,764,368,762,1,2,112,150,103,188,291,94,59,17,96,175,851,0.483,0.483,0.5,0.484,0.747,0.513,nailole01
Eduardo Najera,25,DAL,NBA,2001-02,62,11,1357,150,300,150,298,0,2,100,148,149,193,342,38,56,30,40,156,400,0.5,0.503,0,0.5,0.676,0.548,najered01
Steve Nash,27,DAL,NBA,2001-02,82,82,2837,525,1088,369,745,156,343,260,293,50,204,254,634,53,4,229,164,1466,0.483,0.495,0.455,0.554,0.887,0.602,nashst01
Tyrone Nesby,26,WAS,NBA,2001-02,70,9,1498,183,421,170,374,13,47,64,93,105,213,318,91,61,22,49,164,443,0.435,0.455,0.277,0.45,0.688,0.48,nesbyty01
Rasho Nesterovic,25,MIN,NBA,2001-02,82,82,2218,324,657,324,656,0,1,39,71,200,334,534,75,45,109,94,262,687,0.493,0.494,0,0.493,0.549,0.499,nestera01
Ira Newble,27,ATL,NBA,2001-02,42,35,1273,131,263,130,256,1,7,75,88,80,142,222,45,38,20,49,117,338,0.498,0.508,0.143,0.5,0.852,0.56,newblir01
Johnny Newman,38,DAL,NBA,2001-02,47,17,724,67,148,45,91,22,57,42,58,9,40,49,14,29,4,21,88,198,0.453,0.495,0.386,0.527,0.724,0.571,newmajo01
Moochie Norris,28,HOU,NBA,2001-02,82,26,2249,251,631,215,497,36,134,127,169,73,173,246,403,81,4,156,130,665,0.398,0.433,0.269,0.426,0.751,0.471,norrimo01
Dirk Nowitzki,23,DAL,NBA,2001-02,76,76,2891,600,1258,461,908,139,350,440,516,120,635,755,186,83,77,145,222,1779,0.477,0.508,0.397,0.532,0.853,0.599,nowitdi01
Jermaine O'Neal,23,IND,NBA,2001-02,72,72,2707,543,1133,542,1119,1,14,284,413,188,569,757,118,45,166,174,269,1371,0.479,0.484,0.071,0.48,0.688,0.521,onealje01
Shaquille O'Neal,29,LAL,NBA,2001-02,67,66,2422,712,1229,712,1228,0,1,398,717,235,480,715,200,41,137,171,199,1822,0.579,0.58,0,0.579,0.555,0.59,onealsh01
Charles Oakley,38,CHI,NBA,2001-02,57,36,1383,97,263,96,257,1,6,21,28,72,271,343,114,49,11,87,175,216,0.369,0.374,0.167,0.371,0.75,0.392,oaklech01
Lamar Odom,22,LAC,NBA,2001-02,29,25,999,151,360,135,276,16,84,61,93,31,145,176,171,23,36,97,91,379,0.419,0.489,0.19,0.442,0.656,0.473,odomla01
Hakeem Olajuwon,39,TOR,NBA,2001-02,61,37,1378,194,418,194,416,0,2,47,84,98,268,366,66,74,90,98,147,435,0.464,0.466,0,0.464,0.56,0.478,olajuha01
Dean Oliver,23,GSW,NBA,2001-02,20,0,139,17,46,15,33,2,13,6,9,0,8,8,21,3,0,11,16,42,0.37,0.455,0.154,0.391,0.667,0.42,olivede01
Kevin Ollie,29,TOT,NBA,2001-02,81,17,1723,137,353,136,351,1,2,187,227,25,159,184,291,62,2,106,97,462,0.388,0.387,0.5,0.39,0.824,0.51,ollieke01
Michael Olowokandi,26,LAC,NBA,2001-02,80,79,2568,384,886,384,886,0,0,117,188,164,547,711,90,55,145,175,217,885,0.433,0.433,,0.433,0.622,0.457,olowomi01
Greg Ostertag,28,UTA,NBA,2001-02,74,14,1107,91,201,91,201,0,0,63,130,125,188,313,50,15,109,51,152,245,0.453,0.453,,0.453,0.485,0.474,ostergr01
Bo Outlaw,30,TOT,NBA,2001-02,83,36,1928,166,299,165,297,1,2,43,102,147,217,364,127,70,92,96,205,376,0.555,0.556,0.5,0.557,0.422,0.547,outlabo01
Doug Overton,32,LAC,NBA,2001-02,18,0,130,14,44,7,17,7,27,4,7,1,11,12,13,3,1,12,10,39,0.318,0.412,0.259,0.398,0.571,0.414,overtdo01
Olumide Oyedeji,20,SEA,NBA,2001-02,36,1,221,22,41,22,41,0,0,11,18,27,52,79,4,4,2,14,36,55,0.537,0.537,,0.537,0.611,0.562,oyedeol01
Robert Pack,32,MIN,NBA,2001-02,16,0,252,25,68,24,64,1,4,11,15,7,16,23,49,13,0,20,32,62,0.368,0.375,0.25,0.375,0.733,0.416,packro01
Scott Padgett,25,UTA,NBA,2001-02,75,1,1295,188,395,139,282,49,113,75,102,111,174,285,82,43,13,69,140,500,0.476,0.493,0.434,0.538,0.735,0.568,padgesc01
Milt Palacio,23,TOT,NBA,2001-02,69,1,790,82,214,69,173,13,41,54,74,11,62,73,83,30,4,40,61,231,0.383,0.399,0.317,0.414,0.73,0.468,palacmi01
Tony Parker,19,SAS,NBA,2001-02,77,72,2267,268,639,207,450,61,189,108,160,33,164,197,334,89,7,151,166,705,0.419,0.46,0.323,0.467,0.675,0.497,parketo01
Cherokee Parks,29,SAS,NBA,2001-02,42,1,234,30,83,30,83,0,0,3,8,24,34,58,10,7,8,14,34,63,0.361,0.361,,0.361,0.375,0.364,parksch02
Ruben Patterson,26,POR,NBA,2001-02,75,13,1765,319,619,310,583,9,36,192,274,155,143,298,107,79,37,114,140,839,0.515,0.532,0.25,0.523,0.701,0.567,patteru01
Gary Payton,33,SEA,NBA,2001-02,82,82,3301,737,1578,663,1342,74,236,267,335,80,316,396,737,131,26,209,179,1815,0.467,0.494,0.314,0.49,0.797,0.526,paytoga01
Anthony Peeler,32,MIN,NBA,2001-02,82,0,2060,288,684,177,401,111,283,50,58,37,169,206,177,61,11,76,137,737,0.421,0.441,0.392,0.502,0.862,0.519,peelean01
Mike Penberthy,27,LAL,NBA,2001-02,3,0,12,1,2,1,2,0,0,3,4,0,2,2,2,2,0,0,0,5,0.5,0.5,,0.5,0.75,0.665,penbemi01
Elliot Perry,32,MEM,NBA,2001-02,2,0,48,5,10,5,10,0,0,1,2,0,4,4,7,3,0,7,6,11,0.5,0.5,,0.5,0.5,0.506,perryel01
Wesley Person,30,CLE,NBA,2001-02,78,78,2793,467,944,324,622,143,322,99,124,50,244,294,173,77,37,74,93,1176,0.495,0.521,0.444,0.57,0.798,0.589,persowe01
Morris Peterson,24,TOR,NBA,2001-02,63,56,1988,336,768,252,537,84,231,127,169,91,132,223,153,73,11,86,174,883,0.438,0.469,0.364,0.492,0.751,0.524,petermo01
Eric Piatkowski,31,LAC,NBA,2001-02,71,64,1718,207,471,96,233,111,238,101,113,43,141,184,112,41,12,64,110,626,0.439,0.412,0.466,0.557,0.894,0.601,piatker01
Paul Pierce,24,BOS,NBA,2001-02,82,82,3302,707,1598,497,1078,210,520,520,643,81,485,566,261,154,86,241,237,2144,0.442,0.461,0.404,0.508,0.809,0.57,piercpa01
Scottie Pippen,36,POR,NBA,2001-02,62,60,1996,246,599,192,422,54,177,113,146,77,244,321,363,101,35,171,162,659,0.411,0.455,0.305,0.456,0.774,0.497,pippesc01
Scot Pollard,26,SAC,NBA,2001-02,80,29,1881,197,358,197,358,0,0,115,166,188,377,565,53,70,76,68,202,509,0.55,0.55,,0.55,0.693,0.59,pollasc01
Mark Pope,29,MIL,NBA,2001-02,45,12,426,36,91,32,66,4,25,11,21,20,53,73,17,11,11,15,47,87,0.396,0.485,0.16,0.418,0.524,0.434,popema01
Terry Porter,38,SAS,NBA,2001-02,72,0,1294,136,321,77,179,59,142,68,83,12,152,164,205,45,16,85,89,399,0.424,0.43,0.415,0.516,0.819,0.558,portete01
James Posey,25,DEN,NBA,2001-02,73,63,2238,277,736,210,499,67,237,161,203,109,320,429,180,114,39,127,224,782,0.376,0.421,0.283,0.422,0.793,0.474,poseyja01
Lavor Postell,23,NYK,NBA,2001-02,23,0,179,28,84,22,58,6,26,31,41,2,14,16,5,6,0,11,7,93,0.333,0.379,0.231,0.369,0.756,0.456,postela01
Vitaly Potapenko,26,BOS,NBA,2001-02,79,9,1343,137,301,137,301,0,0,89,120,167,180,347,30,37,18,63,174,363,0.455,0.455,,0.455,0.742,0.513,potapvi01
Brent Price,33,SAC,NBA,2001-02,20,0,89,9,27,5,12,4,15,9,13,4,4,8,9,3,1,10,13,31,0.333,0.417,0.267,0.407,0.692,0.474,pricebr01
Joel Przybilla,22,MIL,NBA,2001-02,71,62,1128,76,142,76,141,0,1,38,90,78,205,283,21,20,118,43,199,190,0.535,0.539,0,0.535,0.422,0.523,przybjo01
Vladimir Radmanovic,21,SEA,NBA,2001-02,61,16,1230,146,354,80,197,66,157,49,72,45,185,230,81,56,24,72,119,407,0.412,0.406,0.42,0.506,0.681,0.528,radmavl01
Zach Randolph,20,POR,NBA,2001-02,41,0,238,48,107,48,107,0,0,18,27,31,38,69,13,7,4,15,29,114,0.449,0.449,,0.449,0.667,0.479,randoza01
Theo Ratliff,28,ATL,NBA,2001-02,3,2,82,10,20,10,20,0,0,6,11,5,11,16,1,1,8,7,8,26,0.5,0.5,,0.5,0.545,0.523,ratlith01
Zeljko Rebraca,29,DET,NBA,2001-02,74,4,1179,189,374,189,374,0,0,135,175,84,206,290,38,28,73,84,192,513,0.505,0.505,,0.505,0.771,0.569,rebraze01
Eldridge Recasner,34,TOT,NBA,2001-02,6,0,33,2,6,2,5,0,1,1,1,0,0,0,5,1,0,1,4,5,0.333,0.4,0,0.333,1,0.388,recasel01
Michael Redd,22,MIL,NBA,2001-02,67,8,1417,294,609,206,411,88,198,91,115,77,147,224,91,42,7,57,96,767,0.483,0.501,0.444,0.555,0.791,0.581,reddmi01
Don Reid,28,ORL,NBA,2001-02,68,5,714,90,190,90,190,0,0,44,68,65,111,176,27,20,44,54,180,224,0.474,0.474,,0.474,0.647,0.509,reiddo01
Glen Rice,34,HOU,NBA,2001-02,20,20,606,65,167,47,103,18,64,24,30,5,42,47,31,12,3,24,34,172,0.389,0.456,0.281,0.443,0.8,0.477,ricegl01
Jason Richardson,21,GSW,NBA,2001-02,80,75,2629,464,1090,382,844,82,246,141,210,124,216,340,236,106,31,160,195,1151,0.426,0.453,0.333,0.463,0.671,0.487,richaja01
Norm Richardson,22,TOT,NBA,2001-02,11,0,67,10,26,6,18,4,8,6,9,3,5,8,2,0,0,3,5,30,0.385,0.333,0.5,0.462,0.667,0.501,richano01
Quentin Richardson,21,LAC,NBA,2001-02,81,0,2152,400,926,267,577,133,349,143,187,113,221,334,128,78,21,102,142,1076,0.432,0.463,0.381,0.504,0.765,0.534,richaqu01
Mitch Richmond,36,LAL,NBA,2001-02,64,2,709,100,247,82,185,18,62,42,44,14,80,94,57,18,6,40,61,260,0.405,0.443,0.29,0.441,0.955,0.488,richmmi01
Isaiah Rider,30,DEN,NBA,2001-02,10,1,173,37,81,31,66,6,15,13,17,10,23,33,12,3,2,14,11,93,0.457,0.47,0.4,0.494,0.765,0.526,rideris01
Clifford Robinson,35,DET,NBA,2001-02,80,80,2855,454,1069,339,765,115,304,143,206,79,307,386,202,89,95,151,243,1166,0.425,0.443,0.378,0.478,0.694,0.503,robincl02
David Robinson,36,SAS,NBA,2001-02,78,78,2303,341,672,341,672,0,0,269,395,191,456,647,94,86,140,104,193,951,0.507,0.507,,0.507,0.681,0.562,robinda01
Eddie Robinson,25,CHI,NBA,2001-02,29,12,653,112,247,110,242,2,5,36,48,24,54,78,37,23,11,36,35,262,0.453,0.455,0.4,0.457,0.75,0.489,robined01
Glenn Robinson,29,MIL,NBA,2001-02,66,63,2346,536,1147,478,969,58,178,236,282,70,336,406,168,97,41,174,173,1366,0.467,0.493,0.326,0.493,0.837,0.537,robingl01
Larry Robinson,34,NYK,NBA,2001-02,2,0,10,1,4,0,2,1,2,0,0,0,2,2,0,0,0,0,1,3,0.25,0,0.5,0.375,,0.375,robinla01
Carlos Rogers,30,IND,NBA,2001-02,22,1,168,24,43,23,37,1,6,10,19,14,24,38,3,5,6,5,17,59,0.558,0.622,0.167,0.57,0.526,0.574,rogerca01
Rodney Rogers,30,TOT,NBA,2001-02,77,8,1880,356,756,268,521,88,235,117,149,129,219,348,112,66,29,108,226,917,0.471,0.514,0.374,0.529,0.785,0.558,rogerro01
Sean Rooks,32,LAC,NBA,2001-02,61,2,728,81,194,81,194,0,0,21,29,32,92,124,25,12,21,20,114,183,0.418,0.418,,0.418,0.724,0.443,rooksse01
Jalen Rose,29,TOT,NBA,2001-02,83,83,3153,663,1458,574,1212,89,246,281,335,43,330,373,355,78,45,201,251,1696,0.455,0.474,0.362,0.485,0.839,0.528,roseja01
Malik Rose,27,SAS,NBA,2001-02,82,1,1725,293,633,292,621,1,12,185,257,172,320,492,61,70,42,140,208,772,0.463,0.47,0.083,0.464,0.72,0.517,rosema01
Michael Ruffin,25,PHI,NBA,2001-02,15,0,169,7,26,7,26,0,0,2,8,23,28,51,5,5,8,11,23,16,0.269,0.269,,0.269,0.25,0.271,ruffimi01
Bryon Russell,31,UTA,NBA,2001-02,66,40,1998,222,584,145,358,77,226,115,140,79,216,295,136,64,19,110,205,636,0.38,0.405,0.341,0.446,0.821,0.493,russebr01
Daniel Santiago,25,PHO,NBA,2001-02,3,0,24,4,8,4,8,0,0,0,0,0,7,7,2,0,1,2,4,8,0.5,0.5,,0.5,,0.5,santida01
Jeryl Sasser,22,ORL,NBA,2001-02,7,0,36,3,14,3,14,0,0,4,5,3,4,7,2,3,0,2,3,10,0.214,0.214,,0.214,0.8,0.309,sasseje01
Kenny Satterfield,20,DEN,NBA,2001-02,36,4,560,73,199,66,172,7,27,36,46,17,35,52,108,31,1,53,43,189,0.367,0.384,0.259,0.384,0.783,0.431,satteke01
Brian Scalabrine,23,NJN,NBA,2001-02,28,0,290,23,67,20,57,3,10,11,15,12,39,51,21,9,2,24,39,60,0.343,0.351,0.3,0.366,0.733,0.408,scalabr01
Shawnelle Scott,29,DEN,NBA,2001-02,21,10,252,37,75,37,75,0,0,8,20,53,50,103,8,3,6,15,49,82,0.493,0.493,,0.493,0.4,0.489,scottsh01
Ansu Sesay,25,SEA,NBA,2001-02,9,0,142,22,44,22,44,0,0,14,20,7,13,20,8,3,2,2,18,58,0.5,0.5,,0.5,0.7,0.549,sesayan01
Brian Shaw,35,LAL,NBA,2001-02,58,0,631,61,173,32,85,29,88,18,26,19,93,112,89,25,3,32,43,169,0.353,0.376,0.33,0.436,0.692,0.458,shawbr01
Bobby Simmons,21,WAS,NBA,2001-02,30,3,343,43,95,39,81,4,14,22,30,25,27,52,17,13,5,14,31,112,0.453,0.481,0.286,0.474,0.733,0.518,simmobo01
Dickey Simpkins,29,ATL,NBA,2001-02,1,0,3,0,0,0,0,0,0,0,0,0,0,0,1,0,0,0,0,0,,,,,,,simpkdi01
Brian Skinner,25,CLE,NBA,2001-02,65,8,1107,88,162,88,162,0,0,48,79,93,188,281,17,24,61,42,130,224,0.543,0.543,,0.543,0.608,0.569,skinnbr01
Reggie Slater,31,TOT,NBA,2001-02,8,0,47,7,15,7,15,0,0,7,10,5,4,9,1,1,1,1,3,21,0.467,0.467,,0.467,0.7,0.541,slatere01
Charles Smith,26,SAS,NBA,2001-02,60,22,1141,182,428,147,297,35,131,42,65,34,99,133,80,52,44,59,114,441,0.425,0.495,0.267,0.466,0.646,0.483,smithch04
Jabari Smith,24,TOT,NBA,2001-02,23,0,181,26,63,26,60,0,3,21,32,8,20,28,11,6,6,5,31,73,0.413,0.433,0,0.413,0.656,0.474,smithja01
Joe Smith,26,MIN,NBA,2001-02,72,63,1922,297,581,295,578,2,3,171,206,152,301,453,82,39,59,86,250,767,0.511,0.51,0.667,0.513,0.83,0.571,smithjo02
Leon Smith,21,ATL,NBA,2001-02,14,0,100,10,26,10,26,0,0,11,17,10,21,31,3,5,1,3,12,31,0.385,0.385,,0.385,0.647,0.463,smithle01
Steve Smith,32,SAS,NBA,2001-02,77,76,2211,310,682,194,436,116,246,159,181,45,148,193,151,54,15,108,158,895,0.455,0.445,0.472,0.54,0.878,0.588,smithst01
Eric Snow,28,PHI,NBA,2001-02,61,61,2225,276,624,273,597,3,27,183,227,33,182,215,400,95,9,138,167,738,0.442,0.457,0.111,0.445,0.806,0.51,snower01
Will Solomon,23,MEM,NBA,2001-02,62,4,872,113,331,67,169,46,162,49,73,12,56,68,92,35,7,62,76,321,0.341,0.396,0.284,0.411,0.671,0.442,solomwi01
Felton Spencer,34,NYK,NBA,2001-02,32,8,248,6,26,6,26,0,0,17,33,16,34,50,3,7,8,12,73,29,0.231,0.231,,0.231,0.515,0.358,spencfe01
Latrell Sprewell,31,NYK,NBA,2001-02,81,81,3326,573,1419,428,1016,145,403,284,346,59,239,298,313,94,14,223,161,1575,0.404,0.421,0.36,0.455,0.821,0.501,sprewla01
Jerry Stackhouse,27,DET,NBA,2001-02,76,76,2685,524,1319,438,1019,86,300,495,577,77,238,315,403,77,37,266,163,1629,0.397,0.43,0.287,0.43,0.858,0.518,stackje01
John Starks,36,UTA,NBA,2001-02,66,1,929,114,310,85,215,29,95,33,41,15,53,68,70,33,0,52,126,290,0.368,0.395,0.305,0.415,0.805,0.442,starkjo01
Vladimir Stepania,25,MIA,NBA,2001-02,67,4,884,117,249,116,247,1,2,50,104,100,170,270,16,24,44,52,103,285,0.47,0.47,0.5,0.472,0.481,0.483,stepavl01
DeShawn Stevenson,20,UTA,NBA,2001-02,67,23,1134,143,371,141,346,2,25,37,53,44,87,131,116,29,24,68,82,325,0.385,0.408,0.08,0.388,0.698,0.412,stevede01
Michael Stewart,26,TOR,NBA,2001-02,11,0,93,8,23,8,23,0,0,6,11,12,13,25,3,4,3,4,22,22,0.348,0.348,,0.348,0.545,0.395,stewami01
Bryant Stith,31,CLE,NBA,2001-02,50,5,665,70,188,46,120,24,68,44,52,20,65,85,42,29,6,30,42,208,0.372,0.383,0.353,0.436,0.846,0.493,stithbr01
John Stockton,39,UTA,NBA,2001-02,82,82,2566,401,775,376,697,25,78,275,321,59,204,263,674,152,24,208,209,1102,0.517,0.539,0.321,0.534,0.857,0.601,stockjo01
Peja Stojakovic,24,SAC,NBA,2001-02,71,71,2649,547,1130,418,820,129,310,283,323,72,301,373,175,81,14,140,120,1506,0.484,0.51,0.416,0.541,0.876,0.592,stojape01
Damon Stoudamire,28,POR,NBA,2001-02,75,71,2796,369,918,265,623,104,295,174,196,78,214,292,490,67,7,149,153,1016,0.402,0.425,0.353,0.459,0.888,0.506,stoudda01
Erick Strickland,28,BOS,NBA,2001-02,79,4,1643,190,488,95,241,95,247,131,155,22,191,213,184,56,1,94,145,606,0.389,0.394,0.385,0.487,0.845,0.545,stricer01
Mark Strickland,31,ATL,NBA,2001-02,46,10,654,91,204,90,200,1,4,25,44,41,90,131,20,19,17,28,48,208,0.446,0.45,0.25,0.449,0.568,0.466,stricma01
Rod Strickland,35,MIA,NBA,2001-02,76,64,2294,316,714,308,688,8,26,154,201,49,183,232,463,82,11,159,114,794,0.443,0.448,0.308,0.448,0.766,0.495,stricro02
Bruno Sundov,21,IND,NBA,2001-02,22,0,88,16,40,16,39,0,1,0,2,7,14,21,3,3,3,4,16,32,0.4,0.41,0,0.4,0,0.391,sundobr01
Bob Sura,28,GSW,NBA,2001-02,78,5,1780,250,590,208,457,42,133,236,328,89,167,256,275,88,17,133,160,778,0.424,0.455,0.316,0.459,0.72,0.53,surabo01
Stromile Swift,22,MEM,NBA,2001-02,68,14,1805,293,611,293,608,0,3,217,305,161,269,430,50,53,113,122,178,803,0.48,0.482,0,0.48,0.711,0.539,swiftst01
Wally Szczerbiak,24,MIN,NBA,2001-02,82,82,3117,609,1200,522,1009,87,191,226,272,120,271,391,257,66,21,181,188,1531,0.508,0.517,0.455,0.544,0.831,0.58,szczewa02
Jason Terry,24,ATL,NBA,2001-02,78,78,2967,524,1219,352,775,172,444,284,340,40,230,270,444,144,13,181,156,1504,0.43,0.454,0.387,0.5,0.835,0.549,terryja01
Etan Thomas,23,WAS,NBA,2001-02,47,0,618,81,151,81,151,0,0,41,74,55,126,181,6,17,35,26,76,203,0.536,0.536,,0.536,0.554,0.553,thomaet01
Kenny Thomas,24,HOU,NBA,2001-02,72,71,2484,396,829,396,813,0,16,223,336,158,358,516,137,85,66,143,195,1015,0.478,0.487,0,0.478,0.664,0.52,thomake01
Kurt Thomas,29,NYK,NBA,2001-02,82,82,2771,463,938,462,932,1,6,216,265,214,533,747,87,71,79,153,341,1143,0.494,0.496,0.167,0.494,0.815,0.542,thomaku01
Tim Thomas,24,MIL,NBA,2001-02,74,22,1987,316,753,221,462,95,291,142,179,64,236,300,105,65,32,127,200,869,0.42,0.478,0.326,0.483,0.793,0.522,thomati01
Jamaal Tinsley,23,IND,NBA,2001-02,80,78,2442,289,760,247,585,42,175,131,186,78,220,298,647,138,40,270,248,751,0.38,0.422,0.24,0.408,0.704,0.446,tinslja01
Oscar Torres,25,HOU,NBA,2001-02,65,13,1075,135,341,98,215,37,126,82,105,47,75,122,40,25,9,49,64,389,0.396,0.456,0.294,0.45,0.781,0.502,torreos01
Robert Traylor,24,CHH,NBA,2001-02,61,1,678,87,204,86,203,1,1,53,84,67,120,187,37,24,37,45,127,228,0.426,0.424,1,0.429,0.631,0.473,traylro01
Gary Trent,27,MIN,NBA,2001-02,64,10,1140,193,381,193,379,0,2,92,144,104,166,270,60,21,27,58,160,478,0.507,0.509,0,0.507,0.639,0.538,trentga01
Jeff Trepagnier,22,CLE,NBA,2001-02,12,0,77,7,23,7,22,0,1,4,7,3,9,12,12,8,4,11,8,18,0.304,0.318,0,0.304,0.571,0.345,trepaje01
Jake Tsakalidis,22,PHO,NBA,2001-02,67,47,1582,190,400,190,399,0,1,111,159,130,244,374,23,23,69,78,193,491,0.475,0.476,0,0.475,0.698,0.522,tsakaja01
Hedo Turkoglu,22,SAC,NBA,2001-02,80,10,1970,290,687,227,516,63,171,167,230,63,300,363,163,57,31,81,184,810,0.422,0.44,0.368,0.468,0.726,0.514,turkohe01
Nick Van Exel,30,TOT,NBA,2001-02,72,46,2496,501,1226,382,876,119,350,201,251,28,226,254,478,44,11,156,104,1322,0.409,0.436,0.34,0.457,0.801,0.495,vanexni01
Keith Van Horn,26,NJN,NBA,2001-02,81,81,2465,471,1089,370,796,101,293,156,195,137,472,609,164,63,42,146,221,1199,0.433,0.465,0.345,0.479,0.8,0.51,vanhoke01
Ratko Varda,22,DET,NBA,2001-02,1,0,6,2,3,2,3,0,0,1,1,0,1,1,0,0,0,1,3,5,0.667,0.667,,0.667,1,0.727,vardara01
Jacque Vaughn,26,ATL,NBA,2001-02,82,16,1856,206,438,182,384,24,54,104,126,18,150,168,349,65,2,112,183,540,0.47,0.474,0.444,0.498,0.825,0.547,vaughja01
Jake Voskuhl,24,PHO,NBA,2001-02,59,34,900,107,193,107,193,0,0,82,109,103,147,250,18,11,23,48,139,296,0.554,0.554,,0.554,0.752,0.614,voskuja01
Antoine Walker,25,BOS,NBA,2001-02,81,81,3406,666,1689,444,1044,222,645,240,324,150,564,714,407,122,38,251,237,1794,0.394,0.425,0.344,0.46,0.741,0.49,walkean02
Samaki Walker,25,LAL,NBA,2001-02,69,63,1655,187,365,187,365,0,0,86,129,129,352,481,64,28,88,53,170,460,0.512,0.512,,0.512,0.667,0.545,walkesa01
Ben Wallace,27,DET,NBA,2001-02,80,80,2921,255,480,255,477,0,3,99,234,318,721,1039,115,138,278,70,178,609,0.531,0.535,0,0.531,0.423,0.522,wallabe01
Gerald Wallace,19,SAC,NBA,2001-02,54,1,430,75,175,75,168,0,7,23,46,49,40,89,27,19,6,22,46,173,0.429,0.446,0,0.429,0.5,0.443,wallage01
John Wallace,27,PHO,NBA,2001-02,46,0,490,93,214,88,201,5,13,40,46,27,58,85,29,11,9,29,60,231,0.435,0.438,0.385,0.446,0.87,0.493,wallajo01
Rasheed Wallace,27,POR,NBA,2001-02,79,79,2963,603,1287,489,970,114,317,201,274,136,509,645,152,101,101,131,212,1521,0.469,0.504,0.36,0.513,0.734,0.54,wallara01
Charlie Ward,31,NYK,NBA,2001-02,63,0,1058,113,303,60,139,53,164,47,58,15,112,127,203,68,14,75,100,326,0.373,0.432,0.323,0.46,0.81,0.496,wardch01
Earl Watson,22,SEA,NBA,2001-02,64,0,964,96,212,80,168,16,44,23,36,31,52,83,125,60,5,51,93,231,0.453,0.476,0.364,0.491,0.639,0.507,watsoea01
Clarence Weatherspoon,31,NYK,NBA,2001-02,56,41,1728,189,452,189,452,0,0,116,146,149,311,460,60,37,48,47,132,494,0.418,0.418,,0.418,0.795,0.478,weathcl01
Chris Webber,28,SAC,NBA,2001-02,54,54,2071,532,1075,527,1056,5,19,253,338,150,396,546,258,90,76,158,181,1322,0.495,0.499,0.263,0.497,0.749,0.54,webbech01
Bonzi Wells,25,POR,NBA,2001-02,74,69,2348,487,1039,421,867,66,172,215,290,121,323,444,204,113,25,191,208,1255,0.469,0.486,0.384,0.5,0.741,0.538,wellsbo01
David Wesley,31,CHH,NBA,2001-02,67,63,2487,364,910,279,654,85,256,138,188,44,99,143,236,74,15,119,147,951,0.4,0.427,0.332,0.447,0.734,0.479,wesleda01
Jahidi White,25,WAS,NBA,2001-02,71,69,1346,150,279,150,279,0,0,83,154,159,285,444,17,25,75,65,163,383,0.538,0.538,,0.538,0.539,0.552,whiteja01
Rodney White,21,DET,NBA,2001-02,16,0,129,21,60,19,51,2,9,12,14,2,16,18,12,9,2,14,6,56,0.35,0.373,0.222,0.367,0.857,0.423,whitero02
Chris Whitney,30,WAS,NBA,2001-02,82,81,2171,274,656,143,333,131,323,154,175,11,141,152,314,72,6,85,182,833,0.418,0.429,0.406,0.518,0.88,0.568,whitnch01
Aaron Williams,30,NJN,NBA,2001-02,82,13,1546,231,439,231,437,0,2,130,186,115,224,339,77,29,76,79,212,592,0.526,0.529,0,0.526,0.699,0.568,williaa01
Alvin Williams,27,TOR,NBA,2001-02,82,82,2927,403,971,341,778,62,193,103,140,58,223,281,468,135,26,150,191,971,0.415,0.438,0.321,0.447,0.736,0.47,willial02
Eric Williams,29,BOS,NBA,2001-02,74,30,1747,144,385,120,299,24,86,160,219,58,163,221,109,77,8,95,179,472,0.374,0.401,0.279,0.405,0.731,0.49,willier01
Jason Williams,26,MEM,NBA,2001-02,65,65,2236,376,985,249,555,127,430,80,101,22,173,195,519,111,7,214,102,959,0.382,0.449,0.295,0.446,0.792,0.466,willija02
Jerome Williams,28,TOR,NBA,2001-02,68,32,1641,190,388,190,388,0,0,138,204,165,221,386,75,78,25,68,153,518,0.49,0.49,,0.49,0.676,0.542,willije01
Monty Williams,30,ORL,NBA,2001-02,68,19,1284,198,362,198,358,0,4,88,134,80,155,235,96,49,17,86,134,484,0.547,0.553,0,0.547,0.657,0.575,willimo01
Scott Williams,33,DEN,NBA,2001-02,41,16,737,86,217,86,215,0,2,30,41,82,127,209,13,17,33,35,98,202,0.396,0.4,0,0.396,0.732,0.43,willisc01
Shammond Williams,26,SEA,NBA,2001-02,50,2,603,81,193,53,118,28,75,31,39,16,47,63,83,21,2,35,35,221,0.42,0.449,0.373,0.492,0.795,0.526,willish01
Walt Williams,31,HOU,NBA,2001-02,48,25,1117,166,396,88,213,78,183,40,51,37,125,162,69,18,10,53,106,450,0.419,0.413,0.426,0.518,0.784,0.538,williwa02
Corliss Williamson,28,DET,NBA,2001-02,78,7,1701,411,806,410,801,1,5,240,298,117,202,319,94,49,26,137,226,1063,0.51,0.512,0.2,0.511,0.805,0.567,willico02
Kevin Willis,39,HOU,NBA,2001-02,52,5,865,125,284,125,283,0,1,65,87,105,194,299,14,25,23,41,98,315,0.44,0.442,0,0.44,0.747,0.489,willike02
Loren Woods,23,MIN,NBA,2001-02,60,0,516,33,96,33,94,0,2,44,60,46,76,122,22,17,34,36,60,110,0.344,0.351,0,0.344,0.733,0.449,woodslo01
Metta World Peace,22,TOT,NBA,2001-02,55,50,1642,269,636,216,466,53,170,136,204,73,198,271,127,141,39,118,217,727,0.423,0.464,0.312,0.465,0.667,0.501,artesro01
Lorenzen Wright,26,MEM,NBA,2001-02,43,33,1251,223,486,223,484,0,2,70,123,130,275,405,44,30,23,72,126,516,0.459,0.461,0,0.459,0.569,0.478,wrighlo02
Wang Zhizhi,24,DAL,NBA,2001-02,55,0,600,109,248,61,132,48,116,42,57,19,92,111,22,11,18,25,84,308,0.44,0.462,0.414,0.536,0.737,0.564,zhizhwa01
Tariq Abdul-Wahad,28,DAL,NBA,2002-03,14,0,204,27,58,27,57,0,1,3,6,14,26,40,21,6,3,7,26,57,0.466,0.474,0,0.466,0.5,0.47,abdulta01
Shareef Abdur-Rahim,26,ATL,NBA,2002-03,81,81,3087,566,1183,545,1123,21,60,455,541,175,502,677,242,87,38,212,240,1608,0.478,0.485,0.35,0.487,0.841,0.566,abdursh01
Courtney Alexander,25,NOH,NBA,2002-03,66,7,1360,193,505,174,448,19,57,118,146,39,79,118,79,31,6,68,125,523,0.382,0.388,0.333,0.401,0.808,0.459,alexaco02
Malik Allen,24,MIA,NBA,2002-03,80,73,2318,335,790,335,786,0,4,97,121,134,291,425,54,37,78,128,234,767,0.424,0.426,0,0.424,0.802,0.455,allenma01
Ray Allen,27,TOT,NBA,2002-03,76,75,2880,598,1363,397,830,201,533,316,345,94,287,381,334,103,14,198,220,1713,0.439,0.478,0.377,0.512,0.916,0.565,allenra02
Rafer Alston,26,TOR,NBA,2002-03,47,4,980,139,335,88,205,51,130,37,54,21,86,107,192,38,15,86,120,366,0.415,0.429,0.392,0.491,0.685,0.51,alstora01
John Amaechi,32,UTA,NBA,2002-03,50,1,474,37,118,37,118,0,0,25,52,26,51,77,21,14,7,34,50,99,0.314,0.314,,0.314,0.481,0.351,amaecjo01
Chris Andersen,24,DEN,NBA,2002-03,59,3,907,114,285,114,284,0,1,77,140,109,165,274,32,30,60,60,90,305,0.4,0.401,0,0.4,0.55,0.44,anderch01
Derek Anderson,28,POR,NBA,2002-03,76,76,2556,355,832,239,501,116,331,231,269,53,211,264,325,90,16,128,141,1057,0.427,0.477,0.35,0.496,0.859,0.556,anderde01
Kenny Anderson,32,TOT,NBA,2002-03,61,2,1135,163,382,162,375,1,7,45,57,31,101,132,198,58,5,75,106,372,0.427,0.432,0.143,0.428,0.789,0.457,anderke01
Shandon Anderson,29,NYK,NBA,2002-03,82,9,1731,248,537,196,397,52,140,139,190,64,190,254,87,73,20,114,177,687,0.462,0.494,0.371,0.51,0.732,0.553,andersh01
Robert Archibald,22,MEM,NBA,2002-03,12,0,72,6,20,6,20,0,0,7,18,6,11,17,3,0,3,7,9,19,0.3,0.3,,0.3,0.389,0.34,archiro01
Gilbert Arenas,21,GSW,NBA,2002-03,82,82,2866,509,1180,400,867,109,313,370,468,97,289,386,514,124,17,290,260,1497,0.431,0.461,0.348,0.478,0.791,0.54,arenagi01
Brandon Armstrong,22,NJN,NBA,2002-03,17,0,69,9,27,8,21,1,6,5,6,0,4,4,2,3,1,5,8,24,0.333,0.381,0.167,0.352,0.833,0.405,armstbr01
Darrell Armstrong,34,ORL,NBA,2002-03,82,23,2350,263,643,185,411,78,232,165,188,91,204,295,323,135,13,160,167,769,0.409,0.45,0.336,0.47,0.878,0.53,armstda01
Carlos Arroyo,23,UTA,NBA,2002-03,44,0,287,50,109,47,102,3,7,18,22,11,15,26,53,12,1,30,28,121,0.459,0.461,0.429,0.472,0.818,0.51,arroyca01
Chucky Atkins,28,DET,NBA,2002-03,65,7,1398,168,465,82,223,86,242,40,49,21,75,96,175,27,4,77,108,462,0.361,0.368,0.355,0.454,0.816,0.475,atkinch01
Stacey Augmon,34,NOH,NBA,2002-03,70,3,862,79,192,79,185,0,7,54,72,26,93,119,69,27,9,40,80,212,0.411,0.427,0,0.411,0.75,0.474,augmost01
Dalibor Bagaric,22,CHI,NBA,2002-03,10,0,76,8,26,8,26,0,0,3,4,7,13,20,4,3,3,5,11,19,0.308,0.308,,0.308,0.75,0.342,bagarda01
Vin Baker,31,BOS,NBA,2002-03,52,9,942,99,207,99,203,0,4,72,107,90,108,198,29,22,30,61,146,270,0.478,0.488,0,0.478,0.673,0.531,bakervi01
Brent Barry,31,SEA,NBA,2002-03,75,68,2480,264,577,146,284,118,293,128,161,48,253,301,384,113,15,142,199,774,0.458,0.514,0.403,0.56,0.795,0.597,barrybr01
Jon Barry,33,DET,NBA,2002-03,80,0,1473,191,424,104,210,87,214,86,100,33,147,180,206,63,14,81,104,555,0.45,0.495,0.407,0.553,0.86,0.593,barryjo01
Maceo Baston,27,TOR,NBA,2002-03,16,0,106,15,25,15,25,0,0,10,12,4,19,23,0,4,11,6,16,40,0.6,0.6,,0.6,0.833,0.661,bastoma01
Mengke Bateer,27,SAS,NBA,2002-03,12,0,46,4,17,3,14,1,3,0,2,2,8,10,4,0,0,6,14,9,0.235,0.214,0.333,0.265,0,0.252,bateeme01
Mike Batiste,25,MEM,NBA,2002-03,75,2,1248,197,467,179,386,18,81,69,88,82,175,257,52,42,16,69,120,481,0.422,0.464,0.222,0.441,0.784,0.476,batismi01
Tony Battie,26,BOS,NBA,2002-03,67,62,1683,199,369,198,364,1,5,88,118,148,285,433,49,33,81,48,197,487,0.539,0.544,0.2,0.541,0.746,0.578,battito01
Shane Battier,24,MEM,NBA,2002-03,78,47,2383,275,569,189,353,86,216,120,145,128,217,345,105,102,88,68,207,756,0.483,0.535,0.398,0.559,0.828,0.597,battish01
Lonny Baxter,24,CHI,NBA,2002-03,55,0,682,96,206,96,204,0,2,70,103,65,100,165,16,9,22,46,135,262,0.466,0.471,0,0.466,0.68,0.521,baxtelo01
Raja Bell,26,DAL,NBA,2002-03,75,32,1173,93,211,72,160,21,51,23,34,47,98,145,57,52,8,43,134,230,0.441,0.45,0.412,0.491,0.676,0.509,bellra01
Jonathan Bender,22,IND,NBA,2002-03,46,2,819,112,254,93,201,19,53,60,84,42,91,133,42,8,56,42,86,303,0.441,0.463,0.358,0.478,0.714,0.521,bendejo01
Corey Benjamin,24,ATL,NBA,2002-03,9,0,152,13,43,11,30,2,13,12,16,10,21,31,10,1,2,6,20,40,0.302,0.367,0.154,0.326,0.75,0.4,benjaco01
Travis Best,30,MIA,NBA,2002-03,72,52,1807,231,583,195,474,36,109,105,123,26,121,147,255,44,7,106,174,603,0.396,0.411,0.33,0.427,0.854,0.473,besttr01
Mike Bibby,24,SAC,NBA,2002-03,55,55,1835,329,700,273,563,56,137,161,187,34,113,147,285,72,8,127,93,875,0.47,0.485,0.409,0.51,0.861,0.559,bibbymi01
Chauncey Billups,26,DET,NBA,2002-03,74,74,2327,366,870,217,490,149,380,318,362,38,235,273,287,63,15,134,136,1199,0.421,0.443,0.392,0.506,0.878,0.582,billuch01
Corie Blount,34,CHI,NBA,2002-03,50,3,836,65,134,65,134,0,0,20,35,68,137,205,50,33,19,43,121,150,0.485,0.485,,0.485,0.571,0.502,blounco01
Mark Blount,27,TOT,NBA,2002-03,81,31,1403,150,347,150,347,0,0,101,139,111,197,308,56,42,68,103,187,401,0.432,0.432,,0.432,0.727,0.491,blounma01
Calvin Booth,26,SEA,NBA,2002-03,47,0,575,52,119,52,117,0,2,34,47,32,77,109,12,11,33,22,74,138,0.437,0.444,0,0.437,0.723,0.494,boothca01
Carlos Boozer,21,CLE,NBA,2002-03,81,54,2049,331,618,331,617,0,1,148,192,202,407,609,106,59,50,103,224,810,0.536,0.536,0,0.536,0.771,0.577,boozeca01
Ruben Boumtje-Boumtje,24,POR,NBA,2002-03,2,0,5,0,1,0,1,0,0,0,0,1,0,1,1,1,0,0,0,0,0,0,,0,,0,boumtru01
Bruce Bowen,31,SAS,NBA,2002-03,82,82,2566,223,479,122,250,101,229,36,89,59,180,239,113,66,42,72,195,583,0.466,0.488,0.441,0.571,0.404,0.563,bowenbr01
Ryan Bowen,27,DEN,NBA,2002-03,62,31,996,97,197,95,190,2,7,27,41,78,79,157,54,65,29,43,82,223,0.492,0.5,0.286,0.497,0.659,0.519,bowenry01
Earl Boykins,26,GSW,NBA,2002-03,68,0,1321,199,464,170,387,29,77,173,200,35,53,88,221,38,4,73,75,600,0.429,0.439,0.377,0.46,0.865,0.543,boykiea01
Michael Bradley,23,TOR,NBA,2002-03,67,11,1314,151,314,150,308,1,6,35,67,162,247,409,67,16,32,76,125,338,0.481,0.487,0.167,0.482,0.522,0.492,bradlmi01
Shawn Bradley,30,DAL,NBA,2002-03,81,39,1731,201,375,201,374,0,1,141,175,151,325,476,54,65,170,67,242,543,0.536,0.537,0,0.536,0.806,0.601,bradlsh01
Elton Brand,23,LAC,NBA,2002-03,62,61,2454,451,899,451,898,0,1,244,356,283,420,703,157,71,158,161,204,1146,0.502,0.502,0,0.502,0.685,0.543,brandel01
J.R. Bremer,22,BOS,NBA,2002-03,64,41,1503,171,464,70,178,101,286,85,111,18,127,145,164,38,3,59,80,528,0.369,0.393,0.353,0.477,0.766,0.515,bremejr01
Jamison Brewer,22,IND,NBA,2002-03,10,0,80,9,17,9,15,0,2,4,9,5,4,9,18,2,1,6,11,22,0.529,0.6,0,0.529,0.444,0.525,breweja01
Primoz Brezec,23,IND,NBA,2002-03,22,1,111,15,38,15,37,0,1,12,20,13,10,23,4,2,4,7,16,42,0.395,0.405,0,0.395,0.6,0.449,brezepr01
Damone Brown,23,TOR,NBA,2002-03,5,3,115,11,35,11,33,0,2,6,8,3,12,15,3,1,0,6,14,28,0.314,0.333,0,0.314,0.75,0.363,brownda02
Devin Brown,24,TOT,NBA,2002-03,10,2,93,12,35,12,34,0,1,6,8,8,10,18,7,4,1,9,14,30,0.343,0.353,0,0.343,0.75,0.389,brownde02
Kedrick Brown,21,BOS,NBA,2002-03,51,5,666,61,171,58,132,3,39,20,32,45,95,140,20,34,13,23,68,145,0.357,0.439,0.077,0.365,0.625,0.392,brownke01
Kwame Brown,20,WAS,NBA,2002-03,80,20,1773,224,502,224,499,0,3,145,217,128,298,426,58,50,80,110,159,593,0.446,0.449,0,0.446,0.668,0.496,brownkw01
P.J. Brown,33,NOH,NBA,2002-03,78,78,2609,319,601,319,598,0,3,194,232,243,458,701,147,67,80,98,203,832,0.531,0.533,0,0.531,0.836,0.592,brownpj01
Randy Brown,34,PHO,NBA,2002-03,32,0,262,16,43,16,43,0,0,9,12,3,23,26,35,17,2,17,36,41,0.372,0.372,,0.372,0.75,0.425,brownra02
Tierre Brown,23,CLE,NBA,2002-03,15,0,168,27,59,27,58,0,1,11,14,8,22,30,39,13,0,22,9,65,0.458,0.466,0,0.458,0.786,0.499,brownti01
Rick Brunson,30,CHI,NBA,2002-03,17,0,196,23,50,19,44,4,6,10,12,4,15,19,36,10,3,17,20,60,0.46,0.432,0.667,0.5,0.833,0.543,brunsri01
Kobe Bryant,24,LAL,NBA,2002-03,82,82,3401,868,1924,744,1600,124,324,601,713,106,458,564,481,181,67,288,218,2461,0.451,0.465,0.383,0.483,0.843,0.55,bryanko01
Mark Bryant,37,TOT,NBA,2002-03,16,0,100,5,19,5,19,0,0,3,4,8,12,20,4,1,1,7,18,13,0.263,0.263,,0.263,0.75,0.313,bryanma01
Greg Buckner,26,PHI,NBA,2002-03,75,5,1514,185,398,170,343,15,55,65,81,72,144,216,96,72,16,62,203,450,0.465,0.496,0.273,0.484,0.802,0.519,buckngr01
Pat Burke,29,ORL,NBA,2002-03,62,8,783,113,296,112,289,1,7,40,58,57,89,146,23,19,25,47,99,267,0.382,0.388,0.143,0.383,0.69,0.415,burkepa01
Caron Butler,22,MIA,NBA,2002-03,78,78,2858,429,1032,395,925,34,107,309,375,135,262,397,213,137,31,192,230,1201,0.416,0.427,0.318,0.432,0.824,0.502,butleca01
Rasual Butler,23,MIA,NBA,2002-03,72,28,1514,207,572,157,401,50,171,76,104,29,157,186,93,21,43,77,105,540,0.362,0.392,0.292,0.406,0.731,0.437,butlera01
Jason Caffey,29,MIL,NBA,2002-03,51,16,894,113,248,113,248,0,0,69,106,68,108,176,38,19,15,56,122,295,0.456,0.456,,0.456,0.651,0.501,caffeja01
Marcus Camby,28,DEN,NBA,2002-03,29,9,616,93,227,91,222,2,5,33,50,75,133,208,47,20,40,27,69,221,0.41,0.41,0.4,0.414,0.66,0.444,cambyma01
Elden Campbell,34,TOT,NBA,2002-03,56,1,869,117,295,117,294,0,1,109,136,47,134,181,51,33,39,50,129,343,0.397,0.398,0,0.397,0.801,0.483,campbel01
Brian Cardinal,25,WAS,NBA,2002-03,5,0,15,1,4,1,3,0,1,2,2,3,2,5,1,0,0,1,0,4,0.25,0.333,0,0.25,1,0.41,cardibr01
Anthony Carter,27,MIA,NBA,2002-03,49,26,912,83,233,83,225,0,8,33,50,12,71,83,203,45,5,81,70,199,0.356,0.369,0,0.356,0.66,0.39,cartean01
Vince Carter,26,TOR,NBA,2002-03,43,42,1471,355,760,310,629,45,131,129,160,59,129,188,143,48,41,74,121,884,0.467,0.493,0.344,0.497,0.806,0.532,cartevi01
Sam Cassell,33,MIL,NBA,2002-03,78,77,2700,546,1162,487,999,59,163,385,447,57,285,342,450,88,14,177,216,1536,0.47,0.487,0.362,0.495,0.861,0.565,cassesa01
Kelvin Cato,28,HOU,NBA,2002-03,73,5,1247,133,256,133,252,0,4,66,124,132,296,428,20,38,85,56,176,332,0.52,0.528,0,0.52,0.532,0.535,catoke01
Tyson Chandler,20,CHI,NBA,2002-03,75,68,1827,257,484,257,484,0,0,177,291,169,345,514,76,37,106,135,220,691,0.531,0.531,,0.531,0.608,0.565,chandty01
Calbert Cheaney,31,UTA,NBA,2002-03,81,74,2351,325,651,315,626,10,25,40,69,73,211,284,163,65,13,108,225,700,0.499,0.503,0.4,0.507,0.58,0.514,cheanca01
Chris Childs,35,NJN,NBA,2002-03,12,0,106,6,20,5,14,1,6,2,3,3,2,5,16,8,1,6,17,15,0.3,0.357,0.167,0.325,0.667,0.352,childch01
Doug Christie,32,SAC,NBA,2002-03,80,80,2710,267,557,194,372,73,185,141,174,61,281,342,376,180,37,144,186,748,0.479,0.522,0.395,0.545,0.81,0.59,chrisdo01
Keon Clark,27,SAC,NBA,2002-03,80,11,1780,226,451,226,447,0,4,84,128,138,313,451,80,38,150,94,227,536,0.501,0.506,0,0.501,0.656,0.528,clarkke01
Speedy Claxton,24,SAS,NBA,2002-03,30,0,471,67,145,67,134,0,11,39,57,22,34,56,75,22,7,35,43,173,0.462,0.5,0,0.462,0.684,0.509,claxtsp01
Mateen Cleaves,25,SAC,NBA,2002-03,12,0,55,6,23,5,22,1,1,3,4,1,7,8,10,2,0,14,6,16,0.261,0.227,1,0.283,0.75,0.323,cleavma01
Derrick Coleman,35,PHI,NBA,2002-03,64,35,1742,223,498,201,431,22,67,134,171,151,299,450,87,53,69,96,171,602,0.448,0.466,0.328,0.47,0.784,0.525,colemde01
Bimbo Coles,34,TOT,NBA,2002-03,35,11,691,56,168,49,136,7,32,35,42,11,48,59,72,17,4,28,60,154,0.333,0.36,0.219,0.354,0.833,0.413,colesbi01
Jason Collier,25,HOU,NBA,2002-03,13,3,104,17,36,17,36,0,0,2,2,12,17,29,1,2,1,2,10,36,0.472,0.472,,0.472,1,0.488,collija02
Jarron Collins,24,UTA,NBA,2002-03,22,7,421,38,86,38,85,0,1,44,62,32,28,60,14,5,6,19,70,120,0.442,0.447,0,0.442,0.71,0.53,collija03
Jason Collins,24,NJN,NBA,2002-03,81,66,1900,140,338,140,334,0,4,180,236,136,232,368,87,47,44,85,252,460,0.414,0.419,0,0.414,0.763,0.521,collija04
Chris Crawford,27,ATL,NBA,2002-03,5,0,38,8,13,7,10,1,3,7,8,3,4,7,1,2,3,2,7,24,0.615,0.7,0.333,0.654,0.875,0.726,crawfch01
Jamal Crawford,22,CHI,NBA,2002-03,80,31,1992,334,808,248,566,86,242,104,129,21,164,185,334,77,25,134,126,858,0.413,0.438,0.355,0.467,0.806,0.496,crawfja01
Austin Croshere,27,IND,NBA,2002-03,49,0,633,86,209,59,140,27,69,53,65,40,115,155,56,6,13,28,48,252,0.411,0.421,0.391,0.476,0.815,0.53,croshau01
John Crotty,33,DEN,NBA,2002-03,12,0,180,14,41,10,28,4,13,9,15,1,14,15,29,3,0,9,16,41,0.341,0.357,0.308,0.39,0.6,0.431,crottjo01
Eddy Curry,20,CHI,NBA,2002-03,81,48,1571,335,573,335,573,0,0,179,287,116,237,353,37,18,62,137,226,849,0.585,0.585,,0.585,0.624,0.607,curryed01
Michael Curry,34,DET,NBA,2002-03,78,77,1555,92,229,76,175,16,54,36,45,16,111,127,104,44,4,43,163,236,0.402,0.434,0.296,0.437,0.8,0.474,currymi01
Erick Dampier,27,GSW,NBA,2002-03,82,82,1978,259,522,259,520,0,2,155,222,248,295,543,58,27,154,112,242,673,0.496,0.498,0,0.496,0.698,0.543,dampier01
Antonio Daniels,27,POR,NBA,2002-03,67,2,872,84,186,66,127,18,59,65,76,11,61,72,85,33,9,32,43,251,0.452,0.52,0.305,0.5,0.855,0.572,daniean01
Antonio Davis,34,TOR,NBA,2002-03,53,52,1894,261,641,261,641,0,0,216,280,130,307,437,131,23,62,118,150,738,0.407,0.407,,0.407,0.771,0.483,davisan01
Baron Davis,23,NOH,NBA,2002-03,50,47,1889,332,798,233,515,99,283,93,131,56,130,186,320,91,22,140,148,856,0.416,0.452,0.35,0.478,0.71,0.5,davisba01
Dale Davis,33,POR,NBA,2002-03,78,78,2282,237,438,237,438,0,0,105,166,233,331,564,94,51,70,71,189,579,0.541,0.541,,0.541,0.633,0.566,davisda01
Emanual Davis,34,ATL,NBA,2002-03,24,1,340,32,88,25,59,7,29,17,22,5,38,43,36,12,2,25,28,88,0.364,0.424,0.241,0.403,0.773,0.45,davisem01
Hubert Davis,32,DET,NBA,2002-03,43,1,328,31,79,19,43,12,36,5,6,6,30,36,29,5,0,11,23,79,0.392,0.442,0.333,0.468,0.833,0.484,davishu01
Ricky Davis,23,CLE,NBA,2002-03,79,76,3131,602,1470,528,1266,74,204,348,465,97,293,390,436,125,36,277,180,1626,0.41,0.417,0.363,0.435,0.748,0.485,davisri01
Andrew DeClercq,29,ORL,NBA,2002-03,77,21,1327,149,279,149,279,0,0,67,104,142,197,339,52,39,36,84,258,365,0.534,0.534,,0.534,0.644,0.562,declean01
Tony Delk,29,BOS,NBA,2002-03,67,39,1873,233,560,113,256,120,304,68,87,41,191,232,146,72,10,69,124,654,0.416,0.441,0.395,0.523,0.782,0.547,delkto01
Dan Dickau,24,ATL,NBA,2002-03,50,0,515,70,170,48,109,22,61,21,26,9,34,43,85,14,2,53,66,183,0.412,0.44,0.361,0.476,0.808,0.504,dickada01
Michael Dickerson,27,MEM,NBA,2002-03,6,1,87,10,24,6,13,4,11,5,5,1,5,6,8,5,1,6,16,29,0.417,0.462,0.364,0.5,1,0.553,dickemi01
DeSagana Diop,21,CLE,NBA,2002-03,80,1,943,54,154,54,154,0,0,11,30,63,152,215,43,33,81,56,148,119,0.351,0.351,,0.351,0.367,0.356,diopde01
Vlade Divac,34,SAC,NBA,2002-03,80,80,2384,305,655,299,630,6,25,179,251,157,417,574,274,83,105,152,239,795,0.466,0.475,0.24,0.47,0.713,0.519,divacvl01
Juan Dixon,24,WAS,NBA,2002-03,42,3,647,104,271,79,187,25,84,37,46,13,59,72,40,26,3,42,54,270,0.384,0.422,0.298,0.43,0.804,0.464,dixonju01
Michael Doleac,25,NYK,NBA,2002-03,75,0,1041,146,343,146,343,0,0,36,46,65,154,219,42,16,16,49,150,328,0.426,0.426,,0.426,0.783,0.451,doleami01
Keyon Dooling,22,LAC,NBA,2002-03,55,1,969,128,329,78,190,50,139,44,57,9,63,72,89,24,6,60,93,350,0.389,0.411,0.36,0.465,0.772,0.494,doolike01
Bryce Drew,28,NOH,NBA,2002-03,13,0,79,8,27,5,20,3,7,0,0,4,9,13,11,2,0,3,2,19,0.296,0.25,0.429,0.352,,0.352,drewbr01
Predrag Drobnjak,27,SEA,NBA,2002-03,82,69,1984,325,789,295,704,30,85,91,115,111,209,320,86,48,38,65,180,771,0.412,0.419,0.353,0.431,0.791,0.459,drobnpr01
Chris Dudley,37,POR,NBA,2002-03,3,0,11,0,1,0,1,0,0,0,0,2,0,2,0,0,0,0,3,0,0,0,,0,,0,dudlech02
Tim Duncan,26,SAS,NBA,2002-03,81,81,3181,714,1392,708,1370,6,22,450,634,259,784,1043,316,55,237,248,231,1884,0.513,0.517,0.273,0.515,0.71,0.564,duncati01
Mike Dunleavy,22,GSW,NBA,2002-03,82,3,1305,168,417,116,267,52,150,78,100,66,148,214,106,53,19,86,120,466,0.403,0.434,0.347,0.465,0.78,0.505,dunlemi02
Howard Eisley,30,NYK,NBA,2002-03,82,76,2243,262,628,131,291,131,337,89,105,24,162,186,444,71,9,149,222,744,0.417,0.45,0.389,0.521,0.848,0.552,eisleho01
LaPhonso Ellis,32,MIA,NBA,2002-03,55,3,784,100,262,73,155,27,107,50,66,44,113,157,15,15,15,31,88,277,0.382,0.471,0.252,0.433,0.758,0.476,ellisla01
Melvin Ely,24,LAC,NBA,2002-03,52,7,802,92,186,92,186,0,0,52,74,64,110,174,15,10,32,50,95,236,0.495,0.495,,0.495,0.703,0.54,elyme01
Evan Eschmeyer,27,DAL,NBA,2002-03,17,3,135,7,19,7,19,0,0,3,4,10,19,29,6,10,7,6,35,17,0.368,0.368,,0.368,0.75,0.409,eschmev01
Reggie Evans,22,SEA,NBA,2002-03,67,60,1365,66,140,66,140,0,0,80,154,167,278,445,34,38,11,52,173,212,0.471,0.471,,0.471,0.519,0.51,evansre01
Danny Ferry,36,SAS,NBA,2002-03,64,1,601,44,124,23,64,21,60,10,13,20,55,75,21,7,9,27,55,119,0.355,0.359,0.35,0.44,0.769,0.459,ferryda01
Michael Finley,29,DAL,NBA,2002-03,69,69,2642,507,1193,388,871,119,322,198,230,107,295,402,205,76,21,114,105,1331,0.425,0.445,0.37,0.475,0.861,0.514,finlemi01
Derek Fisher,28,LAL,NBA,2002-03,82,82,2829,339,775,254,563,85,212,100,125,40,199,239,298,93,15,94,195,863,0.437,0.451,0.401,0.492,0.8,0.52,fishede01
Marcus Fizer,24,CHI,NBA,2002-03,38,0,809,178,383,177,377,1,6,88,134,80,136,216,48,14,17,57,89,445,0.465,0.469,0.167,0.466,0.657,0.503,fizerma01
Alton Ford,21,PHO,NBA,2002-03,11,0,31,3,9,3,9,0,0,1,3,0,6,6,1,0,0,2,7,7,0.333,0.333,,0.333,0.333,0.339,fordal02
Joseph Forte,21,SEA,NBA,2002-03,17,0,86,10,35,10,32,0,3,4,6,4,7,11,11,4,0,10,6,24,0.286,0.313,0,0.286,0.667,0.319,fortejo01
Danny Fortson,26,GSW,NBA,2002-03,17,0,223,20,54,20,53,0,1,19,29,28,45,73,12,9,0,15,43,59,0.37,0.377,0,0.37,0.655,0.442,fortsda01
Greg Foster,34,TOR,NBA,2002-03,29,9,539,47,122,46,118,1,4,26,32,30,72,102,13,1,9,30,82,121,0.385,0.39,0.25,0.389,0.813,0.445,fostegr01
Jeff Foster,26,IND,NBA,2002-03,77,2,802,64,178,64,176,0,2,34,63,118,161,279,51,28,21,34,103,162,0.36,0.364,0,0.36,0.54,0.394,fosteje01
Tremaine Fowlkes,26,LAC,NBA,2002-03,37,10,573,56,128,54,119,2,9,50,59,41,62,103,23,25,2,20,63,164,0.438,0.454,0.222,0.445,0.847,0.533,fowlktr01
Rick Fox,33,LAL,NBA,2002-03,76,75,2181,262,621,157,341,105,280,52,69,64,259,323,253,69,14,121,215,681,0.422,0.46,0.375,0.506,0.754,0.523,foxri01
Adonal Foyle,27,GSW,NBA,2002-03,82,0,1787,185,345,185,344,0,1,70,104,176,314,490,37,40,205,73,214,440,0.536,0.538,0,0.536,0.673,0.563,foylead01
Steve Francis,25,HOU,NBA,2002-03,81,81,3318,571,1312,486,1072,85,240,476,595,159,340,499,502,141,41,299,251,1703,0.435,0.453,0.354,0.468,0.8,0.541,francst01
Lawrence Funderburke,32,SAC,NBA,2002-03,27,0,229,32,72,32,72,0,0,10,17,17,38,55,8,1,11,6,25,74,0.444,0.444,,0.444,0.588,0.466,fundela01
Dan Gadzuric,24,MIL,NBA,2002-03,49,30,760,70,145,70,144,0,1,29,56,66,131,197,9,22,52,27,125,169,0.483,0.486,0,0.483,0.518,0.498,gadzuda01
Kevin Garnett,26,MIN,NBA,2002-03,82,82,3321,743,1481,723,1410,20,71,377,502,244,858,1102,495,113,129,229,199,1883,0.502,0.513,0.282,0.508,0.751,0.553,garneke01
Pat Garrity,26,ORL,NBA,2002-03,81,53,2584,312,744,151,337,161,407,83,100,72,234,306,121,62,20,77,255,868,0.419,0.448,0.396,0.528,0.83,0.551,garripa01
Pau Gasol,22,MEM,NBA,2002-03,82,82,2948,569,1116,568,1106,1,10,416,565,192,528,720,229,34,148,213,220,1555,0.51,0.514,0.1,0.51,0.736,0.57,gasolpa01
Devean George,25,LAL,NBA,2002-03,71,7,1613,180,461,131,329,49,132,83,105,91,195,286,92,56,38,65,180,492,0.39,0.398,0.371,0.444,0.79,0.485,georgde01
Kendall Gill,34,MIN,NBA,2002-03,82,34,2068,286,677,267,618,19,59,123,161,51,197,248,156,78,15,108,176,714,0.422,0.432,0.322,0.436,0.764,0.477,gillke01
Manu Ginobili,25,SAS,NBA,2002-03,69,5,1431,174,397,123,249,51,148,126,171,47,114,161,138,96,17,100,170,525,0.438,0.494,0.345,0.503,0.737,0.556,ginobma01
Gordan Giricek,25,TOT,NBA,2002-03,76,62,2148,350,803,265,554,85,249,150,183,36,202,238,137,52,8,145,159,935,0.436,0.478,0.341,0.489,0.82,0.529,giricgo01
Dion Glover,24,ATL,NBA,2002-03,76,42,1890,277,648,221,490,56,158,127,162,62,220,282,141,71,15,108,146,737,0.427,0.451,0.354,0.471,0.784,0.512,glovedi01
Anthony Goldwire,31,TOT,NBA,2002-03,15,0,85,9,25,6,16,3,9,4,7,0,6,6,4,3,0,6,6,25,0.36,0.375,0.333,0.42,0.571,0.445,goldwan01
Drew Gooden,21,TOT,NBA,2002-03,70,47,1873,355,777,341,729,14,48,151,212,163,292,455,83,53,35,150,172,875,0.457,0.468,0.292,0.466,0.712,0.503,goodedr01
Brian Grant,30,MIA,NBA,2002-03,82,82,2641,344,676,344,676,0,0,158,205,241,596,837,104,63,47,129,300,846,0.509,0.509,,0.509,0.771,0.552,grantbr01
Horace Grant,37,ORL,NBA,2002-03,5,1,85,13,25,13,25,0,0,0,0,2,6,8,7,3,0,1,5,26,0.52,0.52,,0.52,,0.52,grantho01
Adrian Griffin,28,DAL,NBA,2002-03,74,48,1373,146,337,140,313,6,24,27,32,88,176,264,105,77,6,47,157,325,0.433,0.447,0.25,0.442,0.844,0.463,griffad01
Eddie Griffin,20,HOU,NBA,2002-03,77,66,1890,271,678,207,486,64,192,58,94,138,323,461,86,52,111,76,136,664,0.4,0.426,0.333,0.447,0.617,0.462,griffed01
Tom Gugliotta,33,PHO,NBA,2002-03,27,11,447,60,132,60,131,0,1,9,9,25,75,100,31,14,5,31,35,129,0.455,0.458,0,0.455,1,0.474,guglito01
A.J. Guyton,24,GSW,NBA,2002-03,2,0,9,0,4,0,3,0,1,0,0,0,0,0,2,1,0,1,0,0,0,0,0,0,,0,guytoaj01
Marcus Haislip,22,MIL,NBA,2002-03,39,8,441,66,153,63,141,3,12,26,38,21,32,53,9,7,18,21,55,161,0.431,0.447,0.25,0.441,0.684,0.474,haislma01
Darvin Ham,29,ATL,NBA,2002-03,75,1,926,71,159,71,156,0,3,38,79,73,80,153,38,16,19,65,127,180,0.447,0.455,0,0.447,0.481,0.464,hamda01
Richard Hamilton,24,DET,NBA,2002-03,82,82,2640,570,1286,538,1167,32,119,440,528,88,230,318,208,64,13,200,249,1612,0.443,0.461,0.269,0.456,0.833,0.531,hamilri01
Zendon Hamilton,27,TOR,NBA,2002-03,3,0,12,2,5,2,5,0,0,2,2,1,3,4,0,1,0,1,2,6,0.4,0.4,,0.4,1,0.51,hamilze01
Anfernee Hardaway,31,PHO,NBA,2002-03,58,51,1777,256,573,230,500,26,73,77,97,66,192,258,235,66,26,145,150,615,0.447,0.46,0.356,0.469,0.794,0.499,hardaan01
Tim Hardaway,36,IND,NBA,2002-03,10,0,127,18,49,7,18,11,31,2,4,1,14,15,24,9,0,11,8,49,0.367,0.389,0.355,0.48,0.5,0.483,hardati01
Matt Harpring,26,UTA,NBA,2002-03,78,69,2557,521,1020,455,860,66,160,262,331,190,324,514,133,73,17,160,217,1370,0.511,0.529,0.413,0.543,0.792,0.588,harprma01
Adam Harrington,22,TOT,NBA,2002-03,19,0,111,11,37,6,23,5,14,3,4,1,7,8,12,2,1,2,8,30,0.297,0.261,0.357,0.365,0.75,0.387,harriad01
Al Harrington,22,IND,NBA,2002-03,82,37,2467,389,896,376,850,13,46,211,274,159,352,511,125,71,33,163,280,1002,0.434,0.442,0.283,0.441,0.77,0.493,harrial01
Junior Harrington,22,DEN,NBA,2002-03,82,51,2003,169,467,162,439,7,28,73,112,44,206,250,277,80,15,157,250,418,0.362,0.369,0.25,0.369,0.652,0.405,harriju01
Othella Harrington,29,NYK,NBA,2002-03,74,64,1850,225,443,225,443,0,0,123,150,165,311,476,62,12,23,90,231,573,0.508,0.508,,0.508,0.82,0.563,harriot01
Lucious Harris,32,NJN,NBA,2002-03,77,25,1973,298,721,251,585,47,136,152,189,63,169,232,155,53,8,71,95,795,0.413,0.429,0.346,0.446,0.804,0.494,harrilu01
Antonio Harvey,32,ATL,NBA,2002-03,4,0,32,2,5,2,5,0,0,0,0,1,5,6,0,1,4,3,7,4,0.4,0.4,,0.4,,0.4,harvean01
Donnell Harvey,22,DEN,NBA,2002-03,77,27,1613,246,551,245,544,1,7,118,176,125,284,409,100,48,27,123,203,611,0.446,0.45,0.143,0.447,0.67,0.486,harvedo01
Trenton Hassell,23,CHI,NBA,2002-03,82,53,1999,144,392,131,352,13,40,41,55,37,218,255,151,45,61,83,197,342,0.367,0.372,0.325,0.384,0.745,0.411,hassetr01
Kirk Haston,23,NOH,NBA,2002-03,12,0,57,2,17,2,14,0,3,2,4,0,7,7,3,0,5,7,10,6,0.118,0.143,0,0.118,0.5,0.16,hastoki01
Juaquin Hawkins,29,HOU,NBA,2002-03,58,10,685,57,148,47,124,10,24,10,20,16,62,78,47,29,6,29,57,134,0.385,0.379,0.417,0.419,0.5,0.427,hawkiju01
Brendan Haywood,23,WAS,NBA,2002-03,81,69,1930,173,339,173,339,0,0,155,245,192,212,404,29,32,119,65,225,501,0.51,0.51,,0.51,0.633,0.561,haywobr01
Alan Henderson,30,ATL,NBA,2002-03,82,3,1494,153,327,153,325,0,2,88,138,156,242,398,41,33,32,61,168,394,0.468,0.471,0,0.468,0.638,0.508,hendeal01
Nene Hilario,20,DEN,NBA,2002-03,80,53,2258,321,619,321,616,0,3,197,341,208,283,491,149,127,65,181,295,839,0.519,0.521,0,0.519,0.578,0.545,hilarne01
Grant Hill,30,ORL,NBA,2002-03,29,29,843,151,307,150,303,1,4,118,144,40,166,206,122,28,13,84,46,421,0.492,0.495,0.25,0.493,0.819,0.568,hillgr01
Tyrone Hill,34,TOT,NBA,2002-03,56,43,1351,129,306,129,306,0,0,54,80,126,265,391,41,46,26,68,172,312,0.422,0.422,,0.422,0.675,0.457,hillty01
Fred Hoiberg,30,CHI,NBA,2002-03,63,0,784,49,126,44,105,5,21,41,50,11,126,137,70,40,5,25,59,144,0.389,0.419,0.238,0.409,0.82,0.486,hoibefr01
Robert Horry,32,LAL,NBA,2002-03,80,26,2343,184,476,133,299,51,177,103,134,181,333,514,233,96,61,112,247,522,0.387,0.445,0.288,0.44,0.769,0.488,horryro01
Eddie House,24,MIA,NBA,2002-03,55,7,1025,172,444,136,324,36,120,31,36,17,84,101,87,44,1,46,73,411,0.387,0.42,0.3,0.428,0.861,0.447,houseed01
Allan Houston,31,NYK,NBA,2002-03,82,82,3108,652,1465,474,1015,178,450,363,395,26,205,231,220,54,7,178,191,1845,0.445,0.467,0.396,0.506,0.919,0.563,houstal01
Juwan Howard,29,DEN,NBA,2002-03,77,77,2730,567,1261,565,1257,2,4,282,351,181,404,585,234,77,27,189,239,1418,0.45,0.449,0.5,0.45,0.803,0.501,howarju01
Troy Hudson,26,MIN,NBA,2002-03,79,74,2600,409,956,312,690,97,266,208,231,42,141,183,452,60,7,182,160,1123,0.428,0.452,0.365,0.479,0.9,0.531,hudsotr01
Nate Huffman,27,TOR,NBA,2002-03,7,0,76,9,25,9,25,0,0,5,8,9,14,23,5,1,3,3,13,23,0.36,0.36,,0.36,0.625,0.403,huffmna01
Larry Hughes,24,WAS,NBA,2002-03,67,56,2137,346,741,317,662,29,79,136,186,67,241,308,205,86,24,136,149,857,0.467,0.479,0.367,0.487,0.731,0.521,hughela01
Ryan Humphrey,23,TOT,NBA,2002-03,48,1,444,35,120,35,120,0,0,23,39,34,65,99,11,9,18,23,75,93,0.292,0.292,,0.292,0.59,0.339,humphry01
Lindsey Hunter,32,TOR,NBA,2002-03,29,0,673,106,302,72,195,34,107,34,47,15,44,59,71,35,5,57,50,280,0.351,0.369,0.318,0.407,0.723,0.434,hunteli01
Steven Hunter,21,ORL,NBA,2002-03,33,5,447,56,103,56,103,0,0,18,44,38,55,93,6,9,36,15,56,130,0.544,0.544,,0.544,0.409,0.531,huntest01
Zydrunas Ilgauskas,27,CLE,NBA,2002-03,81,81,2432,495,1122,495,1117,0,5,400,512,240,371,611,127,56,152,210,274,1390,0.441,0.443,0,0.441,0.781,0.516,ilgauzy01
Allen Iverson,27,PHI,NBA,2002-03,82,82,3485,804,1940,720,1637,84,303,570,736,68,276,344,454,225,13,286,149,2262,0.414,0.44,0.277,0.436,0.774,0.5,iversal01
Bobby Jackson,29,SAC,NBA,2002-03,59,26,1676,340,732,251,497,89,235,126,149,57,162,219,182,71,3,106,126,895,0.464,0.505,0.379,0.525,0.846,0.561,jacksbo01
Jermaine Jackson,26,TOT,NBA,2002-03,53,1,559,40,110,39,100,1,10,40,55,19,38,57,74,19,6,34,51,121,0.364,0.39,0.1,0.368,0.727,0.451,jacksje01
Jim Jackson,32,SAC,NBA,2002-03,63,0,1309,204,462,172,391,32,71,47,55,84,178,262,118,31,4,80,132,487,0.442,0.44,0.451,0.476,0.855,0.501,jacksji01
Marc Jackson,28,MIN,NBA,2002-03,77,0,1041,153,349,152,348,1,1,114,149,86,139,225,37,24,30,59,137,421,0.438,0.437,1,0.44,0.765,0.508,jacksma02
Mark Jackson,37,UTA,NBA,2002-03,82,0,1467,147,369,120,274,27,95,61,80,34,142,176,375,48,3,152,90,382,0.398,0.438,0.284,0.435,0.763,0.473,jacksma01
Stephen Jackson,24,SAS,NBA,2002-03,80,58,2254,356,818,261,521,95,297,139,183,66,220,286,183,125,30,176,202,946,0.435,0.501,0.32,0.493,0.76,0.526,jacksst02
Casey Jacobsen,21,PHO,NBA,2002-03,72,0,1147,122,327,70,162,52,165,72,105,29,54,83,73,35,6,55,90,368,0.373,0.432,0.315,0.453,0.686,0.493,jacobca01
Jerome James,27,SEA,NBA,2002-03,51,16,766,111,232,111,232,0,0,54,92,78,138,216,27,12,82,75,166,276,0.478,0.478,,0.478,0.587,0.506,jamesje01
Mike James,27,MIA,NBA,2002-03,78,8,1722,218,585,151,357,67,228,104,142,26,123,149,246,64,5,108,176,607,0.373,0.423,0.294,0.43,0.732,0.469,jamesmi01
Antawn Jamison,26,GSW,NBA,2002-03,82,82,3226,691,1471,626,1262,65,209,375,475,195,383,578,156,76,45,177,197,1822,0.47,0.496,0.311,0.492,0.789,0.542,jamisan01
Marko Jaric,24,LAC,NBA,2002-03,66,12,1379,179,446,126,280,53,166,79,105,35,125,160,193,97,11,103,125,490,0.401,0.45,0.319,0.461,0.752,0.498,jaricma01
Chris Jefferies,22,TOR,NBA,2002-03,51,10,666,75,194,57,140,18,54,29,43,16,43,59,22,19,16,45,56,197,0.387,0.407,0.333,0.433,0.674,0.463,jeffech01
Richard Jefferson,22,NJN,NBA,2002-03,80,80,2879,456,911,450,887,6,24,324,436,150,364,514,201,80,44,156,216,1242,0.501,0.507,0.25,0.504,0.743,0.563,jefferi01
Jared Jeffries,21,WAS,NBA,2002-03,20,1,292,30,63,27,57,3,6,16,29,26,32,58,16,8,5,21,28,79,0.476,0.474,0.5,0.5,0.552,0.521,jeffrja01
Anthony Johnson,28,NJN,NBA,2002-03,66,2,842,103,231,90,196,13,35,51,74,13,65,78,86,37,5,41,93,270,0.446,0.459,0.371,0.474,0.689,0.512,johnsan02
Avery Johnson,37,DAL,NBA,2002-03,48,0,430,63,150,63,148,0,2,30,39,10,21,31,64,15,1,29,26,156,0.42,0.426,0,0.42,0.769,0.467,johnsav01
Ervin Johnson,35,MIL,NBA,2002-03,69,17,1170,61,135,61,135,0,0,30,44,117,177,294,24,34,63,34,178,152,0.452,0.452,,0.452,0.682,0.492,johnser02
Joe Johnson,21,PHO,NBA,2002-03,82,34,2255,316,796,241,591,75,205,96,124,57,207,264,210,62,19,108,143,803,0.397,0.408,0.366,0.444,0.774,0.472,johnsjo02
Ken Johnson,24,MIA,NBA,2002-03,16,0,156,15,37,15,37,0,0,2,6,4,28,32,0,1,12,6,20,32,0.405,0.405,,0.405,0.333,0.404,johnske03
Damon Jones,26,SAC,NBA,2002-03,49,1,709,80,210,36,89,44,121,20,27,11,59,70,80,18,4,23,42,224,0.381,0.404,0.364,0.486,0.741,0.505,jonesda01
Eddie Jones,31,MIA,NBA,2002-03,47,47,1789,291,688,193,447,98,241,189,230,35,191,226,173,64,31,85,137,869,0.423,0.432,0.407,0.494,0.822,0.551,jonesed02
Fred Jones,23,IND,NBA,2002-03,19,1,115,9,24,7,17,2,7,3,4,4,5,9,5,6,1,6,13,23,0.375,0.412,0.286,0.417,0.75,0.446,jonesfr01
Jumaine Jones,23,CLE,NBA,2002-03,80,12,2204,308,710,197,396,111,314,57,83,106,299,405,112,67,22,107,176,784,0.434,0.497,0.354,0.512,0.687,0.525,jonesju01
Popeye Jones,32,DAL,NBA,2002-03,26,0,222,24,62,24,62,0,0,5,11,29,30,59,8,5,1,15,31,53,0.387,0.387,,0.387,0.455,0.396,jonespo01
Michael Jordan,39,WAS,NBA,2002-03,82,67,3031,679,1527,663,1472,16,55,266,324,71,426,497,311,123,39,173,171,1640,0.445,0.45,0.291,0.45,0.821,0.491,jordami01
Shawn Kemp,33,ORL,NBA,2002-03,79,55,1633,211,505,211,504,0,1,115,155,147,304,451,55,66,33,102,239,537,0.418,0.419,0,0.418,0.742,0.468,kempsh01
Steve Kerr,37,SAS,NBA,2002-03,75,0,952,110,256,61,132,49,124,30,34,12,48,60,70,27,3,35,49,299,0.43,0.462,0.395,0.525,0.882,0.552,kerrst01
Jason Kidd,29,NJN,NBA,2002-03,80,80,2989,515,1244,389,874,126,370,339,403,110,394,504,711,179,25,296,127,1495,0.414,0.445,0.341,0.465,0.841,0.526,kiddja01
Andrei Kirilenko,21,UTA,NBA,2002-03,80,11,2213,315,642,278,528,37,114,296,370,147,273,420,138,118,175,136,185,963,0.491,0.527,0.325,0.519,0.8,0.598,kirilan01
Kerry Kittles,28,NJN,NBA,2002-03,65,57,1951,332,711,254,492,78,219,106,135,52,200,252,170,101,30,55,110,848,0.467,0.516,0.356,0.522,0.785,0.55,kittlke01
Brevin Knight,27,MEM,NBA,2002-03,55,4,928,97,228,95,220,2,8,20,37,15,66,81,233,69,2,94,123,216,0.425,0.432,0.25,0.43,0.541,0.442,knighbr01
Travis Knight,28,NYK,NBA,2002-03,32,0,287,25,65,25,64,0,1,10,13,18,44,62,14,8,9,10,44,60,0.385,0.391,0,0.385,0.769,0.424,knightr01
Toni Kukoc,34,MIL,NBA,2002-03,63,0,1704,249,577,154,314,95,263,137,194,67,199,266,230,81,29,122,134,730,0.432,0.49,0.361,0.514,0.706,0.551,kukocto01
Christian Laettner,33,WAS,NBA,2002-03,76,66,2215,255,516,253,500,2,16,120,144,114,388,502,235,82,40,87,206,632,0.494,0.506,0.125,0.496,0.833,0.545,laettch01
Raef LaFrentz,26,DAL,NBA,2002-03,69,43,1611,266,514,219,398,47,116,60,88,125,205,330,54,35,91,46,264,639,0.518,0.55,0.405,0.563,0.682,0.578,lafrera01
Sean Lampley,23,MIA,NBA,2002-03,35,0,487,56,129,56,125,0,4,57,82,26,57,83,31,7,3,25,43,169,0.434,0.448,0,0.434,0.695,0.512,lamplse01
Dan Langhi,25,PHO,NBA,2002-03,60,0,541,81,202,72,171,9,31,12,20,19,68,87,21,15,6,16,58,183,0.401,0.421,0.29,0.423,0.6,0.434,langhda01
Voshon Lenard,29,TOR,NBA,2002-03,63,24,1929,325,809,233,557,92,252,156,194,48,164,212,144,59,21,103,156,898,0.402,0.418,0.365,0.459,0.804,0.502,lenarvo01
Rashard Lewis,23,SEA,NBA,2002-03,77,77,3044,519,1149,444,932,75,217,283,345,152,351,503,133,99,35,143,205,1396,0.452,0.476,0.346,0.484,0.82,0.537,lewisra02
Randy Livingston,27,NOH,NBA,2002-03,2,0,12,2,4,2,4,0,0,2,2,0,0,0,1,0,0,0,0,6,0.5,0.5,,0.5,1,0.615,livinra01
Art Long,30,TOT,NBA,2002-03,26,0,211,28,75,26,72,2,3,2,10,21,39,60,6,5,11,20,35,60,0.373,0.361,0.667,0.387,0.2,0.378,longar01
Grant Long,36,BOS,NBA,2002-03,41,1,488,27,70,27,67,0,3,18,23,24,59,83,25,9,1,19,62,72,0.386,0.403,0,0.386,0.783,0.449,longgr01
Tyronn Lue,25,WAS,NBA,2002-03,75,24,1986,248,573,188,397,60,176,91,104,22,127,149,263,47,1,77,151,647,0.433,0.474,0.341,0.485,0.875,0.523,luety01
George Lynch,32,NOH,NBA,2002-03,81,32,1497,147,359,119,280,28,79,41,74,139,214,353,104,66,19,52,136,363,0.409,0.425,0.354,0.448,0.554,0.464,lynchge01
Todd MacCulloch,27,PHI,NBA,2002-03,42,35,812,123,238,123,238,0,0,53,79,66,130,196,20,19,32,35,107,299,0.517,0.517,,0.517,0.671,0.548,maccuto01
Tito Maddox,21,HOU,NBA,2002-03,9,0,35,3,12,3,9,0,3,5,8,1,6,7,5,3,1,3,4,11,0.25,0.333,0,0.25,0.625,0.354,maddoti01
Mark Madsen,27,LAL,NBA,2002-03,54,22,781,69,163,69,163,0,0,36,61,86,73,159,38,15,19,27,116,174,0.423,0.423,,0.423,0.59,0.458,madsema01
Corey Maggette,23,LAC,NBA,2002-03,64,57,2006,343,773,281,596,62,177,325,405,77,245,322,123,55,16,147,194,1073,0.444,0.471,0.35,0.484,0.802,0.564,maggeco01
Jamaal Magloire,24,NOH,NBA,2002-03,82,82,2443,305,635,305,632,0,3,231,322,260,464,724,88,49,111,158,276,841,0.48,0.483,0,0.48,0.717,0.541,magloja01
Karl Malone,39,UTA,NBA,2002-03,81,81,2936,595,1289,592,1275,3,14,474,621,113,515,628,379,136,31,210,204,1667,0.462,0.464,0.214,0.463,0.763,0.534,malonka01
Matt Maloney,31,ATL,NBA,2002-03,14,0,103,8,25,3,10,5,15,3,5,1,6,7,17,4,0,5,9,24,0.32,0.3,0.333,0.42,0.6,0.441,malonma01
Danny Manning,36,DET,NBA,2002-03,13,0,89,13,32,10,24,3,8,5,6,7,11,18,7,9,3,7,11,34,0.406,0.417,0.375,0.453,0.833,0.491,mannida01
Stephon Marbury,25,PHO,NBA,2002-03,81,81,3240,671,1530,582,1234,89,296,375,467,53,210,263,654,108,20,263,200,1806,0.439,0.472,0.301,0.468,0.803,0.52,marbust01
Shawn Marion,24,PHO,NBA,2002-03,81,81,3373,662,1466,521,1102,141,364,251,295,199,574,773,198,185,95,157,208,1716,0.452,0.473,0.387,0.5,0.851,0.538,mariosh01
Sean Marks,27,MIA,NBA,2002-03,23,0,223,22,59,22,58,0,1,10,15,8,27,35,3,5,6,14,37,54,0.373,0.379,0,0.373,0.667,0.412,marksse01
Donny Marshall,30,NJN,NBA,2002-03,3,0,6,0,3,0,2,0,1,0,0,0,3,3,0,0,0,1,0,0,0,0,0,0,,0,marshdo02
Donyell Marshall,29,CHI,NBA,2002-03,78,53,2378,421,918,388,831,33,87,167,221,234,465,699,137,95,85,135,234,1042,0.459,0.467,0.379,0.477,0.756,0.513,marshdo01
Kenyon Martin,25,NJN,NBA,2002-03,77,77,2628,509,1082,500,1039,9,43,256,392,164,476,640,185,98,70,192,294,1283,0.47,0.481,0.209,0.475,0.653,0.511,martike01
Jamal Mashburn,30,NOH,NBA,2002-03,82,81,3321,670,1586,551,1280,119,306,313,369,66,432,498,462,83,17,230,196,1772,0.422,0.43,0.389,0.46,0.848,0.507,mashbja01
Anthony Mason,36,MIL,NBA,2002-03,65,58,2119,191,393,191,392,0,1,84,117,90,326,416,209,32,12,79,147,466,0.486,0.487,0,0.486,0.718,0.524,masonan01
Desmond Mason,25,TOT,NBA,2002-03,80,40,2763,457,1017,436,945,21,72,212,283,154,369,523,163,67,32,115,210,1147,0.449,0.461,0.292,0.46,0.749,0.502,masonde01
Roger Mason,22,CHI,NBA,2002-03,17,0,113,11,31,5,13,6,18,2,2,2,10,12,12,4,0,5,20,30,0.355,0.385,0.333,0.452,1,0.471,masonro01
Tony Massenburg,35,UTA,NBA,2002-03,58,1,792,104,232,104,232,0,0,65,84,59,97,156,17,17,19,50,144,273,0.448,0.448,,0.448,0.774,0.508,masseto01
Walter McCarty,28,BOS,NBA,2002-03,82,8,1949,173,418,82,170,91,248,61,98,64,224,288,106,78,28,67,188,498,0.414,0.482,0.367,0.523,0.622,0.54,mccarwa01
Amal McCaskill,29,ATL,NBA,2002-03,11,0,70,4,17,4,17,0,0,3,4,7,15,22,5,3,1,2,13,11,0.235,0.235,,0.235,0.75,0.293,mccasam01
Jelani McCoy,25,TOR,NBA,2002-03,67,25,1367,194,395,194,395,0,0,69,126,95,260,355,43,28,60,96,162,457,0.491,0.491,,0.491,0.548,0.507,mccoyje01
Tracy McGrady,23,ORL,NBA,2002-03,75,74,2954,829,1813,656,1365,173,448,576,726,121,367,488,411,124,59,195,156,2407,0.457,0.481,0.386,0.505,0.793,0.564,mcgratr01
Jeff McInnis,28,POR,NBA,2002-03,75,1,1311,188,423,182,388,6,35,50,67,22,75,97,170,21,2,75,117,432,0.444,0.469,0.171,0.452,0.746,0.477,mcinnje01
Aaron McKie,30,PHI,NBA,2002-03,80,40,2374,286,666,249,554,37,112,112,134,61,289,350,278,131,9,109,177,721,0.429,0.449,0.33,0.457,0.836,0.497,mckieaa01
Stanislav Medvedenko,23,LAL,NBA,2002-03,58,10,620,112,258,112,256,0,2,31,43,66,75,141,18,11,8,37,118,255,0.434,0.438,0,0.434,0.721,0.46,medvest01
Ron Mercer,26,IND,NBA,2002-03,72,3,1671,244,597,241,581,3,16,65,81,32,122,154,112,49,14,54,123,556,0.409,0.415,0.188,0.411,0.802,0.439,mercero01
Chris Mihm,23,CLE,NBA,2002-03,52,0,809,116,287,116,284,0,3,76,105,93,138,231,28,18,38,48,124,308,0.404,0.408,0,0.404,0.724,0.462,mihmch01
Darius Miles,21,CLE,NBA,2002-03,67,62,2008,263,642,263,628,0,14,92,155,113,250,363,176,67,69,178,159,618,0.41,0.419,0,0.41,0.594,0.435,milesda01
Andre Miller,26,LAC,NBA,2002-03,80,80,2913,377,928,354,820,23,108,311,391,84,232,316,537,99,11,206,203,1088,0.406,0.432,0.213,0.419,0.795,0.495,millean02
Brad Miller,26,IND,NBA,2002-03,73,72,2270,329,667,324,651,5,16,292,357,185,418,603,193,65,43,118,203,955,0.493,0.498,0.313,0.497,0.818,0.579,millebr01
Mike Miller,22,TOT,NBA,2002-03,65,52,2186,373,859,264,559,109,300,156,186,46,295,341,170,42,21,125,173,1011,0.434,0.472,0.363,0.498,0.839,0.537,millemi01
Reggie Miller,37,IND,NBA,2002-03,70,70,2117,281,637,168,319,113,318,207,230,21,151,172,170,62,4,66,89,882,0.441,0.527,0.355,0.53,0.9,0.597,millere01
Chris Mills,33,GSW,NBA,2002-03,21,0,262,39,106,32,81,7,25,16,18,19,31,50,22,7,3,10,29,101,0.368,0.395,0.28,0.401,0.889,0.443,millsch01
Yao Ming,22,HOU,NBA,2002-03,82,72,2382,401,805,400,803,1,2,301,371,196,479,675,137,31,147,173,230,1104,0.498,0.498,0.5,0.499,0.811,0.57,mingya01
Cuttino Mobley,27,HOU,NBA,2002-03,73,73,3044,463,1067,351,749,112,318,242,282,70,233,303,208,95,36,166,185,1280,0.434,0.469,0.352,0.486,0.858,0.537,moblecu01
Nazr Mohammed,25,ATL,NBA,2002-03,35,0,445,67,159,67,159,0,0,26,41,47,82,129,6,16,21,25,79,160,0.421,0.421,,0.421,0.634,0.452,mohamna01
Jerome Moiso,24,NOH,NBA,2002-03,51,1,644,89,171,89,171,0,0,27,41,59,119,178,22,19,44,46,87,205,0.52,0.52,,0.52,0.659,0.542,moisoje01
Mikki Moore,27,TOT,NBA,2002-03,8,0,43,5,13,5,13,0,0,8,10,6,2,8,3,0,4,2,7,18,0.385,0.385,,0.385,0.8,0.517,mooremi01
Terence Morris,24,HOU,NBA,2002-03,49,0,632,82,176,75,144,7,32,11,14,40,88,128,25,8,17,29,35,182,0.466,0.521,0.219,0.486,0.786,0.5,morrite01
Troy Murphy,22,GSW,NBA,2002-03,79,79,2510,338,749,335,735,3,14,244,290,228,578,806,106,65,30,111,246,923,0.451,0.456,0.214,0.453,0.841,0.526,murphtr01
Ronald Murray,23,TOT,NBA,2002-03,14,0,62,11,31,11,26,0,5,5,8,0,4,4,5,4,0,8,0,27,0.355,0.423,0,0.355,0.625,0.391,murraro01
Tracy Murray,31,LAL,NBA,2002-03,31,0,193,23,71,15,33,8,38,7,9,5,18,23,12,5,3,14,22,61,0.324,0.455,0.211,0.38,0.778,0.407,murratr01
Dikembe Mutombo,36,NJN,NBA,2002-03,24,16,514,49,131,49,131,0,0,40,55,54,99,153,19,4,37,34,54,138,0.374,0.374,,0.374,0.727,0.445,mutomdi01
Mamadou N'Diaye,27,TOR,NBA,2002-03,22,8,364,43,96,43,96,0,0,34,47,29,53,82,7,8,32,21,58,120,0.448,0.448,,0.448,0.723,0.514,ndiayma02
Bostjan Nachbar,22,HOU,NBA,2002-03,14,1,77,11,31,9,21,2,10,5,10,3,8,11,3,2,2,6,13,29,0.355,0.429,0.2,0.387,0.5,0.41,nachbbo01
Lee Nailon,27,NYK,NBA,2002-03,38,0,405,84,190,84,189,0,1,42,51,32,38,70,26,6,3,32,46,210,0.442,0.444,0,0.442,0.824,0.494,nailole01
Eduardo Najera,26,DAL,NBA,2002-03,48,12,1103,129,231,129,230,0,1,62,91,90,133,223,47,40,22,23,129,320,0.558,0.561,0,0.558,0.681,0.59,najered01
Steve Nash,28,DAL,NBA,2002-03,82,82,2711,518,1114,407,845,111,269,308,339,63,171,234,598,85,6,192,134,1455,0.465,0.482,0.413,0.515,0.909,0.576,nashst01
Rasho Nesterovic,26,MIN,NBA,2002-03,77,77,2337,400,762,400,760,0,2,61,95,146,358,504,114,39,116,99,256,861,0.525,0.526,0,0.525,0.642,0.536,nestera01
Ira Newble,28,ATL,NBA,2002-03,73,45,1931,231,467,199,383,32,84,70,90,86,185,271,99,50,26,69,174,564,0.495,0.52,0.381,0.529,0.778,0.557,newblir01
Moochie Norris,29,HOU,NBA,2002-03,82,3,1375,134,330,123,285,11,45,78,114,37,122,159,196,55,4,86,72,357,0.406,0.432,0.244,0.423,0.684,0.47,norrimo01
Dirk Nowitzki,24,DAL,NBA,2002-03,80,80,3117,690,1489,542,1099,148,390,483,548,81,710,791,239,111,82,152,206,2011,0.463,0.493,0.379,0.513,0.881,0.581,nowitdi01
Jermaine O'Neal,24,IND,NBA,2002-03,77,76,2864,610,1260,603,1239,7,21,373,510,202,594,796,155,66,178,180,277,1600,0.484,0.487,0.333,0.487,0.731,0.539,onealje01
Shaquille O'Neal,30,LAL,NBA,2002-03,67,66,2535,695,1211,695,1211,0,0,451,725,259,483,742,206,38,159,196,229,1841,0.574,0.574,,0.574,0.622,0.602,onealsh01
Charles Oakley,39,WAS,NBA,2002-03,42,1,514,23,55,23,55,0,0,28,34,37,70,107,40,13,6,21,90,74,0.418,0.418,,0.418,0.824,0.529,oaklech01
Lamar Odom,23,LAC,NBA,2002-03,49,47,1679,268,611,226,482,42,129,136,175,59,267,326,178,42,41,140,181,714,0.439,0.469,0.326,0.473,0.777,0.519,odomla01
Mehmet Okur,23,DET,NBA,2002-03,72,9,1366,180,423,142,311,38,112,96,131,117,218,335,71,25,39,66,167,494,0.426,0.457,0.339,0.47,0.733,0.514,okurme01
Dean Oliver,24,GSW,NBA,2002-03,15,0,93,7,29,6,23,1,6,7,8,8,8,16,23,7,0,10,9,22,0.241,0.261,0.167,0.259,0.875,0.338,olivede01
Kevin Ollie,30,TOT,NBA,2002-03,82,5,1897,199,441,197,435,2,6,134,178,25,157,182,291,69,5,72,122,534,0.451,0.453,0.333,0.454,0.753,0.514,ollieke01
Michael Olowokandi,27,LAC,NBA,2002-03,36,36,1369,186,436,186,436,0,0,69,105,57,271,328,47,18,79,98,110,441,0.427,0.427,,0.427,0.657,0.457,olowomi01
Greg Ostertag,29,UTA,NBA,2002-03,81,74,1926,169,326,169,326,0,0,100,196,180,323,503,55,20,147,104,235,438,0.518,0.518,,0.518,0.51,0.531,ostergr01
Bo Outlaw,31,PHO,NBA,2002-03,80,20,1800,153,278,153,276,0,2,72,116,134,234,368,112,50,71,76,194,378,0.55,0.554,0,0.55,0.621,0.574,outlabo01
Chris Owens,23,MEM,NBA,2002-03,1,0,6,2,3,2,3,0,0,0,0,1,0,1,0,0,0,1,0,4,0.667,0.667,,0.667,,0.667,owensch01
Olumide Oyedeji,21,ORL,NBA,2002-03,27,3,145,10,23,10,23,0,0,7,11,10,40,50,5,5,3,5,30,27,0.435,0.435,,0.435,0.636,0.485,oyedeol01
Robert Pack,33,NOH,NBA,2002-03,28,4,440,52,129,52,124,0,5,41,55,11,40,51,81,25,0,40,35,145,0.403,0.419,0,0.403,0.745,0.473,packro01
Scott Padgett,26,UTA,NBA,2002-03,82,2,1321,170,423,125,290,45,133,81,107,83,189,272,86,41,24,70,148,466,0.402,0.431,0.338,0.455,0.757,0.496,padgesc01
Milt Palacio,24,CLE,NBA,2002-03,80,46,1976,162,388,154,351,8,37,65,87,48,187,235,259,68,16,131,168,397,0.418,0.439,0.216,0.428,0.747,0.466,palacmi01
Jannero Pargo,23,LAL,NBA,2002-03,34,0,342,37,93,30,69,7,24,4,4,9,28,37,39,13,2,23,45,85,0.398,0.435,0.292,0.435,1,0.449,pargoja01
Smush Parker,21,CLE,NBA,2002-03,66,18,1103,136,338,98,220,38,118,98,118,29,90,119,162,48,12,133,106,408,0.402,0.445,0.322,0.459,0.831,0.523,parkesm01
Tony Parker,20,SAS,NBA,2002-03,82,82,2774,484,1043,402,800,82,243,219,290,33,183,216,432,71,4,198,174,1269,0.464,0.503,0.337,0.503,0.755,0.542,parketo01
Cherokee Parks,30,LAC,NBA,2002-03,30,18,648,82,163,81,161,1,2,23,38,46,86,132,21,16,20,18,52,188,0.503,0.503,0.5,0.506,0.605,0.523,parksch02
Ruben Patterson,27,POR,NBA,2002-03,78,17,1655,254,516,251,496,3,20,138,220,120,144,264,101,73,29,117,161,649,0.492,0.506,0.15,0.495,0.627,0.53,patteru01
Gary Payton,34,TOT,NBA,2002-03,80,80,3208,665,1466,611,1284,54,182,250,352,79,255,334,663,133,20,187,181,1634,0.454,0.476,0.297,0.472,0.71,0.504,paytoga01
Anthony Peeler,33,MIN,NBA,2002-03,82,39,2245,252,609,165,397,87,212,39,50,40,201,241,244,72,13,82,161,630,0.414,0.416,0.41,0.485,0.78,0.499,peelean01
Wesley Person,31,MEM,NBA,2002-03,66,44,1941,274,601,174,370,100,231,79,97,24,168,192,112,42,19,56,64,727,0.456,0.47,0.433,0.539,0.814,0.565,persowe01
Morris Peterson,25,TOR,NBA,2002-03,82,80,2949,421,1073,305,729,116,344,195,247,97,266,363,188,88,32,128,232,1153,0.392,0.418,0.337,0.446,0.789,0.488,petermo01
Eric Piatkowski,32,LAC,NBA,2002-03,62,26,1360,210,446,130,245,80,201,101,122,44,112,156,70,33,9,56,92,601,0.471,0.531,0.398,0.561,0.828,0.601,piatker01
Paul Pierce,25,BOS,NBA,2002-03,79,79,3096,663,1592,545,1201,118,391,604,753,106,472,578,349,139,62,288,227,2048,0.416,0.454,0.302,0.454,0.802,0.532,piercpa01
Scottie Pippen,37,POR,NBA,2002-03,64,58,1911,265,597,227,464,38,133,121,148,57,221,278,285,105,25,164,149,689,0.444,0.489,0.286,0.476,0.818,0.52,pippesc01
Scot Pollard,27,SAC,NBA,2002-03,23,0,325,40,87,40,87,0,0,23,38,46,60,106,6,13,15,15,50,103,0.46,0.46,,0.46,0.605,0.497,pollasc01
James Posey,26,TOT,NBA,2002-03,83,71,2518,309,752,239,523,70,229,205,246,90,336,426,184,106,15,144,197,893,0.411,0.457,0.306,0.457,0.833,0.519,poseyja01
Lavor Postell,24,NYK,NBA,2002-03,12,0,98,14,38,12,31,2,7,13,15,1,3,4,3,2,0,7,9,43,0.368,0.387,0.286,0.395,0.867,0.482,postela01
Vitaly Potapenko,27,SEA,NBA,2002-03,26,2,403,41,93,41,93,0,0,22,29,25,64,89,4,9,8,25,46,104,0.441,0.441,,0.441,0.759,0.492,potapvi01
Tayshaun Prince,22,DET,NBA,2002-03,42,5,435,53,118,33,71,20,47,11,17,5,40,45,24,10,14,21,25,137,0.449,0.465,0.426,0.534,0.647,0.546,princta01
Joel Przybilla,23,MIL,NBA,2002-03,32,17,546,18,46,18,46,0,0,12,24,48,97,145,12,10,45,19,85,48,0.391,0.391,,0.391,0.5,0.424,przybjo01
Vladimir Radmanovic,22,SEA,NBA,2002-03,72,16,1910,274,668,170,375,104,293,72,102,76,247,323,97,64,22,100,136,724,0.41,0.453,0.355,0.488,0.706,0.508,radmavl01
Igor Rakocevic,24,MIN,NBA,2002-03,42,0,244,22,58,17,46,5,12,29,36,4,13,17,33,4,0,23,25,78,0.379,0.37,0.417,0.422,0.806,0.528,rakocig01
Zach Randolph,21,POR,NBA,2002-03,77,11,1301,264,515,264,510,0,5,122,161,139,204,343,41,42,14,62,141,650,0.513,0.518,0,0.513,0.758,0.555,randoza01
Theo Ratliff,29,ATL,NBA,2002-03,81,81,2518,276,595,276,595,0,0,154,214,154,453,607,73,56,262,137,271,706,0.464,0.464,,0.464,0.72,0.512,ratlith01
Zeljko Rebraca,30,DET,NBA,2002-03,30,12,488,80,145,80,145,0,0,38,48,27,65,92,9,6,17,29,79,198,0.552,0.552,,0.552,0.792,0.596,rebraze01
Michael Redd,23,MIL,NBA,2002-03,82,14,2316,455,971,273,555,182,416,149,185,98,273,371,117,100,13,74,143,1241,0.469,0.492,0.438,0.562,0.805,0.59,reddmi01
Don Reid,29,DET,NBA,2002-03,1,0,10,0,3,0,3,0,0,1,2,0,0,0,0,0,0,0,4,1,0,0,,0,0.5,0.129,reiddo01
Efthimi Rentzias,27,PHI,NBA,2002-03,35,0,144,20,59,16,51,4,8,8,9,10,16,26,7,6,2,4,21,52,0.339,0.314,0.5,0.373,0.889,0.413,rentzef01
Glen Rice,35,HOU,NBA,2002-03,62,26,1532,196,457,95,203,101,254,63,83,28,126,154,65,23,5,55,99,556,0.429,0.468,0.398,0.539,0.759,0.563,ricegl01
Jason Richardson,22,GSW,NBA,2002-03,82,82,2698,476,1161,353,827,123,334,207,271,111,267,378,247,90,23,179,201,1282,0.41,0.427,0.368,0.463,0.764,0.501,richaja01
Quentin Richardson,22,LAC,NBA,2002-03,59,13,1368,203,546,142,348,61,198,85,124,98,183,281,52,35,10,64,92,552,0.372,0.408,0.308,0.428,0.685,0.46,richaqu01
Antoine Rigaudeau,31,DAL,NBA,2002-03,11,0,91,8,35,7,30,1,5,0,0,4,4,8,6,3,0,6,11,17,0.229,0.233,0.2,0.243,,0.243,rigauan01
Clifford Robinson,36,DET,NBA,2002-03,81,69,2825,372,935,285,676,87,259,161,238,81,237,318,268,87,88,158,259,992,0.398,0.422,0.336,0.444,0.676,0.477,robincl02
David Robinson,37,SAS,NBA,2002-03,64,64,1676,197,420,197,420,0,0,152,214,163,345,508,61,52,111,83,126,546,0.469,0.469,,0.469,0.71,0.531,robinda01
Eddie Robinson,26,CHI,NBA,2002-03,64,18,1355,155,315,152,301,3,14,51,63,76,124,200,66,62,13,52,120,364,0.492,0.505,0.214,0.497,0.81,0.531,robined01
Glenn Robinson,30,ATL,NBA,2002-03,69,68,2591,539,1248,449,985,90,263,268,306,86,371,457,205,91,26,248,183,1436,0.432,0.456,0.342,0.468,0.876,0.519,robingl01
Rodney Rogers,31,NJN,NBA,2002-03,68,0,1303,183,455,139,323,44,132,68,90,61,202,263,107,50,31,91,192,478,0.402,0.43,0.333,0.451,0.756,0.483,rogerro01
Sean Rooks,33,LAC,NBA,2002-03,70,38,1344,125,297,125,296,0,1,47,58,53,163,216,69,34,44,66,174,297,0.421,0.422,0,0.421,0.81,0.46,rooksse01
Jalen Rose,30,CHI,NBA,2002-03,82,82,3351,642,1583,509,1224,133,359,399,467,68,283,351,395,72,23,285,271,1816,0.406,0.416,0.37,0.448,0.854,0.508,roseja01
Malik Rose,28,SAS,NBA,2002-03,79,13,1933,289,630,287,625,2,5,242,306,148,358,506,124,57,40,170,206,822,0.459,0.459,0.4,0.46,0.791,0.538,rosema01
Guy Rucker,25,GSW,NBA,2002-03,3,0,4,0,0,0,0,0,0,0,0,0,1,1,1,0,0,0,1,0,,,,,,,ruckegu01
Kareem Rush,22,LAL,NBA,2002-03,76,0,872,96,244,77,176,19,68,16,23,26,68,94,68,10,11,63,71,227,0.393,0.438,0.279,0.432,0.696,0.447,rushka01
Bryon Russell,32,WAS,NBA,2002-03,70,23,1388,108,306,62,166,46,140,53,69,43,165,208,72,70,7,55,130,315,0.353,0.373,0.329,0.428,0.768,0.468,russebr01
Arvydas Sabonis,38,POR,NBA,2002-03,78,1,1209,172,361,169,355,3,6,129,164,88,247,335,142,61,49,75,141,476,0.476,0.476,0.5,0.481,0.787,0.549,sabonar01
John Salmons,23,PHI,NBA,2002-03,64,1,504,48,116,38,85,10,31,26,35,16,43,59,47,17,6,29,53,132,0.414,0.447,0.323,0.457,0.743,0.502,salmojo01
Soumaila Samake,24,LAL,NBA,2002-03,13,1,77,10,24,10,24,0,0,2,2,10,13,23,4,0,5,2,13,22,0.417,0.417,,0.417,1,0.442,samakso01
Jamal Sampson,19,MIL,NBA,2002-03,5,0,8,0,2,0,2,0,0,0,0,1,1,2,1,1,0,0,0,0,0,0,,0,,0,sampsja01
Pepe Sanchez,25,DET,NBA,2002-03,9,0,37,0,5,0,5,0,0,0,0,4,2,6,8,5,0,2,3,0,0,0,,0,,0,sanchpe01
Jeryl Sasser,23,ORL,NBA,2002-03,75,4,1025,64,207,51,163,13,44,53,78,64,120,184,65,45,12,39,91,194,0.309,0.313,0.295,0.341,0.679,0.402,sasseje01
Kenny Satterfield,21,TOT,NBA,2002-03,39,6,502,55,183,50,155,5,28,17,25,16,27,43,68,20,2,43,36,132,0.301,0.323,0.179,0.314,0.68,0.34,satteke01
Predrag Savovic,26,DEN,NBA,2002-03,27,0,256,29,93,25,67,4,26,21,29,9,16,25,22,14,1,21,33,83,0.312,0.373,0.154,0.333,0.724,0.392,savovpr01
Brian Scalabrine,24,NJN,NBA,2002-03,59,7,724,68,169,54,130,14,39,30,36,40,101,141,46,16,18,46,77,180,0.402,0.415,0.359,0.444,0.833,0.487,scalabr01
Ansu Sesay,26,SEA,NBA,2002-03,45,4,448,41,107,41,107,0,0,12,21,34,39,73,23,14,5,25,62,94,0.383,0.383,,0.383,0.571,0.404,sesayan01
Brian Shaw,36,LAL,NBA,2002-03,72,0,900,101,261,63,152,38,109,10,15,20,99,119,103,32,13,54,62,250,0.387,0.414,0.349,0.46,0.667,0.467,shawbr01
Paul Shirley,25,ATL,NBA,2002-03,2,0,5,0,4,0,4,0,0,0,0,0,1,1,0,0,0,0,0,0,0,0,,0,,0,shirlpa01
Bobby Simmons,22,WAS,NBA,2002-03,36,2,378,44,112,44,107,0,5,32,35,33,44,77,20,10,3,8,51,120,0.393,0.411,0,0.393,0.914,0.471,simmobo01
Brian Skinner,26,PHI,NBA,2002-03,77,9,1381,182,331,182,331,0,0,97,161,136,230,366,19,47,53,62,176,461,0.55,0.55,,0.55,0.602,0.574,skinnbr01
Reggie Slater,32,MIN,NBA,2002-03,26,0,141,27,50,27,50,0,0,27,45,18,13,31,4,6,1,9,31,81,0.54,0.54,,0.54,0.6,0.58,slatere01
Tamar Slay,22,NJN,NBA,2002-03,36,0,274,39,103,32,78,7,25,7,10,8,23,31,14,14,3,20,31,92,0.379,0.41,0.28,0.413,0.7,0.428,slayta01
Charles Smith,27,POR,NBA,2002-03,3,0,13,1,4,1,3,0,1,3,4,0,0,0,1,1,0,1,3,5,0.25,0.333,0,0.25,0.75,0.434,smithch04
Joe Smith,27,MIN,NBA,2002-03,54,21,1117,151,328,151,326,0,2,102,131,111,159,270,38,14,55,43,171,404,0.46,0.463,0,0.46,0.779,0.524,smithjo02
Steve Smith,33,SAS,NBA,2002-03,53,18,1032,113,291,74,173,39,118,95,114,21,78,99,70,28,9,43,79,360,0.388,0.428,0.331,0.455,0.833,0.528,smithst01
Eric Snow,29,PHI,NBA,2002-03,82,82,3108,361,799,354,767,7,32,325,379,71,230,301,544,133,11,194,235,1054,0.452,0.462,0.219,0.456,0.858,0.546,snower01
Latrell Sprewell,32,NYK,NBA,2002-03,74,73,2859,454,1127,320,767,134,360,173,218,45,240,285,332,102,22,172,134,1215,0.403,0.417,0.372,0.462,0.794,0.497,sprewla01
Jerry Stackhouse,28,WAS,NBA,2002-03,70,70,2747,491,1201,420,956,71,245,455,518,61,197,258,316,65,28,193,130,1508,0.409,0.439,0.29,0.438,0.878,0.528,stackje01
Vladimir Stepania,26,MIA,NBA,2002-03,79,6,1594,185,427,185,427,0,0,71,134,211,343,554,24,45,40,69,169,441,0.433,0.433,,0.433,0.53,0.454,stepavl01
DeShawn Stevenson,21,UTA,NBA,2002-03,61,8,760,114,284,110,272,4,12,47,68,22,63,85,40,22,8,49,57,279,0.401,0.404,0.333,0.408,0.691,0.444,stevede01
Michael Stewart,27,CLE,NBA,2002-03,47,0,251,14,37,14,37,0,0,8,12,19,36,55,6,2,15,10,42,36,0.378,0.378,,0.378,0.667,0.426,stewami01
John Stockton,40,UTA,NBA,2002-03,82,82,2275,309,640,280,560,29,80,237,287,51,150,201,629,137,16,182,184,884,0.483,0.5,0.363,0.505,0.826,0.577,stockjo01
Peja Stojakovic,25,SAC,NBA,2002-03,72,72,2450,497,1034,342,628,155,406,231,264,61,336,397,141,72,5,101,143,1380,0.481,0.545,0.382,0.556,0.875,0.6,stojape01
Damon Stoudamire,29,POR,NBA,2002-03,59,27,1315,156,415,112,301,44,114,53,67,40,115,155,204,39,6,82,67,409,0.376,0.372,0.386,0.429,0.791,0.46,stoudda01
Amar'e Stoudemire,20,PHO,NBA,2002-03,82,71,2570,392,830,390,820,2,10,320,484,250,471,721,78,62,87,189,269,1106,0.472,0.476,0.2,0.473,0.661,0.53,stoudam01
Erick Strickland,29,IND,NBA,2002-03,71,10,1275,163,380,101,220,62,160,70,87,23,122,145,209,38,7,98,111,458,0.429,0.459,0.388,0.511,0.805,0.547,stricer01
Mark Strickland,32,DAL,NBA,2002-03,4,0,13,2,5,2,5,0,0,0,0,5,2,7,0,0,0,1,1,4,0.4,0.4,,0.4,,0.4,stricma01
Rod Strickland,36,MIN,NBA,2002-03,47,8,956,120,278,119,267,1,11,79,107,20,75,95,215,46,6,76,55,320,0.432,0.446,0.091,0.433,0.738,0.492,stricro02
Bruno Sundov,22,BOS,NBA,2002-03,26,0,138,14,56,10,40,4,16,0,2,8,20,28,7,6,3,9,24,32,0.25,0.25,0.25,0.286,0,0.281,sundobr01
Bob Sura,29,GSW,NBA,2002-03,55,0,1130,135,328,107,243,28,85,103,148,58,109,167,177,45,2,82,108,401,0.412,0.44,0.329,0.454,0.696,0.51,surabo01
Stromile Swift,23,MEM,NBA,2002-03,67,26,1478,235,489,235,487,0,2,177,245,114,270,384,45,55,104,99,152,647,0.481,0.483,0,0.481,0.722,0.542,swiftst01
Wally Szczerbiak,25,MIN,NBA,2002-03,52,42,1836,351,729,290,584,61,145,150,173,53,188,241,136,44,22,87,123,913,0.481,0.497,0.421,0.523,0.867,0.567,szczewa02
Maurice Taylor,26,HOU,NBA,2002-03,67,9,1377,231,535,231,533,0,2,100,138,95,143,238,66,22,22,100,151,562,0.432,0.433,0,0.432,0.725,0.472,tayloma01
Jason Terry,25,ATL,NBA,2002-03,81,81,3081,488,1141,328,710,160,431,259,292,37,242,279,600,126,14,249,175,1395,0.428,0.462,0.371,0.498,0.887,0.549,terryja01
Etan Thomas,24,WAS,NBA,2002-03,38,0,513,61,124,61,124,0,0,60,94,70,95,165,3,8,23,33,66,182,0.492,0.492,,0.492,0.638,0.55,thomaet01
Kenny Thomas,25,TOT,NBA,2002-03,66,42,1978,260,559,260,559,0,0,147,197,185,344,529,112,62,28,116,169,667,0.465,0.465,,0.465,0.746,0.517,thomake01
Kurt Thomas,30,NYK,NBA,2002-03,81,81,2577,497,1028,495,1025,2,3,138,184,160,477,637,162,81,97,138,344,1134,0.483,0.483,0.667,0.484,0.75,0.511,thomaku01
Tim Thomas,25,MIL,NBA,2002-03,80,70,2358,412,930,315,665,97,265,145,186,97,292,389,102,70,49,133,257,1066,0.443,0.474,0.366,0.495,0.78,0.527,thomati01
Jamaal Tinsley,24,IND,NBA,2002-03,73,69,2237,220,556,174,390,46,166,80,112,58,202,260,548,125,18,192,201,566,0.396,0.446,0.277,0.437,0.714,0.468,tinslja01
Oscar Torres,26,GSW,NBA,2002-03,17,0,109,16,36,9,23,7,13,14,20,3,9,12,3,4,2,8,9,53,0.444,0.391,0.538,0.542,0.7,0.592,torreos01
Robert Traylor,25,NOH,NBA,2002-03,69,0,851,105,237,104,234,1,3,57,88,108,154,262,50,45,37,53,153,268,0.443,0.444,0.333,0.445,0.648,0.486,traylro01
Gary Trent,28,MIN,NBA,2002-03,80,22,1222,208,389,208,387,0,2,60,101,106,185,291,77,32,23,59,142,476,0.535,0.537,0,0.535,0.594,0.549,trentga01
Jeff Trepagnier,23,DEN,NBA,2002-03,8,0,97,17,40,13,32,4,8,7,7,8,8,16,6,8,0,8,5,45,0.425,0.406,0.5,0.475,1,0.522,trepaje01
Cezary Trybanski,23,MEM,NBA,2002-03,15,0,86,5,20,5,20,0,0,4,10,6,8,14,1,0,6,8,13,14,0.25,0.25,,0.25,0.4,0.287,trybace01
Jake Tsakalidis,23,PHO,NBA,2002-03,33,27,543,61,135,61,135,0,0,39,58,45,77,122,13,6,17,26,80,161,0.452,0.452,,0.452,0.672,0.501,tsakaja01
Nikoloz Tskitishvili,19,DEN,NBA,2002-03,81,16,1320,115,393,78,241,37,152,48,65,64,117,181,91,31,29,84,136,315,0.293,0.324,0.243,0.34,0.738,0.374,tskitni01
Hedo Turkoglu,23,SAC,NBA,2002-03,67,11,1175,165,391,136,313,29,78,88,110,35,153,188,87,25,12,50,125,447,0.422,0.435,0.372,0.459,0.8,0.509,turkohe01
Nick Van Exel,31,DAL,NBA,2002-03,73,1,2026,342,831,224,519,118,312,110,144,35,173,208,312,42,4,123,86,912,0.412,0.432,0.378,0.483,0.764,0.51,vanexni01
Keith Van Horn,27,PHI,NBA,2002-03,74,73,2337,459,952,394,776,65,176,193,240,159,365,524,93,63,30,150,251,1176,0.482,0.508,0.369,0.516,0.804,0.556,vanhoke01
Jacque Vaughn,27,ORL,NBA,2002-03,80,48,1686,184,411,176,377,8,34,97,125,26,92,118,232,64,2,97,169,473,0.448,0.467,0.235,0.457,0.776,0.508,vaughja01
Jake Voskuhl,25,PHO,NBA,2002-03,65,1,947,92,163,92,163,0,0,64,96,97,128,225,36,18,29,48,172,248,0.564,0.564,,0.564,0.667,0.604,voskuja01
Dajuan Wagner,19,CLE,NBA,2002-03,47,24,1385,223,605,168,431,55,174,128,160,20,62,82,130,38,7,85,107,629,0.369,0.39,0.316,0.414,0.8,0.466,wagneda02
Antoine Walker,26,BOS,NBA,2002-03,78,78,3235,603,1554,415,972,188,582,176,286,99,464,563,373,116,31,260,221,1570,0.388,0.427,0.323,0.449,0.615,0.467,walkean02
Samaki Walker,26,LAL,NBA,2002-03,67,39,1243,115,274,115,273,0,1,66,101,115,253,368,64,20,55,56,143,296,0.42,0.421,0,0.42,0.653,0.465,walkesa01
Ben Wallace,28,DET,NBA,2002-03,73,73,2873,210,437,209,431,1,6,85,189,293,833,1126,120,104,230,88,179,506,0.481,0.485,0.167,0.482,0.45,0.486,wallabe01
Gerald Wallace,20,SAC,NBA,2002-03,47,7,571,90,183,89,179,1,4,39,74,38,90,128,23,24,15,44,68,220,0.492,0.497,0.25,0.495,0.527,0.51,wallage01
Rasheed Wallace,28,POR,NBA,2002-03,74,74,2684,515,1094,405,787,110,307,200,272,113,435,548,153,70,77,140,223,1340,0.471,0.515,0.358,0.521,0.735,0.552,wallara01
Charlie Ward,32,NYK,NBA,2002-03,66,6,1465,165,414,64,147,101,267,41,53,25,152,177,306,78,11,95,146,472,0.399,0.435,0.378,0.521,0.774,0.54,wardch01
Earl Watson,23,MEM,NBA,2002-03,79,2,1366,170,391,139,300,31,91,62,86,46,118,164,225,89,14,88,138,433,0.435,0.463,0.341,0.474,0.721,0.505,watsoea01
Clarence Weatherspoon,32,NYK,NBA,2002-03,79,19,2024,186,414,186,414,0,0,149,194,214,385,599,68,69,36,63,174,521,0.449,0.449,,0.449,0.768,0.522,weathcl01
Chris Webber,29,SAC,NBA,2002-03,67,67,2622,661,1433,656,1412,5,21,215,354,160,544,704,364,106,88,215,204,1542,0.461,0.465,0.238,0.463,0.607,0.485,webbech01
Bonzi Wells,26,POR,NBA,2002-03,75,65,2396,437,990,399,860,38,130,226,313,98,296,394,246,123,18,215,220,1138,0.441,0.464,0.292,0.461,0.722,0.505,wellsbo01
Jiri Welsch,23,GSW,NBA,2002-03,37,0,234,19,75,18,71,1,4,22,29,12,16,28,27,8,2,19,32,61,0.253,0.254,0.25,0.26,0.759,0.348,welscji01
David Wesley,32,NOH,NBA,2002-03,73,73,2710,449,1037,315,721,134,316,185,237,38,137,175,251,109,9,132,173,1217,0.433,0.437,0.424,0.498,0.781,0.533,wesleda01
Jahidi White,26,WAS,NBA,2002-03,16,8,230,25,53,25,53,0,0,17,25,37,36,73,2,1,12,9,33,67,0.472,0.472,,0.472,0.68,0.523,whiteja01
Rodney White,22,DEN,NBA,2002-03,72,19,1563,260,638,228,504,32,134,98,125,43,170,213,121,45,32,156,134,650,0.408,0.452,0.239,0.433,0.784,0.469,whitero02
Chris Whitney,31,TOT,NBA,2002-03,51,21,1052,124,349,74,185,50,164,57,69,3,64,67,145,29,2,71,92,355,0.355,0.4,0.305,0.427,0.826,0.468,whitnch01
Chris Wilcox,20,LAC,NBA,2002-03,46,3,479,73,140,73,140,0,0,25,50,32,72,104,21,7,12,26,65,171,0.521,0.521,,0.521,0.5,0.528,wilcoch01
Mike Wilks,23,TOT,NBA,2002-03,46,7,688,50,148,40,113,10,35,37,47,20,51,71,92,27,4,28,69,147,0.338,0.354,0.286,0.372,0.787,0.436,wilksmi01
Aaron Williams,31,NJN,NBA,2002-03,81,0,1597,199,439,199,438,0,1,102,130,137,194,331,88,27,57,85,206,500,0.453,0.454,0,0.453,0.785,0.504,williaa01
Alvin Williams,28,TOR,NBA,2002-03,78,78,2638,396,905,348,759,48,146,187,239,55,190,245,416,111,21,128,170,1027,0.438,0.458,0.329,0.464,0.782,0.508,willial02
Brandon Williams,27,ATL,NBA,2002-03,6,0,19,1,7,1,6,0,1,0,0,2,0,2,0,2,0,3,4,2,0.143,0.167,0,0.143,,0.143,willibr01
Eric Williams,30,BOS,NBA,2002-03,82,79,2350,254,575,217,465,37,110,201,268,143,239,382,140,86,19,97,234,746,0.442,0.467,0.336,0.474,0.75,0.538,willier01
Frank Williams,22,NYK,NBA,2002-03,21,0,167,9,33,3,17,6,16,4,6,3,15,18,34,7,2,17,20,28,0.273,0.176,0.375,0.364,0.667,0.393,willifr02
Jason Williams,27,MEM,NBA,2002-03,76,76,2407,333,859,190,455,143,404,110,131,25,187,212,631,91,10,168,130,919,0.388,0.418,0.354,0.471,0.84,0.501,willija02
Jay Williams,21,CHI,NBA,2002-03,75,54,1961,273,685,208,483,65,202,103,161,27,168,195,350,86,17,171,179,714,0.399,0.431,0.322,0.446,0.64,0.472,willija03
Jerome Williams,29,TOR,NBA,2002-03,71,63,2346,267,535,266,529,1,6,156,281,231,419,650,95,116,26,98,197,691,0.499,0.503,0.167,0.5,0.555,0.525,willije01
Monty Williams,31,PHI,NBA,2002-03,21,2,276,34,80,34,78,0,2,24,32,12,33,45,26,12,5,17,33,92,0.425,0.436,0,0.425,0.75,0.489,willimo01
Scott Williams,34,PHO,NBA,2002-03,69,33,872,120,292,120,290,0,2,33,42,72,121,193,22,27,21,32,159,273,0.411,0.414,0,0.411,0.786,0.44,willisc01
Shammond Williams,27,TOT,NBA,2002-03,78,11,1881,228,579,135,318,93,261,78,102,24,147,171,266,77,6,114,140,627,0.394,0.425,0.356,0.474,0.765,0.503,willish01
Walt Williams,32,DAL,NBA,2002-03,66,1,1161,134,341,70,170,64,171,31,50,53,154,207,59,42,26,35,141,363,0.393,0.412,0.374,0.487,0.62,0.5,williwa02
Corliss Williamson,29,DET,NBA,2002-03,82,1,2061,374,826,372,815,2,11,237,300,147,211,358,104,44,27,126,238,987,0.453,0.456,0.182,0.454,0.79,0.515,willico02
Kevin Willis,40,SAS,NBA,2002-03,71,6,840,123,257,123,255,0,2,51,83,83,143,226,24,20,20,60,120,297,0.479,0.482,0,0.479,0.614,0.506,willike02
Ruben Wolkowyski,29,BOS,NBA,2002-03,7,0,24,2,4,2,3,0,1,1,4,0,1,1,1,0,0,1,3,5,0.5,0.667,0,0.5,0.25,0.434,wolkoru01
Loren Woods,24,MIN,NBA,2002-03,38,11,353,29,76,28,73,1,3,21,27,27,68,95,19,10,13,23,37,80,0.382,0.384,0.333,0.388,0.778,0.455,woodslo01
Qyntel Woods,21,POR,NBA,2002-03,53,0,334,59,118,56,109,3,9,7,20,15,38,53,12,15,1,23,36,128,0.5,0.514,0.333,0.513,0.35,0.505,woodsqy01
Metta World Peace,23,IND,NBA,2002-03,69,67,2317,362,846,291,635,71,211,273,371,101,261,362,198,159,50,145,242,1068,0.428,0.458,0.336,0.47,0.736,0.529,artesro01
Lorenzen Wright,27,MEM,NBA,2002-03,70,49,1982,325,716,325,711,0,5,147,223,170,358,528,80,51,54,110,209,797,0.454,0.457,0,0.454,0.659,0.489,wrighlo02
Vincent Yarbrough,21,DEN,NBA,2002-03,59,39,1381,168,428,147,350,21,78,49,62,36,126,162,130,57,33,81,145,406,0.393,0.42,0.269,0.417,0.79,0.446,yarbrvi01
Wang Zhizhi,25,LAC,NBA,2002-03,41,1,412,62,162,46,115,16,47,42,58,26,51,77,10,8,10,31,41,182,0.383,0.4,0.34,0.432,0.724,0.485,zhizhwa01
Shareef Abdur-Rahim,27,TOT,NBA,2003-04,85,56,2684,501,1054,492,1020,9,34,373,429,189,450,639,174,68,37,184,222,1384,0.475,0.482,0.265,0.48,0.869,0.557,abdursh01
Malik Allen,25,MIA,NBA,2003-04,45,6,616,83,198,83,198,0,0,25,33,42,77,119,16,12,28,27,81,191,0.419,0.419,,0.419,0.758,0.449,allenma01
Ray Allen,28,SEA,NBA,2003-04,56,56,2152,447,1017,299,639,148,378,245,271,69,217,286,268,71,11,156,132,1287,0.44,0.468,0.392,0.512,0.904,0.566,allenra02
Rafer Alston,27,MIA,NBA,2003-04,82,28,2581,287,764,126,330,161,434,103,134,26,200,226,372,114,18,128,212,838,0.376,0.382,0.371,0.481,0.769,0.509,alstora01
Chris Andersen,25,DEN,NBA,2003-04,71,0,1029,90,203,90,202,0,1,63,107,89,209,298,35,34,114,48,119,243,0.443,0.446,0,0.443,0.589,0.486,anderch01
Derek Anderson,29,POR,NBA,2003-04,51,46,1810,230,612,151,353,79,259,155,188,26,156,182,228,66,3,90,79,694,0.376,0.428,0.305,0.44,0.824,0.499,anderde01
Kenny Anderson,33,IND,NBA,2003-04,44,31,905,113,256,112,252,1,4,35,48,19,62,81,125,26,5,50,73,262,0.441,0.444,0.25,0.443,0.729,0.473,anderke01
Shandon Anderson,30,NYK,NBA,2003-04,80,37,1974,238,564,202,436,36,128,123,161,53,169,222,122,68,17,118,182,635,0.422,0.463,0.281,0.454,0.764,0.5,andersh01
Carmelo Anthony,19,DEN,NBA,2003-04,82,82,2995,624,1465,555,1251,69,214,408,525,183,315,498,227,97,41,247,225,1725,0.426,0.444,0.322,0.449,0.777,0.509,anthoca01
Robert Archibald,23,TOT,NBA,2003-04,32,3,256,9,33,9,33,0,0,14,31,21,31,52,13,14,3,10,50,32,0.273,0.273,,0.273,0.452,0.343,archiro01
Gilbert Arenas,22,WAS,NBA,2003-04,55,52,2066,358,914,233,581,125,333,237,317,55,199,254,275,103,12,226,176,1078,0.392,0.401,0.375,0.46,0.748,0.512,arenagi01
Brandon Armstrong,23,NJN,NBA,2003-04,56,0,434,65,175,46,123,19,52,2,4,12,31,43,14,12,2,24,49,151,0.371,0.374,0.365,0.426,0.5,0.427,armstbr01
Darrell Armstrong,35,NOH,NBA,2003-04,79,22,2247,291,736,156,307,135,429,123,144,63,163,226,311,133,16,155,148,840,0.395,0.508,0.315,0.487,0.854,0.525,armstda01
Carlos Arroyo,24,UTA,NBA,2003-04,71,71,2008,339,768,301,651,38,117,181,225,41,144,185,355,63,5,156,165,897,0.441,0.462,0.325,0.466,0.804,0.517,arroyca01
Chucky Atkins,29,TOT,NBA,2003-04,64,24,1544,192,484,111,243,81,241,73,97,9,84,93,223,45,2,92,102,538,0.397,0.457,0.336,0.48,0.753,0.511,atkinch01
Stacey Augmon,35,NOH,NBA,2003-04,69,24,1416,143,347,142,340,1,7,110,139,52,122,174,85,55,15,76,114,397,0.412,0.418,0.143,0.414,0.791,0.486,augmost01
Vin Baker,32,TOT,NBA,2003-04,54,33,1313,208,432,207,429,1,3,114,157,112,168,280,66,29,32,77,160,531,0.481,0.483,0.333,0.483,0.726,0.53,bakervi01
Marcus Banks,22,BOS,NBA,2003-04,81,2,1385,177,442,150,356,27,86,99,131,30,103,133,175,88,13,125,171,480,0.4,0.421,0.314,0.431,0.756,0.48,banksma01
Leandro Barbosa,21,PHO,NBA,2003-04,70,46,1500,210,470,127,260,83,210,47,61,23,100,123,165,93,7,120,184,550,0.447,0.488,0.395,0.535,0.77,0.553,barbole01
Matt Barnes,23,LAC,NBA,2003-04,38,9,724,63,138,61,125,2,13,43,61,53,98,151,48,27,3,44,76,171,0.457,0.488,0.154,0.464,0.705,0.519,barnema02
Dana Barros,36,BOS,NBA,2003-04,1,0,11,2,3,2,3,0,0,2,2,0,0,0,0,0,0,0,2,6,0.667,0.667,,0.667,1,0.773,barroda01
Brent Barry,32,SEA,NBA,2003-04,59,53,1803,215,427,101,175,114,252,91,110,21,183,204,342,85,16,139,121,635,0.504,0.577,0.452,0.637,0.827,0.668,barrybr01
Jon Barry,34,DEN,NBA,2003-04,57,9,1101,120,297,69,159,51,138,60,71,25,98,123,147,57,8,53,66,351,0.404,0.434,0.37,0.49,0.845,0.535,barryjo01
Mengke Bateer,28,TOR,NBA,2003-04,7,0,40,4,7,4,7,0,0,0,0,5,3,8,1,1,0,2,10,8,0.571,0.571,,0.571,,0.571,bateeme01
Tony Battie,27,TOT,NBA,2003-04,73,7,1478,170,384,168,375,2,9,66,89,118,241,359,58,26,67,63,159,408,0.443,0.448,0.222,0.445,0.742,0.482,battito01
Shane Battier,25,MEM,NBA,2003-04,79,1,1947,242,543,177,357,65,186,120,164,102,201,303,101,101,58,56,187,669,0.446,0.496,0.349,0.506,0.732,0.544,battish01
Lonny Baxter,25,TOT,NBA,2003-04,62,5,766,103,209,102,206,1,3,44,76,64,123,187,20,17,29,38,123,251,0.493,0.495,0.333,0.495,0.579,0.518,baxtelo01
Jerome Beasley,23,MIA,NBA,2003-04,2,0,5,1,3,1,3,0,0,0,0,0,1,1,0,0,0,0,0,2,0.333,0.333,,0.333,,0.333,beaslje01
Raja Bell,27,UTA,NBA,2003-04,82,4,2020,329,805,267,639,62,166,195,248,60,181,241,107,63,13,111,262,915,0.409,0.418,0.373,0.447,0.786,0.5,bellra01
Troy Bell,23,MEM,NBA,2003-04,6,0,34,4,18,4,14,0,4,3,3,3,1,4,4,1,0,6,6,11,0.222,0.286,0,0.222,1,0.285,belltr01
Jonathan Bender,23,IND,NBA,2003-04,21,0,271,50,106,41,84,9,22,39,47,9,31,40,9,5,11,33,23,148,0.472,0.488,0.409,0.514,0.83,0.584,bendejo01
Travis Best,31,DAL,NBA,2003-04,61,1,762,64,172,61,152,3,20,40,46,17,51,68,112,31,4,33,66,171,0.372,0.401,0.15,0.381,0.87,0.445,besttr01
Mike Bibby,25,SAC,NBA,2003-04,82,82,2980,527,1170,379,792,148,378,304,373,67,210,277,444,112,18,175,146,1506,0.45,0.479,0.392,0.514,0.815,0.564,bibbymi01
Chauncey Billups,27,DET,NBA,2003-04,78,78,2758,392,996,262,661,130,335,404,460,35,241,276,446,84,8,189,177,1318,0.394,0.396,0.388,0.459,0.878,0.55,billuch01
Steve Blake,23,WAS,NBA,2003-04,75,14,1392,157,407,82,205,75,202,55,67,18,99,117,209,57,7,128,100,444,0.386,0.4,0.371,0.478,0.821,0.509,blakest01
Corie Blount,35,TOT,NBA,2003-04,62,3,1050,115,253,115,250,0,3,15,27,98,177,275,55,49,24,43,135,245,0.455,0.46,0,0.455,0.556,0.462,blounco01
Mark Blount,28,BOS,NBA,2003-04,82,73,2402,342,604,342,604,0,0,159,221,207,382,589,75,80,106,150,253,843,0.566,0.566,,0.566,0.719,0.601,blounma01
Keith Bogans,23,ORL,NBA,2003-04,73,36,1787,183,454,116,267,67,187,65,103,106,211,317,98,46,10,75,128,498,0.403,0.434,0.358,0.477,0.631,0.499,boganke01
Calvin Booth,27,SEA,NBA,2003-04,71,35,1206,135,290,135,288,0,2,75,94,86,194,280,28,17,101,45,150,345,0.466,0.469,0,0.466,0.798,0.521,boothca01
Carlos Boozer,22,CLE,NBA,2003-04,75,75,2592,471,900,470,894,1,6,219,285,230,627,857,148,74,55,134,199,1162,0.523,0.526,0.167,0.524,0.768,0.567,boozeca01
Curtis Borchardt,23,UTA,NBA,2003-04,16,0,258,22,56,22,55,0,1,14,18,13,41,54,15,4,14,18,40,58,0.393,0.4,0,0.393,0.778,0.454,borchcu01
Chris Bosh,19,TOR,NBA,2003-04,75,63,2510,327,712,322,698,5,14,202,288,191,366,557,78,59,106,107,215,861,0.459,0.461,0.357,0.463,0.701,0.513,boshch01
Ruben Boumtje-Boumtje,25,POR,NBA,2003-04,9,0,26,1,5,1,5,0,0,2,2,0,1,1,1,0,1,0,2,4,0.2,0.2,,0.2,1,0.34,boumtru01
Bruce Bowen,32,SAS,NBA,2003-04,82,82,2624,211,502,134,290,77,212,66,114,45,208,253,113,84,33,90,166,565,0.42,0.462,0.363,0.497,0.579,0.512,bowenbr01
Ryan Bowen,28,DEN,NBA,2003-04,52,1,392,18,53,18,53,0,0,10,12,39,48,87,18,18,16,6,47,46,0.34,0.34,,0.34,0.833,0.395,bowenry01
Earl Boykins,27,DEN,NBA,2003-04,82,3,1849,321,766,266,595,55,171,142,162,42,101,143,295,51,3,100,84,839,0.419,0.447,0.322,0.455,0.877,0.501,boykiea01
Michael Bradley,24,TOT,NBA,2003-04,16,1,98,7,15,7,15,0,0,1,2,6,17,23,1,3,0,7,14,15,0.467,0.467,,0.467,0.5,0.472,bradlmi01
Shawn Bradley,31,DAL,NBA,2003-04,66,5,773,89,188,89,187,0,1,41,49,72,101,173,20,33,74,17,130,219,0.473,0.476,0,0.473,0.837,0.523,bradlsh01
Torraye Braggs,27,TOT,NBA,2003-04,15,0,154,16,33,16,33,0,0,8,12,18,21,39,7,4,2,13,29,40,0.485,0.485,,0.485,0.667,0.522,braggto01
Elton Brand,24,LAC,NBA,2003-04,69,68,2670,484,982,484,981,0,1,411,532,269,445,714,227,64,154,193,229,1379,0.493,0.493,0,0.493,0.773,0.567,brandel01
J.R. Bremer,23,TOT,NBA,2003-04,36,2,443,43,158,24,84,19,74,13,20,9,27,36,51,18,4,24,32,118,0.272,0.286,0.257,0.332,0.65,0.354,bremejr01
Jamison Brewer,23,IND,NBA,2003-04,13,1,160,13,35,8,21,5,14,1,6,2,9,11,17,7,0,10,9,32,0.371,0.381,0.357,0.443,0.167,0.425,breweja01
Primoz Brezec,24,IND,NBA,2003-04,18,0,72,12,26,12,26,0,0,4,6,5,10,15,3,0,3,6,13,28,0.462,0.462,,0.462,0.667,0.489,brezepr01
Damone Brown,24,NJN,NBA,2003-04,3,0,17,1,10,1,10,0,0,1,2,3,2,5,0,2,0,1,2,3,0.1,0.1,,0.1,0.5,0.138,brownda02
Devin Brown,25,SAS,NBA,2003-04,58,0,627,85,196,81,182,4,14,60,74,38,92,130,33,15,4,38,61,234,0.434,0.445,0.286,0.444,0.811,0.512,brownde02
Kedrick Brown,22,TOT,NBA,2003-04,55,26,969,117,254,79,155,38,99,17,27,41,105,146,64,30,7,29,80,289,0.461,0.51,0.384,0.535,0.63,0.543,brownke01
Kwame Brown,21,WAS,NBA,2003-04,74,57,2239,288,589,287,587,1,2,228,334,178,372,550,112,66,52,140,144,805,0.489,0.489,0.5,0.49,0.683,0.547,brownkw01
P.J. Brown,34,NOH,NBA,2003-04,80,80,2753,339,712,339,711,0,1,158,185,237,453,690,155,78,73,101,203,836,0.476,0.477,0,0.476,0.854,0.527,brownpj01
Tierre Brown,24,NOH,NBA,2003-04,3,0,17,2,4,2,4,0,0,2,4,0,1,1,2,0,0,7,1,6,0.5,0.5,,0.5,0.5,0.521,brownti01
Rick Brunson,31,TOT,NBA,2003-04,40,0,412,40,105,29,82,11,23,27,31,9,28,37,82,25,3,33,44,118,0.381,0.354,0.478,0.433,0.871,0.497,brunsri01
Kobe Bryant,25,LAL,NBA,2003-04,65,64,2447,516,1178,445,961,71,217,454,533,103,256,359,330,112,28,171,176,1557,0.438,0.463,0.327,0.468,0.852,0.551,bryanko01
Greg Buckner,27,PHI,NBA,2003-04,53,3,703,66,175,54,131,12,44,20,27,28,75,103,45,21,4,34,77,164,0.377,0.412,0.273,0.411,0.741,0.439,buckngr01
Rodney Buford,26,SAC,NBA,2003-04,22,0,141,19,56,19,54,0,2,3,6,6,9,15,7,6,1,4,9,41,0.339,0.352,0,0.339,0.5,0.35,buforro01
Caron Butler,23,MIA,NBA,2003-04,68,56,2030,240,631,230,589,10,42,133,176,92,234,326,126,75,13,91,162,623,0.38,0.39,0.238,0.388,0.756,0.44,butleca01
Mitchell Butler,33,WAS,NBA,2003-04,41,4,552,54,124,43,94,11,30,15,24,24,47,71,32,22,4,24,54,134,0.435,0.457,0.367,0.48,0.625,0.498,butlemi02
Rasual Butler,24,MIA,NBA,2003-04,45,0,675,119,250,69,142,50,108,16,21,4,57,61,23,10,13,28,72,304,0.476,0.486,0.463,0.576,0.762,0.586,butlera01
Zarko Cabarkapa,22,PHO,NBA,2003-04,49,4,570,81,197,75,165,6,32,35,53,26,73,99,40,10,13,54,75,203,0.411,0.455,0.188,0.426,0.66,0.461,cabarza01
Marcus Camby,29,DEN,NBA,2003-04,72,72,2162,262,549,262,547,0,2,98,136,211,516,727,132,86,187,98,239,622,0.477,0.479,0,0.477,0.721,0.511,cambyma01
Elden Campbell,35,DET,NBA,2003-04,65,27,892,138,314,138,314,0,0,85,124,52,157,209,45,21,50,63,137,361,0.439,0.439,,0.439,0.685,0.49,campbel01
Brian Cardinal,26,GSW,NBA,2003-04,76,11,1634,220,466,165,342,55,124,238,271,100,217,317,103,66,20,84,206,733,0.472,0.482,0.444,0.531,0.878,0.626,cardibr01
Matt Carroll,23,TOT,NBA,2003-04,16,0,70,7,16,6,13,1,3,4,6,1,5,6,2,1,0,6,8,19,0.438,0.462,0.333,0.469,0.667,0.51,carroma01
Anthony Carter,28,SAS,NBA,2003-04,5,2,87,11,37,11,34,0,3,0,0,2,9,11,12,4,0,12,9,22,0.297,0.324,0,0.297,,0.297,cartean01
Maurice Carter,27,TOT,NBA,2003-04,10,0,110,11,35,7,24,4,11,16,20,2,9,11,4,0,0,9,10,42,0.314,0.292,0.364,0.371,0.8,0.479,cartema01
Vince Carter,27,TOR,NBA,2003-04,73,73,2785,608,1457,515,1214,93,243,336,417,95,254,349,348,88,65,223,212,1645,0.417,0.424,0.383,0.449,0.806,0.501,cartevi01
Sam Cassell,34,MIN,NBA,2003-04,81,81,2838,620,1270,546,1084,74,186,289,331,44,227,271,592,102,18,220,247,1603,0.488,0.504,0.398,0.517,0.873,0.566,cassesa01
Kelvin Cato,29,HOU,NBA,2003-04,69,67,1743,161,360,161,360,0,0,96,142,153,319,472,72,52,96,84,203,418,0.447,0.447,,0.447,0.676,0.495,catoke01
Tyson Chandler,21,CHI,NBA,2003-04,35,8,782,67,158,67,157,0,1,79,118,82,188,270,23,17,43,38,87,213,0.424,0.427,0,0.424,0.669,0.507,chandty01
Calbert Cheaney,32,GSW,NBA,2003-04,79,7,2067,278,578,278,568,0,10,47,77,77,183,260,136,60,12,85,184,603,0.481,0.489,0,0.481,0.61,0.493,cheanca01
Doug Christie,33,SAC,NBA,2003-04,82,82,2780,317,688,268,546,49,142,148,172,69,260,329,347,151,41,155,186,831,0.461,0.491,0.345,0.496,0.86,0.544,chrisdo01
Keon Clark,28,UTA,NBA,2003-04,2,0,27,2,6,2,6,0,0,0,0,1,6,7,1,1,0,0,1,4,0.333,0.333,,0.333,,0.333,clarkke01
Speedy Claxton,25,GSW,NBA,2003-04,60,29,1595,224,524,220,502,4,22,182,224,38,118,156,267,97,9,102,146,634,0.427,0.438,0.182,0.431,0.813,0.509,claxtsp01
Mateen Cleaves,26,CLE,NBA,2003-04,4,2,92,7,23,7,22,0,1,1,2,1,6,7,19,4,2,5,13,15,0.304,0.318,0,0.304,0.5,0.314,cleavma01
Derrick Coleman,36,PHI,NBA,2003-04,34,30,843,107,259,99,223,8,36,49,65,45,147,192,46,23,26,57,79,271,0.413,0.444,0.222,0.429,0.754,0.471,colemde01
Bimbo Coles,35,MIA,NBA,2003-04,22,1,170,12,34,12,34,0,0,4,6,2,8,10,15,3,0,9,27,28,0.353,0.353,,0.353,0.667,0.382,colesbi01
Jason Collier,26,ATL,NBA,2003-04,20,16,545,79,165,78,161,1,4,67,85,36,75,111,17,11,11,31,71,226,0.479,0.484,0.25,0.482,0.788,0.558,collija02
Jarron Collins,25,UTA,NBA,2003-04,81,31,1732,147,295,147,294,0,1,188,262,117,199,316,77,26,18,79,255,482,0.498,0.5,0,0.498,0.718,0.587,collija03
Jason Collins,25,NJN,NBA,2003-04,78,78,2220,163,384,163,382,0,2,136,184,143,257,400,153,67,56,97,251,462,0.424,0.427,0,0.424,0.739,0.497,collija04
Brian Cook,23,LAL,NBA,2003-04,35,2,442,67,141,67,136,0,5,21,28,31,70,101,20,16,16,17,64,155,0.475,0.493,0,0.475,0.75,0.505,cookbr01
Omar Cook,22,POR,NBA,2003-04,17,0,139,7,27,7,26,0,1,0,0,3,3,6,24,10,0,10,14,14,0.259,0.269,0,0.259,,0.259,cookom01
Chris Crawford,28,ATL,NBA,2003-04,56,25,1207,211,471,167,358,44,113,103,119,58,117,175,45,37,20,55,131,569,0.448,0.466,0.389,0.495,0.866,0.544,crawfch01
Jamal Crawford,23,CHI,NBA,2003-04,80,73,2811,509,1318,344,797,165,521,200,240,46,237,283,405,111,29,193,161,1383,0.386,0.432,0.317,0.449,0.833,0.486,crawfja01
Austin Croshere,28,IND,NBA,2003-04,77,0,1051,119,307,63,163,56,144,93,104,60,183,243,52,24,14,55,101,387,0.388,0.387,0.389,0.479,0.894,0.549,croshau01
Eddy Curry,21,CHI,NBA,2003-04,73,63,2154,417,840,416,839,1,1,235,350,143,308,451,68,24,83,177,258,1070,0.496,0.496,1,0.497,0.671,0.538,curryed01
Michael Curry,35,TOR,NBA,2003-04,70,15,1229,76,196,73,181,3,15,49,58,22,65,87,53,23,5,48,153,204,0.388,0.403,0.2,0.395,0.845,0.46,currymi01
Samuel Dalembert,22,PHI,NBA,2003-04,82,53,2197,270,499,270,498,0,1,112,174,194,432,626,21,44,189,86,273,652,0.541,0.542,0,0.541,0.644,0.566,dalemsa01
Erick Dampier,28,GSW,NBA,2003-04,74,74,2403,348,650,348,648,0,2,217,332,344,543,887,60,33,137,131,227,913,0.535,0.537,0,0.535,0.654,0.573,dampier01
Antonio Daniels,28,SEA,NBA,2003-04,71,32,1512,187,398,145,282,42,116,155,184,23,119,142,298,45,6,61,64,571,0.47,0.514,0.362,0.523,0.842,0.596,daniean01
Marquis Daniels,23,DAL,NBA,2003-04,56,15,1039,203,411,192,375,11,36,60,78,66,80,146,116,53,12,44,51,477,0.494,0.512,0.306,0.507,0.769,0.536,daniema01
Antonio Davis,35,TOT,NBA,2003-04,80,79,2570,266,660,266,660,0,0,176,230,207,464,671,137,37,65,114,206,708,0.403,0.403,,0.403,0.765,0.465,davisan01
Baron Davis,24,NOH,NBA,2003-04,67,66,2686,554,1402,367,820,187,582,237,352,66,221,287,501,158,27,215,178,1532,0.395,0.448,0.321,0.462,0.673,0.492,davisba01
Dale Davis,34,POR,NBA,2003-04,76,37,1682,133,281,133,281,0,0,65,106,158,240,398,72,43,62,40,154,331,0.473,0.473,,0.473,0.613,0.505,davisda01
Hubert Davis,33,TOT,NBA,2003-04,17,0,78,1,11,1,10,0,1,2,2,2,6,8,4,2,0,3,12,4,0.091,0.1,0,0.091,1,0.168,davishu01
Josh Davis,23,ATL,NBA,2003-04,4,1,23,2,5,2,3,0,2,1,1,1,4,5,0,0,0,2,3,5,0.4,0.667,0,0.4,1,0.46,davisjo02
Ricky Davis,24,TOT,NBA,2003-04,79,27,2474,446,950,394,810,52,140,196,273,77,281,358,259,96,22,189,171,1140,0.469,0.486,0.371,0.497,0.718,0.533,davisri01
Andrew DeClercq,30,ORL,NBA,2003-04,71,53,1211,93,195,93,195,0,0,44,54,131,186,317,44,47,32,54,217,230,0.477,0.477,,0.477,0.815,0.526,declean01
Tony Delk,30,DAL,NBA,2003-04,33,11,509,70,184,50,118,20,66,37,44,16,43,59,28,27,7,17,46,197,0.38,0.424,0.303,0.435,0.841,0.484,delkto01
Derrick Dial,28,ORL,NBA,2003-04,9,0,86,9,28,7,19,2,9,6,8,5,8,13,2,6,0,1,6,26,0.321,0.368,0.222,0.357,0.75,0.412,dialde01
Boris Diaw,21,ATL,NBA,2003-04,76,37,1919,140,313,134,287,6,26,56,93,111,231,342,182,59,37,126,191,342,0.447,0.467,0.231,0.457,0.602,0.483,diawbo01
Dan Dickau,25,TOT,NBA,2003-04,43,0,294,37,98,27,68,10,30,11,14,7,19,26,38,17,0,26,44,95,0.378,0.397,0.333,0.429,0.786,0.456,dickada01
Kaniel Dickens,25,POR,NBA,2003-04,3,0,12,3,3,3,3,0,0,1,2,2,0,2,0,0,0,1,3,7,1,1,,1,0.5,0.902,dickeka01
DeSagana Diop,22,CLE,NBA,2003-04,56,3,730,57,147,57,147,0,0,12,20,72,127,199,34,26,51,29,116,126,0.388,0.388,,0.388,0.6,0.404,diopde01
Vlade Divac,35,SAC,NBA,2003-04,81,81,2317,314,668,312,655,2,13,170,260,136,327,463,432,57,77,173,222,800,0.47,0.476,0.154,0.472,0.654,0.511,divacvl01
Juan Dixon,25,WAS,NBA,2003-04,71,16,1478,247,637,188,439,59,198,111,139,30,118,148,137,82,4,104,111,664,0.388,0.428,0.298,0.434,0.799,0.476,dixonju01
Michael Doleac,26,TOT,NBA,2003-04,72,0,1029,140,322,140,322,0,0,45,52,88,177,265,44,23,36,48,142,325,0.435,0.435,,0.435,0.865,0.471,doleami01
Keyon Dooling,23,LAC,NBA,2003-04,58,24,1137,137,352,129,306,8,46,78,94,17,62,79,130,45,6,65,108,360,0.389,0.422,0.174,0.401,0.83,0.458,doolike01
Bryce Drew,29,NOH,NBA,2003-04,15,0,78,4,18,3,11,1,7,3,3,0,6,6,13,4,0,8,1,12,0.222,0.273,0.143,0.25,1,0.311,drewbr01
Predrag Drobnjak,28,LAC,NBA,2003-04,61,14,949,149,379,138,343,11,36,73,86,54,142,196,39,22,24,48,85,382,0.393,0.402,0.306,0.408,0.849,0.458,drobnpr01
Tim Duncan,27,SAS,NBA,2003-04,69,68,2527,592,1181,590,1169,2,12,352,588,227,632,859,213,62,185,183,164,1538,0.501,0.505,0.167,0.502,0.599,0.534,duncati01
Mike Dunleavy,23,GSW,NBA,2003-04,75,69,2336,323,720,229,466,94,254,137,185,87,355,442,220,68,13,143,169,877,0.449,0.491,0.37,0.514,0.741,0.547,dunlemi02
Ronald Dupree,23,CHI,NBA,2003-04,47,8,893,111,282,107,273,4,9,66,105,55,112,167,55,32,18,51,134,292,0.394,0.392,0.444,0.401,0.629,0.445,duprero01
Ndudi Ebi,19,MIN,NBA,2003-04,17,0,32,6,14,6,14,0,0,1,4,2,1,3,3,0,4,3,6,13,0.429,0.429,,0.429,0.25,0.412,ebind01
Howard Eisley,31,TOT,NBA,2003-04,67,23,1457,166,451,114,288,52,163,76,89,20,109,129,273,56,5,98,137,460,0.368,0.396,0.319,0.426,0.854,0.469,eisleho01
Francisco Elson,27,DEN,NBA,2003-04,62,14,875,94,199,94,198,0,1,30,45,65,138,203,32,35,39,35,145,218,0.472,0.475,0,0.472,0.667,0.498,elsonfr01
Melvin Ely,25,LAC,NBA,2003-04,42,2,510,66,153,66,152,0,1,25,42,48,53,101,22,9,17,20,68,157,0.431,0.434,0,0.431,0.595,0.458,elyme01
Reggie Evans,23,SEA,NBA,2003-04,75,27,1280,67,165,67,162,0,3,83,148,156,252,408,33,54,10,65,176,217,0.406,0.414,0,0.406,0.561,0.471,evansre01
Desmond Ferguson,26,POR,NBA,2003-04,7,0,32,5,12,2,4,3,8,0,2,0,4,4,1,0,0,1,0,13,0.417,0.5,0.375,0.542,0,0.505,fergude01
Michael Finley,30,DAL,NBA,2003-04,72,72,2778,514,1159,364,789,150,370,164,193,78,247,325,212,84,39,83,118,1342,0.443,0.461,0.405,0.508,0.85,0.539,finlemi01
Derek Fisher,29,LAL,NBA,2003-04,82,3,1769,203,576,151,397,52,179,122,153,30,122,152,187,103,4,79,115,580,0.352,0.38,0.291,0.398,0.797,0.451,fishede01
Marcus Fizer,25,CHI,NBA,2003-04,46,2,738,134,350,132,333,2,17,90,120,61,141,202,43,16,8,51,97,360,0.383,0.396,0.118,0.386,0.75,0.447,fizerma01
Alton Ford,22,HOU,NBA,2003-04,9,0,41,6,11,6,11,0,0,3,6,3,8,11,3,0,1,3,9,15,0.545,0.545,,0.545,0.5,0.55,fordal02
T.J. Ford,20,MIL,NBA,2003-04,55,55,1472,153,398,148,377,5,21,80,98,37,140,177,356,60,3,139,123,391,0.384,0.393,0.238,0.391,0.816,0.443,fordtj01
Danny Fortson,27,DAL,NBA,2003-04,56,20,625,71,139,71,139,0,0,75,92,114,136,250,9,12,11,37,148,217,0.511,0.511,,0.511,0.815,0.605,fortsda01
Jeff Foster,27,IND,NBA,2003-04,82,79,1961,197,362,197,358,0,4,103,154,248,362,610,64,71,27,60,189,497,0.544,0.55,0,0.544,0.669,0.578,fosteje01
Tremaine Fowlkes,27,DET,NBA,2003-04,36,0,261,15,48,14,40,1,8,13,18,18,35,53,14,9,3,12,37,44,0.313,0.35,0.125,0.323,0.722,0.393,fowlktr01
Rick Fox,34,LAL,NBA,2003-04,38,34,846,73,186,58,125,15,61,22,30,29,73,102,98,29,4,48,99,183,0.392,0.464,0.246,0.433,0.733,0.459,foxri01
Adonal Foyle,28,GSW,NBA,2003-04,44,8,572,59,130,59,130,0,0,19,35,54,113,167,17,6,46,21,68,137,0.454,0.454,,0.454,0.543,0.471,foylead01
Richie Frahm,26,SEA,NBA,2003-04,54,0,469,63,139,29,47,34,92,23,26,12,44,56,24,16,4,7,50,183,0.453,0.617,0.37,0.576,0.885,0.608,frahmri01
Steve Francis,26,HOU,NBA,2003-04,79,79,3194,450,1117,377,867,73,250,337,435,116,317,433,493,139,35,294,257,1310,0.403,0.435,0.292,0.436,0.775,0.501,francst01
Hiram Fuller,22,ATL,NBA,2003-04,4,0,43,3,8,3,8,0,0,2,6,4,7,11,2,0,1,4,5,8,0.375,0.375,,0.375,0.333,0.376,fullehi01
Dan Gadzuric,25,MIL,NBA,2003-04,75,0,1260,183,349,183,348,0,1,58,118,126,220,346,28,51,105,45,186,424,0.524,0.526,0,0.524,0.492,0.529,gadzuda01
Reece Gaines,23,ORL,NBA,2003-04,38,1,364,25,86,22,76,3,10,16,25,8,31,39,40,11,2,18,22,69,0.291,0.289,0.3,0.308,0.64,0.356,gainere01
Alex Garcia,23,SAS,NBA,2003-04,2,0,13,1,7,1,7,0,0,1,2,0,0,0,0,2,0,1,0,3,0.143,0.143,,0.143,0.5,0.19,garcial01
Kevin Garnett,27,MIN,NBA,2003-04,82,82,3231,804,1611,793,1568,11,43,368,465,245,894,1139,409,120,178,212,202,1987,0.499,0.506,0.256,0.502,0.791,0.547,garneke01
Pat Garrity,27,ORL,NBA,2003-04,2,0,22,1,3,1,3,0,0,0,0,0,0,0,1,0,0,0,2,2,0.333,0.333,,0.333,,0.333,garripa01
Pau Gasol,23,MEM,NBA,2003-04,78,78,2458,506,1049,502,1034,4,15,365,511,206,394,600,198,44,132,187,185,1381,0.482,0.485,0.267,0.484,0.714,0.542,gasolpa01
Devean George,26,LAL,NBA,2003-04,82,48,1951,233,571,168,385,65,186,73,96,87,245,332,112,81,38,88,189,604,0.408,0.436,0.349,0.465,0.76,0.492,georgde01
Eddie Gill,25,POR,NBA,2003-04,22,0,157,15,36,12,28,3,8,17,20,4,13,17,16,9,1,12,16,50,0.417,0.429,0.375,0.458,0.85,0.558,gilled01
Kendall Gill,35,CHI,NBA,2003-04,56,35,1411,215,548,206,510,9,38,100,136,61,129,190,89,65,16,83,107,539,0.392,0.404,0.237,0.401,0.735,0.443,gillke01
Manu Ginobili,26,SAS,NBA,2003-04,77,38,2260,330,789,242,544,88,245,239,298,86,258,344,291,136,16,161,181,987,0.418,0.445,0.359,0.474,0.802,0.536,ginobma01
Gordan Giricek,26,TOT,NBA,2003-04,73,43,2041,316,724,256,572,60,152,135,158,51,175,226,122,56,15,103,144,827,0.436,0.448,0.395,0.478,0.854,0.521,giricgo01
Dion Glover,25,TOT,NBA,2003-04,69,30,1643,230,589,190,470,40,119,120,156,58,208,266,130,50,19,102,123,620,0.39,0.404,0.336,0.424,0.769,0.471,glovedi01
Anthony Goldwire,32,TOT,NBA,2003-04,11,0,85,7,22,5,14,2,8,1,1,1,6,7,11,5,0,3,5,17,0.318,0.357,0.25,0.364,1,0.379,goldwan01
Drew Gooden,22,ORL,NBA,2003-04,79,17,2134,369,829,360,787,9,42,167,262,160,356,516,89,62,72,126,196,914,0.445,0.457,0.214,0.451,0.637,0.484,goodedr01
Brian Grant,31,MIA,NBA,2003-04,76,76,2303,289,613,289,612,0,1,86,110,174,350,524,69,51,35,82,254,664,0.471,0.472,0,0.471,0.782,0.502,grantbr01
Horace Grant,38,LAL,NBA,2003-04,55,10,1106,92,224,92,223,0,1,39,54,79,154,233,71,24,21,29,70,223,0.411,0.413,0,0.411,0.722,0.45,grantho01
Paul Grant,30,UTA,NBA,2003-04,10,0,98,11,23,11,23,0,0,3,8,7,10,17,3,1,1,7,17,25,0.478,0.478,,0.478,0.375,0.471,grantpa01
Willie Green,22,PHI,NBA,2003-04,53,0,767,143,357,124,296,19,61,59,81,16,49,65,53,26,5,59,83,364,0.401,0.419,0.311,0.427,0.728,0.464,greenwi01
Adrian Griffin,29,HOU,NBA,2003-04,19,1,133,5,18,4,16,1,2,0,4,1,18,19,10,7,2,3,17,11,0.278,0.25,0.5,0.306,0,0.278,griffad01
Tom Gugliotta,34,TOT,NBA,2003-04,55,27,819,70,203,69,199,1,4,20,28,65,122,187,63,31,12,39,81,161,0.345,0.347,0.25,0.347,0.714,0.374,guglito01
Marcus Haislip,23,MIL,NBA,2003-04,31,0,263,36,74,35,72,1,2,20,28,21,32,53,4,6,12,9,25,93,0.486,0.486,0.5,0.493,0.714,0.539,haislma01
Darvin Ham,30,DET,NBA,2003-04,54,2,484,37,75,36,73,1,2,21,35,47,46,93,16,13,8,31,63,96,0.493,0.493,0.5,0.5,0.6,0.531,hamda01
Richard Hamilton,25,DET,NBA,2003-04,78,78,2772,530,1166,512,1098,18,68,297,342,78,201,279,310,103,17,210,222,1375,0.455,0.466,0.265,0.462,0.868,0.522,hamilri01
Zendon Hamilton,28,PHI,NBA,2003-04,46,0,473,51,95,51,95,0,0,67,96,49,97,146,13,8,8,27,74,169,0.537,0.537,,0.537,0.698,0.616,hamilze01
Ben Handlogten,30,UTA,NBA,2003-04,17,0,172,25,47,25,47,0,0,18,27,22,33,55,6,3,4,10,32,68,0.532,0.532,,0.532,0.667,0.577,handlbe01
Travis Hansen,25,ATL,NBA,2003-04,41,4,507,46,130,37,100,9,30,22,27,30,40,70,19,10,9,15,67,123,0.354,0.37,0.3,0.388,0.815,0.433,hansetr01
Anfernee Hardaway,32,TOT,NBA,2003-04,76,14,2095,279,679,249,600,30,79,111,138,69,218,287,176,70,20,107,146,699,0.411,0.415,0.38,0.433,0.804,0.472,hardaan01
Matt Harpring,27,UTA,NBA,2003-04,31,31,1134,193,410,185,377,8,33,108,157,91,156,247,63,22,2,65,102,502,0.471,0.491,0.242,0.48,0.688,0.524,harprma01
Al Harrington,23,IND,NBA,2003-04,79,15,2441,421,909,400,832,21,77,185,252,163,345,508,131,80,22,163,250,1048,0.463,0.481,0.273,0.475,0.734,0.514,harrial01
Othella Harrington,30,NYK,NBA,2003-04,56,3,872,100,202,100,202,0,0,58,78,58,119,177,29,12,14,65,134,258,0.495,0.495,,0.495,0.744,0.546,harriot01
Lucious Harris,33,NJN,NBA,2003-04,69,15,1504,187,463,149,362,38,101,66,78,39,101,140,135,41,2,53,74,478,0.404,0.412,0.376,0.445,0.846,0.481,harrilu01
Jason Hart,25,SAS,NBA,2003-04,53,5,660,71,159,69,150,2,9,33,43,10,69,79,81,28,5,29,59,177,0.447,0.46,0.222,0.453,0.767,0.497,hartja01
Donnell Harvey,23,TOT,NBA,2003-04,60,8,783,89,201,89,198,0,3,61,83,48,116,164,21,24,27,45,129,239,0.443,0.449,0,0.443,0.735,0.503,harvedo01
Udonis Haslem,23,MIA,NBA,2003-04,75,24,1795,205,447,205,444,0,3,140,183,189,284,473,51,33,24,74,197,550,0.459,0.462,0,0.459,0.765,0.521,hasleud01
Trenton Hassell,24,MIN,NBA,2003-04,81,74,2264,177,381,173,368,4,13,48,61,68,189,257,133,36,54,46,200,406,0.465,0.47,0.308,0.47,0.787,0.498,hassetr01
Jarvis Hayes,22,WAS,NBA,2003-04,70,42,2044,278,695,238,564,40,131,77,98,71,193,264,106,71,11,110,157,673,0.4,0.422,0.305,0.429,0.786,0.456,hayesja01
Brendan Haywood,24,WAS,NBA,2003-04,77,59,1484,200,388,200,387,0,1,137,234,186,201,387,43,32,100,80,154,537,0.515,0.517,0,0.515,0.585,0.547,haywobr01
Shane Heal,33,SAS,NBA,2003-04,6,0,72,7,24,3,6,4,18,4,5,1,3,4,5,1,0,5,2,22,0.292,0.5,0.222,0.375,0.8,0.42,healsh01
Alan Henderson,31,ATL,NBA,2003-04,6,0,68,10,21,10,21,0,0,4,6,11,10,21,2,1,2,3,1,24,0.476,0.476,,0.476,0.667,0.508,hendeal01
Nene Hilario,21,DEN,NBA,2003-04,77,77,2504,334,630,334,628,0,2,240,352,154,349,503,168,116,41,183,280,908,0.53,0.532,0,0.53,0.682,0.578,hilarne01
Tyrone Hill,35,MIA,NBA,2003-04,5,0,38,3,5,3,5,0,0,3,4,5,3,8,0,0,1,2,10,9,0.6,0.6,,0.6,0.75,0.666,hillty01
Kirk Hinrich,23,CHI,NBA,2003-04,76,66,2706,318,823,174,454,144,369,135,168,42,217,259,517,101,21,204,276,915,0.386,0.383,0.39,0.474,0.804,0.51,hinriki01
Fred Hoiberg,31,MIN,NBA,2003-04,79,3,1804,178,383,102,211,76,172,98,116,21,247,268,109,66,10,44,136,530,0.465,0.483,0.442,0.564,0.845,0.611,hoibefr01
Robert Horry,33,SAS,NBA,2003-04,81,1,1290,141,348,100,240,41,108,69,107,108,164,272,101,48,49,55,165,392,0.405,0.417,0.38,0.464,0.645,0.496,horryro01
Eddie House,25,LAC,NBA,2003-04,60,10,1188,161,449,110,313,51,136,36,45,28,110,138,148,65,4,63,92,409,0.359,0.351,0.375,0.415,0.8,0.436,houseed01
Allan Houston,32,NYK,NBA,2003-04,50,50,1799,340,781,253,579,87,202,157,172,20,101,121,99,38,2,102,105,924,0.435,0.437,0.431,0.491,0.913,0.539,houstal01
Josh Howard,23,DAL,NBA,2003-04,67,29,1589,229,532,209,466,20,66,97,138,149,219,368,97,69,54,67,168,575,0.43,0.448,0.303,0.449,0.703,0.485,howarjo01
Juwan Howard,30,ORL,NBA,2003-04,81,77,2877,529,1169,529,1168,0,1,318,393,171,399,570,158,54,22,178,284,1376,0.453,0.453,0,0.453,0.809,0.513,howarju01
Troy Hudson,27,MIN,NBA,2003-04,29,1,503,80,207,49,130,31,77,27,33,4,31,35,70,7,0,34,32,218,0.386,0.377,0.403,0.461,0.818,0.492,hudsotr01
Larry Hughes,25,WAS,NBA,2003-04,61,61,2061,401,1009,322,777,79,232,267,335,96,230,326,148,95,26,152,147,1148,0.397,0.414,0.341,0.437,0.797,0.496,hughela01
Ryan Humphrey,24,MEM,NBA,2003-04,2,0,11,1,4,1,3,0,1,0,0,2,1,3,1,1,0,2,3,2,0.25,0.333,0,0.25,,0.25,humphry01
Brandon Hunter,23,BOS,NBA,2003-04,36,12,406,53,116,53,113,0,3,19,43,50,68,118,19,13,1,22,40,125,0.457,0.469,0,0.457,0.442,0.463,huntebr01
Lindsey Hunter,33,DET,NBA,2003-04,33,8,661,49,143,35,93,14,50,5,8,13,54,67,85,39,6,34,45,117,0.343,0.376,0.28,0.392,0.625,0.399,hunteli01
Steven Hunter,22,ORL,NBA,2003-04,59,23,789,82,155,82,155,0,0,23,69,54,116,170,12,5,73,29,101,187,0.529,0.529,,0.529,0.333,0.504,huntest01
Zydrunas Ilgauskas,28,CLE,NBA,2003-04,81,81,2539,466,965,464,958,2,7,303,406,279,374,653,109,39,201,163,277,1237,0.483,0.484,0.286,0.484,0.746,0.541,ilgauzy01
Allen Iverson,28,PHI,NBA,2003-04,48,47,2040,435,1125,378,926,57,199,339,455,34,144,178,324,115,5,209,87,1266,0.387,0.408,0.286,0.412,0.745,0.478,iversal01
Bobby Jackson,30,SAC,NBA,2003-04,50,0,1185,263,592,182,373,81,219,82,109,55,119,174,105,49,8,63,106,689,0.444,0.488,0.37,0.513,0.752,0.538,jacksbo01
Jim Jackson,33,HOU,NBA,2003-04,80,80,3119,382,900,220,495,162,405,107,127,52,435,487,226,86,23,175,227,1033,0.424,0.444,0.4,0.514,0.843,0.54,jacksji01
Marc Jackson,29,PHI,NBA,2003-04,22,13,598,71,171,71,170,0,1,64,81,45,81,126,18,12,6,24,45,206,0.415,0.418,0,0.415,0.79,0.498,jacksma02
Mark Jackson,38,HOU,NBA,2003-04,42,3,577,34,100,27,59,7,41,28,39,10,60,70,119,17,1,53,41,103,0.34,0.458,0.171,0.375,0.718,0.44,jacksma01
Stephen Jackson,25,ATL,NBA,2003-04,80,78,2940,536,1261,391,834,145,427,233,297,97,273,370,244,142,20,223,216,1450,0.425,0.469,0.34,0.483,0.785,0.521,jacksst02
Casey Jacobsen,22,PHO,NBA,2003-04,78,13,1828,150,360,75,180,75,180,91,111,42,159,201,98,48,9,68,144,466,0.417,0.417,0.417,0.521,0.82,0.57,jacobca01
Jerome James,28,SEA,NBA,2003-04,65,24,990,129,259,129,259,0,0,66,100,78,152,230,32,20,60,82,180,324,0.498,0.498,,0.498,0.66,0.535,jamesje01
LeBron James,19,CLE,NBA,2003-04,79,79,3122,622,1492,559,1275,63,217,347,460,99,333,432,465,130,58,273,149,1654,0.417,0.438,0.29,0.438,0.754,0.488,jamesle01
Mike James,28,TOT,NBA,2003-04,81,55,2196,272,657,166,376,106,281,103,127,28,206,234,339,96,3,124,156,753,0.414,0.441,0.377,0.495,0.811,0.528,jamesmi01
Antawn Jamison,27,DAL,NBA,2003-04,82,2,2376,488,913,472,873,16,40,220,294,233,287,520,70,83,30,81,174,1212,0.535,0.541,0.4,0.543,0.748,0.581,jamisan01
Marko Jaric,25,LAC,NBA,2003-04,58,50,1760,185,477,134,327,51,150,74,101,44,131,175,281,93,20,115,132,495,0.388,0.41,0.34,0.441,0.733,0.475,jaricma01
Chris Jefferies,23,TOT,NBA,2003-04,21,2,195,27,72,10,30,17,42,13,20,5,24,29,7,4,7,19,36,84,0.375,0.333,0.405,0.493,0.65,0.52,jeffech01
Richard Jefferson,23,NJN,NBA,2003-04,82,82,3133,555,1115,507,983,48,132,357,468,109,355,464,315,92,28,198,224,1515,0.498,0.516,0.364,0.519,0.763,0.573,jefferi01
Jared Jeffries,22,WAS,NBA,2003-04,82,38,1913,177,469,172,439,5,30,105,171,180,244,424,93,48,28,107,212,464,0.377,0.392,0.167,0.383,0.614,0.426,jeffrja01
Britton Johnsen,24,ORL,NBA,2003-04,20,4,290,17,59,16,47,1,12,7,16,15,30,45,12,7,1,14,28,42,0.288,0.34,0.083,0.297,0.438,0.318,johnsbr01
Anthony Johnson,29,IND,NBA,2003-04,73,7,1598,167,411,126,289,41,122,75,94,28,102,130,202,64,8,75,138,450,0.406,0.436,0.336,0.456,0.798,0.497,johnsan02
Avery Johnson,38,GSW,NBA,2003-04,46,1,637,80,199,80,196,0,3,52,78,3,30,33,111,26,3,51,34,212,0.402,0.408,0,0.402,0.667,0.454,johnsav01
DerMarr Johnson,23,NYK,NBA,2003-04,21,1,287,36,97,23,61,13,36,28,31,5,34,39,11,8,7,16,32,113,0.371,0.377,0.361,0.438,0.903,0.511,johnsde03
Ervin Johnson,36,MIN,NBA,2003-04,66,47,965,55,103,55,102,0,1,17,28,61,171,232,24,27,43,30,156,127,0.534,0.539,0,0.534,0.607,0.551,johnser02
Joe Johnson,22,PHO,NBA,2003-04,82,77,3331,555,1291,472,1019,83,272,174,232,80,305,385,362,93,26,199,177,1367,0.43,0.463,0.305,0.462,0.75,0.491,johnsjo02
Linton Johnson,23,CHI,NBA,2003-04,41,20,734,72,203,65,170,7,33,22,37,59,124,183,27,37,32,37,90,173,0.355,0.382,0.212,0.372,0.595,0.394,johnsli01
Dahntay Jones,23,MEM,NBA,2003-04,20,0,154,15,53,14,49,1,4,5,11,7,16,23,12,5,6,12,23,36,0.283,0.286,0.25,0.292,0.455,0.311,jonesda02
Damon Jones,27,MIL,NBA,2003-04,82,26,2016,210,524,112,251,98,273,55,72,15,155,170,478,30,4,103,92,573,0.401,0.446,0.359,0.494,0.764,0.516,jonesda01
Eddie Jones,32,MIA,NBA,2003-04,81,81,2998,473,1156,296,677,177,479,278,333,38,270,308,258,92,34,129,226,1401,0.409,0.437,0.37,0.486,0.835,0.538,jonesed02
Fred Jones,24,IND,NBA,2003-04,81,2,1508,123,311,96,222,27,89,124,149,25,101,126,173,65,18,73,132,397,0.395,0.432,0.303,0.439,0.832,0.527,jonesfr01
James Jones,23,IND,NBA,2003-04,6,0,26,2,9,1,5,1,4,2,2,0,2,2,0,1,0,0,1,7,0.222,0.2,0.25,0.278,1,0.354,jonesja02
Jumaine Jones,24,BOS,NBA,2003-04,42,2,373,33,96,20,52,13,44,14,23,24,44,68,14,12,9,19,48,93,0.344,0.385,0.295,0.411,0.609,0.438,jonesju01
Popeye Jones,33,GSW,NBA,2003-04,5,0,10,0,2,0,2,0,0,0,0,1,0,1,0,0,0,0,2,0,0,0,,0,,0,jonespo01
Chris Kaman,21,LAC,NBA,2003-04,82,61,1843,200,435,200,433,0,2,99,142,126,335,461,85,23,73,155,211,499,0.46,0.462,0,0.46,0.697,0.502,kamanch01
Jason Kapono,22,CLE,NBA,2003-04,41,3,427,52,129,31,85,21,44,20,24,19,36,55,14,13,2,21,41,145,0.403,0.365,0.477,0.484,0.833,0.519,kaponja01
Jason Kidd,30,NJN,NBA,2003-04,67,66,2450,368,959,274,666,94,293,206,249,85,343,428,618,122,14,214,110,1036,0.384,0.411,0.321,0.433,0.827,0.485,kiddja01
Andrei Kirilenko,22,UTA,NBA,2003-04,78,78,2895,412,931,344,730,68,201,392,496,226,403,629,244,150,215,215,174,1284,0.443,0.471,0.338,0.479,0.79,0.559,kirilan01
Kerry Kittles,29,NJN,NBA,2003-04,82,82,2842,434,959,337,683,97,276,107,136,56,271,327,206,125,40,95,144,1072,0.453,0.493,0.351,0.503,0.787,0.526,kittlke01
Brevin Knight,28,TOT,NBA,2003-04,56,13,1037,105,246,103,238,2,8,49,65,14,98,112,204,84,1,72,107,261,0.427,0.433,0.25,0.431,0.754,0.475,knighbr01
Kyle Korver,22,PHI,NBA,2003-04,74,0,882,115,327,34,120,81,207,19,24,30,81,111,40,25,8,41,102,330,0.352,0.283,0.391,0.476,0.792,0.489,korveky01
Toni Kukoc,35,MIL,NBA,2003-04,73,0,1522,211,506,162,338,49,168,145,199,60,211,271,200,59,21,110,110,616,0.417,0.479,0.292,0.465,0.729,0.519,kukocto01
Christian Laettner,34,WAS,NBA,2003-04,48,18,984,119,256,113,235,6,21,40,50,50,182,232,89,37,28,42,102,284,0.465,0.481,0.286,0.477,0.8,0.511,laettch01
Raef LaFrentz,27,BOS,NBA,2003-04,17,1,328,57,124,49,84,8,40,10,13,30,49,79,24,8,13,11,47,132,0.46,0.583,0.2,0.492,0.769,0.509,lafrera01
Maciej Lampe,18,PHO,NBA,2003-04,21,0,224,43,88,43,84,0,4,10,13,9,35,44,9,3,3,15,28,96,0.489,0.512,0,0.489,0.769,0.512,lampema01
Sean Lampley,24,GSW,NBA,2003-04,10,0,63,13,20,13,20,0,0,8,12,2,9,11,2,0,1,3,2,34,0.65,0.65,,0.65,0.667,0.672,lamplse01
Dan Langhi,26,TOT,NBA,2003-04,6,0,37,5,14,4,12,1,2,2,2,0,4,4,0,0,0,2,7,13,0.357,0.333,0.5,0.393,1,0.437,langhda01
Rusty LaRue,30,GSW,NBA,2003-04,4,0,22,1,3,0,2,1,1,1,2,0,3,3,2,2,0,4,2,4,0.333,0,1,0.5,0.5,0.515,larueru01
Voshon Lenard,30,DEN,NBA,2003-04,73,70,2233,394,933,288,644,106,289,144,182,46,154,200,151,61,12,101,177,1038,0.422,0.447,0.367,0.479,0.791,0.512,lenarvo01
Quincy Lewis,26,MIN,NBA,2003-04,14,0,65,7,20,5,15,2,5,0,0,1,6,7,2,2,2,3,10,16,0.35,0.333,0.4,0.4,,0.4,lewisqu01
Rashard Lewis,24,SEA,NBA,2003-04,80,80,2931,535,1229,390,843,145,386,206,270,133,385,518,175,99,54,135,233,1421,0.435,0.463,0.376,0.494,0.763,0.527,lewisra02
Randy Livingston,28,LAC,NBA,2003-04,4,0,48,2,10,2,7,0,3,4,6,2,5,7,4,2,0,4,7,8,0.2,0.286,0,0.2,0.667,0.316,livinra01
Raul Lopez,23,UTA,NBA,2003-04,82,11,1617,223,517,198,432,25,85,101,117,24,131,155,305,62,2,174,200,572,0.431,0.458,0.294,0.456,0.863,0.503,lopezra01
Tyronn Lue,26,ORL,NBA,2003-04,76,69,2332,309,714,229,505,80,209,101,131,26,161,187,317,61,5,124,185,799,0.433,0.453,0.383,0.489,0.771,0.518,luety01
George Lynch,33,NOH,NBA,2003-04,78,51,1701,149,375,106,236,43,139,34,51,96,216,312,117,48,18,64,159,375,0.397,0.449,0.309,0.455,0.667,0.472,lynchge01
Mark Madsen,28,MIN,NBA,2003-04,72,12,1246,101,204,101,198,0,6,57,118,134,138,272,28,33,18,47,175,259,0.495,0.51,0,0.495,0.483,0.506,madsema01
Corey Maggette,24,LAC,NBA,2003-04,73,72,2628,453,1013,377,782,76,231,526,620,96,334,430,224,65,16,207,217,1508,0.447,0.482,0.329,0.485,0.848,0.586,maggeco01
Jamaal Magloire,25,NOH,NBA,2003-04,82,82,2777,383,809,383,808,0,1,353,470,268,579,847,86,43,101,201,278,1119,0.473,0.474,0,0.473,0.751,0.551,magloja01
Karl Malone,40,LAL,NBA,2003-04,42,42,1373,193,400,193,399,0,1,168,225,61,306,367,163,50,20,103,116,554,0.483,0.484,0,0.483,0.747,0.555,malonka01
Stephon Marbury,26,TOT,NBA,2003-04,81,81,3254,598,1386,511,1112,87,274,356,436,58,205,263,719,129,9,249,172,1639,0.431,0.46,0.318,0.463,0.817,0.519,marbust01
Shawn Marion,25,PHO,NBA,2003-04,79,79,3217,590,1341,500,1076,90,265,228,268,212,525,737,214,167,104,156,203,1498,0.44,0.465,0.34,0.474,0.851,0.513,mariosh01
Donyell Marshall,30,TOT,NBA,2003-04,82,74,2988,470,1020,339,695,131,325,134,182,210,598,808,122,93,124,117,247,1205,0.461,0.488,0.403,0.525,0.736,0.548,marshdo01
Darrick Martin,32,MIN,NBA,2003-04,16,0,172,20,67,14,41,6,26,9,9,2,5,7,23,2,1,7,23,55,0.299,0.341,0.231,0.343,1,0.388,martida01
Kenyon Martin,26,NJN,NBA,2003-04,65,62,2252,439,900,432,875,7,25,201,294,133,484,617,160,95,82,168,230,1086,0.488,0.494,0.28,0.492,0.684,0.528,martike01
Jamal Mashburn,31,NOH,NBA,2003-04,19,18,730,156,398,137,331,19,67,65,80,19,98,117,47,14,5,37,42,396,0.392,0.414,0.284,0.416,0.813,0.457,mashbja01
Desmond Mason,26,MIL,NBA,2003-04,82,31,2534,409,867,400,828,9,39,356,463,93,266,359,152,60,24,148,191,1183,0.472,0.483,0.231,0.477,0.769,0.552,masonde01
Roger Mason,23,TOT,NBA,2003-04,26,3,328,32,98,19,59,13,39,19,22,1,30,31,26,11,6,20,36,96,0.327,0.322,0.333,0.393,0.864,0.446,masonro01
Tony Massenburg,36,SAC,NBA,2003-04,59,0,789,104,219,104,218,0,1,43,63,57,131,188,29,14,18,45,144,251,0.475,0.477,0,0.475,0.683,0.509,masseto01
Walter McCarty,29,BOS,NBA,2003-04,77,23,1900,203,523,66,157,137,366,62,82,28,211,239,124,72,22,91,179,605,0.388,0.42,0.374,0.519,0.756,0.541,mccarwa01
Amal McCaskill,30,PHI,NBA,2003-04,59,3,636,47,117,47,116,0,1,19,27,48,85,133,20,12,20,25,89,113,0.402,0.405,0,0.402,0.704,0.438,mccasam01
Jelani McCoy,26,CLE,NBA,2003-04,2,0,12,0,0,0,0,0,0,0,0,1,3,4,0,0,0,1,4,0,,,,,,,mccoyje01
Antonio McDyess,29,TOT,NBA,2003-04,42,20,927,126,268,126,268,0,0,38,69,70,187,257,36,37,24,57,117,290,0.47,0.47,,0.47,0.551,0.486,mcdyean01
Tracy McGrady,24,ORL,NBA,2003-04,67,67,2675,653,1566,479,1053,174,513,398,500,95,307,402,370,93,42,179,129,1878,0.417,0.455,0.339,0.473,0.796,0.526,mcgratr01
Jeff McInnis,29,TOT,NBA,2003-04,70,57,2365,334,747,288,620,46,127,114,143,33,143,176,430,72,6,120,163,828,0.447,0.465,0.362,0.478,0.797,0.511,mcinnje01
Aaron McKie,31,PHI,NBA,2003-04,75,41,2112,265,577,190,405,75,172,84,111,45,208,253,195,85,23,103,142,689,0.459,0.469,0.436,0.524,0.757,0.55,mckieaa01
Keith McLeod,24,MIN,NBA,2003-04,33,0,391,27,82,26,72,1,10,33,43,5,29,34,59,16,1,29,39,88,0.329,0.361,0.1,0.335,0.767,0.436,mcleoke01
Stanislav Medvedenko,24,LAL,NBA,2003-04,68,38,1442,237,537,237,534,0,3,89,116,148,195,343,57,38,18,59,191,563,0.441,0.444,0,0.441,0.767,0.479,medvest01
Ron Mercer,27,SAS,NBA,2003-04,39,0,516,90,211,88,204,2,7,13,17,10,39,49,22,14,5,26,37,195,0.427,0.431,0.286,0.431,0.765,0.446,mercero01
Chris Mihm,24,TOT,NBA,2003-04,76,17,1330,186,381,186,381,0,0,110,166,156,257,413,21,37,63,90,208,482,0.488,0.488,,0.488,0.663,0.531,mihmch01
Darius Miles,22,TOT,NBA,2003-04,79,56,2079,365,753,358,713,7,40,124,193,112,247,359,162,67,61,130,168,861,0.485,0.502,0.175,0.489,0.642,0.514,milesda01
Darko Milicic,18,DET,NBA,2003-04,34,0,159,17,65,17,64,0,1,14,24,11,32,43,7,7,15,13,33,48,0.262,0.266,0,0.262,0.583,0.318,milicda01
Andre Miller,27,DEN,NBA,2003-04,82,82,2838,430,941,418,876,12,65,342,411,127,239,366,501,142,25,215,194,1214,0.457,0.477,0.185,0.463,0.832,0.541,millean02
Brad Miller,27,SAC,NBA,2003-04,72,53,2621,373,731,361,693,12,38,256,329,191,552,743,312,68,86,144,247,1014,0.51,0.521,0.316,0.518,0.778,0.579,millebr01
Mike Miller,23,MEM,NBA,2003-04,65,65,1770,270,616,190,401,80,215,102,141,42,174,216,232,59,14,107,162,722,0.438,0.474,0.372,0.503,0.723,0.532,millemi01
Oliver Miller,33,MIN,NBA,2003-04,48,1,506,53,100,53,99,0,1,15,23,46,84,130,36,19,26,33,91,121,0.53,0.535,0,0.53,0.652,0.549,milleol01
Reggie Miller,38,IND,NBA,2003-04,80,80,2254,260,594,126,260,134,334,146,165,18,170,188,249,65,11,68,96,800,0.438,0.485,0.401,0.551,0.885,0.6,millere01
Yao Ming,23,HOU,NBA,2003-04,82,82,2692,535,1025,535,1023,0,2,361,446,197,538,735,122,22,156,204,273,1431,0.522,0.523,0,0.522,0.809,0.586,mingya01
Cuttino Mobley,28,HOU,NBA,2003-04,80,80,3229,460,1081,296,661,164,420,176,217,40,322,362,258,107,33,180,179,1260,0.426,0.448,0.39,0.501,0.811,0.535,moblecu01
Nazr Mohammed,26,TOT,NBA,2003-04,80,24,1611,246,472,246,472,0,0,100,169,178,296,474,36,55,52,96,195,592,0.521,0.521,,0.521,0.592,0.542,mohamna01
Jerome Moiso,25,TOR,NBA,2003-04,35,1,417,40,84,40,83,0,1,22,38,41,72,113,8,17,12,25,42,102,0.476,0.482,0,0.476,0.579,0.506,moisoje01
Mikki Moore,28,TOT,NBA,2003-04,32,0,395,50,99,50,99,0,0,30,35,29,55,84,19,7,13,22,65,130,0.505,0.505,,0.505,0.857,0.568,mooremi01
Alonzo Mourning,33,NJN,NBA,2003-04,12,0,215,33,71,33,71,0,0,30,34,8,19,27,8,2,6,10,32,96,0.465,0.465,,0.465,0.882,0.558,mournal01
Troy Murphy,23,GSW,NBA,2003-04,28,0,610,107,243,102,226,5,17,60,80,48,125,173,20,12,17,34,58,279,0.44,0.451,0.294,0.451,0.75,0.501,murphtr01
Lamond Murray,30,TOR,NBA,2003-04,33,4,518,76,215,55,155,21,60,24,35,14,76,90,28,15,7,38,47,197,0.353,0.355,0.35,0.402,0.686,0.428,murrala01
Ronald Murray,24,SEA,NBA,2003-04,82,18,2021,389,915,322,686,67,229,168,235,45,159,204,205,81,28,149,158,1013,0.425,0.469,0.293,0.462,0.715,0.497,murraro01
Tracy Murray,32,POR,NBA,2003-04,7,0,35,3,12,1,7,2,5,0,1,3,2,5,1,1,0,2,3,8,0.25,0.143,0.4,0.333,0,0.322,murratr01
Dikembe Mutombo,37,NYK,NBA,2003-04,65,56,1494,141,295,141,295,0,0,81,119,145,292,437,25,17,123,54,141,363,0.478,0.478,,0.478,0.681,0.523,mutomdi01
Mamadou N'Diaye,28,TOT,NBA,2003-04,28,1,366,27,69,27,69,0,0,44,59,43,69,112,0,8,25,18,59,98,0.391,0.391,,0.391,0.746,0.516,ndiayma02
Bostjan Nachbar,23,HOU,NBA,2003-04,45,3,516,47,132,24,69,23,63,21,29,8,62,70,30,14,14,23,72,138,0.356,0.348,0.365,0.443,0.724,0.477,nachbbo01
Lee Nailon,28,TOT,NBA,2003-04,57,4,780,147,327,147,324,0,3,47,58,64,79,143,38,15,8,45,93,341,0.45,0.454,0,0.45,0.81,0.484,nailole01
Eduardo Najera,27,DAL,NBA,2003-04,58,7,720,72,162,70,158,2,4,30,46,67,89,156,25,35,19,29,90,176,0.444,0.443,0.5,0.451,0.652,0.483,najered01
Steve Nash,29,DAL,NBA,2003-04,78,78,2612,397,845,293,588,104,257,230,251,59,173,232,687,67,8,209,139,1128,0.47,0.498,0.405,0.531,0.916,0.59,nashst01
Rasho Nesterovic,27,SAS,NBA,2003-04,82,82,2353,328,700,328,700,0,0,54,114,257,376,633,114,51,165,107,247,710,0.469,0.469,,0.469,0.474,0.473,nestera01
Ira Newble,29,CLE,NBA,2003-04,64,25,1245,108,276,106,257,2,19,36,46,65,90,155,72,25,19,54,109,254,0.391,0.412,0.105,0.395,0.783,0.429,newblir01
Moochie Norris,30,TOT,NBA,2003-04,66,0,847,80,217,60,159,20,58,54,71,10,55,65,121,44,5,64,51,234,0.369,0.377,0.345,0.415,0.761,0.471,norrimo01
Dirk Nowitzki,25,DAL,NBA,2003-04,77,77,2915,605,1310,506,1020,99,290,371,423,90,580,670,207,92,104,135,216,1680,0.462,0.496,0.341,0.5,0.877,0.561,nowitdi01
Jermaine O'Neal,25,IND,NBA,2003-04,78,78,2788,608,1400,606,1382,2,18,348,460,193,585,778,164,59,199,181,248,1566,0.434,0.438,0.111,0.435,0.757,0.489,onealje01
Shaquille O'Neal,31,LAL,NBA,2003-04,67,67,2464,554,948,554,948,0,0,331,676,246,523,769,196,34,166,195,225,1439,0.584,0.584,,0.584,0.49,0.578,onealsh01
Charles Oakley,40,HOU,NBA,2003-04,7,0,25,2,6,2,6,0,0,5,6,0,5,5,2,0,0,1,8,9,0.333,0.333,,0.333,0.833,0.521,oaklech01
Lamar Odom,24,MIA,NBA,2003-04,80,80,3003,485,1127,424,922,61,205,340,458,160,616,776,327,85,71,236,273,1371,0.43,0.46,0.298,0.457,0.742,0.516,odomla01
Mehmet Okur,24,DET,NBA,2003-04,71,33,1580,251,542,233,494,18,48,162,209,160,261,421,69,36,63,101,138,682,0.463,0.472,0.375,0.48,0.775,0.538,okurme01
Kevin Ollie,31,CLE,NBA,2003-04,82,7,1401,95,257,91,248,4,9,147,176,23,147,170,234,51,8,81,119,341,0.37,0.367,0.444,0.377,0.835,0.51,ollieke01
Michael Olowokandi,28,MIN,NBA,2003-04,43,25,925,121,285,121,285,0,0,36,61,78,167,245,24,16,68,54,137,278,0.425,0.425,,0.425,0.59,0.446,olowomi01
Greg Ostertag,30,UTA,NBA,2003-04,78,51,2153,208,437,208,436,0,1,113,195,221,357,578,123,30,139,99,228,529,0.476,0.477,0,0.476,0.579,0.506,ostergr01
Bo Outlaw,32,MEM,NBA,2003-04,82,1,1606,159,312,159,308,0,4,61,116,125,217,342,90,73,70,69,170,379,0.51,0.516,0,0.51,0.526,0.522,outlabo01
Travis Outlaw,19,POR,NBA,2003-04,8,0,19,3,7,3,7,0,0,2,4,2,2,4,1,1,0,1,1,8,0.429,0.429,,0.429,0.5,0.457,outlatr01
Doug Overton,34,TOT,NBA,2003-04,61,11,1033,99,245,96,222,3,23,23,31,16,70,86,138,26,2,58,89,224,0.404,0.432,0.13,0.41,0.742,0.433,overtdo01
Zaza Pachulia,19,ORL,NBA,2003-04,59,2,664,68,175,68,175,0,0,58,90,69,105,174,13,21,12,34,87,194,0.389,0.389,,0.389,0.644,0.452,pachuza01
Robert Pack,34,NJN,NBA,2003-04,26,0,220,22,52,22,52,0,0,5,6,4,14,18,27,12,1,16,20,49,0.423,0.423,,0.423,0.833,0.448,packro01
Scott Padgett,27,HOU,NBA,2003-04,58,5,547,74,167,46,102,28,65,24,32,46,93,139,23,12,13,22,73,200,0.443,0.451,0.431,0.527,0.75,0.552,padgesc01
Milt Palacio,25,TOR,NBA,2003-04,59,13,1211,104,298,100,272,4,26,45,68,15,87,102,184,41,11,87,90,257,0.349,0.368,0.154,0.356,0.662,0.392,palacmi01
Jannero Pargo,24,TOT,NBA,2003-04,31,1,479,81,199,59,137,22,62,23,27,8,29,37,70,13,6,47,50,207,0.407,0.431,0.355,0.462,0.852,0.491,pargoja01
Tony Parker,21,SAS,NBA,2003-04,75,75,2577,423,946,361,747,62,199,191,272,43,194,237,411,61,7,179,148,1099,0.447,0.483,0.312,0.48,0.702,0.516,parketo01
Cherokee Parks,31,GSW,NBA,2003-04,12,0,64,4,10,4,10,0,0,4,6,4,6,10,1,0,3,2,7,12,0.4,0.4,,0.4,0.667,0.475,parksch02
Ruben Patterson,28,POR,NBA,2003-04,73,1,1651,200,395,198,383,2,12,105,190,129,139,268,139,84,21,105,152,507,0.506,0.517,0.167,0.509,0.553,0.53,patteru01
Sasha Pavlovic,20,UTA,NBA,2003-04,79,14,1144,149,376,130,306,19,70,65,84,44,115,159,60,41,16,67,187,382,0.396,0.425,0.271,0.422,0.774,0.463,pavloal01
Gary Payton,35,LAL,NBA,2003-04,82,82,2825,482,1024,427,859,55,165,180,252,72,270,342,449,96,19,151,169,1199,0.471,0.497,0.333,0.498,0.714,0.528,paytoga01
Anthony Peeler,34,SAC,NBA,2003-04,75,0,1391,156,348,88,207,68,141,51,61,31,122,153,120,56,10,77,103,431,0.448,0.425,0.482,0.546,0.836,0.575,peelean01
Desmond Penigar,22,ORL,NBA,2003-04,10,0,89,14,28,14,28,0,0,4,4,6,18,24,3,2,2,6,14,32,0.5,0.5,,0.5,1,0.538,penigde01
Kirk Penney,23,MIA,NBA,2003-04,2,0,18,1,6,0,3,1,3,0,0,0,1,1,1,1,0,3,1,3,0.167,0,0.333,0.25,,0.25,penneki01
Kendrick Perkins,19,BOS,NBA,2003-04,10,0,35,8,15,8,15,0,0,6,9,5,9,14,3,0,2,5,6,22,0.533,0.533,,0.533,0.667,0.58,perkike01
Wesley Person,32,TOT,NBA,2003-04,58,0,1037,126,314,71,176,55,138,31,39,16,101,117,66,19,9,38,38,338,0.401,0.403,0.399,0.489,0.795,0.51,persowe01
Morris Peterson,26,TOR,NBA,2003-04,82,29,2148,238,587,112,247,126,340,76,94,35,226,261,113,88,14,69,206,678,0.405,0.453,0.371,0.513,0.809,0.539,petermo01
Eric Piatkowski,33,HOU,NBA,2003-04,49,0,703,72,191,29,69,43,122,14,16,10,63,73,26,16,5,29,42,201,0.377,0.42,0.352,0.49,0.875,0.507,piatker01
Paul Pierce,26,BOS,NBA,2003-04,80,80,3099,602,1497,487,1113,115,384,517,631,69,453,522,410,131,52,303,234,1836,0.402,0.438,0.299,0.441,0.819,0.517,piercpa01
Mickael Pietrus,21,GSW,NBA,2003-04,53,22,748,96,231,61,126,35,105,52,75,48,71,119,27,32,12,40,100,279,0.416,0.484,0.333,0.491,0.693,0.528,pietrmi01
Scottie Pippen,38,CHI,NBA,2003-04,23,6,412,53,140,40,92,13,48,17,27,20,48,68,50,21,9,29,38,136,0.379,0.435,0.271,0.425,0.63,0.448,pippesc01
Zoran Planinic,21,NJN,NBA,2003-04,49,1,473,53,129,44,97,9,32,38,60,14,41,55,68,13,3,36,70,153,0.411,0.454,0.281,0.446,0.633,0.492,planizo01
Scot Pollard,28,IND,NBA,2003-04,61,3,678,47,114,47,114,0,0,12,21,67,97,164,10,23,26,22,110,106,0.412,0.412,,0.412,0.571,0.43,pollasc01
Olden Polynice,39,LAC,NBA,2003-04,2,0,12,0,0,0,0,0,0,0,0,1,1,2,1,1,0,4,2,0,,,,,,,polynol01
Mark Pope,31,DEN,NBA,2003-04,4,0,20,1,2,1,2,0,0,0,1,0,3,3,0,1,0,3,8,2,0.5,0.5,,0.5,0,0.41,popema01
James Posey,27,MEM,NBA,2003-04,82,82,2451,368,770,256,480,112,290,278,335,92,311,403,122,137,40,112,248,1126,0.478,0.533,0.386,0.551,0.83,0.614,poseyja01
Vitaly Potapenko,28,SEA,NBA,2003-04,65,39,1419,200,409,200,409,0,0,59,92,101,188,289,53,22,28,77,161,459,0.489,0.489,,0.489,0.641,0.511,potapvi01
Tayshaun Prince,23,DET,NBA,2003-04,82,80,2701,338,723,281,566,57,157,108,141,93,297,390,191,63,69,119,149,841,0.467,0.496,0.363,0.507,0.766,0.536,princta01
Joel Przybilla,24,TOT,NBA,2003-04,17,12,347,18,50,18,50,0,0,13,31,32,79,111,7,5,17,18,53,49,0.36,0.36,,0.36,0.419,0.385,przybjo01
Vladimir Radmanovic,23,SEA,NBA,2003-04,77,38,2321,345,812,205,435,140,377,95,127,104,302,406,142,80,42,109,187,925,0.425,0.471,0.371,0.511,0.748,0.533,radmavl01
Zach Randolph,22,POR,NBA,2003-04,81,80,3067,663,1368,662,1363,1,5,299,393,242,609,851,163,68,41,247,227,1626,0.485,0.486,0.2,0.485,0.761,0.528,randoza01
Theo Ratliff,30,TOT,NBA,2003-04,85,83,2664,266,549,266,549,0,0,140,217,195,419,614,71,54,307,120,300,672,0.485,0.485,,0.485,0.645,0.521,ratlith01
Zeljko Rebraca,31,TOT,NBA,2003-04,24,2,273,34,77,34,77,0,0,23,30,23,35,58,6,5,11,17,52,91,0.442,0.442,,0.442,0.767,0.504,rebraze01
Michael Redd,24,MIL,NBA,2003-04,82,82,3021,633,1439,506,1076,127,363,383,441,118,289,407,185,81,6,116,152,1776,0.44,0.47,0.35,0.484,0.868,0.544,reddmi01
Glen Rice,36,LAC,NBA,2003-04,18,0,262,22,76,17,48,5,28,17,17,9,32,41,24,6,0,13,22,66,0.289,0.354,0.179,0.322,1,0.395,ricegl01
Jason Richardson,23,GSW,NBA,2003-04,78,78,2936,563,1284,486,1011,77,273,258,377,124,400,524,226,86,41,196,182,1461,0.438,0.481,0.282,0.468,0.684,0.504,richaja01
Quentin Richardson,23,LAC,NBA,2003-04,65,64,2338,425,1068,305,727,120,341,151,204,146,268,414,139,67,19,141,130,1121,0.398,0.42,0.352,0.454,0.74,0.484,richaqu01
Luke Ridnour,22,SEA,NBA,2003-04,69,6,1114,145,350,118,270,27,80,65,79,35,73,108,163,52,7,80,105,382,0.414,0.437,0.338,0.453,0.823,0.496,ridnolu01
Clifford Robinson,37,GSW,NBA,2003-04,82,82,2846,366,945,254,631,112,314,123,173,54,268,322,271,68,73,173,237,967,0.387,0.403,0.357,0.447,0.711,0.473,robincl02
Eddie Robinson,27,CHI,NBA,2003-04,51,4,1024,157,326,156,321,1,5,28,43,27,77,104,58,33,10,45,57,343,0.482,0.486,0.2,0.483,0.651,0.497,robined01
Glenn Robinson,31,PHI,NBA,2003-04,42,42,1336,275,614,241,514,34,100,114,137,46,143,189,57,42,9,106,96,698,0.448,0.469,0.34,0.476,0.832,0.518,robingl01
Rodney Rogers,32,NJN,NBA,2003-04,69,15,1409,207,505,157,353,50,152,75,98,100,207,307,137,59,27,98,183,539,0.41,0.445,0.329,0.459,0.765,0.492,rogerro01
Sean Rooks,34,TOT,NBA,2003-04,55,0,595,54,151,54,150,0,1,33,37,24,73,97,29,14,10,22,89,141,0.358,0.36,0,0.358,0.892,0.421,rooksse01
Jalen Rose,31,TOT,NBA,2003-04,66,64,2497,383,952,314,750,69,202,187,231,34,232,266,329,51,22,208,184,1022,0.402,0.419,0.342,0.439,0.81,0.485,roseja01
Malik Rose,29,SAS,NBA,2003-04,67,13,1256,173,404,173,401,0,3,183,225,110,210,320,69,36,24,112,164,529,0.428,0.431,0,0.428,0.813,0.526,rosema01
Michael Ruffin,27,UTA,NBA,2003-04,41,23,733,38,117,38,117,0,0,16,38,78,129,207,41,22,21,42,103,92,0.325,0.325,,0.325,0.421,0.344,ruffimi01
Kareem Rush,23,LAL,NBA,2003-04,72,15,1244,190,432,142,294,48,138,31,52,20,77,97,59,33,20,48,109,459,0.44,0.483,0.348,0.495,0.596,0.505,rushka01
Bryon Russell,33,LAL,NBA,2003-04,72,1,945,98,244,55,132,43,112,50,65,32,114,146,71,32,12,37,110,289,0.402,0.417,0.384,0.49,0.769,0.53,russebr01
John Salmons,24,PHI,NBA,2003-04,77,24,1603,161,416,111,269,50,147,71,92,38,158,196,134,62,16,77,122,443,0.387,0.413,0.34,0.447,0.772,0.485,salmojo01
Jamal Sampson,20,LAL,NBA,2003-04,10,2,130,11,23,11,23,0,0,7,12,23,29,52,7,2,4,6,16,29,0.478,0.478,,0.478,0.583,0.513,sampsja01
Daniel Santiago,27,MIL,NBA,2003-04,54,28,708,78,163,78,163,0,0,61,90,35,97,132,24,19,21,32,98,217,0.479,0.479,,0.479,0.678,0.536,santida01
Brian Scalabrine,25,NJN,NBA,2003-04,69,2,928,86,218,76,177,10,41,58,70,42,131,173,65,21,14,42,113,240,0.394,0.429,0.244,0.417,0.829,0.482,scalabr01
Ansu Sesay,27,SEA,NBA,2003-04,57,2,583,81,178,75,157,6,21,32,46,43,49,92,19,19,20,23,66,200,0.455,0.478,0.286,0.472,0.696,0.504,sesayan01
Paul Shirley,26,CHI,NBA,2003-04,7,0,86,10,23,10,22,0,1,1,3,8,8,16,4,1,1,9,9,21,0.435,0.455,0,0.435,0.333,0.432,shirlpa01
Bobby Simmons,23,LAC,NBA,2003-04,56,8,1376,147,373,145,361,2,12,141,169,115,147,262,96,51,17,73,169,437,0.394,0.402,0.167,0.397,0.834,0.488,simmobo01
Brian Skinner,27,MIL,NBA,2003-04,56,54,1577,255,513,255,513,0,0,79,138,119,292,411,49,30,61,78,165,589,0.497,0.497,,0.497,0.572,0.513,skinnbr01
Tamar Slay,23,NJN,NBA,2003-04,22,0,165,21,60,17,48,4,12,7,14,10,15,25,14,7,1,11,20,53,0.35,0.354,0.333,0.383,0.5,0.401,slayta01
Jabari Smith,26,SAC,NBA,2003-04,31,0,168,26,70,26,67,0,3,12,20,11,20,31,11,2,6,7,25,64,0.371,0.388,0,0.371,0.6,0.406,smithja01
Joe Smith,28,MIL,NBA,2003-04,76,76,2254,311,708,310,703,1,5,207,241,230,413,643,78,47,94,82,209,830,0.439,0.441,0.2,0.44,0.859,0.51,smithjo02
Leon Smith,23,SEA,NBA,2003-04,1,0,4,1,2,1,2,0,0,0,0,1,1,2,0,0,0,0,1,2,0.5,0.5,,0.5,,0.5,smithle01
Steve Smith,34,NOH,NBA,2003-04,71,4,929,119,293,76,186,43,107,77,83,27,54,81,56,15,6,42,91,358,0.406,0.409,0.402,0.48,0.928,0.543,smithst01
Theron Smith,23,MEM,NBA,2003-04,20,0,178,16,43,10,31,6,12,6,8,13,28,41,7,5,5,14,18,44,0.372,0.323,0.5,0.442,0.75,0.473,smithth01
Eric Snow,30,PHI,NBA,2003-04,82,82,2966,295,715,293,697,2,18,252,316,62,219,281,563,97,6,187,213,844,0.413,0.42,0.111,0.414,0.797,0.494,snower01
Darius Songaila,25,SAC,NBA,2003-04,73,7,976,133,273,133,273,0,0,71,88,91,134,225,48,42,12,43,126,337,0.487,0.487,,0.487,0.807,0.541,songada01
Latrell Sprewell,33,MIN,NBA,2003-04,82,82,3100,518,1266,419,967,99,299,240,295,56,254,310,286,88,21,158,101,1375,0.409,0.433,0.331,0.448,0.814,0.493,sprewla01
Jerry Stackhouse,29,WAS,NBA,2003-04,26,17,774,128,321,105,256,23,65,83,103,16,78,94,103,24,3,88,49,362,0.399,0.41,0.354,0.435,0.806,0.494,stackje01
Vladimir Stepania,27,POR,NBA,2003-04,42,2,453,43,103,43,103,0,0,22,36,50,75,125,23,11,15,19,61,108,0.417,0.417,,0.417,0.611,0.454,stepavl01
DeShawn Stevenson,22,TOT,NBA,2003-04,80,78,2444,376,871,357,800,19,71,138,204,79,219,298,158,52,17,120,140,909,0.432,0.446,0.268,0.443,0.676,0.473,stevede01
Michael Stewart,28,TOT,NBA,2003-04,25,2,147,5,12,5,12,0,0,3,4,8,21,29,0,2,10,3,34,13,0.417,0.417,,0.417,0.75,0.472,stewami01
Peja Stojakovic,26,SAC,NBA,2003-04,81,81,3264,665,1386,425,832,240,554,394,425,91,417,508,173,108,14,153,159,1964,0.48,0.511,0.433,0.566,0.927,0.624,stojape01
Damon Stoudamire,30,POR,NBA,2003-04,82,82,3118,408,1018,252,591,156,427,127,145,52,256,308,500,99,9,180,173,1099,0.401,0.426,0.365,0.477,0.876,0.508,stoudda01
Amar'e Stoudemire,21,PHO,NBA,2003-04,55,53,2025,411,865,410,860,1,5,310,435,157,339,496,78,64,89,177,188,1133,0.475,0.477,0.2,0.476,0.713,0.536,stoudam01
Erick Strickland,30,MIL,NBA,2003-04,43,0,571,79,196,50,130,29,66,44,51,13,58,71,90,26,2,54,63,231,0.403,0.385,0.439,0.477,0.863,0.529,stricer01
Rod Strickland,37,TOT,NBA,2003-04,61,10,1197,150,353,140,317,10,36,72,98,34,121,155,244,35,11,85,76,382,0.425,0.442,0.278,0.439,0.735,0.482,stricro02
Bruno Sundov,23,TOT,NBA,2003-04,5,0,33,4,10,4,10,0,0,3,6,2,8,10,1,0,0,3,9,11,0.4,0.4,,0.4,0.5,0.435,sundobr01
Bob Sura,30,TOT,NBA,2003-04,80,18,1663,202,485,181,406,21,79,171,226,100,226,326,233,62,14,105,158,596,0.416,0.446,0.266,0.438,0.757,0.51,surabo01
Mike Sweetney,21,NYK,NBA,2003-04,42,1,494,69,140,69,139,0,1,42,58,68,89,157,14,18,12,32,57,180,0.493,0.496,0,0.493,0.724,0.544,sweetmi01
Stromile Swift,24,MEM,NBA,2003-04,77,10,1528,268,571,267,567,1,4,190,262,141,237,378,38,56,118,88,188,727,0.469,0.471,0.25,0.47,0.725,0.53,swiftst01
Wally Szczerbiak,26,MIN,NBA,2003-04,28,0,622,106,236,86,190,20,46,53,64,24,64,88,33,12,1,28,42,285,0.449,0.453,0.435,0.492,0.828,0.539,szczewa02
Maurice Taylor,27,HOU,NBA,2003-04,75,10,2081,367,765,367,763,0,2,128,174,131,253,384,107,43,47,149,253,862,0.48,0.481,0,0.48,0.736,0.512,tayloma01
Jason Terry,26,ATL,NBA,2003-04,81,78,3018,499,1196,353,775,146,421,215,260,49,287,336,437,124,16,229,192,1359,0.417,0.455,0.347,0.478,0.827,0.519,terryja01
Etan Thomas,25,WAS,NBA,2003-04,79,15,1901,257,526,257,526,0,0,191,295,183,345,528,68,36,123,113,219,705,0.489,0.489,,0.489,0.647,0.538,thomaet01
Kenny Thomas,26,PHI,NBA,2003-04,74,72,2699,381,813,380,808,1,5,243,323,261,489,750,111,82,33,172,219,1006,0.469,0.47,0.2,0.469,0.752,0.527,thomake01
Kurt Thomas,31,NYK,NBA,2003-04,80,75,2548,392,829,392,826,0,3,106,127,145,517,662,149,56,80,132,298,890,0.473,0.475,0,0.473,0.835,0.503,thomaku01
Tim Thomas,26,TOT,NBA,2003-04,66,65,2089,363,813,290,619,73,194,171,218,64,256,320,124,64,20,116,196,970,0.446,0.468,0.376,0.491,0.784,0.534,thomati01
Jamaal Tinsley,25,IND,NBA,2003-04,52,43,1378,153,370,76,163,77,207,49,67,28,108,136,303,84,17,110,132,432,0.414,0.466,0.372,0.518,0.731,0.541,tinslja01
Robert Traylor,26,NOH,NBA,2003-04,71,0,942,145,287,143,282,2,5,70,128,106,156,262,43,39,37,62,161,362,0.505,0.507,0.4,0.509,0.547,0.527,traylro01
Gary Trent,29,MIN,NBA,2003-04,68,2,1025,155,328,155,322,0,6,69,91,83,133,216,49,12,17,54,129,379,0.473,0.481,0,0.473,0.758,0.515,trentga01
Jeff Trepagnier,24,DEN,NBA,2003-04,11,0,96,10,38,8,34,2,4,3,6,6,9,15,4,3,0,6,7,25,0.263,0.235,0.5,0.289,0.5,0.308,trepaje01
Cezary Trybanski,24,TOT,NBA,2003-04,7,0,15,0,4,0,4,0,0,1,2,0,1,1,0,1,1,2,3,1,0,0,,0,0.5,0.102,trybace01
Jake Tsakalidis,24,MEM,NBA,2003-04,40,28,533,67,133,67,133,0,0,36,61,37,91,128,18,9,22,23,79,170,0.504,0.504,,0.504,0.59,0.532,tsakaja01
Nikoloz Tskitishvili,20,DEN,NBA,2003-04,39,0,307,40,122,37,111,3,11,23,29,24,39,63,10,6,8,17,50,106,0.328,0.333,0.273,0.34,0.793,0.393,tskitni01
Hedo Turkoglu,24,SAS,NBA,2003-04,80,44,2073,262,645,161,404,101,241,114,161,52,306,358,154,80,32,94,165,739,0.406,0.399,0.419,0.484,0.708,0.516,turkohe01
Ime Udoka,26,LAL,NBA,2003-04,4,0,28,3,9,3,8,0,1,2,4,1,4,5,2,2,1,3,3,8,0.333,0.375,0,0.333,0.5,0.372,udokaim01
Nick Van Exel,32,GSW,NBA,2003-04,39,29,1255,187,479,141,329,46,150,70,99,16,88,104,206,20,2,78,57,490,0.39,0.429,0.307,0.438,0.707,0.469,vanexni01
Keith Van Horn,28,TOT,NBA,2003-04,72,62,2340,410,903,317,670,93,233,249,290,149,352,501,120,68,33,169,215,1162,0.454,0.473,0.399,0.506,0.859,0.564,vanhoke01
Jacque Vaughn,28,ATL,NBA,2003-04,71,6,1271,107,277,104,257,3,20,53,68,12,104,116,195,44,2,84,126,270,0.386,0.405,0.15,0.392,0.779,0.44,vaughja01
Jake Voskuhl,26,PHO,NBA,2003-04,66,43,1606,152,300,152,300,0,0,134,181,123,220,343,57,42,25,77,258,438,0.507,0.507,,0.507,0.74,0.577,voskuja01
Slavko Vranes,21,POR,NBA,2003-04,1,0,3,0,1,0,1,0,0,0,0,0,0,0,0,0,0,0,1,0,0,0,,0,,0,vranesl01
Dwyane Wade,22,MIA,NBA,2003-04,61,56,2126,371,798,355,745,16,53,233,312,85,162,247,275,86,34,196,140,991,0.465,0.477,0.302,0.475,0.747,0.53,wadedw01
Dajuan Wagner,20,CLE,NBA,2003-04,44,4,708,112,306,81,220,31,86,32,47,9,49,58,51,26,7,41,89,287,0.366,0.368,0.36,0.417,0.681,0.439,wagneda02
Antoine Walker,27,DAL,NBA,2003-04,82,82,2840,483,1129,401,824,82,305,103,186,198,486,684,369,65,65,202,212,1151,0.428,0.487,0.269,0.464,0.554,0.475,walkean02
Samaki Walker,27,MIA,NBA,2003-04,33,0,418,38,99,38,97,0,2,29,44,42,70,112,6,9,11,15,54,105,0.384,0.392,0,0.384,0.659,0.444,walkesa01
Ben Wallace,29,DET,NBA,2003-04,81,81,3050,315,748,314,740,1,8,142,290,324,682,1006,138,143,246,123,162,773,0.421,0.424,0.125,0.422,0.49,0.441,wallabe01
Gerald Wallace,21,SAC,NBA,2003-04,37,1,337,32,89,32,87,0,2,11,24,35,39,74,19,14,14,8,37,75,0.36,0.368,0,0.36,0.458,0.377,wallage01
John Wallace,29,MIA,NBA,2003-04,37,0,368,61,145,56,132,5,13,31,40,12,47,59,14,5,8,24,38,158,0.421,0.424,0.385,0.438,0.775,0.486,wallajo01
Rasheed Wallace,29,TOT,NBA,2003-04,68,66,2390,425,974,343,726,82,248,156,212,102,357,459,156,61,122,119,190,1088,0.436,0.472,0.331,0.478,0.736,0.51,wallara01
Luke Walton,23,LAL,NBA,2003-04,72,2,730,65,153,52,114,13,39,31,44,39,88,127,113,28,8,44,70,174,0.425,0.456,0.333,0.467,0.705,0.505,waltolu01
Charlie Ward,33,TOT,NBA,2003-04,71,10,1252,160,390,76,184,84,206,20,27,12,132,144,215,64,11,96,107,424,0.41,0.413,0.408,0.518,0.741,0.528,wardch01
Earl Watson,24,MEM,NBA,2003-04,81,14,1669,172,464,146,358,26,106,90,138,49,129,178,402,91,19,146,175,460,0.371,0.408,0.245,0.399,0.652,0.438,watsoea01
Clarence Weatherspoon,33,TOT,NBA,2003-04,52,1,868,104,211,104,210,0,1,53,72,74,130,204,30,30,15,35,75,261,0.493,0.495,0,0.493,0.736,0.538,weathcl01
Chris Webber,30,SAC,NBA,2003-04,23,23,831,174,421,173,416,1,5,81,114,48,152,200,105,31,20,60,76,430,0.413,0.416,0.2,0.414,0.711,0.456,webbech01
Bonzi Wells,27,TOT,NBA,2003-04,72,27,1872,363,850,341,781,22,69,138,183,78,182,260,139,91,19,161,197,886,0.427,0.437,0.319,0.44,0.754,0.476,wellsbo01
Jiri Welsch,24,BOS,NBA,2003-04,81,68,2179,262,612,193,431,69,181,153,206,60,236,296,183,101,7,129,176,746,0.428,0.448,0.381,0.484,0.743,0.531,welscji01
David Wesley,33,NOH,NBA,2003-04,61,60,2001,311,800,219,515,92,285,137,182,28,106,134,175,71,14,100,147,851,0.389,0.425,0.323,0.446,0.753,0.483,wesleda01
David West,23,NOH,NBA,2003-04,71,1,930,108,228,108,226,0,2,57,80,117,180,297,60,27,28,48,117,273,0.474,0.478,0,0.474,0.713,0.519,westda01
Jahidi White,27,TOT,NBA,2003-04,62,17,865,99,190,99,190,0,0,63,126,97,164,261,7,25,51,66,176,261,0.521,0.521,,0.521,0.5,0.532,whiteja01
Rodney White,23,DEN,NBA,2003-04,72,0,985,215,468,182,381,33,87,78,104,44,121,165,60,32,20,78,105,541,0.459,0.478,0.379,0.495,0.75,0.527,whitero02
Chris Whitney,32,WAS,NBA,2003-04,16,5,186,17,45,9,27,8,18,5,5,3,12,15,14,6,2,6,6,47,0.378,0.333,0.444,0.467,1,0.498,whitnch01
Chris Wilcox,21,LAC,NBA,2003-04,65,17,1340,227,436,227,435,0,1,105,150,125,180,305,51,29,20,80,183,559,0.521,0.522,0,0.521,0.7,0.557,wilcoch01
Mike Wilks,24,HOU,NBA,2003-04,26,0,145,17,36,11,26,6,10,10,12,3,13,16,17,3,0,7,15,50,0.472,0.423,0.6,0.556,0.833,0.606,wilksmi01
Aaron Williams,32,NJN,NBA,2003-04,72,7,1337,172,342,171,339,1,3,105,155,101,193,294,81,34,46,89,187,450,0.503,0.504,0.333,0.504,0.677,0.549,williaa01
Alvin Williams,29,TOR,NBA,2003-04,56,54,1730,201,496,175,407,26,89,66,85,18,132,150,224,55,10,78,114,494,0.405,0.43,0.292,0.431,0.776,0.463,willial02
Eric Williams,31,TOT,NBA,2003-04,71,36,1886,231,598,196,471,35,127,215,283,65,221,286,120,70,9,88,180,712,0.386,0.416,0.276,0.416,0.76,0.493,willier01
Frank Williams,23,NYK,NBA,2003-04,56,3,714,80,208,62,148,18,60,41,48,8,45,53,121,25,6,63,58,219,0.385,0.419,0.3,0.428,0.854,0.478,willifr02
Jason Williams,28,MEM,NBA,2003-04,72,68,2115,290,713,170,349,120,364,82,98,25,122,147,492,92,5,136,97,782,0.407,0.487,0.33,0.491,0.837,0.517,willija02
Jerome Williams,30,TOT,NBA,2003-04,68,44,1637,158,336,158,328,0,8,106,155,177,298,475,72,90,8,74,134,422,0.47,0.482,0,0.47,0.684,0.522,willije01
Mo Williams,21,UTA,NBA,2003-04,57,0,772,115,303,105,264,10,39,44,56,23,49,72,76,28,2,51,87,284,0.38,0.398,0.256,0.396,0.786,0.433,willima01
Scott Williams,35,TOT,NBA,2003-04,43,21,527,90,186,88,183,2,3,16,27,38,94,132,17,20,16,16,95,198,0.484,0.481,0.667,0.489,0.593,0.5,willisc01
Shammond Williams,28,TOT,NBA,2003-04,53,4,763,87,232,57,132,30,100,51,58,9,51,60,116,37,2,47,62,255,0.375,0.432,0.3,0.44,0.879,0.495,willish01
Corliss Williamson,30,DET,NBA,2003-04,79,0,1574,304,602,304,602,0,0,144,197,88,168,256,57,30,20,113,204,752,0.505,0.505,,0.505,0.731,0.546,willico02
Kevin Willis,41,SAS,NBA,2003-04,48,0,373,70,150,70,149,0,1,24,39,37,61,98,11,21,9,32,61,164,0.467,0.47,0,0.467,0.615,0.491,willike02
Loren Woods,25,MIA,NBA,2003-04,38,2,506,44,96,44,96,0,0,33,55,65,69,134,10,11,19,26,52,121,0.458,0.458,,0.458,0.6,0.503,woodslo01
Qyntel Woods,22,POR,NBA,2003-04,62,8,673,88,237,78,208,10,29,38,60,46,90,136,46,20,14,52,88,224,0.371,0.375,0.345,0.392,0.633,0.425,woodsqy01
Metta World Peace,24,IND,NBA,2003-04,73,71,2714,468,1112,393,870,75,242,322,439,100,285,385,272,152,50,202,194,1333,0.421,0.452,0.31,0.455,0.733,0.511,artesro01
Lorenzen Wright,28,MEM,NBA,2003-04,65,46,1674,257,586,257,581,0,5,96,131,144,301,445,71,45,58,77,192,610,0.439,0.442,0,0.439,0.733,0.474,wrighlo02
Wang Zhizhi,26,TOT,NBA,2003-04,16,0,114,17,46,13,32,4,14,9,10,4,14,18,2,3,5,6,13,47,0.37,0.406,0.286,0.413,0.9,0.466,zhizhwa01
Shareef Abdur-Rahim,28,POR,NBA,2004-05,54,49,1867,337,670,322,631,15,39,220,254,123,269,392,111,49,26,117,150,909,0.503,0.51,0.385,0.514,0.866,0.581,abdursh01
Cory Alexander,31,CHA,NBA,2004-05,16,1,201,16,49,8,30,8,19,9,12,8,21,29,37,9,1,19,29,49,0.327,0.267,0.421,0.408,0.75,0.451,alexaco01
Malik Allen,26,TOT,NBA,2004-05,36,1,519,84,177,84,177,0,0,26,28,40,59,99,18,9,22,18,53,194,0.475,0.475,,0.475,0.929,0.512,allenma01
Ray Allen,29,SEA,NBA,2004-05,78,78,3064,640,1494,431,938,209,556,378,428,79,268,347,289,84,5,171,167,1867,0.428,0.459,0.376,0.498,0.883,0.555,allenra02
Tony Allen,23,BOS,NBA,2004-05,77,34,1262,184,387,172,356,12,31,112,152,85,136,221,64,76,24,77,156,492,0.475,0.483,0.387,0.491,0.737,0.542,allento01
Rafer Alston,28,TOR,NBA,2004-05,80,78,2717,403,974,264,585,139,389,191,258,42,237,279,514,118,7,170,212,1136,0.414,0.451,0.357,0.485,0.74,0.522,alstora01
Chris Andersen,26,NOH,NBA,2004-05,67,2,1430,191,358,191,355,0,3,131,190,137,273,410,71,14,100,64,144,513,0.534,0.538,0,0.534,0.689,0.581,anderch01
Derek Anderson,30,POR,NBA,2004-05,47,32,1239,152,391,94,240,58,151,70,87,25,103,128,143,36,4,70,89,432,0.389,0.392,0.384,0.463,0.805,0.503,anderde01
Kenny Anderson,34,TOT,NBA,2004-05,43,20,743,85,201,79,188,6,13,27,37,24,64,88,103,33,0,49,87,203,0.423,0.42,0.462,0.438,0.73,0.467,anderke01
Shandon Anderson,31,TOT,NBA,2004-05,66,5,1171,98,217,93,188,5,29,54,66,41,150,191,70,40,14,50,138,255,0.452,0.495,0.172,0.463,0.818,0.518,andersh01
Carmelo Anthony,20,DEN,NBA,2004-05,75,75,2608,530,1230,488,1072,42,158,456,573,141,285,426,194,68,30,224,229,1558,0.431,0.455,0.266,0.448,0.796,0.526,anthoca01
Rafael Araujo,24,TOR,NBA,2004-05,59,41,736,76,175,75,172,1,3,43,55,59,126,185,16,21,8,52,157,196,0.434,0.436,0.333,0.437,0.782,0.492,araujra01
Gilbert Arenas,23,WAS,NBA,2004-05,80,80,3274,656,1523,451,961,205,562,521,640,83,295,378,411,139,23,242,245,2038,0.431,0.469,0.365,0.498,0.814,0.565,arenagi01
Trevor Ariza,19,NYK,NBA,2004-05,80,12,1382,172,389,169,376,3,13,121,174,89,153,242,85,70,18,73,150,468,0.442,0.449,0.231,0.446,0.695,0.503,arizatr01
Darrell Armstrong,36,TOT,NBA,2004-05,66,16,988,89,277,61,166,28,111,58,68,35,80,115,178,45,8,67,92,264,0.321,0.367,0.252,0.372,0.853,0.43,armstda01
Carlos Arroyo,25,TOT,NBA,2004-05,70,16,1448,167,429,159,399,8,30,119,149,26,78,104,280,44,4,107,143,461,0.389,0.398,0.267,0.399,0.799,0.466,arroyca01
Chucky Atkins,30,LAL,NBA,2004-05,82,82,2903,388,910,212,455,176,455,163,203,31,166,197,358,73,2,151,181,1115,0.426,0.466,0.387,0.523,0.803,0.558,atkinch01
Stacey Augmon,36,ORL,NBA,2004-05,55,7,663,68,167,68,167,0,0,57,77,45,54,99,36,23,8,31,83,193,0.407,0.407,,0.407,0.74,0.48,augmost01
Maurice Baker,25,TOT,NBA,2004-05,5,0,19,0,1,0,1,0,0,0,0,1,1,2,1,1,0,1,3,0,0,0,,0,,0,bakerma01
Vin Baker,33,TOT,NBA,2004-05,27,0,204,13,42,13,41,0,1,9,17,17,22,39,10,2,4,17,38,35,0.31,0.317,0,0.31,0.529,0.354,bakervi01
Marcus Banks,23,BOS,NBA,2004-05,81,2,1145,115,286,94,227,21,59,121,163,29,97,126,155,63,13,79,146,372,0.402,0.414,0.356,0.439,0.742,0.52,banksma01
Leandro Barbosa,22,PHO,NBA,2004-05,63,6,1087,168,354,117,215,51,139,55,69,32,98,130,126,30,7,87,127,442,0.475,0.544,0.367,0.547,0.797,0.575,barbole01
Matt Barnes,24,SAC,NBA,2004-05,43,9,715,62,151,57,129,5,22,35,58,49,84,133,57,30,7,45,80,164,0.411,0.442,0.227,0.427,0.603,0.465,barnema02
Andre Barrett,22,TOT,NBA,2004-05,38,1,483,45,124,31,72,14,52,14,19,11,29,40,69,19,1,27,51,118,0.363,0.431,0.269,0.419,0.737,0.446,barrean01
Brent Barry,33,SAS,NBA,2004-05,81,8,1742,194,459,94,179,100,280,113,135,29,161,190,178,39,20,64,123,601,0.423,0.525,0.357,0.532,0.837,0.58,barrybr01
Jon Barry,35,TOT,NBA,2004-05,69,2,1505,161,368,90,203,71,165,62,71,26,133,159,167,60,9,67,95,455,0.438,0.443,0.43,0.534,0.873,0.57,barryjo01
Tony Battie,28,ORL,NBA,2004-05,81,32,1894,163,354,163,348,0,6,68,94,109,343,452,42,30,81,81,244,394,0.46,0.468,0,0.46,0.723,0.498,battito01
Shane Battier,26,MEM,NBA,2004-05,80,72,2516,271,613,201,436,70,177,180,228,158,255,413,126,91,77,75,201,792,0.442,0.461,0.395,0.499,0.789,0.555,battish01
Lonny Baxter,26,NOH,NBA,2004-05,4,0,36,3,11,3,11,0,0,0,2,4,4,8,0,0,0,4,10,6,0.273,0.273,,0.273,0,0.253,baxtelo01
Raja Bell,28,UTA,NBA,2004-05,63,32,1790,303,667,249,533,54,134,112,150,48,153,201,91,44,8,79,205,772,0.454,0.467,0.403,0.495,0.747,0.527,bellra01
Jonathan Bender,24,IND,NBA,2004-05,7,0,93,16,40,15,35,1,5,3,6,5,9,14,4,1,2,10,9,36,0.4,0.429,0.2,0.413,0.5,0.422,bendejo01
Travis Best,32,NJN,NBA,2004-05,76,6,1461,190,452,164,367,26,85,108,122,19,88,107,143,66,9,67,148,514,0.42,0.447,0.306,0.449,0.885,0.508,besttr01
Mike Bibby,26,SAC,NBA,2004-05,80,80,3084,560,1264,429,900,131,364,320,413,77,255,332,541,124,30,203,191,1571,0.443,0.477,0.36,0.495,0.775,0.543,bibbymi01
Andris Biedrins,18,GSW,NBA,2004-05,30,1,384,45,78,45,77,0,1,19,40,47,71,118,12,12,24,12,87,109,0.577,0.584,0,0.577,0.475,0.57,biedran01
Chauncey Billups,28,DET,NBA,2004-05,80,80,2866,404,913,239,526,165,387,343,382,48,223,271,464,81,9,180,194,1316,0.442,0.454,0.426,0.533,0.898,0.609,billuch01
Steve Blake,24,WAS,NBA,2004-05,44,1,648,61,186,25,93,36,93,33,41,18,53,71,69,13,0,39,47,191,0.328,0.269,0.387,0.425,0.805,0.468,blakest01
Mark Blount,29,BOS,NBA,2004-05,82,57,2130,327,618,327,617,0,1,117,164,143,254,397,129,33,64,158,229,771,0.529,0.53,0,0.529,0.713,0.559,blounma01
Tony Bobbitt,25,LAL,NBA,2004-05,2,0,12,2,5,1,3,1,2,0,0,0,3,3,0,0,0,0,1,5,0.4,0.333,0.5,0.5,,0.5,bobbito01
Keith Bogans,24,CHA,NBA,2004-05,74,42,1791,262,688,205,515,57,173,133,183,76,150,226,135,68,8,122,167,714,0.381,0.398,0.329,0.422,0.727,0.465,boganke01
Matt Bonner,24,TOR,NBA,2004-05,82,0,1553,247,463,208,371,39,92,56,71,108,177,285,48,39,19,40,220,589,0.533,0.561,0.424,0.576,0.789,0.596,bonnema01
Calvin Booth,28,TOT,NBA,2004-05,51,1,451,49,108,49,107,0,1,26,32,29,78,107,8,15,28,16,78,124,0.454,0.458,0,0.454,0.813,0.508,boothca01
Carlos Boozer,23,UTA,NBA,2004-05,51,51,1772,361,693,361,692,0,1,187,268,141,316,457,144,41,24,137,179,909,0.521,0.522,0,0.521,0.698,0.56,boozeca01
Curtis Borchardt,24,UTA,NBA,2004-05,67,23,859,74,172,74,172,0,0,52,71,86,138,224,49,10,32,52,160,200,0.43,0.43,,0.43,0.732,0.492,borchcu01
Chris Bosh,20,TOR,NBA,2004-05,81,81,3017,473,1005,470,995,3,10,412,542,194,524,718,153,76,113,187,226,1361,0.471,0.472,0.3,0.472,0.76,0.547,boshch01
Bruce Bowen,33,SAS,NBA,2004-05,82,82,2627,251,598,149,345,102,253,71,112,50,235,285,126,55,39,57,175,675,0.42,0.432,0.403,0.505,0.634,0.521,bowenbr01
Ryan Bowen,29,HOU,NBA,2004-05,66,6,604,47,111,44,105,3,6,14,21,21,55,76,18,23,5,7,61,111,0.423,0.419,0.5,0.437,0.667,0.462,bowenry01
Earl Boykins,28,DEN,NBA,2004-05,82,5,2162,340,824,284,658,56,166,279,303,37,106,143,372,78,12,121,122,1015,0.413,0.432,0.337,0.447,0.921,0.53,boykiea01
Michael Bradley,25,TOT,NBA,2004-05,18,0,119,15,24,15,23,0,1,3,8,8,20,28,5,1,2,5,12,33,0.625,0.652,0,0.625,0.375,0.6,bradlmi01
Shawn Bradley,32,DAL,NBA,2004-05,77,14,885,84,186,84,186,0,0,43,63,70,144,214,15,25,63,33,153,211,0.452,0.452,,0.452,0.683,0.494,bradlsh01
Torraye Braggs,28,HOU,NBA,2004-05,7,0,24,3,7,3,7,0,0,0,0,7,5,12,0,0,0,2,4,6,0.429,0.429,,0.429,,0.429,braggto01
Elton Brand,25,LAC,NBA,2004-05,81,81,3001,629,1251,629,1248,0,3,364,484,296,474,770,208,62,169,183,240,1622,0.503,0.504,0,0.503,0.752,0.554,brandel01
Jamison Brewer,24,NYK,NBA,2004-05,18,0,185,11,37,8,22,3,15,6,13,6,16,22,12,8,1,13,11,31,0.297,0.364,0.2,0.338,0.462,0.363,breweja01
Primoz Brezec,25,CHA,NBA,2004-05,72,72,2276,387,756,387,756,0,0,164,220,226,305,531,86,33,55,106,183,938,0.512,0.512,,0.512,0.745,0.55,brezepr01
Damone Brown,25,WAS,NBA,2004-05,14,0,152,23,62,19,51,4,11,4,9,10,18,28,14,1,6,15,17,54,0.371,0.373,0.364,0.403,0.444,0.409,brownda02
Devin Brown,26,SAS,NBA,2004-05,67,0,1238,173,409,128,288,45,121,103,130,37,139,176,92,39,12,53,83,494,0.423,0.444,0.372,0.478,0.792,0.53,brownde02
Kedrick Brown,23,PHI,NBA,2004-05,8,0,55,2,6,2,3,0,3,8,10,1,10,11,4,3,1,5,4,12,0.333,0.667,0,0.333,0.8,0.577,brownke01
Kwame Brown,22,WAS,NBA,2004-05,42,14,908,109,237,109,237,0,0,74,129,72,134,206,39,25,15,67,112,292,0.46,0.46,,0.46,0.574,0.497,brownkw01
P.J. Brown,35,NOH,NBA,2004-05,82,78,2817,338,758,338,758,0,0,210,243,266,471,737,178,74,50,101,233,886,0.446,0.446,,0.446,0.864,0.512,brownpj01
Tierre Brown,25,LAL,NBA,2004-05,76,0,1066,124,348,98,276,26,72,59,75,21,72,93,155,32,1,74,59,333,0.356,0.355,0.361,0.394,0.787,0.437,brownti01
Rick Brunson,32,LAC,NBA,2004-05,80,39,1945,166,442,118,312,48,130,57,74,23,164,187,410,82,7,125,106,437,0.376,0.378,0.369,0.43,0.77,0.46,brunsri01
Kobe Bryant,26,LAL,NBA,2004-05,66,66,2689,573,1324,442,937,131,387,542,664,95,297,392,398,86,53,270,174,1819,0.433,0.472,0.339,0.482,0.816,0.563,bryanko01
Greg Buckner,28,DEN,NBA,2004-05,70,41,1522,160,303,111,182,49,121,63,81,66,142,208,133,75,6,49,169,432,0.528,0.61,0.405,0.609,0.778,0.638,buckngr01
Rodney Buford,27,NJN,NBA,2004-05,64,17,1313,187,489,153,381,34,108,37,45,33,156,189,63,40,4,35,101,445,0.382,0.402,0.315,0.417,0.822,0.437,buforro01
Antonio Burks,24,MEM,NBA,2004-05,24,0,219,28,60,25,49,3,11,14,19,1,11,12,28,13,1,12,25,73,0.467,0.51,0.273,0.492,0.737,0.534,burksan01
Caron Butler,24,LAL,NBA,2004-05,77,77,2746,441,991,403,866,38,125,275,319,146,304,450,146,110,23,125,213,1195,0.445,0.465,0.304,0.464,0.862,0.528,butleca01
Jackie Butler,19,NYK,NBA,2004-05,3,0,5,4,4,4,4,0,0,2,2,0,0,0,0,1,0,1,0,10,1,1,,1,1,1.025,butleja01
Rasual Butler,25,MIA,NBA,2004-05,65,15,1203,163,409,106,256,57,153,37,48,15,136,151,62,18,29,37,104,420,0.399,0.414,0.373,0.468,0.771,0.488,butlera01
Zarko Cabarkapa,23,TOT,NBA,2004-05,40,0,475,86,177,73,141,13,36,53,65,35,67,102,25,10,5,30,59,238,0.486,0.518,0.361,0.523,0.815,0.579,cabarza01
Marcus Camby,30,DEN,NBA,2004-05,66,66,2015,279,600,279,596,0,4,125,173,131,530,661,152,61,199,103,177,683,0.465,0.468,0,0.465,0.723,0.505,cambyma01
Elden Campbell,36,TOT,NBA,2004-05,40,1,390,39,123,39,121,0,2,42,55,28,65,93,19,8,7,29,57,120,0.317,0.322,0,0.317,0.764,0.408,campbel01
Brian Cardinal,27,MEM,NBA,2004-05,58,16,1433,160,432,116,307,44,125,158,181,63,162,225,114,88,19,83,172,522,0.37,0.378,0.352,0.421,0.873,0.51,cardibr01
Geno Carlisle,28,POR,NBA,2004-05,6,0,16,2,3,2,3,0,0,4,6,1,0,1,1,0,0,1,1,8,0.667,0.667,,0.667,0.667,0.709,carlige01
Matt Carroll,24,CHA,NBA,2004-05,25,0,430,70,180,57,141,13,39,71,83,13,47,60,17,17,2,25,37,224,0.389,0.404,0.333,0.425,0.855,0.517,carroma01
Anthony Carter,29,MIN,NBA,2004-05,66,12,742,72,177,70,160,2,17,35,51,12,57,69,161,35,18,62,88,181,0.407,0.438,0.118,0.412,0.686,0.454,cartean01
Vince Carter,28,TOT,NBA,2004-05,77,76,2828,696,1541,569,1228,127,313,367,460,106,295,401,327,109,48,168,243,1886,0.452,0.463,0.406,0.493,0.798,0.541,cartevi01
Sam Cassell,35,MIN,NBA,2004-05,59,38,1522,319,687,292,584,27,103,134,155,25,132,157,301,36,14,109,160,799,0.464,0.5,0.262,0.484,0.865,0.529,cassesa01
Kelvin Cato,30,ORL,NBA,2004-05,62,50,1525,160,297,160,297,0,0,112,143,102,314,416,40,55,82,64,170,432,0.539,0.539,,0.539,0.783,0.6,catoke01
Lionel Chalmers,24,LAC,NBA,2004-05,36,0,433,42,125,30,76,12,49,15,24,4,27,31,51,13,0,24,30,111,0.336,0.395,0.245,0.384,0.625,0.409,chalmli01
Tyson Chandler,22,CHI,NBA,2004-05,80,10,2189,207,419,207,417,0,2,226,336,261,514,775,65,69,141,118,268,640,0.494,0.496,0,0.494,0.673,0.565,chandty01
Calbert Cheaney,33,GSW,NBA,2004-05,55,5,951,113,265,113,262,0,3,24,37,32,92,124,64,17,15,35,95,250,0.426,0.431,0,0.426,0.649,0.444,cheanca01
Josh Childress,21,ATL,NBA,2004-05,80,44,2376,302,642,289,586,13,56,190,231,195,287,482,151,74,35,106,184,807,0.47,0.493,0.232,0.481,0.823,0.543,childjo01
Doug Christie,34,TOT,NBA,2004-05,52,44,1525,130,332,115,270,15,62,70,78,38,139,177,199,80,18,104,106,345,0.392,0.426,0.242,0.414,0.897,0.471,chrisdo01
Speedy Claxton,26,TOT,NBA,2004-05,62,47,1866,257,611,246,550,11,61,187,254,37,147,184,374,109,8,119,184,712,0.421,0.447,0.18,0.43,0.736,0.493,claxtsp01
Mateen Cleaves,27,SEA,NBA,2004-05,14,0,65,5,14,5,12,0,2,3,4,2,4,6,7,2,0,2,2,13,0.357,0.417,0,0.357,0.75,0.412,cleavma01
Derrick Coleman,37,DET,NBA,2004-05,5,0,50,3,14,3,12,0,2,3,3,3,12,15,0,0,0,2,6,9,0.214,0.25,0,0.214,1,0.294,colemde01
Jason Collier,27,ATL,NBA,2004-05,70,44,942,174,376,168,362,6,14,48,71,84,100,184,18,15,13,63,147,402,0.463,0.464,0.429,0.471,0.676,0.494,collija02
Jarron Collins,26,UTA,NBA,2004-05,50,38,961,65,157,65,156,0,1,83,119,57,107,164,61,11,6,34,146,213,0.414,0.417,0,0.414,0.697,0.509,collija03
Jason Collins,26,NJN,NBA,2004-05,80,80,2542,186,451,184,445,2,6,137,209,153,335,488,105,71,71,91,322,511,0.412,0.413,0.333,0.415,0.656,0.471,collija04
Nick Collison,24,SEA,NBA,2004-05,82,4,1396,190,354,190,351,0,3,83,118,156,220,376,32,34,50,62,252,463,0.537,0.541,0,0.537,0.703,0.57,collini01
Brian Cook,24,LAL,NBA,2004-05,72,0,1087,176,422,98,223,78,199,28,37,63,153,216,35,23,26,29,139,458,0.417,0.439,0.392,0.509,0.757,0.522,cookbr01
Omar Cook,23,TOR,NBA,2004-05,5,0,74,10,24,10,20,0,4,3,6,2,5,7,22,6,1,6,6,23,0.417,0.5,0,0.417,0.5,0.432,cookom01
Jamal Crawford,24,NYK,NBA,2004-05,70,67,2688,437,1097,252,585,185,512,182,216,33,170,203,302,92,19,148,135,1241,0.398,0.431,0.361,0.483,0.843,0.521,crawfja01
Austin Croshere,29,IND,NBA,2004-05,73,22,1827,188,497,143,323,45,174,226,256,103,272,375,98,48,17,104,154,647,0.378,0.443,0.259,0.424,0.883,0.531,croshau01
Eddy Curry,22,CHI,NBA,2004-05,63,60,1808,393,730,393,730,0,0,226,314,116,222,338,37,21,58,163,202,1012,0.538,0.538,,0.538,0.72,0.583,curryed01
Michael Curry,36,IND,NBA,2004-05,18,7,249,13,29,13,29,0,0,4,8,8,19,27,15,5,4,5,39,30,0.448,0.448,,0.448,0.5,0.461,currymi01
Samuel Dalembert,23,PHI,NBA,2004-05,72,60,1785,250,477,250,477,0,0,89,148,187,355,542,35,46,121,114,241,589,0.524,0.524,,0.524,0.601,0.543,dalemsa01
Erick Dampier,29,DAL,NBA,2004-05,59,56,1609,202,367,202,364,0,3,138,228,183,318,501,51,15,80,102,205,542,0.55,0.555,0,0.55,0.605,0.58,dampier01
Antonio Daniels,29,SEA,NBA,2004-05,75,2,2026,273,623,224,458,49,165,248,304,20,149,169,309,51,3,78,78,843,0.438,0.489,0.297,0.478,0.816,0.557,daniean01
Erik Daniels,22,SAC,NBA,2004-05,21,0,72,6,18,5,16,1,2,0,0,7,11,18,4,2,0,6,7,13,0.333,0.313,0.5,0.361,,0.361,danieer01
Marquis Daniels,24,DAL,NBA,2004-05,60,17,1412,220,504,213,469,7,35,98,133,87,129,216,128,83,14,86,124,545,0.437,0.454,0.2,0.443,0.737,0.484,daniema01
Antonio Davis,36,CHI,NBA,2004-05,72,62,1843,193,419,193,419,0,0,115,152,152,276,428,80,27,41,96,147,501,0.461,0.461,,0.461,0.757,0.516,davisan01
Baron Davis,25,TOT,NBA,2004-05,46,32,1581,291,752,173,398,118,354,185,243,32,143,175,362,81,14,131,126,885,0.387,0.435,0.333,0.465,0.761,0.515,davisba01
Dale Davis,35,TOT,NBA,2004-05,61,28,1307,112,234,112,234,0,0,60,99,152,223,375,47,32,65,43,162,284,0.479,0.479,,0.479,0.606,0.512,davisda01
Josh Davis,24,PHI,NBA,2004-05,42,5,328,42,111,23,58,19,53,14,17,29,50,79,12,8,4,15,45,117,0.378,0.397,0.358,0.464,0.824,0.494,davisjo02
Ricky Davis,25,BOS,NBA,2004-05,82,11,2696,481,1041,420,861,61,180,286,351,66,183,249,246,89,27,205,174,1309,0.462,0.488,0.339,0.491,0.815,0.547,davisri01
Andrew DeClercq,31,ORL,NBA,2004-05,8,0,49,4,9,4,9,0,0,1,3,7,3,10,0,2,0,1,14,9,0.444,0.444,,0.444,0.333,0.436,declean01
Carlos Delfino,22,DET,NBA,2004-05,30,4,459,42,117,33,82,9,35,23,40,13,42,55,38,22,6,23,44,116,0.359,0.402,0.257,0.397,0.575,0.431,delfica01
Tony Delk,31,ATL,NBA,2004-05,56,1,1340,246,591,174,389,72,202,103,136,28,102,130,104,47,3,54,123,667,0.416,0.447,0.356,0.477,0.757,0.512,delkto01
Luol Deng,19,CHI,NBA,2004-05,61,45,1663,280,645,249,528,31,117,120,162,92,230,322,135,48,27,118,98,711,0.434,0.472,0.265,0.458,0.741,0.496,denglu01
Boris Diaw,22,ATL,NBA,2004-05,66,25,1201,124,294,115,244,9,50,57,77,54,116,170,149,37,18,87,123,314,0.422,0.471,0.18,0.437,0.74,0.479,diawbo01
Dan Dickau,26,TOT,NBA,2004-05,71,46,2090,306,756,221,511,85,245,190,228,34,146,180,347,76,4,145,201,887,0.405,0.432,0.347,0.461,0.833,0.518,dickada01
Kaniel Dickens,26,NJN,NBA,2004-05,11,0,61,4,14,1,5,3,9,2,2,3,6,9,1,2,1,2,5,13,0.286,0.2,0.333,0.393,1,0.437,dickeka01
DeSagana Diop,23,CLE,NBA,2004-05,39,0,306,20,69,20,67,0,2,0,5,30,40,70,15,8,27,12,53,40,0.29,0.299,0,0.29,0,0.281,diopde01
Vlade Divac,36,LAL,NBA,2004-05,15,0,130,13,31,13,31,0,0,8,12,18,14,32,19,4,1,14,25,34,0.419,0.419,,0.419,0.667,0.469,divacvl01
Juan Dixon,26,WAS,NBA,2004-05,63,4,1054,186,447,138,300,48,147,87,97,32,87,119,111,43,4,68,98,507,0.416,0.46,0.327,0.47,0.897,0.518,dixonju01
Michael Doleac,27,MIA,NBA,2004-05,80,8,1175,148,331,148,329,0,2,25,41,74,185,259,47,23,22,36,160,321,0.447,0.45,0,0.447,0.61,0.46,doleami01
Keyon Dooling,24,MIA,NBA,2004-05,74,0,1184,139,345,120,270,19,75,85,109,11,79,90,132,39,11,65,120,382,0.403,0.444,0.253,0.43,0.78,0.486,doolike01
Predrag Drobnjak,29,ATL,NBA,2004-05,71,1,1435,238,543,213,472,25,71,96,120,73,165,238,49,42,24,78,138,597,0.438,0.451,0.352,0.461,0.8,0.501,drobnpr01
Chris Duhon,22,CHI,NBA,2004-05,82,73,2177,172,488,78,223,94,265,49,67,23,190,213,398,82,3,119,205,487,0.352,0.35,0.355,0.449,0.731,0.471,duhonch01
Tim Duncan,28,SAS,NBA,2004-05,66,66,2203,517,1042,514,1033,3,9,305,455,202,530,732,179,45,174,127,144,1342,0.496,0.498,0.333,0.498,0.67,0.54,duncati01
Mike Dunleavy,24,GSW,NBA,2004-05,79,79,2570,408,905,301,629,107,276,134,172,97,338,435,203,79,26,132,198,1057,0.451,0.479,0.388,0.51,0.779,0.539,dunlemi02
Ronald Dupree,24,DET,NBA,2004-05,47,0,472,61,127,60,125,1,2,29,47,34,61,95,24,7,10,22,60,152,0.48,0.48,0.5,0.484,0.617,0.515,duprero01
Ndudi Ebi,20,MIN,NBA,2004-05,2,0,54,11,21,11,20,0,1,5,9,6,10,16,1,1,1,3,7,27,0.524,0.55,0,0.524,0.556,0.541,ebind01
Corsley Edwards,25,NOH,NBA,2004-05,10,0,110,10,31,10,31,0,0,7,12,12,13,25,3,3,4,2,19,27,0.323,0.323,,0.323,0.583,0.372,edwarco01
John Edwards,23,IND,NBA,2004-05,25,1,139,11,30,11,30,0,0,7,14,8,11,19,3,3,4,8,12,29,0.367,0.367,,0.367,0.5,0.401,edwarjo01
Howard Eisley,32,UTA,NBA,2004-05,74,1,1428,161,405,134,302,27,103,66,83,15,75,90,250,45,9,111,156,415,0.398,0.444,0.262,0.431,0.795,0.47,eisleho01
Obinna Ekezie,29,ATL,NBA,2004-05,42,31,732,79,182,79,181,0,1,72,93,69,110,179,11,22,12,45,129,230,0.434,0.436,0,0.434,0.774,0.516,ekeziob01
Francisco Elson,28,DEN,NBA,2004-05,67,11,939,101,216,100,213,1,3,45,79,61,140,201,34,34,41,40,129,248,0.468,0.469,0.333,0.47,0.57,0.494,elsonfr01
Melvin Ely,26,CHA,NBA,2004-05,79,17,1649,227,526,227,526,0,0,122,212,142,184,326,76,32,69,115,199,576,0.432,0.432,,0.432,0.575,0.465,elyme01
Andre Emmett,22,MEM,NBA,2004-05,8,0,28,2,6,2,6,0,0,3,5,0,2,2,0,0,0,1,4,7,0.333,0.333,,0.333,0.6,0.427,emmetan01
Maurice Evans,26,SAC,NBA,2004-05,65,11,1233,165,373,138,291,27,82,59,78,88,113,201,45,37,8,34,104,416,0.442,0.474,0.329,0.479,0.756,0.511,evansma01
Reggie Evans,24,SEA,NBA,2004-05,79,79,1881,131,275,131,273,0,2,125,234,254,482,736,58,58,15,104,202,387,0.476,0.48,0,0.476,0.534,0.512,evansre01
Michael Finley,31,DAL,NBA,2004-05,64,64,2358,387,907,271,622,116,285,113,136,45,217,262,169,48,18,60,123,1003,0.427,0.436,0.407,0.491,0.831,0.519,finlemi01
Derek Fisher,30,GSW,NBA,2004-05,74,32,2222,297,755,189,464,108,291,175,203,38,180,218,301,76,4,129,176,877,0.393,0.407,0.371,0.465,0.862,0.519,fishede01
Marcus Fizer,26,MIL,NBA,2004-05,54,0,903,133,292,133,286,0,6,70,103,29,146,175,64,25,13,63,96,336,0.455,0.465,0,0.455,0.68,0.498,fizerma01
Luis Flores,23,TOT,NBA,2004-05,16,0,77,14,29,9,19,5,10,2,2,1,2,3,11,2,0,11,9,35,0.483,0.474,0.5,0.569,1,0.586,florelu01
Danny Fortson,28,SEA,NBA,2004-05,62,0,1047,118,226,118,226,0,0,227,258,157,191,348,8,15,7,91,265,463,0.522,0.522,,0.522,0.88,0.682,fortsda01
Jeff Foster,28,IND,NBA,2004-05,61,43,1594,168,324,168,319,0,5,90,142,205,345,550,43,46,12,55,186,426,0.519,0.527,0,0.519,0.634,0.551,fosteje01
Tremaine Fowlkes,28,IND,NBA,2004-05,8,0,56,9,17,8,14,1,3,0,2,3,5,8,0,2,0,5,7,19,0.529,0.571,0.333,0.559,0,0.531,fowlktr01
Adonal Foyle,29,GSW,NBA,2004-05,78,50,1700,156,311,156,311,0,0,40,72,165,264,429,56,26,159,58,201,352,0.502,0.502,,0.502,0.556,0.514,foylead01
Richie Frahm,27,POR,NBA,2004-05,43,0,499,56,140,25,60,31,80,21,25,17,44,61,30,15,4,14,35,164,0.4,0.417,0.388,0.511,0.84,0.543,frahmri01
Steve Francis,27,ORL,NBA,2004-05,78,78,2978,563,1330,525,1203,38,127,499,606,126,324,450,547,112,28,317,273,1663,0.423,0.436,0.299,0.438,0.823,0.521,francst01
Matt Freije,23,NOH,NBA,2004-05,23,11,441,37,127,23,73,14,54,5,8,16,45,61,20,13,2,17,40,93,0.291,0.315,0.259,0.346,0.625,0.356,freijma01
Lawrence Funderburke,34,CHI,NBA,2004-05,2,0,21,3,6,3,6,0,0,3,5,1,2,3,0,0,0,0,2,9,0.5,0.5,,0.5,0.6,0.549,fundela01
Dan Gadzuric,26,MIL,NBA,2004-05,81,81,1783,243,451,243,451,0,0,107,199,261,413,674,30,47,106,81,224,593,0.539,0.539,,0.539,0.538,0.551,gadzuda01
Reece Gaines,24,TOT,NBA,2004-05,21,0,187,17,50,13,36,4,14,3,4,1,13,14,7,5,1,7,17,41,0.34,0.361,0.286,0.38,0.75,0.396,gainere01
Alex Garcia,24,NOH,NBA,2004-05,8,3,146,18,52,13,34,5,18,3,4,7,8,15,18,4,1,8,15,44,0.346,0.382,0.278,0.394,0.75,0.409,garcial01
Kevin Garnett,28,MIN,NBA,2004-05,82,82,3121,683,1360,677,1335,6,25,445,549,247,861,1108,466,121,112,222,207,1817,0.502,0.507,0.24,0.504,0.811,0.567,garneke01
Pat Garrity,28,ORL,NBA,2004-05,71,0,955,123,306,74,159,49,147,29,33,21,103,124,30,19,9,30,107,324,0.402,0.465,0.333,0.482,0.879,0.505,garripa01
Pau Gasol,24,MEM,NBA,2004-05,56,53,1790,357,695,356,689,1,6,282,367,130,280,410,135,37,93,137,146,997,0.514,0.517,0.167,0.514,0.768,0.582,gasolpa01
Devean George,27,LAL,NBA,2004-05,15,3,306,37,104,16,46,21,58,15,20,13,40,53,14,8,2,12,32,110,0.356,0.348,0.362,0.457,0.75,0.488,georgde01
Eddie Gill,26,IND,NBA,2004-05,73,3,1021,81,242,45,125,36,117,71,81,16,96,112,83,59,5,60,105,269,0.335,0.36,0.308,0.409,0.877,0.484,gilled01
Kendall Gill,36,MIL,NBA,2004-05,14,0,284,32,80,29,71,3,9,18,20,11,26,37,27,14,4,9,37,85,0.4,0.408,0.333,0.419,0.9,0.479,gillke01
Manu Ginobili,27,SAS,NBA,2004-05,74,74,2193,367,780,270,522,97,258,355,442,75,254,329,288,119,27,172,190,1186,0.471,0.517,0.376,0.533,0.803,0.609,ginobma01
Gordan Giricek,27,UTA,NBA,2004-05,81,44,1660,283,632,245,527,38,105,111,137,25,157,182,137,46,11,90,155,715,0.448,0.465,0.362,0.478,0.81,0.516,giricgo01
Dion Glover,26,SAS,NBA,2004-05,7,0,68,8,22,7,14,1,8,8,10,3,8,11,4,3,3,2,9,25,0.364,0.5,0.125,0.386,0.8,0.473,glovedi01
Anthony Goldwire,33,TOT,NBA,2004-05,33,2,537,57,136,25,56,32,80,26,31,10,49,59,78,15,0,15,32,172,0.419,0.446,0.4,0.537,0.839,0.575,goldwan01
Drew Gooden,23,CLE,NBA,2004-05,82,80,2523,464,943,459,915,5,28,251,310,207,546,753,130,77,76,133,233,1184,0.492,0.502,0.179,0.495,0.81,0.548,goodedr01
Ben Gordon,21,CHI,NBA,2004-05,82,3,2002,434,1056,300,725,134,331,233,270,55,160,215,164,53,10,186,224,1235,0.411,0.414,0.405,0.474,0.863,0.526,gordobe01
Brian Grant,32,LAL,NBA,2004-05,69,8,1136,103,209,103,209,0,0,57,79,101,156,257,34,23,23,43,175,263,0.493,0.493,,0.493,0.722,0.539,grantbr01
Willie Green,23,PHI,NBA,2004-05,57,21,1066,155,423,125,318,30,105,97,125,22,111,133,100,34,6,75,121,437,0.366,0.393,0.286,0.402,0.776,0.457,greenwi01
Adrian Griffin,30,CHI,NBA,2004-05,69,1,667,58,161,56,152,2,9,33,44,52,94,146,53,43,4,30,78,151,0.36,0.368,0.222,0.366,0.75,0.419,griffad01
Eddie Griffin,22,MIN,NBA,2004-05,70,0,1492,202,522,135,318,67,204,56,78,128,325,453,53,23,118,55,120,527,0.387,0.425,0.328,0.451,0.718,0.474,griffed01
Tom Gugliotta,35,TOT,NBA,2004-05,47,9,966,99,241,91,215,8,26,33,43,56,135,191,68,41,17,57,104,239,0.411,0.423,0.308,0.427,0.767,0.46,guglito01
Marcus Haislip,24,IND,NBA,2004-05,9,0,106,13,38,13,37,0,1,6,11,5,10,15,3,2,2,6,15,32,0.342,0.351,0,0.342,0.545,0.373,haislma01
Darvin Ham,31,DET,NBA,2004-05,47,0,275,17,37,17,37,0,0,12,31,19,16,35,5,6,7,8,39,46,0.459,0.459,,0.459,0.387,0.454,hamda01
Richard Hamilton,26,DET,NBA,2004-05,76,76,2926,510,1160,474,1042,36,118,368,429,74,221,295,372,77,13,217,232,1424,0.44,0.455,0.305,0.455,0.858,0.528,hamilri01
Zendon Hamilton,29,MIL,NBA,2004-05,16,0,159,11,32,11,32,0,0,29,48,18,24,42,6,5,2,12,26,51,0.344,0.344,,0.344,0.604,0.48,hamilze01
Ben Handlogten,31,UTA,NBA,2004-05,21,5,297,43,83,43,82,0,1,9,17,23,42,65,13,7,5,18,55,95,0.518,0.524,0,0.518,0.529,0.525,handlbe01
Anfernee Hardaway,33,NYK,NBA,2004-05,37,0,894,110,260,95,210,15,50,34,46,19,70,89,74,28,3,50,79,269,0.423,0.452,0.3,0.452,0.739,0.48,hardaan01
Matt Harpring,28,UTA,NBA,2004-05,78,55,2584,418,855,409,812,9,43,245,315,196,284,480,142,70,16,133,250,1090,0.489,0.504,0.209,0.494,0.778,0.549,harprma01
Al Harrington,24,ATL,NBA,2004-05,66,66,2550,453,986,437,912,16,74,236,351,145,316,461,208,85,16,204,249,1158,0.459,0.479,0.216,0.468,0.672,0.508,harrial01
Junior Harrington,24,NOH,NBA,2004-05,29,7,550,64,178,58,159,6,19,29,35,13,50,63,62,25,5,41,72,163,0.36,0.365,0.316,0.376,0.829,0.421,harriju01
Othella Harrington,31,CHI,NBA,2004-05,70,28,1271,217,424,217,424,0,0,127,177,106,186,292,56,24,18,84,188,561,0.512,0.512,,0.512,0.718,0.559,harriot01
Devin Harris,21,DAL,NBA,2004-05,76,19,1173,157,366,113,235,44,131,78,103,28,74,102,169,77,19,82,139,436,0.429,0.481,0.336,0.489,0.757,0.53,harride01
Lucious Harris,34,CLE,NBA,2004-05,73,4,1128,118,299,97,234,21,65,56,69,39,82,121,49,27,6,29,68,313,0.395,0.415,0.323,0.43,0.812,0.475,harrilu01
David Harrison,22,IND,NBA,2004-05,43,14,760,106,184,106,184,0,0,52,91,48,87,135,13,16,55,53,134,264,0.576,0.576,,0.576,0.571,0.589,harrida01
Jason Hart,26,CHA,NBA,2004-05,74,27,1887,257,573,222,478,35,95,157,200,18,185,203,367,99,14,102,167,706,0.449,0.464,0.368,0.479,0.785,0.534,hartja01
Donnell Harvey,24,NJN,NBA,2004-05,3,0,16,2,2,2,2,0,0,4,4,2,5,7,1,1,1,1,2,8,1,1,,1,1,1.064,harvedo01
Udonis Haslem,24,MIA,NBA,2004-05,80,80,2675,346,641,346,637,0,4,178,225,239,487,726,108,63,41,113,260,870,0.54,0.543,0,0.54,0.791,0.588,hasleud01
Trenton Hassell,25,MIN,NBA,2004-05,82,51,2068,225,475,224,464,1,11,90,114,80,139,219,128,30,30,64,200,541,0.474,0.483,0.091,0.475,0.789,0.515,hassetr01
Jarvis Hayes,23,WAS,NBA,2004-05,54,22,1560,206,530,164,407,42,123,99,118,41,186,227,90,49,9,62,107,553,0.389,0.403,0.341,0.428,0.839,0.475,hayesja01
Brendan Haywood,25,WAS,NBA,2004-05,68,68,1865,239,427,239,427,0,0,159,261,202,262,464,57,52,114,96,218,637,0.56,0.56,,0.56,0.609,0.588,haywobr01
Alan Henderson,32,DAL,NBA,2004-05,78,10,1203,116,220,116,218,0,2,41,76,164,184,348,21,29,37,49,149,273,0.527,0.532,0,0.527,0.539,0.539,hendeal01
Nene Hilario,22,DEN,NBA,2004-05,55,18,1317,194,386,194,384,0,2,140,212,104,221,325,84,50,48,94,167,528,0.503,0.505,0,0.503,0.66,0.551,hilarne01
Grant Hill,32,ORL,NBA,2004-05,67,67,2338,517,1015,514,1002,3,13,280,341,77,241,318,220,97,28,161,144,1317,0.509,0.513,0.231,0.511,0.821,0.565,hillgr01
Kirk Hinrich,24,CHI,NBA,2004-05,77,77,2800,445,1122,300,714,145,408,171,216,32,272,304,494,122,21,176,244,1206,0.397,0.42,0.355,0.461,0.792,0.495,hinriki01
Fred Hoiberg,32,MIN,NBA,2004-05,76,0,1272,139,284,69,139,70,145,89,102,32,149,181,85,50,15,20,105,437,0.489,0.496,0.483,0.613,0.873,0.664,hoibefr01
Robert Horry,34,SAS,NBA,2004-05,75,16,1396,157,375,106,237,51,138,86,109,91,177,268,80,67,60,69,138,451,0.419,0.447,0.37,0.487,0.789,0.533,horryro01
Eddie House,26,TOT,NBA,2004-05,68,7,891,165,366,121,269,44,97,23,27,16,67,83,96,44,6,35,65,397,0.451,0.45,0.454,0.511,0.852,0.525,houseed01
Allan Houston,33,NYK,NBA,2004-05,20,11,532,85,205,54,125,31,80,36,43,4,19,23,42,8,2,21,40,237,0.415,0.432,0.388,0.49,0.837,0.529,houstal01
Dwight Howard,19,ORL,NBA,2004-05,82,82,2670,352,677,352,675,0,2,277,413,287,536,823,75,77,136,165,232,981,0.52,0.521,0,0.52,0.671,0.571,howardw01
Josh Howard,24,DAL,NBA,2004-05,76,76,2446,377,793,343,678,34,115,170,232,169,315,484,109,116,49,122,211,958,0.475,0.506,0.296,0.497,0.733,0.535,howarjo01
Juwan Howard,31,HOU,NBA,2004-05,61,47,1624,244,541,244,540,0,1,97,115,126,220,346,94,32,5,79,143,585,0.451,0.452,0,0.451,0.843,0.494,howarju01
Troy Hudson,28,MIN,NBA,2004-05,79,32,1729,266,664,177,406,89,258,70,90,19,86,105,283,27,6,113,121,691,0.401,0.436,0.345,0.468,0.778,0.491,hudsotr01
Larry Hughes,26,WAS,NBA,2004-05,61,61,2358,467,1086,408,877,59,209,352,453,74,308,382,285,176,18,153,168,1345,0.43,0.465,0.282,0.457,0.777,0.523,hughela01
Ryan Humphrey,25,MEM,NBA,2004-05,35,0,317,42,103,42,101,0,2,18,37,50,37,87,6,10,1,23,35,102,0.408,0.416,0,0.408,0.486,0.428,humphry01
Kris Humphries,19,UTA,NBA,2004-05,67,4,873,116,287,114,281,2,6,44,101,73,124,197,43,25,18,52,96,278,0.404,0.406,0.333,0.408,0.436,0.419,humphkr01
Brandon Hunter,24,ORL,NBA,2004-05,31,0,224,37,73,37,73,0,0,21,39,25,44,69,3,4,7,22,42,95,0.507,0.507,,0.507,0.538,0.527,huntebr01
Lindsey Hunter,34,DET,NBA,2004-05,76,3,1144,108,302,85,218,23,84,46,58,38,85,123,130,68,13,68,125,285,0.358,0.39,0.274,0.396,0.793,0.435,hunteli01
Steven Hunter,23,PHO,NBA,2004-05,76,3,1046,135,220,135,219,0,1,78,163,98,129,227,13,4,102,44,131,348,0.614,0.616,0,0.614,0.479,0.596,huntest01
Andre Iguodala,21,PHI,NBA,2004-05,82,82,2686,269,546,222,404,47,142,156,210,89,375,464,246,138,48,139,204,741,0.493,0.55,0.331,0.536,0.743,0.58,iguodan01
Zydrunas Ilgauskas,29,CLE,NBA,2004-05,78,78,2615,458,979,456,972,2,7,402,503,299,373,672,100,53,165,191,313,1320,0.468,0.469,0.286,0.469,0.799,0.55,ilgauzy01
Didier Ilunga-Mbenga,24,DAL,NBA,2004-05,15,1,58,6,14,6,14,0,0,3,4,3,5,8,0,0,5,5,13,15,0.429,0.429,,0.429,0.75,0.476,mbengdj01
Allen Iverson,29,PHI,NBA,2004-05,75,75,3174,771,1818,667,1480,104,338,656,786,51,248,299,596,180,9,344,140,2302,0.424,0.451,0.308,0.453,0.835,0.532,iversal01
Royal Ivey,23,ATL,NBA,2004-05,62,5,809,85,198,82,189,3,9,47,67,19,65,84,103,39,7,58,140,220,0.429,0.434,0.333,0.437,0.701,0.484,iveyro01
Bobby Jackson,31,SAC,NBA,2004-05,25,0,536,109,255,76,159,33,96,50,58,23,62,85,59,14,2,28,58,301,0.427,0.478,0.344,0.492,0.862,0.537,jacksbo01
Jermaine Jackson,28,NYK,NBA,2004-05,21,0,230,17,33,17,31,0,2,8,13,3,20,23,24,7,1,10,26,42,0.515,0.548,0,0.515,0.615,0.542,jacksje01
Jim Jackson,34,TOT,NBA,2004-05,64,27,1987,248,582,126,287,122,295,54,58,33,236,269,183,35,5,115,153,672,0.426,0.439,0.414,0.531,0.931,0.553,jacksji01
Luke Jackson,23,CLE,NBA,2004-05,10,0,43,10,27,6,21,4,6,5,6,2,4,6,3,0,0,2,4,29,0.37,0.286,0.667,0.444,0.833,0.489,jackslu02
Marc Jackson,30,PHI,NBA,2004-05,81,23,1976,340,731,340,729,0,2,289,349,184,222,406,81,32,18,131,171,969,0.465,0.466,0,0.465,0.828,0.548,jacksma02
Stephen Jackson,26,IND,NBA,2004-05,51,49,1806,330,819,227,533,103,286,190,229,44,206,250,119,64,14,123,154,953,0.403,0.426,0.36,0.466,0.83,0.518,jacksst02
Casey Jacobsen,23,TOT,NBA,2004-05,84,1,1798,165,408,99,231,66,177,151,192,35,132,167,113,33,8,71,104,547,0.404,0.429,0.373,0.485,0.786,0.555,jacobca01
Jerome James,29,SEA,NBA,2004-05,80,80,1330,174,342,174,340,0,2,47,65,81,160,241,19,23,111,88,279,395,0.509,0.512,0,0.509,0.723,0.533,jamesje01
LeBron James,20,CLE,NBA,2004-05,80,80,3388,795,1684,687,1376,108,308,477,636,111,477,588,577,177,52,262,146,2175,0.472,0.499,0.351,0.504,0.75,0.554,jamesle01
Mike James,29,TOT,NBA,2004-05,74,5,1859,331,751,231,492,100,259,109,145,35,173,208,263,65,6,106,174,871,0.441,0.47,0.386,0.507,0.752,0.534,jamesmi01
Antawn Jamison,28,WAS,NBA,2004-05,68,68,2605,519,1189,448,981,71,208,225,296,160,359,519,154,55,16,118,151,1334,0.437,0.457,0.341,0.466,0.76,0.506,jamisan01
Marko Jaric,26,LAC,NBA,2004-05,50,41,1656,189,457,133,306,56,151,59,82,20,141,161,303,84,17,98,107,493,0.414,0.435,0.371,0.475,0.72,0.5,jaricma01
Al Jefferson,20,BOS,NBA,2004-05,71,1,1051,195,369,195,366,0,3,85,135,119,193,312,24,22,55,66,195,475,0.528,0.533,0,0.528,0.63,0.554,jeffeal01
Richard Jefferson,24,NJN,NBA,2004-05,33,33,1355,238,564,208,475,30,89,227,269,49,191,240,133,33,17,132,109,733,0.422,0.438,0.337,0.449,0.844,0.537,jefferi01
Jared Jeffries,23,WAS,NBA,2004-05,77,71,2007,203,434,187,383,16,51,101,173,152,222,374,151,66,35,114,206,523,0.468,0.488,0.314,0.486,0.584,0.513,jeffrja01
Horace Jenkins,30,DET,NBA,2004-05,15,0,104,15,45,15,36,0,9,12,13,3,6,9,9,5,1,7,6,42,0.333,0.417,0,0.333,0.923,0.414,jenkiho01
Britton Johnsen,25,IND,NBA,2004-05,6,1,87,6,22,6,18,0,4,0,0,5,5,10,4,1,0,3,10,12,0.273,0.333,0,0.273,,0.273,johnsbr01
Anthony Johnson,30,IND,NBA,2004-05,63,36,1747,203,456,162,348,41,108,85,113,32,147,179,302,59,15,96,144,532,0.445,0.466,0.38,0.49,0.752,0.526,johnsan02
DerMarr Johnson,24,DEN,NBA,2004-05,71,40,1232,185,371,132,223,53,148,80,101,43,108,151,75,43,18,65,140,503,0.499,0.592,0.358,0.57,0.792,0.605,johnsde03
Ervin Johnson,37,MIN,NBA,2004-05,46,23,410,28,54,27,53,1,1,16,25,43,70,113,6,7,13,18,86,73,0.519,0.509,1,0.528,0.64,0.562,johnser02
Joe Johnson,23,PHO,NBA,2004-05,82,82,3240,544,1179,367,809,177,370,135,180,120,302,422,291,79,24,148,167,1400,0.461,0.454,0.478,0.536,0.75,0.556,johnsjo02
Linton Johnson,24,SAS,NBA,2004-05,2,0,15,0,2,0,1,0,1,0,0,0,3,3,0,1,0,1,1,0,0,0,0,0,,0,johnsli01
Dahntay Jones,24,MEM,NBA,2004-05,52,7,649,83,190,60,130,23,60,44,64,11,58,69,21,13,11,29,81,233,0.437,0.462,0.383,0.497,0.688,0.534,jonesda02
Damon Jones,28,MIA,NBA,2004-05,82,66,2576,331,726,106,205,225,521,68,86,14,217,231,350,44,5,98,121,955,0.456,0.517,0.432,0.611,0.791,0.625,jonesda01
Eddie Jones,33,MIA,NBA,2004-05,80,80,2839,351,820,209,438,142,382,174,216,38,367,405,212,86,38,99,251,1018,0.428,0.477,0.372,0.515,0.806,0.556,jonesed02
Fred Jones,25,IND,NBA,2004-05,77,14,2268,275,647,188,418,87,229,176,207,34,208,242,196,61,31,114,171,813,0.425,0.45,0.38,0.492,0.85,0.551,jonesfr01
James Jones,24,IND,NBA,2004-05,75,24,1330,126,318,60,152,66,166,53,62,39,135,174,57,31,28,43,123,371,0.396,0.395,0.398,0.5,0.855,0.537,jonesja02
Jumaine Jones,25,LAL,NBA,2004-05,76,23,1830,210,486,108,225,102,261,55,75,107,291,398,65,44,24,49,165,577,0.432,0.48,0.391,0.537,0.733,0.556,jonesju01
Mark Jones,29,ORL,NBA,2004-05,10,0,116,9,31,9,27,0,4,5,10,6,7,13,6,5,2,3,16,23,0.29,0.333,0,0.29,0.5,0.325,jonesma03
Chris Kaman,22,LAC,NBA,2004-05,63,50,1632,246,495,246,494,0,1,80,121,135,288,423,73,26,68,115,182,572,0.497,0.498,0,0.497,0.661,0.522,kamanch01
Jason Kapono,23,CHA,NBA,2004-05,81,14,1491,269,671,189,477,80,194,70,85,32,132,164,61,40,6,46,132,688,0.401,0.396,0.412,0.461,0.824,0.486,kaponja01
Mario Kasun,24,ORL,NBA,2004-05,45,0,356,47,98,47,97,0,1,24,43,52,76,128,8,8,13,26,86,118,0.48,0.485,0,0.48,0.558,0.505,kasunma01
Viktor Khryapa,22,POR,NBA,2004-05,32,5,523,54,124,50,113,4,11,23,42,28,80,108,25,20,18,33,80,135,0.435,0.442,0.364,0.452,0.548,0.474,khryavi01
Jason Kidd,31,NJN,NBA,2004-05,66,65,2435,340,855,211,497,129,358,142,192,94,394,488,545,123,9,167,110,951,0.398,0.425,0.36,0.473,0.74,0.506,kiddja01
Andrei Kirilenko,23,UTA,NBA,2004-05,41,37,1349,207,420,184,343,23,77,203,259,89,166,255,132,67,136,90,101,640,0.493,0.536,0.299,0.52,0.784,0.599,kirilan01
Kerry Kittles,30,LAC,NBA,2004-05,11,0,243,28,73,21,52,7,21,6,10,1,31,32,20,8,3,7,12,69,0.384,0.404,0.333,0.432,0.6,0.446,kittlke01
Brandin Knight,23,HOU,NBA,2004-05,1,0,3,0,1,0,1,0,0,0,0,0,0,0,1,0,0,0,0,0,0,0,,0,,0,knighbr02
Brevin Knight,29,CHA,NBA,2004-05,66,61,1944,248,587,245,567,3,20,167,196,21,149,170,591,131,5,147,192,666,0.422,0.432,0.15,0.425,0.852,0.495,knighbr01
Kyle Korver,23,PHI,NBA,2004-05,82,57,2667,317,759,91,201,226,558,82,96,40,339,379,182,103,33,106,265,942,0.418,0.453,0.405,0.567,0.854,0.588,korveky01
Nenad Krstic,21,NJN,NBA,2004-05,75,57,1965,281,570,281,568,0,2,185,255,161,240,401,77,32,63,112,280,747,0.493,0.495,0,0.493,0.725,0.547,krstine01
Toni Kukoc,36,MIL,NBA,2004-05,53,6,1099,105,256,63,140,42,116,44,61,31,129,160,160,39,13,64,70,296,0.41,0.45,0.362,0.492,0.721,0.523,kukocto01
Ibo Kutluay,30,SEA,NBA,2004-05,5,0,12,0,1,0,1,0,0,0,0,0,1,1,0,0,0,2,1,0,0,0,,0,,0,kutluib01
Christian Laettner,35,MIA,NBA,2004-05,49,0,739,107,184,106,177,1,7,45,59,36,95,131,41,32,15,29,78,260,0.582,0.599,0.143,0.584,0.763,0.619,laettch01
Raef LaFrentz,28,BOS,NBA,2004-05,80,80,2196,341,688,259,463,82,225,120,148,154,399,553,98,42,99,70,262,884,0.496,0.559,0.364,0.555,0.811,0.587,lafrera01
Maciej Lampe,19,TOT,NBA,2004-05,37,0,380,49,132,47,128,2,4,15,22,24,65,89,11,5,7,17,51,115,0.371,0.367,0.5,0.379,0.682,0.406,lampema01
Voshon Lenard,31,DEN,NBA,2004-05,3,1,54,10,26,6,14,4,12,5,8,0,6,6,6,1,0,2,2,29,0.385,0.429,0.333,0.462,0.625,0.491,lenarvo01
Rashard Lewis,25,SEA,NBA,2004-05,71,71,2697,532,1151,359,719,173,432,220,283,110,278,388,94,75,62,123,158,1457,0.462,0.499,0.4,0.537,0.777,0.571,lewisra02
Randy Livingston,29,UTA,NBA,2004-05,17,4,227,22,52,17,44,5,8,15,17,3,9,12,45,12,2,14,28,64,0.423,0.386,0.625,0.471,0.882,0.538,livinra01
Shaun Livingston,19,LAC,NBA,2004-05,30,15,814,89,215,89,213,0,2,44,59,22,67,89,151,32,11,75,82,222,0.414,0.418,0,0.414,0.746,0.461,livinsh01
Raul Lopez,24,UTA,NBA,2004-05,31,15,518,57,135,37,90,20,45,27,33,7,32,39,123,22,3,47,78,161,0.422,0.411,0.444,0.496,0.818,0.538,lopezra01
Tyronn Lue,27,TOT,NBA,2004-05,70,49,2007,295,654,240,499,55,155,142,165,14,135,149,322,33,0,105,168,787,0.451,0.481,0.355,0.493,0.861,0.542,luety01
George Lynch,34,NOH,NBA,2004-05,44,27,933,68,189,57,152,11,37,17,23,55,119,174,88,32,12,57,83,164,0.36,0.375,0.297,0.389,0.739,0.412,lynchge01
Mark Madsen,29,MIN,NBA,2004-05,41,14,601,34,66,34,66,0,0,20,40,63,65,128,18,7,14,24,103,88,0.515,0.515,,0.515,0.5,0.526,madsema01
Corey Maggette,25,LAC,NBA,2004-05,66,60,2436,425,986,374,818,51,168,563,657,70,324,394,225,70,8,195,191,1464,0.431,0.457,0.304,0.457,0.857,0.574,maggeco01
Jamaal Magloire,26,NOH,NBA,2004-05,23,22,703,98,227,98,227,0,0,74,123,79,126,205,29,8,23,59,74,270,0.432,0.432,,0.432,0.602,0.48,magloja01
Stephon Marbury,27,NYK,NBA,2004-05,82,82,3281,604,1308,489,983,115,325,458,549,50,198,248,668,122,6,233,186,1781,0.462,0.497,0.354,0.506,0.834,0.575,marbust01
Shawn Marion,26,PHO,NBA,2004-05,81,81,3146,613,1289,499,948,114,341,229,275,235,680,915,154,163,119,125,199,1569,0.476,0.526,0.334,0.52,0.833,0.556,mariosh01
Sean Marks,29,SAS,NBA,2004-05,23,0,244,27,80,27,77,0,3,22,28,18,38,56,8,3,11,14,29,76,0.338,0.351,0,0.338,0.786,0.412,marksse01
Donyell Marshall,31,TOR,NBA,2004-05,65,2,1645,262,592,111,229,151,363,72,91,95,333,428,81,57,46,42,136,747,0.443,0.485,0.416,0.57,0.791,0.591,marshdo01
Darrick Martin,33,LAC,NBA,2004-05,11,0,190,16,50,11,32,5,18,5,8,3,7,10,28,6,0,6,19,42,0.32,0.344,0.278,0.37,0.625,0.392,martida01
Kenyon Martin,27,DEN,NBA,2004-05,70,67,2272,444,907,444,895,0,12,199,308,146,365,511,170,100,78,149,228,1087,0.49,0.496,0,0.49,0.646,0.521,martike01
Kevin Martin,21,SAC,NBA,2004-05,45,0,455,45,117,40,92,5,25,36,55,29,29,58,22,16,3,24,35,131,0.385,0.435,0.2,0.406,0.655,0.464,martike02
Desmond Mason,27,MIL,NBA,2004-05,80,71,2893,478,1079,477,1071,1,8,420,524,85,227,312,217,58,27,164,198,1377,0.443,0.445,0.125,0.443,0.802,0.526,masonde01
Tony Massenburg,37,SAS,NBA,2004-05,61,6,699,74,182,74,182,0,0,48,63,54,109,163,14,18,20,40,122,196,0.407,0.407,,0.407,0.762,0.467,masseto01
Walter McCarty,30,TOT,NBA,2004-05,72,0,906,95,235,40,80,55,155,15,29,29,109,138,37,25,15,36,144,260,0.404,0.5,0.355,0.521,0.517,0.525,mccarwa01
Jelani McCoy,27,ATL,NBA,2004-05,10,0,88,7,13,7,13,0,0,1,5,7,14,21,0,3,8,6,24,15,0.538,0.538,,0.538,0.2,0.493,mccoyje01
Antonio McDyess,30,DET,NBA,2004-05,77,8,1797,307,598,307,597,0,1,126,192,177,305,482,71,46,52,93,204,740,0.513,0.514,0,0.513,0.656,0.542,mcdyean01
Tracy McGrady,25,HOU,NBA,2004-05,78,78,3182,715,1660,573,1225,142,435,431,557,71,413,484,448,135,52,201,167,2003,0.431,0.468,0.326,0.473,0.774,0.526,mcgratr01
Jeff McInnis,30,CLE,NBA,2004-05,76,69,2651,377,915,286,651,91,264,130,160,32,125,157,391,56,1,117,177,975,0.412,0.439,0.345,0.462,0.813,0.495,mcinnje01
Aaron McKie,32,PHI,NBA,2004-05,68,3,1118,61,142,41,80,20,62,10,16,20,152,172,103,48,17,31,116,152,0.43,0.513,0.323,0.5,0.625,0.51,mckieaa01
Keith McLeod,25,UTA,NBA,2004-05,53,47,1382,143,408,125,336,18,72,112,146,20,93,113,236,63,12,99,138,416,0.35,0.372,0.25,0.373,0.767,0.44,mcleoke01
Stanislav Medvedenko,25,LAL,NBA,2004-05,43,4,423,71,156,71,155,0,1,23,28,31,48,79,13,9,2,13,64,165,0.455,0.458,0,0.455,0.821,0.49,medvest01
Ron Mercer,28,NJN,NBA,2004-05,18,3,390,65,158,65,155,0,3,7,10,9,31,40,20,16,2,14,20,137,0.411,0.419,0,0.411,0.7,0.422,mercero01
Chris Mihm,25,LAL,NBA,2004-05,75,75,1870,280,552,280,550,0,2,175,258,197,305,502,50,14,108,110,237,735,0.507,0.509,0,0.507,0.678,0.552,mihmch01
Darius Miles,23,POR,NBA,2004-05,63,22,1699,336,697,328,674,8,23,129,215,71,228,299,129,75,78,157,189,809,0.482,0.487,0.348,0.488,0.6,0.511,milesda01
Darko Milicic,19,DET,NBA,2004-05,37,2,254,25,76,25,76,0,0,17,24,3,40,43,7,2,17,16,31,67,0.329,0.329,,0.329,0.708,0.387,milicda01
Andre Miller,28,DEN,NBA,2004-05,82,82,2852,427,895,421,856,6,39,253,302,100,238,338,569,121,8,220,204,1113,0.477,0.492,0.154,0.48,0.838,0.541,millean02
Anthony Miller,33,ATL,NBA,2004-05,2,0,9,2,3,2,3,0,0,0,0,0,1,1,1,1,0,1,2,4,0.667,0.667,,0.667,,0.667,millean01
Brad Miller,28,SAC,NBA,2004-05,56,56,2089,319,609,314,590,5,19,233,287,139,382,521,220,69,68,82,181,876,0.524,0.532,0.263,0.528,0.812,0.596,millebr01
Mike Miller,24,MEM,NBA,2004-05,76,51,2278,387,766,247,443,140,323,108,150,36,264,300,220,54,23,127,197,1022,0.505,0.558,0.433,0.597,0.72,0.614,millemi01
Reggie Miller,39,IND,NBA,2004-05,66,66,2105,314,719,218,421,96,298,250,268,18,138,156,146,50,5,77,109,974,0.437,0.518,0.322,0.503,0.933,0.582,millere01
Yao Ming,24,HOU,NBA,2004-05,80,80,2447,538,975,538,975,0,0,389,497,208,461,669,61,34,160,196,298,1465,0.552,0.552,,0.552,0.783,0.614,mingya01
Cuttino Mobley,29,TOT,NBA,2004-05,66,64,2388,408,932,258,590,150,342,168,205,45,184,229,188,74,30,133,152,1134,0.438,0.437,0.439,0.518,0.82,0.555,moblecu01
Nazr Mohammed,27,TOT,NBA,2004-05,77,59,1933,289,602,289,601,0,1,153,227,247,339,586,34,58,86,108,236,731,0.48,0.481,0,0.48,0.674,0.521,mohamna01
Jerome Moiso,26,TOT,NBA,2004-05,20,1,120,9,18,9,17,0,1,10,13,10,27,37,1,3,6,7,13,28,0.5,0.529,0,0.5,0.769,0.59,moisoje01
Mikki Moore,29,LAC,NBA,2004-05,74,4,1178,144,287,143,282,1,5,107,136,97,149,246,47,19,32,63,173,396,0.502,0.507,0.2,0.503,0.787,0.571,mooremi01
Alonzo Mourning,34,TOT,NBA,2004-05,37,17,702,100,212,100,212,0,0,82,141,53,145,198,18,8,74,57,82,282,0.472,0.472,,0.472,0.582,0.515,mournal01
Troy Murphy,24,GSW,NBA,2004-05,70,69,2375,392,947,333,799,59,148,233,319,251,505,756,97,53,33,108,190,1076,0.414,0.417,0.399,0.445,0.73,0.495,murphtr01
Lamond Murray,31,TOR,NBA,2004-05,62,1,918,132,310,86,205,46,105,61,80,44,120,164,47,32,16,54,85,371,0.426,0.42,0.438,0.5,0.763,0.537,murrala01
Ronald Murray,25,SEA,NBA,2004-05,49,6,883,131,363,107,268,24,95,59,80,15,83,98,65,30,11,57,59,345,0.361,0.399,0.253,0.394,0.738,0.433,murraro01
Dikembe Mutombo,38,HOU,NBA,2004-05,80,2,1212,108,217,108,217,0,0,106,143,150,276,426,10,16,101,51,135,322,0.498,0.498,,0.498,0.741,0.575,mutomdi01
Mamadou N'Diaye,29,LAC,NBA,2004-05,11,0,72,8,20,8,19,0,1,4,7,9,9,18,1,1,5,0,20,20,0.4,0.421,0,0.4,0.571,0.433,ndiayma02
Bostjan Nachbar,24,TOT,NBA,2004-05,71,6,1341,161,411,86,215,75,196,97,117,24,158,182,74,29,16,73,183,494,0.392,0.4,0.383,0.483,0.829,0.534,nachbbo01
Lee Nailon,29,NOH,NBA,2004-05,68,51,2017,415,869,415,867,0,2,133,165,128,170,298,109,36,16,110,190,963,0.478,0.479,0,0.478,0.806,0.511,nailole01
Eduardo Najera,28,TOT,NBA,2004-05,68,4,1185,145,322,139,301,6,21,58,91,102,141,243,65,41,24,61,148,354,0.45,0.462,0.286,0.46,0.637,0.489,najered01
Steve Nash,30,PHO,NBA,2004-05,75,75,2573,430,857,336,639,94,218,211,238,57,192,249,861,74,6,245,136,1165,0.502,0.526,0.431,0.557,0.887,0.606,nashst01
Jameer Nelson,22,ORL,NBA,2004-05,79,21,1612,286,628,242,487,44,141,73,107,52,141,193,237,78,3,117,199,689,0.455,0.497,0.312,0.49,0.682,0.51,nelsoja01
Rasho Nesterovic,28,SAS,NBA,2004-05,70,70,1785,198,430,198,430,0,0,14,30,184,275,459,71,31,117,73,207,410,0.46,0.46,,0.46,0.467,0.463,nestera01
Ira Newble,30,CLE,NBA,2004-05,74,69,1832,182,424,163,371,19,53,55,69,78,142,220,91,50,18,61,144,438,0.429,0.439,0.358,0.452,0.797,0.482,newblir01
Andres Nocioni,25,CHI,NBA,2004-05,81,38,1892,241,601,216,504,25,97,170,222,69,317,386,122,37,34,135,208,677,0.401,0.429,0.258,0.422,0.766,0.484,nocioan01
Moochie Norris,31,TOT,NBA,2004-05,38,0,360,35,109,35,97,0,12,20,24,10,36,46,39,18,2,27,44,90,0.321,0.361,0,0.321,0.833,0.376,norrimo01
Dirk Nowitzki,26,DAL,NBA,2004-05,78,78,3020,663,1445,572,1217,91,228,615,708,96,661,757,240,97,119,176,219,2032,0.459,0.47,0.399,0.49,0.869,0.578,nowitdi01
Jermaine O'Neal,26,IND,NBA,2004-05,44,41,1530,386,854,385,848,1,6,295,391,85,303,388,82,25,88,131,173,1068,0.452,0.454,0.167,0.453,0.754,0.52,onealje01
Shaquille O'Neal,32,MIA,NBA,2004-05,73,73,2492,658,1095,658,1095,0,0,353,765,253,507,760,200,36,171,203,262,1669,0.601,0.601,,0.601,0.461,0.583,onealsh01
Lamar Odom,25,LAL,NBA,2004-05,64,64,2320,366,774,330,657,36,117,207,298,134,519,653,238,42,65,161,211,975,0.473,0.502,0.308,0.496,0.695,0.539,odomla01
Emeka Okafor,22,CHA,NBA,2004-05,73,73,2600,448,1003,448,1002,0,1,209,343,275,520,795,64,62,125,125,214,1105,0.447,0.447,0,0.447,0.609,0.479,okafoem01
Mehmet Okur,25,UTA,NBA,2004-05,82,25,2304,354,756,337,693,17,63,329,387,194,422,616,166,32,68,141,227,1054,0.468,0.486,0.27,0.479,0.85,0.569,okurme01
Kevin Ollie,32,PHI,NBA,2004-05,26,0,158,11,31,11,31,0,0,6,9,3,16,19,19,5,0,6,16,28,0.355,0.355,,0.355,0.667,0.4,ollieke01
Michael Olowokandi,29,MIN,NBA,2004-05,62,34,1215,161,353,161,353,0,0,46,69,106,218,324,29,15,56,68,193,368,0.456,0.456,,0.456,0.667,0.48,olowomi01
Greg Ostertag,31,SAC,NBA,2004-05,56,3,556,37,84,37,82,0,2,13,38,55,112,167,37,7,40,24,88,87,0.44,0.451,0,0.44,0.342,0.432,ostergr01
Bo Outlaw,33,PHO,NBA,2004-05,39,0,214,12,34,12,34,0,0,5,9,16,37,53,13,6,12,8,29,29,0.353,0.353,,0.353,0.556,0.382,outlabo01
Travis Outlaw,20,POR,NBA,2004-05,59,2,793,133,267,129,257,4,10,49,75,40,81,121,35,30,40,39,77,319,0.498,0.502,0.4,0.506,0.653,0.532,outlatr01
Zaza Pachulia,20,MIL,NBA,2004-05,74,4,1397,160,354,160,353,0,1,138,185,131,247,378,60,44,34,70,166,458,0.452,0.453,0,0.452,0.746,0.526,pachuza01
Scott Padgett,28,HOU,NBA,2004-05,66,0,942,98,233,48,107,50,126,29,40,47,138,185,55,33,10,30,119,275,0.421,0.449,0.397,0.528,0.725,0.549,padgesc01
Milt Palacio,26,TOR,NBA,2004-05,80,4,1533,175,392,173,380,2,12,115,155,26,108,134,279,48,13,104,126,467,0.446,0.455,0.167,0.449,0.742,0.507,palacmi01
Jannero Pargo,25,CHI,NBA,2004-05,32,0,453,82,213,59,147,23,66,17,23,12,35,47,76,16,1,45,53,204,0.385,0.401,0.348,0.439,0.739,0.457,pargoja01
Smush Parker,23,TOT,NBA,2004-05,16,1,144,18,43,15,30,3,13,9,13,4,8,12,15,5,0,19,16,48,0.419,0.5,0.231,0.453,0.692,0.493,parkesm01
Tony Parker,22,SAS,NBA,2004-05,80,80,2735,539,1118,496,962,43,156,210,323,47,251,298,491,98,4,215,167,1331,0.482,0.516,0.276,0.501,0.65,0.528,parketo01
Ruben Patterson,29,POR,NBA,2004-05,70,36,1957,319,601,317,576,2,25,169,282,126,147,273,138,106,21,143,164,809,0.531,0.55,0.08,0.532,0.599,0.558,patteru01
Sasha Pavlovic,21,CLE,NBA,2004-05,65,9,862,120,276,90,198,30,78,44,64,15,56,71,49,29,4,47,121,314,0.435,0.455,0.385,0.489,0.688,0.516,pavloal01
Gary Payton,36,BOS,NBA,2004-05,77,77,2541,339,725,297,596,42,129,153,201,48,188,236,469,88,12,148,121,873,0.468,0.498,0.326,0.497,0.761,0.537,paytoga01
Anthony Peeler,35,WAS,NBA,2004-05,40,0,529,56,150,31,85,25,65,16,18,14,51,65,57,18,2,28,39,153,0.373,0.365,0.385,0.457,0.889,0.484,peelean01
Kirk Penney,24,LAC,NBA,2004-05,4,0,12,1,3,1,2,0,1,0,0,0,1,1,1,0,0,2,0,2,0.333,0.5,0,0.333,,0.333,penneki01
Kendrick Perkins,20,BOS,NBA,2004-05,60,3,548,56,119,56,119,0,0,37,58,53,123,176,21,9,37,43,98,149,0.471,0.471,,0.471,0.638,0.515,perkike01
Wesley Person,33,TOT,NBA,2004-05,41,3,667,107,226,66,137,41,89,9,13,3,80,83,39,19,4,17,30,264,0.473,0.482,0.461,0.564,0.692,0.57,persowe01
Morris Peterson,27,TOR,NBA,2004-05,82,61,2510,356,848,227,513,129,335,188,226,71,269,340,169,91,18,93,219,1029,0.42,0.442,0.385,0.496,0.832,0.543,petermo01
Eric Piatkowski,34,CHI,NBA,2004-05,68,11,841,111,258,54,124,57,134,45,56,15,64,79,51,29,1,37,67,324,0.43,0.435,0.425,0.541,0.804,0.573,piatker01
Paul Pierce,27,BOS,NBA,2004-05,82,82,2960,556,1223,448,931,108,292,549,668,78,461,539,348,133,39,230,255,1769,0.455,0.481,0.37,0.499,0.822,0.583,piercpa01
Mickael Pietrus,22,GSW,NBA,2004-05,67,3,1340,214,501,147,306,67,195,141,202,65,124,189,82,46,18,92,139,636,0.427,0.48,0.344,0.494,0.698,0.539,pietrmi01
Zoran Planinic,22,NJN,NBA,2004-05,43,8,515,78,174,63,134,15,40,46,66,19,50,69,44,25,0,41,76,217,0.448,0.47,0.375,0.491,0.697,0.534,planizo01
Pavel Podkolzin,20,DAL,NBA,2004-05,5,0,10,0,0,0,0,0,0,1,2,0,2,2,0,0,0,2,4,1,,,,,0.5,0.568,podkopa01
Scot Pollard,29,IND,NBA,2004-05,49,17,865,79,167,79,167,0,0,33,49,85,120,205,18,30,24,31,123,191,0.473,0.473,,0.473,0.673,0.506,pollasc01
Mark Pope,32,DEN,NBA,2004-05,9,0,27,2,6,2,6,0,0,0,0,5,3,8,1,1,2,1,5,4,0.333,0.333,,0.333,,0.333,popema01
James Posey,28,MEM,NBA,2004-05,50,18,1382,127,356,72,178,55,178,96,111,45,174,219,88,48,23,69,134,405,0.357,0.404,0.309,0.434,0.865,0.5,poseyja01
Vitaly Potapenko,29,SEA,NBA,2004-05,33,1,335,45,87,45,86,0,1,27,31,30,48,78,9,7,3,12,53,117,0.517,0.523,0,0.517,0.871,0.581,potapvi01
Tayshaun Prince,24,DET,NBA,2004-05,82,82,3039,469,963,422,825,47,138,221,274,133,302,435,247,56,71,135,161,1206,0.487,0.512,0.341,0.511,0.807,0.556,princta01
Laron Profit,27,WAS,NBA,2004-05,42,4,428,56,128,48,100,8,28,16,25,24,52,76,37,16,5,27,44,136,0.438,0.48,0.286,0.469,0.64,0.489,profila01
Joel Przybilla,25,POR,NBA,2004-05,76,50,1858,199,333,199,333,0,0,90,174,178,410,588,74,24,163,98,239,488,0.598,0.598,,0.598,0.517,0.596,przybjo01
Vladimir Radmanovic,24,SEA,NBA,2004-05,63,0,1856,266,650,138,321,128,329,81,103,52,237,289,86,57,31,80,172,741,0.409,0.43,0.389,0.508,0.786,0.533,radmavl01
Aleksandar Radojevic,28,UTA,NBA,2004-05,12,6,128,6,19,6,19,0,0,7,10,9,19,28,6,0,2,15,32,19,0.316,0.316,,0.316,0.7,0.406,radojal01
Peter John Ramos,19,WAS,NBA,2004-05,6,0,20,5,10,5,10,0,0,1,2,1,3,4,0,0,1,3,4,11,0.5,0.5,,0.5,0.5,0.506,ramospe01
Zach Randolph,23,POR,NBA,2004-05,46,37,1603,332,741,332,735,0,6,207,254,142,300,442,86,34,17,112,112,871,0.448,0.452,0,0.448,0.815,0.511,randoza01
Theo Ratliff,31,POR,NBA,2004-05,63,45,1731,115,257,115,257,0,0,74,107,111,220,331,34,23,158,56,183,304,0.447,0.447,,0.447,0.692,0.5,ratlith01
Zeljko Rebraca,32,LAC,NBA,2004-05,58,2,928,133,234,133,234,0,0,73,85,49,135,184,26,13,40,49,130,339,0.568,0.568,,0.568,0.859,0.625,rebraze01
Michael Redd,25,MIL,NBA,2004-05,75,75,2848,625,1418,521,1125,104,293,369,432,72,240,312,172,63,8,133,152,1723,0.441,0.463,0.355,0.477,0.854,0.536,reddmi01
Justin Reed,23,BOS,NBA,2004-05,23,0,121,15,29,15,26,0,3,11,15,8,8,16,10,3,1,5,12,41,0.517,0.577,0,0.517,0.733,0.576,reedju01
Jared Reiner,22,CHI,NBA,2004-05,19,2,132,10,30,10,30,0,0,1,4,13,25,38,1,3,7,9,35,21,0.333,0.333,,0.333,0.25,0.331,reineja01
Jason Richardson,24,GSW,NBA,2004-05,72,72,2724,610,1368,485,998,125,370,214,309,125,299,424,281,105,32,169,156,1559,0.446,0.486,0.338,0.492,0.693,0.518,richaja01
Quentin Richardson,24,PHO,NBA,2004-05,79,78,2839,407,1045,181,414,226,631,136,184,91,388,479,158,96,27,102,197,1176,0.389,0.437,0.358,0.498,0.739,0.522,richaqu01
Luke Ridnour,23,SEA,NBA,2004-05,82,82,2571,299,739,232,561,67,178,159,180,55,149,204,483,94,23,149,185,824,0.405,0.414,0.376,0.45,0.883,0.504,ridnolu01
Bernard Robinson,24,CHA,NBA,2004-05,31,1,328,36,81,33,73,3,8,18,26,14,34,48,30,11,4,20,42,93,0.444,0.452,0.375,0.463,0.692,0.503,robinbe01
Clifford Robinson,38,TOT,NBA,2004-05,71,29,1689,202,523,135,330,67,193,62,97,54,155,209,104,62,53,66,181,533,0.386,0.409,0.347,0.45,0.639,0.471,robincl02
Glenn Robinson,32,SAS,NBA,2004-05,9,0,157,34,77,32,71,2,6,20,23,4,20,24,8,4,3,7,19,90,0.442,0.451,0.333,0.455,0.87,0.517,robingl01
Rodney Rogers,33,TOT,NBA,2004-05,58,33,1367,172,450,124,282,48,168,52,70,61,185,246,86,41,20,86,172,444,0.382,0.44,0.286,0.436,0.743,0.462,rogerro01
Jalen Rose,32,TOR,NBA,2004-05,81,65,2710,527,1159,419,885,108,274,333,390,44,232,276,209,63,10,180,190,1495,0.455,0.473,0.394,0.501,0.854,0.562,roseja01
Malik Rose,30,TOT,NBA,2004-05,76,5,1475,198,441,197,431,1,10,137,186,129,212,341,59,46,16,102,208,534,0.449,0.457,0.1,0.45,0.737,0.511,rosema01
Quinton Ross,23,LAC,NBA,2004-05,78,19,1659,161,373,160,369,1,4,74,110,59,151,210,109,51,22,54,165,397,0.432,0.434,0.25,0.433,0.673,0.471,rossqu01
Michael Ruffin,28,WAS,NBA,2004-05,79,7,1262,41,99,41,98,0,1,29,67,157,175,332,64,43,41,44,193,111,0.414,0.418,0,0.414,0.433,0.432,ruffimi01
Kareem Rush,24,TOT,NBA,2004-05,48,22,968,157,406,106,269,51,137,37,48,20,69,89,68,20,7,47,74,402,0.387,0.394,0.372,0.45,0.771,0.471,rushka01
Bryon Russell,34,DEN,NBA,2004-05,70,2,1026,95,252,39,103,56,149,61,77,50,122,172,72,44,11,35,130,307,0.377,0.379,0.376,0.488,0.792,0.537,russebr01
John Salmons,25,PHI,NBA,2004-05,58,8,993,85,210,54,119,31,91,35,48,12,109,121,114,40,13,51,92,236,0.405,0.454,0.341,0.479,0.729,0.511,salmojo01
Jamal Sampson,21,CHA,NBA,2004-05,23,0,329,28,62,28,62,0,0,23,39,36,86,122,8,4,17,17,53,79,0.452,0.452,,0.452,0.59,0.499,sampsja01
Daniel Santiago,28,MIL,NBA,2004-05,11,0,105,7,21,7,21,0,0,8,11,6,13,19,1,3,4,4,28,22,0.333,0.333,,0.333,0.727,0.426,santida01
Brian Scalabrine,26,NJN,NBA,2004-05,54,14,1167,132,332,110,264,22,68,53,69,83,161,244,88,34,18,66,111,339,0.398,0.417,0.324,0.431,0.768,0.468,scalabr01
Ansu Sesay,28,GSW,NBA,2004-05,16,0,128,17,42,15,34,2,8,13,24,18,20,38,12,2,3,8,16,49,0.405,0.441,0.25,0.429,0.542,0.466,sesayan01
Ha Seung-Jin,19,POR,NBA,2004-05,19,0,104,10,23,10,23,0,0,6,11,6,12,18,2,1,5,12,21,26,0.435,0.435,,0.435,0.545,0.467,seungha01
Paul Shirley,27,PHO,NBA,2004-05,9,0,30,5,11,5,11,0,0,2,4,1,1,2,3,0,0,1,3,12,0.455,0.455,,0.455,0.5,0.47,shirlpa01
Bobby Simmons,24,LAC,NBA,2004-05,75,74,2799,474,1017,424,902,50,115,231,273,128,318,446,205,106,16,135,227,1229,0.466,0.47,0.435,0.491,0.846,0.54,simmobo01
Brian Skinner,28,TOT,NBA,2004-05,49,23,941,104,205,104,204,0,1,25,70,107,173,280,43,31,49,40,102,233,0.507,0.51,0,0.507,0.357,0.494,skinnbr01
Tamar Slay,24,CHA,NBA,2004-05,8,0,78,13,39,11,27,2,12,0,2,6,8,14,3,5,0,8,20,28,0.333,0.407,0.167,0.359,0,0.351,slayta01
Donta Smith,21,ATL,NBA,2004-05,38,0,433,44,113,38,91,6,22,33,48,19,33,52,39,23,5,25,50,127,0.389,0.418,0.273,0.416,0.688,0.473,smithdo04
J.R. Smith,19,NOH,NBA,2004-05,76,56,1859,295,748,214,467,81,281,111,161,39,113,152,142,55,11,109,135,782,0.394,0.458,0.288,0.449,0.689,0.478,smithjr01
Jabari Smith,27,NJN,NBA,2004-05,45,2,648,62,148,61,146,1,2,41,55,29,82,111,38,25,14,39,103,166,0.419,0.418,0.5,0.422,0.745,0.482,smithja01
Joe Smith,29,MIL,NBA,2004-05,74,73,2265,319,621,319,620,0,1,175,228,179,362,541,67,43,38,79,222,813,0.514,0.515,0,0.514,0.768,0.564,smithjo02
Josh Smith,19,ATL,NBA,2004-05,74,59,2050,274,602,270,579,4,23,163,237,147,310,457,127,59,144,135,157,715,0.455,0.466,0.174,0.458,0.688,0.506,smithjo03
Steve Smith,35,TOT,NBA,2004-05,50,1,750,102,248,61,143,41,105,69,80,15,50,65,71,14,7,27,82,314,0.411,0.427,0.39,0.494,0.863,0.554,smithst01
Theron Smith,24,CHA,NBA,2004-05,33,5,510,44,136,41,124,3,12,14,16,39,77,116,28,6,4,27,58,105,0.324,0.331,0.25,0.335,0.875,0.367,smithth01
Eric Snow,31,CLE,NBA,2004-05,81,15,1844,125,327,112,282,13,45,59,80,37,118,155,317,67,16,89,189,322,0.382,0.397,0.289,0.402,0.738,0.445,snower01
Kirk Snyder,21,UTA,NBA,2004-05,68,7,906,122,328,92,243,30,85,64,96,50,71,121,36,26,19,58,116,338,0.372,0.379,0.353,0.418,0.667,0.456,snydeki01
Darius Songaila,26,SAC,NBA,2004-05,81,21,1668,257,488,257,485,0,3,94,111,125,219,344,114,51,18,70,206,608,0.527,0.53,0,0.527,0.847,0.566,songada01
Pape Sow,23,TOR,NBA,2004-05,27,4,255,23,58,23,58,0,0,16,27,18,39,57,2,12,4,10,46,62,0.397,0.397,,0.397,0.593,0.444,sowpa01
Latrell Sprewell,34,MIN,NBA,2004-05,80,79,2450,398,961,329,750,69,211,156,188,65,189,254,179,53,21,127,124,1021,0.414,0.439,0.327,0.45,0.83,0.489,sprewla01
Jerry Stackhouse,30,DAL,NBA,2004-05,56,7,1617,274,662,242,542,32,120,253,298,38,145,183,127,53,10,106,104,833,0.414,0.446,0.267,0.438,0.849,0.525,stackje01
DeShawn Stevenson,23,ORL,NBA,2004-05,55,27,1089,174,426,149,359,25,67,56,101,38,64,102,69,16,9,57,73,429,0.408,0.415,0.373,0.438,0.554,0.456,stevede01
Michael Stewart,29,ATL,NBA,2004-05,12,1,145,11,21,11,21,0,0,3,7,21,19,40,5,6,5,6,32,25,0.524,0.524,,0.524,0.429,0.519,stewami01
Peja Stojakovic,27,SAC,NBA,2004-05,66,66,2534,451,1016,277,583,174,433,253,275,62,223,285,138,79,12,102,157,1329,0.444,0.475,0.402,0.53,0.92,0.584,stojape01
Awvee Storey,27,NJN,NBA,2004-05,9,0,32,3,10,2,8,1,2,1,2,4,1,5,1,0,0,0,3,8,0.3,0.25,0.5,0.35,0.5,0.368,storeaw01
Damon Stoudamire,31,POR,NBA,2004-05,81,70,2762,457,1165,276,675,181,490,182,199,56,254,310,458,86,2,164,158,1277,0.392,0.409,0.369,0.47,0.915,0.51,stoudda01
Amar'e Stoudemire,22,PHO,NBA,2004-05,80,80,2889,747,1336,744,1320,3,16,583,795,219,494,713,131,77,130,189,278,2080,0.559,0.564,0.188,0.56,0.733,0.617,stoudam01
Erick Strickland,31,MIL,NBA,2004-05,62,5,1014,114,304,93,221,21,83,52,64,11,92,103,115,30,1,64,103,301,0.375,0.421,0.253,0.41,0.813,0.453,stricer01
Rod Strickland,38,HOU,NBA,2004-05,16,2,196,9,43,8,41,1,2,9,10,3,24,27,39,3,2,16,15,28,0.209,0.195,0.5,0.221,0.9,0.295,stricro02
Bruno Sundov,24,NYK,NBA,2004-05,21,0,73,11,37,10,34,1,3,2,2,6,7,13,2,2,2,6,16,25,0.297,0.294,0.333,0.311,1,0.33,sundobr01
Bob Sura,31,HOU,NBA,2004-05,61,59,1922,215,504,160,349,55,155,141,188,79,258,337,317,65,7,147,168,626,0.427,0.458,0.355,0.481,0.75,0.533,surabo01
Mike Sweetney,22,NYK,NBA,2004-05,77,28,1509,237,446,237,445,0,1,176,235,169,249,418,44,27,28,108,224,650,0.531,0.533,0,0.531,0.749,0.592,sweetmi01
Robert Swift,19,SEA,NBA,2004-05,16,0,72,5,11,5,11,0,0,5,9,1,4,5,2,1,7,4,16,15,0.455,0.455,,0.455,0.556,0.501,swiftro01
Stromile Swift,25,MEM,NBA,2004-05,60,14,1279,219,488,219,484,0,4,166,219,92,181,273,43,41,92,90,182,604,0.449,0.452,0,0.449,0.758,0.517,swiftst01
Wally Szczerbiak,27,MIN,NBA,2004-05,81,37,2558,465,919,402,750,63,169,260,304,82,221,303,191,40,16,132,178,1253,0.506,0.536,0.373,0.54,0.855,0.595,szczewa02
Yuta Tabuse,24,PHO,NBA,2004-05,4,0,17,1,6,0,5,1,1,4,4,2,2,4,3,0,0,1,1,7,0.167,0,1,0.25,1,0.451,tabusyu01
Maurice Taylor,28,TOT,NBA,2004-05,65,16,1336,203,446,200,437,3,9,63,103,67,190,257,67,27,20,94,180,472,0.455,0.458,0.333,0.459,0.612,0.48,tayloma01
Sebastian Telfair,19,POR,NBA,2004-05,68,26,1330,169,430,152,361,17,69,105,133,10,94,104,224,35,4,125,120,460,0.393,0.421,0.246,0.413,0.789,0.471,telfase01
Jason Terry,27,DAL,NBA,2004-05,80,57,2401,372,743,269,498,103,245,146,173,38,150,188,429,109,15,147,177,993,0.501,0.54,0.42,0.57,0.844,0.606,terryja01
Billy Thomas,29,NJN,NBA,2004-05,25,0,356,34,94,17,38,17,56,7,9,7,29,36,17,14,1,9,29,92,0.362,0.447,0.304,0.452,0.778,0.47,thomabi01
Etan Thomas,26,WAS,NBA,2004-05,47,10,976,128,255,128,255,0,0,76,144,85,159,244,20,17,51,50,133,332,0.502,0.502,,0.502,0.528,0.521,thomaet01
James Thomas,24,TOT,NBA,2004-05,11,2,117,12,20,12,20,0,0,2,6,17,20,37,4,4,4,7,13,26,0.6,0.6,,0.6,0.333,0.574,thomaja02
John Thomas,29,MIN,NBA,2004-05,44,8,521,42,86,42,86,0,0,27,46,39,58,97,17,15,13,18,82,111,0.488,0.488,,0.488,0.587,0.522,thomajo02
Kenny Thomas,27,TOT,NBA,2004-05,73,58,2167,367,781,366,776,1,5,173,227,184,351,535,152,67,17,131,227,908,0.47,0.472,0.2,0.471,0.762,0.515,thomake01
Kurt Thomas,32,NYK,NBA,2004-05,80,80,2855,424,901,422,897,2,4,66,84,170,661,831,160,70,79,99,310,916,0.471,0.47,0.5,0.472,0.786,0.488,thomaku01
Tim Thomas,27,NYK,NBA,2004-05,71,68,1940,315,718,230,510,85,208,136,173,45,192,237,110,41,17,113,222,851,0.439,0.451,0.409,0.498,0.786,0.536,thomati01
Jamaal Tinsley,26,IND,NBA,2004-05,40,40,1301,218,522,160,366,58,156,122,164,26,134,160,257,81,12,134,112,616,0.418,0.437,0.372,0.473,0.744,0.518,tinslja01
Robert Traylor,27,CLE,NBA,2004-05,74,6,1327,177,399,177,391,0,8,55,102,136,196,332,61,54,50,73,215,409,0.444,0.453,0,0.444,0.539,0.461,traylro01
Jake Tsakalidis,25,MEM,NBA,2004-05,31,1,278,32,64,32,64,0,0,14,18,21,35,56,10,3,16,12,42,78,0.5,0.5,,0.5,0.778,0.542,tsakaja01
Nikoloz Tskitishvili,21,TOT,NBA,2004-05,35,0,220,22,74,20,57,2,17,4,7,12,29,41,10,8,11,19,33,50,0.297,0.351,0.118,0.311,0.571,0.324,tskitni01
Hedo Turkoglu,25,ORL,NBA,2004-05,67,11,1757,328,782,235,537,93,245,188,225,62,171,233,153,41,18,119,140,937,0.419,0.438,0.38,0.479,0.836,0.532,turkohe01
Beno Udrih,22,SAS,NBA,2004-05,80,2,1149,173,390,115,248,58,142,67,89,16,67,83,150,41,10,77,96,471,0.444,0.464,0.408,0.518,0.753,0.549,udrihbe01
Nick Van Exel,33,POR,NBA,2004-05,53,34,1619,214,561,114,304,100,257,58,74,20,141,161,227,44,0,92,70,586,0.381,0.375,0.389,0.471,0.784,0.494,vanexni01
Keith Van Horn,29,TOT,NBA,2004-05,62,16,1502,257,564,203,422,54,142,128,157,89,205,294,75,36,21,81,170,696,0.456,0.481,0.38,0.504,0.815,0.55,vanhoke01
Anderson Varejao,22,CLE,NBA,2004-05,54,0,863,99,193,99,191,0,2,68,127,109,148,257,27,41,38,26,122,266,0.513,0.518,0,0.513,0.535,0.534,varejan01
Jacque Vaughn,29,NJN,NBA,2004-05,71,34,1410,146,325,141,310,5,15,76,91,17,90,107,135,41,1,62,138,373,0.449,0.455,0.333,0.457,0.835,0.511,vaughja01
Jake Voskuhl,27,PHO,NBA,2004-05,38,1,360,27,59,27,59,0,0,26,38,30,62,92,17,4,11,20,60,80,0.458,0.458,,0.458,0.684,0.528,voskuja01
Jackson Vroman,23,TOT,NBA,2004-05,46,18,705,82,199,82,196,0,3,48,75,64,111,175,40,25,19,64,105,212,0.412,0.418,0,0.412,0.64,0.457,vromaja01
Sasha Vujacic,20,LAL,NBA,2004-05,35,3,403,33,117,16,54,17,63,18,19,13,49,62,51,12,2,15,41,101,0.282,0.296,0.27,0.355,0.947,0.403,vujacsa01
Dwyane Wade,23,MIA,NBA,2004-05,77,77,2974,630,1318,617,1273,13,45,581,762,110,287,397,520,121,82,321,230,1854,0.478,0.485,0.289,0.483,0.762,0.561,wadedw01
Dajuan Wagner,21,CLE,NBA,2004-05,11,0,102,18,55,13,29,5,26,3,4,0,2,2,13,5,0,9,15,44,0.327,0.448,0.192,0.373,0.75,0.388,wagneda02
Antoine Walker,28,TOT,NBA,2004-05,77,77,2955,581,1377,471,1036,110,341,201,373,182,513,695,265,89,58,253,217,1473,0.422,0.455,0.323,0.462,0.539,0.478,walkean02
Samaki Walker,28,WAS,NBA,2004-05,14,0,134,11,31,11,31,0,0,2,3,8,10,18,4,3,7,8,25,24,0.355,0.355,,0.355,0.667,0.371,walkesa01
Ben Wallace,30,DET,NBA,2004-05,74,74,2671,295,651,294,642,1,9,130,304,292,610,902,123,106,176,82,159,721,0.453,0.458,0.111,0.454,0.428,0.459,wallabe01
Gerald Wallace,22,CHA,NBA,2004-05,70,68,2147,286,637,269,575,17,62,191,289,118,268,386,137,117,91,159,182,780,0.449,0.468,0.274,0.462,0.661,0.51,wallage01
Rasheed Wallace,30,DET,NBA,2004-05,79,79,2687,467,1062,392,826,75,236,136,195,174,470,644,142,65,115,127,236,1145,0.44,0.475,0.318,0.475,0.697,0.499,wallara01
Luke Walton,24,LAL,NBA,2004-05,61,5,768,74,180,58,119,16,61,34,48,55,87,142,93,26,11,58,70,198,0.411,0.487,0.262,0.456,0.708,0.492,waltolu01
Charlie Ward,34,HOU,NBA,2004-05,14,13,360,24,77,8,26,16,51,11,13,6,33,39,43,15,0,18,22,75,0.312,0.308,0.314,0.416,0.846,0.453,wardch01
Earl Watson,25,MEM,NBA,2004-05,80,14,1808,236,554,184,391,52,163,91,138,35,129,164,359,83,19,167,184,615,0.426,0.471,0.319,0.473,0.659,0.5,watsoea01
Clarence Weatherspoon,34,HOU,NBA,2004-05,40,18,525,47,114,47,114,0,0,29,35,35,87,122,17,9,6,15,74,123,0.412,0.412,,0.412,0.829,0.475,weathcl01
Chris Webber,31,TOT,NBA,2004-05,67,67,2370,555,1283,540,1239,15,44,181,228,130,482,612,318,94,53,182,214,1306,0.433,0.436,0.341,0.438,0.794,0.472,webbech01
Bonzi Wells,28,MEM,NBA,2004-05,69,19,1489,272,617,236,513,36,104,141,188,49,180,229,80,85,27,90,165,721,0.441,0.46,0.346,0.47,0.75,0.515,wellsbo01
Jiri Welsch,25,TOT,NBA,2004-05,71,32,1317,149,371,115,261,34,110,129,169,26,141,167,103,44,5,73,121,461,0.402,0.441,0.309,0.447,0.763,0.518,welscji01
David Wesley,34,TOT,NBA,2004-05,80,79,2774,334,840,216,525,118,315,162,189,38,190,228,265,96,9,113,215,948,0.398,0.411,0.375,0.468,0.857,0.513,wesleda01
David West,24,NOH,NBA,2004-05,30,8,552,75,172,73,167,2,5,34,50,40,89,129,23,12,16,37,62,186,0.436,0.437,0.4,0.442,0.68,0.479,westda01
Delonte West,21,BOS,NBA,2004-05,39,7,507,66,155,42,88,24,67,19,27,14,51,65,53,21,8,24,69,175,0.426,0.477,0.358,0.503,0.704,0.524,westde01
Jahidi White,28,CHA,NBA,2004-05,17,0,135,14,31,14,31,0,0,14,40,11,23,34,1,2,12,11,31,42,0.452,0.452,,0.452,0.35,0.432,whiteja01
Rodney White,24,TOT,NBA,2004-05,58,2,677,121,289,97,229,24,60,27,44,24,65,89,44,32,11,37,64,293,0.419,0.424,0.4,0.46,0.614,0.475,whitero02
Chris Wilcox,22,LAC,NBA,2004-05,54,25,1005,169,329,169,329,0,0,88,144,63,165,228,38,26,24,77,129,426,0.514,0.514,,0.514,0.611,0.543,wilcoch01
Damien Wilkins,25,SEA,NBA,2004-05,29,7,520,73,168,57,109,16,59,21,34,29,37,66,26,22,10,16,55,183,0.435,0.523,0.271,0.482,0.618,0.5,wilkida02
Mike Wilks,25,SAS,NBA,2004-05,48,0,278,32,77,27,61,5,16,12,16,4,21,25,33,14,1,14,26,81,0.416,0.443,0.313,0.448,0.75,0.482,wilksmi01
Aaron Williams,33,TOT,NBA,2004-05,42,4,315,29,63,29,63,0,0,15,17,17,43,60,8,5,8,17,70,73,0.46,0.46,,0.46,0.882,0.518,williaa01
Eric Williams,32,TOT,NBA,2004-05,55,39,1322,142,330,114,257,28,73,112,161,44,128,172,92,38,4,60,147,424,0.43,0.444,0.384,0.473,0.696,0.529,willier01
Frank Williams,24,CHI,NBA,2004-05,9,0,71,3,20,3,16,0,4,0,0,2,4,6,11,2,3,3,9,6,0.15,0.188,0,0.15,,0.15,willifr02
Jason Williams,29,MEM,NBA,2004-05,71,68,1952,266,644,159,314,107,330,80,101,19,103,122,399,75,5,130,91,719,0.413,0.506,0.324,0.496,0.792,0.522,willija02
Jerome Williams,31,NYK,NBA,2004-05,79,4,1211,122,243,122,238,0,5,115,172,115,168,283,41,55,10,65,155,359,0.502,0.513,0,0.502,0.669,0.563,willije01
Mo Williams,22,MIL,NBA,2004-05,80,80,2254,323,737,291,638,32,99,136,160,50,194,244,484,74,11,196,221,814,0.438,0.456,0.323,0.46,0.85,0.504,willima01
Scott Williams,36,CLE,NBA,2004-05,19,0,152,12,41,12,40,0,1,9,11,15,15,30,8,4,6,5,30,33,0.293,0.3,0,0.293,0.818,0.36,willisc01
Corliss Williamson,31,TOT,NBA,2004-05,72,9,1527,273,584,273,582,0,2,195,244,104,155,259,78,38,15,86,218,741,0.467,0.469,0,0.467,0.799,0.536,willico02
Kevin Willis,42,ATL,NBA,2004-05,29,5,344,35,90,35,88,0,2,17,23,29,47,76,9,8,7,15,53,87,0.389,0.398,0,0.389,0.739,0.434,willike02
Loren Woods,26,TOR,NBA,2004-05,45,30,712,71,164,71,163,0,1,34,59,81,139,220,17,8,39,37,78,176,0.433,0.436,0,0.433,0.576,0.463,woodslo01
Qyntel Woods,23,MIA,NBA,2004-05,3,0,40,5,12,5,12,0,0,0,0,2,4,6,0,4,0,2,6,10,0.417,0.417,,0.417,,0.417,woodsqy01
Metta World Peace,25,IND,NBA,2004-05,7,7,291,59,119,52,102,7,17,47,51,8,37,45,22,12,6,17,27,172,0.496,0.51,0.412,0.525,0.922,0.608,artesro01
Dorell Wright,19,MIA,NBA,2004-05,3,0,27,3,11,3,7,0,4,1,1,0,1,1,3,4,0,3,2,7,0.273,0.429,0,0.273,1,0.306,wrighdo01
Lorenzen Wright,29,MEM,NBA,2004-05,80,77,2287,320,683,320,680,0,3,131,198,177,436,613,87,58,69,100,251,771,0.469,0.471,0,0.469,0.662,0.501,wrighlo02
Wang Zhizhi,27,MIA,NBA,2004-05,20,0,92,17,36,15,33,2,3,7,12,6,12,18,5,3,2,5,9,43,0.472,0.455,0.667,0.5,0.583,0.521,zhizhwa01
Shareef Abdur-Rahim,29,SAC,NBA,2005-06,72,30,1961,332,632,327,610,5,22,218,278,106,251,357,149,48,42,108,227,887,0.525,0.536,0.227,0.529,0.784,0.588,abdursh01
Alex Acker,23,DET,NBA,2005-06,5,0,35,4,16,3,11,1,5,0,0,1,4,5,4,1,0,4,4,9,0.25,0.273,0.2,0.281,,0.281,ackeral01
Malik Allen,27,CHI,NBA,2005-06,54,20,701,121,247,120,246,1,1,23,38,44,96,140,20,14,16,34,92,266,0.49,0.488,1,0.492,0.605,0.504,allenma01
Ray Allen,30,SEA,NBA,2005-06,78,78,3022,681,1500,412,847,269,653,324,359,71,261,332,286,105,16,188,151,1955,0.454,0.486,0.412,0.544,0.903,0.59,allenra02
Tony Allen,24,BOS,NBA,2005-06,51,9,978,129,274,118,240,11,34,100,134,32,79,111,67,51,18,67,126,369,0.471,0.492,0.324,0.491,0.746,0.554,allento01
Rafer Alston,29,HOU,NBA,2005-06,63,63,2431,280,738,178,426,102,312,99,143,36,219,255,425,101,15,157,194,761,0.379,0.418,0.327,0.449,0.692,0.475,alstora01
Chris Andersen,27,NOK,NBA,2005-06,32,2,570,56,98,56,98,0,0,49,103,61,94,155,6,8,41,26,84,161,0.571,0.571,,0.571,0.476,0.562,anderch01
Alan Anderson,23,CHA,NBA,2005-06,36,7,564,75,181,51,123,24,58,33,41,23,47,70,32,11,4,32,48,207,0.414,0.415,0.414,0.481,0.805,0.52,anderal01
Derek Anderson,31,TOT,NBA,2005-06,43,11,1047,108,303,68,169,40,134,93,111,21,122,143,101,23,6,54,98,349,0.356,0.402,0.299,0.422,0.838,0.496,anderde01
Shandon Anderson,32,MIA,NBA,2005-06,48,1,638,54,126,49,107,5,19,13,18,18,63,81,30,17,6,24,75,126,0.429,0.458,0.263,0.448,0.722,0.47,andersh01
Martynas Andriuskevicius,19,CLE,NBA,2005-06,6,0,9,0,1,0,1,0,0,0,0,1,3,4,0,2,0,0,1,0,0,0,,0,,0,andrima01
Carmelo Anthony,21,DEN,NBA,2005-06,80,80,2941,756,1572,719,1420,37,152,573,709,122,272,394,216,88,42,218,229,2122,0.481,0.506,0.243,0.493,0.808,0.563,anthoca01
Rafael Araujo,25,TOR,NBA,2005-06,52,34,601,53,145,53,144,0,1,15,28,43,101,144,15,24,6,42,104,121,0.366,0.368,0,0.366,0.536,0.385,araujra01
Gilbert Arenas,24,WAS,NBA,2005-06,80,80,3384,746,1668,547,1128,199,540,655,799,59,221,280,484,161,25,297,286,2346,0.447,0.485,0.369,0.507,0.82,0.581,arenagi01
Trevor Ariza,20,TOT,NBA,2005-06,57,10,999,93,226,92,221,1,5,77,127,78,140,218,61,57,11,62,100,264,0.412,0.416,0.2,0.414,0.606,0.468,arizatr01
Darrell Armstrong,37,DAL,NBA,2005-06,62,2,622,43,128,32,80,11,48,33,42,18,63,81,86,27,3,58,71,130,0.336,0.4,0.229,0.379,0.786,0.444,armstda01
Carlos Arroyo,26,TOT,NBA,2005-06,77,0,1194,168,378,161,358,7,20,106,137,33,97,130,232,38,4,83,119,449,0.444,0.45,0.35,0.454,0.774,0.512,arroyca01
Chucky Atkins,31,TOT,NBA,2005-06,71,41,1713,226,573,129,299,97,274,129,163,23,97,120,198,43,2,87,152,678,0.394,0.431,0.354,0.479,0.791,0.526,atkinch01
Stacey Augmon,37,ORL,NBA,2005-06,36,3,385,25,73,25,73,0,0,21,30,18,35,53,23,12,6,11,40,71,0.342,0.342,,0.342,0.7,0.412,augmost01
Vin Baker,34,LAC,NBA,2005-06,8,1,85,7,15,7,15,0,0,13,18,2,17,19,4,4,4,9,13,27,0.467,0.467,,0.467,0.722,0.589,bakervi01
Marcus Banks,24,TOT,NBA,2005-06,58,29,1497,219,468,197,405,22,63,118,147,23,112,135,220,54,11,119,162,578,0.468,0.486,0.349,0.491,0.803,0.543,banksma01
Leandro Barbosa,23,PHO,NBA,2005-06,57,11,1592,273,567,186,371,87,196,111,147,31,119,150,158,48,6,89,145,744,0.481,0.501,0.444,0.558,0.755,0.589,barbole01
Matt Barnes,25,TOT,NBA,2005-06,56,5,631,70,140,67,125,3,15,32,47,48,73,121,28,20,7,30,100,175,0.5,0.536,0.2,0.511,0.681,0.545,barnema02
Andre Barrett,23,TOT,NBA,2005-06,19,0,282,38,104,36,90,2,14,9,12,9,16,25,52,10,0,15,13,87,0.365,0.4,0.143,0.375,0.75,0.398,barrean01
Earl Barron,24,MIA,NBA,2005-06,8,0,45,5,16,5,16,0,0,3,4,2,8,10,0,0,0,5,10,13,0.313,0.313,,0.313,0.75,0.366,barroea01
Brent Barry,34,SAS,NBA,2005-06,74,5,1259,156,345,76,143,80,202,39,59,29,130,159,123,39,27,52,99,431,0.452,0.531,0.396,0.568,0.661,0.581,barrybr01
Jon Barry,36,HOU,NBA,2005-06,20,0,342,25,65,13,33,12,32,24,29,1,30,31,26,13,1,22,25,86,0.385,0.394,0.375,0.477,0.828,0.553,barryjo01
Eddie Basden,22,CHI,NBA,2005-06,19,0,141,15,37,14,30,1,7,8,10,7,21,28,8,9,2,9,17,39,0.405,0.467,0.143,0.419,0.8,0.471,basdeed01
Brandon Bass,20,NOK,NBA,2005-06,29,1,268,28,70,28,70,0,0,12,19,18,50,68,3,3,7,11,18,68,0.4,0.4,,0.4,0.632,0.434,bassbr01
Esteban Batista,22,ATL,NBA,2005-06,57,3,495,34,80,34,79,0,1,33,53,61,83,144,7,15,11,38,111,101,0.425,0.43,0,0.425,0.623,0.489,batises01
Tony Battie,29,ORL,NBA,2005-06,82,82,2215,280,552,280,546,0,6,89,134,145,312,457,49,46,69,88,250,649,0.507,0.513,0,0.507,0.664,0.531,battito01
Shane Battier,27,MEM,NBA,2005-06,81,81,2839,303,621,238,456,65,165,147,208,164,265,429,136,92,114,90,223,818,0.488,0.522,0.394,0.54,0.707,0.574,battish01
Lonny Baxter,27,TOT,NBA,2005-06,41,0,400,45,104,45,104,0,0,28,35,45,72,117,4,11,8,20,56,118,0.433,0.433,,0.433,0.8,0.494,baxtelo01
Charlie Bell,26,MIL,NBA,2005-06,59,6,1283,180,410,109,242,71,168,63,89,21,99,120,130,59,5,41,126,494,0.439,0.45,0.423,0.526,0.708,0.55,bellch01
Raja Bell,29,PHO,NBA,2005-06,79,79,2959,425,930,228,484,197,446,115,146,44,209,253,207,76,22,89,248,1162,0.457,0.471,0.442,0.563,0.788,0.584,bellra01
Jonathan Bender,25,IND,NBA,2005-06,2,0,21,4,5,4,5,0,0,2,2,0,4,4,2,0,1,0,2,10,0.8,0.8,,0.8,1,0.85,bendejo01
Mike Bibby,27,SAC,NBA,2005-06,82,82,3167,597,1382,405,885,192,497,342,403,29,211,240,444,82,10,199,169,1728,0.432,0.458,0.386,0.501,0.849,0.554,bibbymi01
Andris Biedrins,19,GSW,NBA,2005-06,68,2,1000,118,185,118,185,0,0,22,72,124,159,283,24,23,47,34,190,258,0.638,0.638,,0.638,0.306,0.595,biedran01
Chauncey Billups,29,DET,NBA,2005-06,81,81,2925,423,1012,239,587,184,425,465,520,41,211,252,699,71,8,170,160,1495,0.418,0.407,0.433,0.509,0.894,0.602,billuch01
Steve Blake,25,POR,NBA,2005-06,68,57,1781,206,470,130,286,76,184,72,91,26,120,146,306,42,5,83,107,560,0.438,0.455,0.413,0.519,0.791,0.549,blakest01
Andray Blatche,19,WAS,NBA,2005-06,29,0,175,26,67,23,54,3,13,10,12,12,26,38,10,5,7,12,36,65,0.388,0.426,0.231,0.41,0.833,0.45,blatcan01
Mark Blount,30,TOT,NBA,2005-06,81,55,2240,373,734,373,734,0,0,168,222,96,269,365,99,40,76,194,254,914,0.508,0.508,,0.508,0.757,0.549,blounma01
Keith Bogans,25,TOT,NBA,2005-06,72,31,1912,215,544,150,344,65,200,127,186,55,200,255,128,71,9,90,167,622,0.395,0.436,0.325,0.455,0.683,0.497,boganke01
Andrew Bogut,21,MIL,NBA,2005-06,82,77,2348,323,606,323,603,0,3,122,194,189,384,573,192,49,68,125,259,768,0.533,0.536,0,0.533,0.629,0.555,bogutan01
Matt Bonner,25,TOR,NBA,2005-06,78,6,1710,209,467,107,224,102,243,63,76,86,198,284,56,49,31,32,216,583,0.448,0.478,0.42,0.557,0.829,0.582,bonnema01
Calvin Booth,29,WAS,NBA,2005-06,33,2,250,20,47,19,45,1,2,5,9,19,33,52,12,9,9,8,44,46,0.426,0.422,0.5,0.436,0.556,0.451,boothca01
Carlos Boozer,24,UTA,NBA,2005-06,33,19,1025,219,399,219,399,0,0,99,137,73,212,285,88,30,8,69,105,537,0.549,0.549,,0.549,0.723,0.585,boozeca01
Chris Bosh,21,TOR,NBA,2005-06,70,70,2751,549,1087,549,1074,0,13,474,581,204,443,647,181,50,79,157,209,1572,0.505,0.511,0,0.505,0.816,0.585,boshch01
Bruce Bowen,34,SAS,NBA,2005-06,82,82,2755,232,536,128,291,104,245,51,84,35,285,320,126,79,30,67,191,619,0.433,0.44,0.424,0.53,0.607,0.54,bowenbr01
Ryan Bowen,30,HOU,NBA,2005-06,68,19,652,37,124,34,102,3,22,11,14,31,57,88,24,21,6,13,85,88,0.298,0.333,0.136,0.31,0.786,0.338,bowenry01
Earl Boykins,29,DEN,NBA,2005-06,60,0,1542,271,661,209,482,62,179,152,174,21,60,81,230,48,4,83,73,756,0.41,0.434,0.346,0.457,0.874,0.513,boykiea01
Michael Bradley,26,PHI,NBA,2005-06,46,1,367,32,79,31,74,1,5,2,3,40,67,107,17,5,7,19,39,67,0.405,0.419,0.2,0.411,0.667,0.417,bradlmi01
Elton Brand,26,LAC,NBA,2005-06,79,79,3099,756,1435,755,1432,1,3,440,568,236,554,790,208,81,201,173,227,1953,0.527,0.527,0.333,0.527,0.775,0.58,brandel01
Primoz Brezec,26,CHA,NBA,2005-06,79,79,2165,409,791,409,789,0,2,164,224,181,259,440,45,19,32,85,227,982,0.517,0.518,0,0.517,0.732,0.552,brezepr01
Devin Brown,27,UTA,NBA,2005-06,81,14,1711,207,527,168,409,39,118,158,212,73,134,207,104,44,14,99,153,611,0.393,0.411,0.331,0.43,0.745,0.493,brownde02
Kwame Brown,23,LAL,NBA,2005-06,72,49,1978,204,388,204,387,0,1,128,235,182,291,473,72,27,46,100,196,536,0.526,0.527,0,0.526,0.545,0.545,brownkw01
P.J. Brown,36,NOK,NBA,2005-06,75,73,2380,269,583,269,583,0,0,139,168,182,365,547,90,46,50,90,216,677,0.461,0.461,,0.461,0.827,0.515,brownpj01
Rick Brunson,33,TOT,NBA,2005-06,27,0,246,21,54,16,41,5,13,7,12,1,21,22,35,8,1,22,22,54,0.389,0.39,0.385,0.435,0.583,0.455,brunsri01
Kobe Bryant,27,LAL,NBA,2005-06,80,80,3277,978,2173,798,1655,180,518,696,819,71,354,425,360,147,30,250,233,2832,0.45,0.482,0.347,0.491,0.85,0.559,bryanko01
Greg Buckner,29,DEN,NBA,2005-06,73,27,1758,181,417,95,174,86,243,43,55,31,178,209,127,87,20,52,180,491,0.434,0.546,0.354,0.537,0.782,0.556,buckngr01
Pat Burke,32,PHO,NBA,2005-06,42,0,346,63,127,61,120,2,7,13,21,21,52,73,16,6,13,33,62,141,0.496,0.508,0.286,0.504,0.619,0.517,burkepa01
Antonio Burks,25,MEM,NBA,2005-06,57,1,570,51,144,50,138,1,6,10,23,4,33,37,76,20,0,36,45,113,0.354,0.362,0.167,0.358,0.435,0.367,burksan01
Kevin Burleson,26,CHA,NBA,2005-06,39,1,340,22,88,12,34,10,54,16,17,4,22,26,48,26,2,25,63,70,0.25,0.353,0.185,0.307,0.941,0.367,burleke01
Caron Butler,25,WAS,NBA,2005-06,75,54,2708,494,1086,453,966,41,120,289,332,114,352,466,186,127,18,175,238,1318,0.455,0.469,0.342,0.474,0.87,0.535,butleca01
Jackie Butler,20,NYK,NBA,2005-06,55,0,740,117,215,117,215,0,0,58,77,67,116,183,25,17,31,62,127,292,0.544,0.544,,0.544,0.753,0.587,butleja01
Rasual Butler,26,NOK,NBA,2005-06,79,20,1875,257,633,165,391,92,242,79,114,51,181,232,40,33,45,65,142,685,0.406,0.422,0.38,0.479,0.693,0.501,butlera01
Andrew Bynum,18,LAL,NBA,2005-06,46,0,338,33,82,33,82,0,0,8,27,34,46,80,9,4,22,17,56,74,0.402,0.402,,0.402,0.296,0.394,bynuman01
Will Bynum,23,GSW,NBA,2005-06,15,0,162,21,52,19,43,2,9,10,16,3,9,12,19,7,0,14,10,54,0.404,0.442,0.222,0.423,0.625,0.457,bynumwi01
Zarko Cabarkapa,24,GSW,NBA,2005-06,61,0,505,67,174,62,154,5,20,60,84,37,74,111,20,13,7,35,87,199,0.385,0.403,0.25,0.399,0.714,0.472,cabarza01
Jose Calderon,24,TOR,NBA,2005-06,64,11,1487,132,312,125,269,7,43,78,92,30,111,141,288,42,4,101,93,349,0.423,0.465,0.163,0.434,0.848,0.495,caldejo01
Marcus Camby,31,DEN,NBA,2005-06,56,54,1857,302,649,301,638,1,11,111,156,132,536,668,115,79,184,92,158,716,0.465,0.472,0.091,0.466,0.712,0.499,cambyma01
Brian Cardinal,28,MEM,NBA,2005-06,36,0,402,46,111,33,82,13,29,19,27,11,44,55,33,23,0,27,65,124,0.414,0.402,0.448,0.473,0.704,0.505,cardibr01
Matt Carroll,25,CHA,NBA,2005-06,78,6,1275,192,476,120,291,72,185,138,168,34,123,157,35,47,11,48,120,594,0.403,0.412,0.389,0.479,0.821,0.54,carroma01
Anthony Carter,30,MIN,NBA,2005-06,45,8,589,53,137,49,122,4,15,40,55,9,53,62,101,24,9,40,71,150,0.387,0.402,0.267,0.401,0.727,0.465,cartean01
Vince Carter,29,NJN,NBA,2005-06,79,79,2906,653,1518,528,1151,125,367,480,601,135,327,462,338,94,53,213,235,1911,0.43,0.459,0.341,0.471,0.799,0.536,cartevi01
Sam Cassell,36,LAC,NBA,2005-06,78,75,2653,493,1112,423,922,70,190,289,335,40,247,287,491,74,11,175,225,1345,0.443,0.459,0.368,0.475,0.863,0.534,cassesa01
Kelvin Cato,31,TOT,NBA,2005-06,27,0,333,36,84,36,84,0,0,26,35,20,50,70,4,6,12,18,52,98,0.429,0.429,,0.429,0.743,0.493,catoke01
Tyson Chandler,23,CHI,NBA,2005-06,79,50,2121,160,283,160,282,0,1,97,193,265,449,714,81,41,104,123,298,417,0.565,0.567,0,0.565,0.503,0.567,chandty01
Calbert Cheaney,34,GSW,NBA,2005-06,42,0,448,42,108,42,100,0,8,8,8,20,41,61,19,13,2,17,38,92,0.389,0.42,0,0.389,1,0.412,cheanca01
Josh Childress,22,ATL,NBA,2005-06,74,10,2249,278,504,246,439,32,65,154,201,134,253,387,131,86,39,101,184,742,0.552,0.56,0.492,0.583,0.766,0.626,childjo01
Doug Christie,35,DAL,NBA,2005-06,7,7,185,9,26,9,25,0,1,8,12,2,11,13,14,9,1,6,10,26,0.346,0.36,0,0.346,0.667,0.416,chrisdo01
Speedy Claxton,27,NOK,NBA,2005-06,71,3,2019,304,736,287,673,17,63,246,320,39,154,193,339,108,6,154,177,871,0.413,0.426,0.27,0.425,0.769,0.497,claxtsp01
Mateen Cleaves,28,SEA,NBA,2005-06,27,0,230,25,71,21,55,4,16,19,24,2,12,14,42,3,2,14,30,73,0.352,0.382,0.25,0.38,0.792,0.448,cleavma01
Jarron Collins,27,UTA,NBA,2005-06,79,41,1730,129,280,129,280,0,0,157,219,134,199,333,97,36,27,61,252,415,0.461,0.461,,0.461,0.717,0.551,collija03
Jason Collins,27,NJN,NBA,2005-06,71,70,1895,104,262,101,250,3,12,44,86,93,249,342,70,46,40,61,251,255,0.397,0.404,0.25,0.403,0.512,0.425,collija04
Nick Collison,25,SEA,NBA,2005-06,66,27,1448,207,394,207,391,0,3,79,113,143,225,368,74,21,35,77,213,493,0.525,0.529,0,0.525,0.699,0.556,collini01
Brian Cook,25,LAL,NBA,2005-06,81,46,1535,261,511,225,427,36,84,84,101,88,186,274,74,37,32,61,205,642,0.511,0.527,0.429,0.546,0.832,0.578,cookbr01
Jamal Crawford,25,NYK,NBA,2005-06,79,27,2555,366,879,265,586,101,293,295,357,36,212,248,301,87,15,175,150,1128,0.416,0.452,0.345,0.474,0.826,0.544,crawfja01
Austin Croshere,30,IND,NBA,2005-06,50,26,1148,132,285,78,145,54,140,90,102,62,203,265,62,22,7,48,105,408,0.463,0.538,0.386,0.558,0.882,0.618,croshau01
Eddy Curry,23,NYK,NBA,2005-06,72,69,1865,336,597,336,597,0,0,307,486,145,287,432,19,28,56,179,239,979,0.563,0.563,,0.563,0.632,0.604,curryed01
Samuel Dalembert,24,PHI,NBA,2005-06,66,52,1761,196,369,196,368,0,1,93,132,159,382,541,25,34,160,107,244,485,0.531,0.533,0,0.531,0.705,0.568,dalemsa01
Erick Dampier,30,DAL,NBA,2005-06,82,36,1934,171,347,171,347,0,0,127,215,273,367,640,51,27,106,115,263,469,0.493,0.493,,0.493,0.591,0.531,dampier01
Antonio Daniels,30,WAS,NBA,2005-06,80,17,2283,230,550,207,449,23,101,284,336,19,153,172,284,52,8,89,96,767,0.418,0.461,0.228,0.439,0.845,0.55,daniean01
Marquis Daniels,25,DAL,NBA,2005-06,62,29,1766,246,512,242,493,4,19,138,183,81,143,224,172,67,13,100,143,634,0.48,0.491,0.211,0.484,0.754,0.535,daniema01
Antonio Davis,37,TOT,NBA,2005-06,44,39,940,82,190,82,189,0,1,52,81,90,118,208,21,23,10,51,125,216,0.432,0.434,0,0.432,0.642,0.479,davisan01
Baron Davis,26,GSW,NBA,2005-06,54,48,1971,335,861,233,537,102,324,195,289,45,191,236,480,89,14,159,165,967,0.389,0.434,0.315,0.448,0.675,0.489,davisba01
Dale Davis,36,DET,NBA,2005-06,28,2,178,9,24,9,23,0,1,8,15,21,32,53,6,0,9,4,23,26,0.375,0.391,0,0.375,0.533,0.425,davisda01
Josh Davis,25,TOT,NBA,2005-06,6,0,17,2,7,2,5,0,2,2,3,3,1,4,1,2,0,1,3,6,0.286,0.4,0,0.286,0.667,0.361,davisjo02
Ricky Davis,26,TOT,NBA,2005-06,78,78,3207,584,1304,511,1062,73,242,275,345,65,286,351,394,91,17,213,190,1516,0.448,0.481,0.302,0.476,0.797,0.521,davisri01
Carlos Delfino,23,DET,NBA,2005-06,68,1,726,91,226,71,166,20,60,45,67,28,85,113,44,21,15,36,86,247,0.403,0.428,0.333,0.447,0.672,0.483,delfica01
Tony Delk,32,TOT,NBA,2005-06,24,0,385,71,161,51,114,20,47,20,27,14,39,53,33,13,1,19,28,182,0.441,0.447,0.426,0.503,0.741,0.526,delkto01
Luol Deng,20,CHI,NBA,2005-06,78,56,2604,442,954,421,876,21,78,207,276,127,389,516,147,72,50,105,128,1112,0.463,0.481,0.269,0.474,0.75,0.517,denglu01
Boris Diaw,23,PHO,NBA,2005-06,81,70,2874,449,853,441,823,8,30,174,238,159,399,558,503,58,85,189,260,1080,0.526,0.536,0.267,0.531,0.731,0.564,diawbo01
Dan Dickau,27,BOS,NBA,2005-06,19,0,234,17,46,7,26,10,20,18,18,5,11,16,40,11,1,18,40,62,0.37,0.269,0.5,0.478,1,0.575,dickada01
Travis Diener,23,ORL,NBA,2005-06,23,0,246,29,69,4,12,25,57,5,6,4,17,21,16,7,0,10,22,88,0.42,0.333,0.439,0.601,0.833,0.614,dienetr01
Ike Diogu,22,GSW,NBA,2005-06,69,14,1031,175,334,175,334,0,0,136,168,95,134,229,29,15,30,78,164,486,0.524,0.524,,0.524,0.81,0.596,dioguik01
DeSagana Diop,24,DAL,NBA,2005-06,81,45,1510,75,154,74,152,1,2,39,72,145,229,374,23,44,146,36,253,190,0.487,0.487,0.5,0.49,0.542,0.512,diopde01
Juan Dixon,27,POR,NBA,2005-06,76,42,1920,357,821,292,651,65,170,156,194,30,147,177,149,58,6,113,157,935,0.435,0.449,0.382,0.474,0.804,0.516,dixonju01
Michael Doleac,28,MIA,NBA,2005-06,31,3,371,37,88,37,88,0,0,24,30,23,62,85,8,10,7,14,45,98,0.42,0.42,,0.42,0.8,0.484,doleami01
Keyon Dooling,25,ORL,NBA,2005-06,50,7,1137,178,405,165,362,13,43,101,121,11,67,78,109,49,4,82,116,470,0.44,0.456,0.302,0.456,0.835,0.513,doolike01
Chris Duhon,23,CHI,NBA,2005-06,74,38,2155,215,538,115,260,100,278,117,143,28,192,220,373,70,3,117,152,647,0.4,0.442,0.36,0.493,0.818,0.538,duhonch01
Tim Duncan,29,SAS,NBA,2005-06,80,80,2784,574,1185,572,1180,2,5,335,533,231,650,881,253,70,162,198,219,1485,0.484,0.485,0.4,0.485,0.629,0.523,duncati01
Mike Dunleavy,25,GSW,NBA,2005-06,81,68,2578,331,816,257,556,74,260,196,252,78,321,399,237,60,32,120,199,932,0.406,0.462,0.285,0.451,0.778,0.503,dunlemi02
Ronald Dupree,25,MIN,NBA,2005-06,36,0,265,33,63,33,62,0,1,14,41,21,28,49,14,12,0,14,44,80,0.524,0.532,0,0.524,0.341,0.494,duprero01
John Edwards,24,ATL,NBA,2005-06,40,4,296,31,64,31,64,0,0,8,11,18,30,48,5,3,15,12,76,70,0.484,0.484,,0.484,0.727,0.508,edwarjo01
Howard Eisley,33,TOT,NBA,2005-06,32,0,394,34,103,21,61,13,42,20,24,3,30,33,69,11,2,21,34,101,0.33,0.344,0.31,0.393,0.833,0.445,eisleho01
Monta Ellis,20,GSW,NBA,2005-06,49,3,886,132,318,104,236,28,82,42,59,22,83,105,78,32,11,58,69,334,0.415,0.441,0.341,0.459,0.712,0.486,ellismo01
Francisco Elson,29,DEN,NBA,2005-06,72,54,1579,151,284,150,279,1,5,49,74,99,240,339,47,54,45,65,211,352,0.532,0.538,0.2,0.533,0.662,0.556,elsonfr01
Melvin Ely,27,CHA,NBA,2005-06,57,22,1348,216,425,216,423,0,2,128,192,94,183,277,76,29,44,100,160,560,0.508,0.511,0,0.508,0.667,0.55,elyme01
Maurice Evans,27,DET,NBA,2005-06,80,1,1139,154,341,111,225,43,116,52,65,76,87,163,60,41,15,39,122,403,0.452,0.493,0.371,0.515,0.8,0.545,evansma01
Reggie Evans,25,TOT,NBA,2005-06,67,25,1393,131,268,131,267,0,1,115,217,171,331,502,38,40,10,85,166,377,0.489,0.491,0,0.489,0.53,0.519,evansre01
Daniel Ewing,22,LAC,NBA,2005-06,66,5,971,97,255,75,177,22,78,36,46,23,62,85,84,37,6,57,86,252,0.38,0.424,0.282,0.424,0.783,0.458,ewingda01
Noel Felix,24,SEA,NBA,2005-06,12,0,82,6,25,5,22,1,3,5,8,3,10,13,2,2,3,8,13,18,0.24,0.227,0.333,0.26,0.625,0.316,felixno01
Raymond Felton,21,CHA,NBA,2005-06,80,54,2406,345,883,248,612,97,271,161,222,77,188,265,446,102,8,182,181,948,0.391,0.405,0.358,0.446,0.725,0.483,feltora01
Michael Finley,32,SAS,NBA,2005-06,77,18,2038,286,695,176,416,110,279,98,115,31,216,247,116,37,7,62,97,780,0.412,0.423,0.394,0.491,0.852,0.523,finlemi01
Derek Fisher,31,GSW,NBA,2005-06,82,36,2589,364,887,247,592,117,295,244,293,36,175,211,352,125,8,156,237,1089,0.41,0.417,0.397,0.476,0.833,0.536,fishede01
Gerald Fitch,23,MIA,NBA,2005-06,18,1,239,30,89,23,63,7,26,17,23,7,23,30,33,7,5,15,28,84,0.337,0.365,0.269,0.376,0.739,0.424,fitchge01
Marcus Fizer,27,NOK,NBA,2005-06,3,0,39,9,17,8,16,1,1,1,2,1,6,7,1,0,0,2,5,20,0.529,0.5,1,0.559,0.5,0.559,fizerma01
Sharrod Ford,24,PHO,NBA,2005-06,3,0,13,2,3,2,3,0,0,0,0,1,2,3,0,0,1,2,7,4,0.667,0.667,,0.667,,0.667,fordsh02
T.J. Ford,22,MIL,NBA,2005-06,72,70,2557,328,789,293,685,35,104,187,248,63,248,311,473,104,7,219,196,878,0.416,0.428,0.337,0.438,0.754,0.489,fordtj01
Danny Fortson,29,SEA,NBA,2005-06,23,1,276,27,51,27,51,0,0,33,43,31,47,78,2,4,2,26,76,87,0.529,0.529,,0.529,0.767,0.622,fortsda01
Jeff Foster,29,IND,NBA,2005-06,63,37,1581,138,250,138,246,0,4,96,159,224,350,574,50,41,27,64,191,372,0.552,0.561,0,0.552,0.604,0.581,fosteje01
Adonal Foyle,30,GSW,NBA,2005-06,77,72,1824,152,300,152,300,0,0,41,67,143,281,424,33,44,125,80,215,345,0.507,0.507,,0.507,0.612,0.524,foylead01
Richie Frahm,28,TOT,NBA,2005-06,33,0,342,39,100,16,30,23,70,7,10,3,30,33,21,4,2,8,30,108,0.39,0.533,0.329,0.505,0.7,0.517,frahmri01
Steve Francis,28,TOT,NBA,2005-06,70,60,2393,333,765,308,682,25,83,314,399,74,216,290,345,74,17,214,204,1005,0.435,0.452,0.301,0.452,0.787,0.534,francst01
Channing Frye,22,NYK,NBA,2005-06,65,14,1572,305,640,302,631,3,9,189,229,138,236,374,53,30,47,97,200,802,0.477,0.479,0.333,0.479,0.825,0.541,fryech01
Dan Gadzuric,27,MIL,NBA,2005-06,74,0,885,171,309,171,308,0,1,41,89,91,141,232,24,25,43,35,171,383,0.553,0.555,0,0.553,0.461,0.55,gadzuda01
Deng Gai,23,PHI,NBA,2005-06,2,0,5,0,0,0,0,0,0,0,0,0,0,0,0,0,0,0,0,0,,,,,,,gaide01
Reece Gaines,25,MIL,NBA,2005-06,12,0,54,6,12,6,10,0,2,1,4,0,0,0,3,1,0,1,1,13,0.5,0.6,0,0.5,0.25,0.472,gainere01
Francisco Garcia,24,SAC,NBA,2005-06,67,11,1301,130,325,91,188,39,137,78,101,39,146,185,94,41,47,75,135,377,0.4,0.484,0.285,0.46,0.772,0.51,garcifr01
Kevin Garnett,29,MIN,NBA,2005-06,76,76,2957,626,1191,618,1161,8,30,396,489,214,752,966,308,104,107,180,206,1656,0.526,0.532,0.267,0.529,0.81,0.589,garneke01
Pat Garrity,29,ORL,NBA,2005-06,57,0,938,101,242,51,113,50,129,30,37,31,77,108,38,12,9,38,108,282,0.417,0.451,0.388,0.521,0.811,0.546,garripa01
Pau Gasol,25,MEM,NBA,2005-06,80,80,3135,600,1194,597,1182,3,12,425,617,191,522,713,371,46,153,235,184,1628,0.503,0.505,0.25,0.504,0.689,0.555,gasolpa01
Devean George,28,LAL,NBA,2005-06,71,5,1542,170,425,120,265,50,160,58,86,82,192,274,68,66,34,54,159,448,0.4,0.453,0.313,0.459,0.674,0.484,georgde01
Eddie Gill,27,IND,NBA,2005-06,41,0,122,10,45,3,22,7,23,18,23,0,15,15,12,11,1,9,13,45,0.222,0.136,0.304,0.3,0.783,0.408,gilled01
Manu Ginobili,28,SAS,NBA,2005-06,65,56,1813,309,669,226,452,83,217,280,360,42,188,230,235,101,26,121,156,981,0.462,0.5,0.382,0.524,0.778,0.593,ginobma01
Gordan Giricek,28,UTA,NBA,2005-06,37,36,956,166,383,148,324,18,59,43,57,15,55,70,63,16,4,63,87,393,0.433,0.457,0.305,0.457,0.754,0.482,giricgo01
Anthony Goldwire,34,LAC,NBA,2005-06,3,0,22,1,7,1,5,0,2,0,0,0,1,1,2,0,0,1,0,2,0.143,0.2,0,0.143,,0.143,goldwan01
Ryan Gomes,23,BOS,NBA,2005-06,61,33,1376,173,355,170,346,3,9,112,149,102,196,298,58,35,5,55,83,461,0.487,0.491,0.333,0.492,0.752,0.548,gomesry01
Drew Gooden,24,CLE,NBA,2005-06,79,79,2174,334,652,333,649,1,3,176,258,237,428,665,56,52,49,106,190,845,0.512,0.513,0.333,0.513,0.682,0.552,goodedr01
Ben Gordon,22,CHI,NBA,2005-06,80,47,2482,486,1152,320,770,166,382,211,268,43,176,219,240,75,5,180,238,1349,0.422,0.416,0.435,0.494,0.787,0.531,gordobe01
Joey Graham,23,TOR,NBA,2005-06,80,24,1581,198,414,169,327,29,87,108,133,57,187,244,60,37,13,92,228,533,0.478,0.517,0.333,0.513,0.812,0.564,grahajo01
Stephen Graham,23,TOT,NBA,2005-06,22,0,175,21,54,19,44,2,10,14,15,5,22,27,7,5,2,13,31,58,0.389,0.432,0.2,0.407,0.933,0.479,grahast01
Danny Granger,22,IND,NBA,2005-06,78,17,1765,221,478,191,385,30,93,115,148,131,253,384,90,58,62,80,211,587,0.462,0.496,0.323,0.494,0.777,0.54,grangda01
Brian Grant,33,PHO,NBA,2005-06,21,2,248,27,65,27,65,0,0,7,8,11,46,57,7,5,3,7,45,61,0.415,0.415,,0.415,0.875,0.445,grantbr01
Devin Green,23,LAL,NBA,2005-06,27,0,135,6,28,6,26,0,2,13,21,10,14,24,7,3,0,5,13,25,0.214,0.231,0,0.214,0.619,0.336,greende01
Gerald Green,20,BOS,NBA,2005-06,32,3,374,66,138,60,118,6,20,29,37,10,31,41,18,13,4,22,41,167,0.478,0.508,0.3,0.5,0.784,0.541,greenge01
Willie Green,24,PHI,NBA,2005-06,10,2,153,28,66,18,47,10,19,4,5,1,14,15,5,2,0,12,13,70,0.424,0.383,0.526,0.5,0.8,0.513,greenwi01
Orien Greene,23,BOS,NBA,2005-06,80,5,1235,100,253,91,213,9,40,45,68,37,108,145,129,77,10,109,181,254,0.395,0.427,0.225,0.413,0.662,0.449,greenor01
Adrian Griffin,31,DAL,NBA,2005-06,52,45,1245,98,204,98,202,0,2,41,53,75,152,227,89,51,9,39,113,237,0.48,0.485,0,0.48,0.774,0.521,griffad01
Eddie Griffin,23,MIN,NBA,2005-06,70,27,1359,130,370,114,288,16,82,44,74,107,282,389,40,13,148,43,125,320,0.351,0.396,0.195,0.373,0.595,0.397,griffed01
Anthony Grundy,26,ATL,NBA,2005-06,12,0,108,19,38,14,23,5,15,9,14,1,16,17,9,7,0,9,14,52,0.5,0.609,0.333,0.566,0.643,0.589,grundan01
Richard Hamilton,27,DET,NBA,2005-06,80,80,2825,649,1322,594,1202,55,120,256,303,84,172,256,275,52,16,173,207,1609,0.491,0.494,0.458,0.512,0.845,0.553,hamilri01
Zendon Hamilton,30,TOT,NBA,2005-06,12,0,49,7,14,7,14,0,0,12,18,3,8,11,0,4,0,6,5,26,0.5,0.5,,0.5,0.667,0.593,hamilze01
Anfernee Hardaway,34,NYK,NBA,2005-06,4,0,72,4,14,4,13,0,1,2,2,0,10,10,8,2,0,6,7,10,0.286,0.308,0,0.286,1,0.336,hardaan01
Matt Harpring,29,UTA,NBA,2005-06,71,32,1944,322,678,308,639,14,39,227,313,158,210,368,98,59,14,109,202,885,0.475,0.482,0.359,0.485,0.725,0.542,harprma01
Al Harrington,25,ATL,NBA,2005-06,76,76,2782,551,1220,485,1029,66,191,243,350,132,391,523,238,85,14,195,301,1411,0.452,0.471,0.346,0.479,0.694,0.513,harrial01
Othella Harrington,32,CHI,NBA,2005-06,72,23,824,135,273,135,273,0,0,77,123,54,100,154,39,7,13,61,131,347,0.495,0.495,,0.495,0.626,0.53,harriot01
Devin Harris,22,DAL,NBA,2005-06,56,4,1275,190,405,185,384,5,21,169,236,26,99,125,177,53,16,84,121,554,0.469,0.482,0.238,0.475,0.716,0.544,harride01
David Harrison,23,IND,NBA,2005-06,67,17,1034,148,294,148,294,0,0,89,174,84,170,254,14,23,59,79,193,385,0.503,0.503,,0.503,0.511,0.519,harrida01
Jason Hart,27,SAC,NBA,2005-06,66,0,818,86,221,77,190,9,31,37,56,12,59,71,70,31,5,43,85,218,0.389,0.405,0.29,0.41,0.661,0.444,hartja01
Udonis Haslem,25,MIA,NBA,2005-06,81,80,2491,300,591,300,589,0,2,157,199,167,467,634,95,50,17,80,216,757,0.508,0.509,0,0.508,0.789,0.558,hasleud01
Trenton Hassell,26,MIN,NBA,2005-06,77,67,2514,286,616,279,593,7,23,131,176,82,134,216,203,43,29,124,201,710,0.464,0.47,0.304,0.47,0.744,0.512,hassetr01
Chuck Hayes,22,HOU,NBA,2005-06,40,0,535,59,105,59,104,0,1,29,45,67,112,179,14,26,14,12,76,147,0.562,0.567,0,0.562,0.644,0.589,hayesch01
Jarvis Hayes,24,WAS,NBA,2005-06,21,13,516,77,183,60,136,17,47,25,30,19,57,76,27,16,1,22,38,196,0.421,0.441,0.362,0.467,0.833,0.499,hayesja01
Brendan Haywood,26,WAS,NBA,2005-06,79,70,1879,222,432,222,432,0,0,131,224,200,267,467,46,30,104,97,232,575,0.514,0.514,,0.514,0.585,0.542,haywobr01
Luther Head,23,HOU,NBA,2005-06,80,27,2310,254,630,141,317,113,313,86,123,33,233,266,215,89,9,119,169,707,0.403,0.445,0.361,0.493,0.699,0.517,headlu01
Alan Henderson,33,CLE,NBA,2005-06,51,3,531,47,91,47,91,0,0,33,49,60,77,137,10,9,12,22,58,127,0.516,0.516,,0.516,0.673,0.564,hendeal01
Nene Hilario,23,DEN,NBA,2005-06,1,0,3,0,1,0,1,0,0,0,0,0,0,0,0,0,0,2,1,0,0,0,,0,,0,hilarne01
Grant Hill,33,ORL,NBA,2005-06,21,17,613,119,243,117,235,2,8,78,102,15,65,80,48,24,6,35,50,318,0.49,0.498,0.25,0.494,0.765,0.552,hillgr01
Kirk Hinrich,25,CHI,NBA,2005-06,81,81,2955,451,1078,325,737,126,341,256,314,29,259,288,514,94,21,188,251,1284,0.418,0.441,0.37,0.477,0.815,0.528,hinriki01
Julius Hodge,22,DEN,NBA,2005-06,14,0,33,5,13,5,13,0,0,3,8,5,2,7,6,2,0,8,7,13,0.385,0.385,,0.385,0.375,0.393,hodgeju01
Randy Holcomb,26,CHI,NBA,2005-06,4,0,11,1,1,1,1,0,0,0,0,1,0,1,0,0,0,0,2,2,1,1,,1,,1,holcora01
Robert Horry,35,SAS,NBA,2005-06,63,3,1182,112,292,59,148,53,144,44,68,71,171,242,79,43,51,41,115,321,0.384,0.399,0.368,0.474,0.647,0.499,horryro01
Eddie House,27,PHO,NBA,2005-06,81,0,1421,320,759,197,443,123,316,33,41,15,117,132,148,42,12,76,96,796,0.422,0.445,0.389,0.503,0.805,0.512,houseed01
Dwight Howard,20,ORL,NBA,2005-06,82,81,3021,468,881,468,879,0,2,356,598,288,734,1022,125,65,115,217,277,1292,0.531,0.532,0,0.531,0.595,0.565,howardw01
Josh Howard,25,DAL,NBA,2005-06,59,58,1915,350,743,323,680,27,63,196,267,123,248,371,111,68,26,79,167,923,0.471,0.475,0.429,0.489,0.734,0.536,howarjo01
Juwan Howard,32,HOU,NBA,2005-06,80,80,2537,394,859,394,855,0,4,154,191,168,367,535,112,49,8,133,235,942,0.459,0.461,0,0.459,0.806,0.499,howarju01
Troy Hudson,29,MIN,NBA,2005-06,36,0,800,127,333,87,232,40,101,48,52,8,36,44,106,12,4,40,55,342,0.381,0.375,0.396,0.441,0.923,0.48,hudsotr01
Larry Hughes,27,CLE,NBA,2005-06,36,31,1281,192,469,164,393,28,76,146,193,26,135,161,131,53,21,99,117,558,0.409,0.417,0.368,0.439,0.756,0.504,hughela01
Kris Humphries,20,UTA,NBA,2005-06,62,2,619,77,203,77,198,0,5,34,65,56,101,157,30,23,16,31,82,188,0.379,0.389,0,0.379,0.523,0.406,humphkr01
Lindsey Hunter,35,DET,NBA,2005-06,30,1,353,37,100,26,57,11,43,2,4,10,30,40,62,19,1,20,44,87,0.37,0.456,0.256,0.425,0.5,0.427,hunteli01
Steven Hunter,24,PHI,NBA,2005-06,69,35,1312,175,291,175,291,0,0,71,138,110,161,271,17,12,76,64,120,421,0.601,0.601,,0.601,0.514,0.598,huntest01
Andre Iguodala,22,PHI,NBA,2005-06,82,82,3086,344,688,288,530,56,158,263,349,117,364,481,255,135,21,153,198,1007,0.5,0.543,0.354,0.541,0.754,0.598,iguodan01
Zydrunas Ilgauskas,30,CLE,NBA,2005-06,78,78,2283,450,889,450,884,0,5,317,380,245,346,591,91,38,136,155,280,1217,0.506,0.509,0,0.506,0.834,0.576,ilgauzy01
Didier Ilunga-Mbenga,25,DAL,NBA,2005-06,43,1,237,32,60,32,59,0,1,10,20,19,37,56,2,6,25,16,47,74,0.533,0.542,0,0.533,0.5,0.538,mbengdj01
Allen Iverson,30,PHI,NBA,2005-06,72,72,3103,815,1822,743,1599,72,223,675,829,44,188,232,532,140,10,248,121,2377,0.447,0.465,0.323,0.467,0.814,0.543,iversal01
Royal Ivey,24,ATL,NBA,2005-06,73,66,978,116,264,112,254,4,10,24,33,31,65,96,74,24,7,23,147,260,0.439,0.441,0.4,0.447,0.727,0.467,iveyro01
Jarrett Jack,22,POR,NBA,2005-06,79,4,1599,189,428,169,352,20,76,128,160,18,142,160,219,41,2,102,138,526,0.442,0.48,0.263,0.465,0.8,0.528,jackja01
Bobby Jackson,32,MEM,NBA,2005-06,71,15,1775,286,748,157,416,129,332,107,146,44,179,223,195,61,1,101,155,808,0.382,0.377,0.389,0.469,0.733,0.497,jacksbo01
Jermaine Jackson,29,MIL,NBA,2005-06,30,2,202,11,26,10,22,1,4,12,14,8,19,27,25,4,1,13,19,35,0.423,0.455,0.25,0.442,0.857,0.544,jacksje01
Jim Jackson,35,TOT,NBA,2005-06,40,1,512,47,160,29,86,18,74,9,13,11,65,76,35,12,6,35,51,121,0.294,0.337,0.243,0.35,0.692,0.365,jacksji01
Luke Jackson,24,CLE,NBA,2005-06,36,0,315,29,85,17,49,12,36,26,33,16,24,40,25,11,2,31,30,96,0.341,0.347,0.333,0.412,0.788,0.482,jackslu02
Marc Jackson,31,TOT,NBA,2005-06,64,10,1027,174,369,173,367,1,2,66,82,86,131,217,44,13,8,65,126,415,0.472,0.471,0.5,0.473,0.805,0.512,jacksma02
Stephen Jackson,27,IND,NBA,2005-06,81,81,2910,472,1148,355,809,117,339,268,341,48,264,312,225,104,43,203,195,1329,0.411,0.439,0.345,0.462,0.786,0.512,jacksst02
Jerome James,30,NYK,NBA,2005-06,45,9,406,56,121,56,121,0,0,25,40,39,52,91,12,3,23,51,104,137,0.463,0.463,,0.463,0.625,0.494,jamesje01
LeBron James,21,CLE,NBA,2005-06,79,79,3361,875,1823,748,1444,127,379,601,814,75,481,556,521,123,66,260,181,2478,0.48,0.518,0.335,0.515,0.738,0.568,jamesle01
Mike James,30,TOR,NBA,2005-06,79,79,2925,576,1228,407,846,169,382,283,338,45,217,262,460,72,3,206,214,1604,0.469,0.481,0.442,0.538,0.837,0.583,jamesmi01
Antawn Jamison,29,WAS,NBA,2005-06,82,80,3288,660,1494,513,1121,147,373,217,297,167,598,765,158,90,12,137,189,1684,0.442,0.458,0.394,0.491,0.731,0.518,jamisan01
Marko Jaric,27,MIN,NBA,2005-06,75,49,2102,226,566,186,433,40,133,95,138,60,173,233,293,108,21,127,189,587,0.399,0.43,0.301,0.435,0.688,0.468,jaricma01
Sarunas Jasikevicius,29,IND,NBA,2005-06,75,15,1557,170,429,84,193,86,236,121,133,19,134,153,227,40,4,116,108,547,0.396,0.435,0.364,0.497,0.91,0.561,jasiksa01
Al Jefferson,21,BOS,NBA,2005-06,59,7,1062,189,379,189,375,0,4,86,134,97,202,299,30,30,46,62,166,464,0.499,0.504,0,0.499,0.642,0.53,jeffeal01
Richard Jefferson,25,NJN,NBA,2005-06,78,78,3059,495,1005,435,817,60,188,471,580,95,439,534,297,59,17,174,193,1521,0.493,0.532,0.319,0.522,0.812,0.603,jefferi01
Jared Jeffries,24,WAS,NBA,2005-06,77,77,1951,187,415,171,365,16,50,99,168,164,215,379,148,58,50,99,223,489,0.451,0.468,0.32,0.47,0.589,0.5,jeffrja01
Amir Johnson,18,DET,NBA,2005-06,3,0,39,7,10,5,7,2,3,4,4,3,1,4,3,0,2,4,7,20,0.7,0.714,0.667,0.8,1,0.85,johnsam01
Anthony Johnson,31,IND,NBA,2005-06,75,53,1981,267,603,216,448,51,155,106,141,31,137,168,324,63,22,115,132,691,0.443,0.482,0.329,0.485,0.752,0.52,johnsan02
DerMarr Johnson,25,DEN,NBA,2005-06,58,21,924,132,306,76,146,56,160,34,42,19,77,96,55,25,26,46,86,354,0.431,0.521,0.35,0.523,0.81,0.545,johnsde03
Ervin Johnson,38,MIL,NBA,2005-06,18,0,81,7,17,7,17,0,0,1,2,5,19,24,2,1,2,5,23,15,0.412,0.412,,0.412,0.5,0.419,johnser02
Joe Johnson,24,ATL,NBA,2005-06,82,82,3340,632,1395,504,1035,128,360,261,330,98,237,335,536,103,31,267,187,1653,0.453,0.487,0.356,0.499,0.791,0.537,johnsjo02
Linton Johnson,25,TOT,NBA,2005-06,36,7,524,61,149,48,113,13,36,18,27,40,82,122,14,12,12,28,61,153,0.409,0.425,0.361,0.453,0.667,0.476,johnsli01
Dahntay Jones,25,MEM,NBA,2005-06,71,4,967,109,263,106,242,3,21,60,93,20,84,104,39,38,15,50,108,281,0.414,0.438,0.143,0.42,0.645,0.462,jonesda02
Damon Jones,29,CLE,NBA,2005-06,82,7,2089,190,491,50,120,140,371,32,50,14,119,133,169,37,1,55,112,552,0.387,0.417,0.377,0.53,0.64,0.538,jonesda01
Dwayne Jones,22,BOS,NBA,2005-06,14,0,87,4,10,4,10,0,0,6,13,10,21,31,2,1,3,3,14,14,0.4,0.4,,0.4,0.462,0.445,jonesdw02
Eddie Jones,34,MEM,NBA,2005-06,75,75,2437,292,722,159,348,133,374,168,215,35,244,279,177,131,27,93,201,885,0.404,0.457,0.356,0.497,0.781,0.542,jonesed02
Fred Jones,26,IND,NBA,2005-06,68,2,1837,233,559,170,372,63,187,122,160,18,152,170,154,55,20,107,142,651,0.417,0.457,0.337,0.473,0.763,0.517,jonesfr01
James Jones,25,PHO,NBA,2005-06,75,24,1772,243,581,133,296,110,285,103,121,44,209,253,57,38,49,35,142,699,0.418,0.449,0.386,0.513,0.851,0.551,jonesja02
Jumaine Jones,26,CHA,NBA,2005-06,76,42,2089,298,736,183,401,115,335,88,121,105,271,376,63,68,22,74,200,799,0.405,0.456,0.343,0.483,0.727,0.506,jonesju01
Chris Kaman,23,LAC,NBA,2005-06,78,78,2560,369,706,369,704,0,2,194,252,187,563,750,79,45,108,176,269,932,0.523,0.524,0,0.523,0.77,0.57,kamanch01
Jason Kapono,24,MIA,NBA,2005-06,51,2,665,79,177,58,124,21,53,28,33,12,59,71,37,7,3,20,89,207,0.446,0.468,0.396,0.506,0.848,0.54,kaponja01
Mario Kasun,25,ORL,NBA,2005-06,28,0,213,31,69,31,69,0,0,18,23,24,36,60,3,2,3,15,69,80,0.449,0.449,,0.449,0.783,0.506,kasunma01
Viktor Khryapa,23,POR,NBA,2005-06,69,53,1492,158,342,148,312,10,30,77,111,114,193,307,88,50,29,84,209,403,0.462,0.474,0.333,0.477,0.694,0.516,khryavi01
Jason Kidd,32,NJN,NBA,2005-06,80,80,2975,366,905,227,510,139,395,194,244,86,494,580,672,150,29,192,157,1065,0.404,0.445,0.352,0.481,0.795,0.526,kiddja01
Andrei Kirilenko,24,UTA,NBA,2005-06,69,63,2604,336,730,300,613,36,117,346,495,161,391,552,299,102,220,203,162,1054,0.46,0.489,0.308,0.485,0.699,0.556,kirilan01
Linas Kleiza,21,DEN,NBA,2005-06,61,2,519,77,173,75,160,2,13,57,81,38,78,116,15,10,13,16,87,213,0.445,0.469,0.154,0.451,0.704,0.51,kleizli01
Brevin Knight,30,CHA,NBA,2005-06,69,67,2351,308,772,305,759,3,13,252,314,35,188,223,610,157,4,164,202,871,0.399,0.402,0.231,0.401,0.803,0.478,knighbr01
Yaroslav Korolev,18,LAC,NBA,2005-06,24,0,127,9,30,7,23,2,7,7,10,5,8,13,9,3,0,6,11,27,0.3,0.304,0.286,0.333,0.7,0.392,korolya01
Kyle Korver,24,PHI,NBA,2005-06,82,43,2563,327,761,143,323,184,438,101,119,27,243,270,163,65,26,98,224,939,0.43,0.443,0.42,0.551,0.849,0.577,korveky01
Nenad Krstic,22,NJN,NBA,2005-06,80,80,2469,447,881,446,877,1,4,185,265,182,331,513,88,32,63,133,297,1080,0.507,0.509,0.25,0.508,0.698,0.541,krstine01
Toni Kukoc,37,MIL,NBA,2005-06,65,0,1018,116,298,71,151,45,147,40,56,26,124,150,139,33,17,66,87,317,0.389,0.47,0.306,0.465,0.714,0.491,kukocto01
Raef LaFrentz,29,BOS,NBA,2005-06,82,63,2033,238,552,126,266,112,286,51,75,80,326,406,115,29,72,65,273,639,0.431,0.474,0.392,0.533,0.68,0.546,lafrera01
Maciej Lampe,20,TOT,NBA,2005-06,6,0,28,2,11,2,11,0,0,0,2,4,5,9,2,0,0,3,2,4,0.182,0.182,,0.182,0,0.168,lampema01
David Lee,22,NYK,NBA,2005-06,67,14,1129,137,230,137,230,0,0,71,123,109,194,303,43,30,20,51,124,345,0.596,0.596,,0.596,0.577,0.607,leeda02
Voshon Lenard,32,TOT,NBA,2005-06,26,6,458,75,191,50,113,25,78,16,31,5,42,47,41,21,4,31,39,191,0.393,0.442,0.321,0.458,0.516,0.467,lenarvo01
Rashard Lewis,26,SEA,NBA,2005-06,78,77,2876,538,1151,396,781,142,370,350,428,111,279,390,182,102,50,141,191,1568,0.467,0.507,0.384,0.529,0.818,0.585,lewisra02
Randy Livingston,30,CHI,NBA,2005-06,5,0,22,0,2,0,2,0,0,0,0,1,3,4,1,1,0,1,6,0,0,0,,0,,0,livinra01
Shaun Livingston,20,LAC,NBA,2005-06,61,14,1525,149,349,148,341,1,8,53,77,41,142,183,273,46,32,111,160,352,0.427,0.434,0.125,0.428,0.688,0.46,livinsh01
John Lucas III,23,HOU,NBA,2005-06,13,0,107,14,36,12,27,2,9,0,0,2,3,5,12,5,0,7,6,30,0.389,0.444,0.222,0.417,,0.417,lucasjo02
Tyronn Lue,28,ATL,NBA,2005-06,51,10,1234,192,418,134,291,58,127,118,138,13,69,82,157,26,3,75,113,560,0.459,0.46,0.457,0.529,0.855,0.585,luety01
Arvydas Macijauskas,26,NOK,NBA,2005-06,19,0,135,14,41,11,29,3,12,13,15,3,7,10,5,7,0,8,10,44,0.341,0.379,0.25,0.378,0.867,0.462,macijar01
Mark Madsen,30,MIN,NBA,2005-06,62,7,676,27,66,27,59,0,7,20,47,50,91,141,11,23,17,26,114,74,0.409,0.458,0,0.409,0.426,0.427,madsema01
Corey Maggette,26,LAC,NBA,2005-06,32,13,943,167,375,143,304,24,71,212,256,28,141,169,66,19,4,78,95,570,0.445,0.47,0.338,0.477,0.828,0.584,maggeco01
Jamaal Magloire,27,MIL,NBA,2005-06,82,82,2465,287,615,287,615,0,0,178,333,220,558,778,56,29,80,166,276,752,0.467,0.467,,0.467,0.535,0.494,magloja01
Stephon Marbury,28,NYK,NBA,2005-06,60,60,2193,349,774,316,670,33,104,246,326,25,150,175,382,63,4,157,143,977,0.451,0.472,0.317,0.472,0.755,0.532,marbust01
Shawn Marion,27,PHO,NBA,2005-06,81,81,3263,716,1365,620,1075,96,290,241,298,249,710,959,143,160,137,125,223,1769,0.525,0.577,0.331,0.56,0.809,0.591,mariosh01
Sean Marks,30,SAS,NBA,2005-06,25,0,181,37,71,37,68,0,3,7,12,12,31,43,7,5,7,7,21,81,0.521,0.544,0,0.521,0.583,0.531,marksse01
Donyell Marshall,32,CLE,NBA,2005-06,81,0,2077,265,671,137,276,128,395,92,123,105,387,492,60,59,41,90,160,750,0.395,0.496,0.324,0.49,0.748,0.517,marshdo01
Rawle Marshall,23,DAL,NBA,2005-06,23,9,241,24,60,23,57,1,3,22,29,8,23,31,10,8,7,15,17,71,0.4,0.404,0.333,0.408,0.759,0.488,marshra01
Darrick Martin,34,TOR,NBA,2005-06,40,0,339,34,97,18,57,16,40,18,24,2,18,20,57,17,0,15,42,102,0.351,0.316,0.4,0.433,0.75,0.474,martida01
Kenyon Martin,28,DEN,NBA,2005-06,56,49,1546,297,600,292,578,5,22,121,170,93,260,353,79,43,52,72,171,720,0.495,0.505,0.227,0.499,0.712,0.533,martike01
Kevin Martin,22,SAC,NBA,2005-06,72,41,1913,262,546,196,367,66,179,188,222,58,203,261,97,55,9,81,138,778,0.48,0.534,0.369,0.54,0.847,0.604,martike02
Desmond Mason,28,NOK,NBA,2005-06,70,55,2102,275,690,274,684,1,6,206,302,64,234,298,66,42,17,113,136,757,0.399,0.401,0.167,0.399,0.682,0.46,masonde01
Jason Maxiell,22,DET,NBA,2005-06,26,0,159,23,54,23,54,0,0,14,42,12,16,28,3,4,5,11,14,60,0.426,0.426,,0.426,0.333,0.414,maxieja01
Sean May,21,CHA,NBA,2005-06,23,1,398,70,171,70,166,0,5,49,64,42,67,109,22,17,12,33,58,189,0.409,0.422,0,0.409,0.766,0.474,mayse01
Rashad McCants,21,MIN,NBA,2005-06,79,12,1362,241,535,174,355,67,180,78,106,29,114,143,63,44,22,86,176,627,0.45,0.49,0.372,0.513,0.736,0.539,mccanra01
Walter McCarty,31,LAC,NBA,2005-06,36,1,353,33,99,23,54,10,45,12,21,15,53,68,23,8,5,19,52,88,0.333,0.426,0.222,0.384,0.571,0.407,mccarwa01
Antonio McDyess,31,DET,NBA,2005-06,82,0,1733,285,560,285,558,0,2,68,122,156,280,436,90,46,48,76,220,638,0.509,0.511,0,0.509,0.557,0.52,mcdyean01
Tracy McGrady,26,HOU,NBA,2005-06,47,47,1745,410,1011,337,777,73,234,254,340,46,261,307,225,59,41,120,88,1147,0.406,0.434,0.312,0.442,0.747,0.494,mcgratr01
Jeff McInnis,31,NJN,NBA,2005-06,28,1,486,63,143,60,127,3,16,20,29,11,39,50,52,11,2,29,37,149,0.441,0.472,0.188,0.451,0.69,0.478,mcinnje01
Aaron McKie,33,LAL,NBA,2005-06,14,0,121,3,12,3,10,0,2,1,2,3,17,20,11,5,0,2,7,7,0.25,0.3,0,0.25,0.5,0.272,mckieaa01
Keith McLeod,26,UTA,NBA,2005-06,66,32,1232,120,340,96,258,24,82,106,133,11,67,78,151,42,9,76,131,370,0.353,0.372,0.293,0.388,0.797,0.464,mcleoke01
Stanislav Medvedenko,26,LAL,NBA,2005-06,2,0,6,1,2,1,2,0,0,0,0,0,0,0,1,0,0,0,1,2,0.5,0.5,,0.5,,0.5,medvest01
Chris Mihm,26,LAL,NBA,2005-06,59,56,1541,230,459,230,459,0,0,144,201,137,236,373,61,16,73,83,214,604,0.501,0.501,,0.501,0.716,0.552,mihmch01
Aaron Miles,22,GSW,NBA,2005-06,19,0,118,6,18,6,18,0,0,4,4,0,14,14,24,4,1,11,13,16,0.333,0.333,,0.333,1,0.405,milesaa01
C.J. Miles,18,UTA,NBA,2005-06,23,0,203,28,76,23,56,5,20,18,24,18,20,38,16,7,2,9,20,79,0.368,0.411,0.25,0.401,0.75,0.456,milescj01
Darius Miles,24,POR,NBA,2005-06,40,23,1286,235,510,233,500,2,10,87,163,24,158,182,73,42,39,99,100,559,0.461,0.466,0.2,0.463,0.534,0.48,milesda01
Darko Milicic,20,TOT,NBA,2005-06,55,1,767,119,234,119,232,0,2,28,50,44,107,151,41,14,77,51,92,266,0.509,0.513,0,0.509,0.56,0.52,milicda01
Andre Miller,29,DEN,NBA,2005-06,82,82,2937,404,872,399,845,5,27,313,424,92,259,351,674,106,18,256,213,1126,0.463,0.472,0.185,0.466,0.738,0.532,millean02
Brad Miller,29,SAC,NBA,2005-06,79,79,2923,434,877,400,789,34,88,280,338,122,493,615,374,61,62,180,234,1182,0.495,0.507,0.386,0.514,0.828,0.576,millebr01
Mike Miller,25,MEM,NBA,2005-06,74,9,2268,354,760,216,421,138,339,168,210,42,355,397,200,52,27,140,173,1014,0.466,0.513,0.407,0.557,0.8,0.595,millemi01
Yao Ming,25,HOU,NBA,2005-06,57,57,1949,467,900,467,899,0,1,337,395,148,433,581,85,30,94,147,195,1271,0.519,0.519,0,0.519,0.853,0.592,mingya01
Cuttino Mobley,30,LAC,NBA,2005-06,79,74,2979,429,1008,346,763,83,245,229,273,50,291,341,238,93,36,145,208,1170,0.426,0.453,0.339,0.467,0.839,0.519,moblecu01
Nazr Mohammed,28,SAS,NBA,2005-06,80,30,1389,190,377,190,377,0,0,113,144,163,255,418,40,21,49,91,220,493,0.504,0.504,,0.504,0.785,0.56,mohamna01
Sergei Monia,22,TOT,NBA,2005-06,26,15,343,29,87,20,53,9,34,10,14,11,41,52,19,7,5,12,41,77,0.333,0.377,0.265,0.385,0.714,0.413,moniase01
Mikki Moore,30,SEA,NBA,2005-06,47,1,583,54,124,54,122,0,2,46,62,44,86,130,27,7,15,40,92,154,0.435,0.443,0,0.435,0.742,0.509,mooremi01
Terence Morris,27,ORL,NBA,2005-06,22,0,192,16,49,16,47,0,2,3,3,6,32,38,4,6,5,7,19,35,0.327,0.34,0,0.327,1,0.348,morrite01
Alonzo Mourning,35,MIA,NBA,2005-06,65,20,1302,188,315,188,314,0,1,133,224,125,234,359,11,13,173,79,177,509,0.597,0.599,0,0.597,0.594,0.615,mournal01
Troy Murphy,25,GSW,NBA,2005-06,74,74,2516,363,838,305,657,58,181,251,319,195,548,743,101,47,26,108,191,1035,0.433,0.464,0.32,0.468,0.787,0.529,murphtr01
Lamond Murray,32,NJN,NBA,2005-06,57,1,576,72,181,45,103,27,78,25,40,29,103,132,13,17,7,22,66,196,0.398,0.437,0.346,0.472,0.625,0.493,murrala01
Ronald Murray,26,TOT,NBA,2005-06,76,27,2112,321,768,284,627,37,141,172,242,33,120,153,197,68,11,135,133,851,0.418,0.453,0.262,0.442,0.711,0.487,murraro01
Dikembe Mutombo,39,HOU,NBA,2005-06,64,23,955,50,95,50,95,0,0,69,91,100,206,306,4,17,57,35,128,169,0.526,0.526,,0.526,0.758,0.626,mutomdi01
Boniface N'Dong,28,LAC,NBA,2005-06,23,1,152,22,53,22,52,0,1,6,9,15,22,37,7,2,5,6,23,50,0.415,0.423,0,0.415,0.667,0.439,ndongbo01
Bostjan Nachbar,25,TOT,NBA,2005-06,36,13,502,54,156,35,85,19,71,30,44,8,52,60,27,16,5,24,65,157,0.346,0.412,0.268,0.407,0.682,0.448,nachbbo01
Lee Nailon,30,PHI,NBA,2005-06,22,0,237,40,80,40,80,0,0,13,15,23,19,42,7,8,4,10,32,93,0.5,0.5,,0.5,0.867,0.537,nailole01
Eduardo Najera,29,DEN,NBA,2005-06,64,3,1449,127,301,123,289,4,12,89,114,128,197,325,52,53,34,54,165,347,0.422,0.426,0.333,0.429,0.781,0.494,najered01
Steve Nash,31,PHO,NBA,2005-06,79,79,2796,541,1056,391,714,150,342,257,279,47,286,333,826,61,12,276,120,1489,0.512,0.548,0.439,0.583,0.921,0.632,nashst01
Jameer Nelson,23,ORL,NBA,2005-06,62,33,1784,347,719,277,554,70,165,141,181,39,141,180,302,70,9,148,174,905,0.483,0.5,0.424,0.531,0.779,0.567,nelsoja01
Rasho Nesterovic,29,SAS,NBA,2005-06,80,51,1515,172,334,172,332,0,2,18,30,114,195,309,33,21,88,53,209,362,0.515,0.518,0,0.515,0.6,0.521,nestera01
Ira Newble,31,CLE,NBA,2005-06,36,3,353,17,57,14,44,3,13,11,16,21,35,56,9,5,10,12,47,48,0.298,0.318,0.231,0.325,0.688,0.375,newblir01
Andres Nocioni,26,CHI,NBA,2005-06,82,43,2239,383,831,290,593,93,238,204,242,89,411,500,117,40,52,120,252,1063,0.461,0.489,0.391,0.517,0.843,0.567,nocioan01
Moochie Norris,32,TOT,NBA,2005-06,45,0,424,46,112,42,98,4,14,29,42,12,42,54,50,20,1,33,49,125,0.411,0.429,0.286,0.429,0.69,0.479,norrimo01
Dirk Nowitzki,27,DAL,NBA,2005-06,81,81,3089,751,1564,641,1293,110,271,539,598,115,613,728,226,58,83,156,164,2151,0.48,0.496,0.406,0.515,0.901,0.589,nowitdi01
Jermaine O'Neal,27,IND,NBA,2005-06,51,47,1802,380,805,377,795,3,10,261,368,102,374,476,133,27,117,151,177,1024,0.472,0.474,0.3,0.474,0.709,0.53,onealje01
Shaquille O'Neal,33,MIA,NBA,2005-06,59,58,1806,480,800,480,800,0,0,221,471,172,369,541,113,23,104,168,230,1181,0.6,0.6,,0.6,0.469,0.586,onealsh01
Fabricio Oberto,30,SAS,NBA,2005-06,59,0,490,44,93,44,91,0,2,15,27,57,66,123,27,9,11,28,91,103,0.473,0.484,0,0.473,0.556,0.491,obertfa01
Lamar Odom,26,LAL,NBA,2005-06,80,80,3221,445,925,365,710,80,215,216,313,181,557,738,443,75,64,213,256,1186,0.481,0.514,0.372,0.524,0.69,0.558,odomla01
Emeka Okafor,23,CHA,NBA,2005-06,26,25,874,131,316,131,316,0,0,82,125,94,167,261,31,22,50,53,88,344,0.415,0.415,,0.415,0.656,0.464,okafoem01
Mehmet Okur,26,UTA,NBA,2005-06,82,82,2945,519,1128,439,894,80,234,354,454,211,535,746,194,40,73,163,285,1472,0.46,0.491,0.342,0.496,0.78,0.554,okurme01
Kevin Ollie,33,PHI,NBA,2005-06,70,23,1069,75,174,74,171,1,3,41,49,13,85,98,101,33,3,29,103,192,0.431,0.433,0.333,0.434,0.837,0.491,ollieke01
Michael Olowokandi,30,TOT,NBA,2005-06,48,24,919,107,240,107,240,0,0,24,47,50,170,220,23,22,33,55,122,238,0.446,0.446,,0.446,0.511,0.456,olowomi01
Greg Ostertag,32,UTA,NBA,2005-06,60,22,807,61,124,61,124,0,0,24,48,82,143,225,58,6,66,46,129,146,0.492,0.492,,0.492,0.5,0.503,ostergr01
Bo Outlaw,34,ORL,NBA,2005-06,32,0,355,35,58,35,58,0,0,5,8,31,46,77,14,10,12,17,50,75,0.603,0.603,,0.603,0.625,0.61,outlabo01
Travis Outlaw,21,POR,NBA,2005-06,69,11,1153,162,368,148,315,14,53,62,89,48,141,189,34,31,46,37,112,400,0.44,0.47,0.264,0.459,0.697,0.491,outlatr01
Andre Owens,25,UTA,NBA,2005-06,23,2,210,27,74,24,58,3,16,12,18,11,10,21,8,5,0,13,25,69,0.365,0.414,0.188,0.385,0.667,0.421,owensan01
Zaza Pachulia,21,ATL,NBA,2005-06,78,78,2452,307,681,307,679,0,2,297,404,264,349,613,129,89,39,180,286,911,0.451,0.452,0,0.451,0.735,0.53,pachuza01
Scott Padgett,29,NJN,NBA,2005-06,62,1,718,71,201,29,80,42,121,27,34,56,109,165,41,28,12,21,90,211,0.353,0.363,0.347,0.458,0.794,0.489,padgesc01
Milt Palacio,27,UTA,NBA,2005-06,71,18,1376,171,403,170,387,1,16,98,150,17,117,134,190,47,14,110,125,441,0.424,0.439,0.063,0.426,0.653,0.47,palacmi01
Jannero Pargo,26,CHI,NBA,2005-06,57,0,646,109,292,70,189,39,103,17,21,8,53,61,94,24,2,61,57,274,0.373,0.37,0.379,0.44,0.81,0.455,pargoja01
Smush Parker,24,LAL,NBA,2005-06,82,82,2773,348,779,228,451,120,328,125,180,37,234,271,302,140,16,147,213,941,0.447,0.506,0.366,0.524,0.694,0.548,parkesm01
Tony Parker,23,SAS,NBA,2005-06,80,80,2715,623,1136,612,1100,11,36,253,358,38,223,261,460,83,4,249,161,1510,0.548,0.556,0.306,0.553,0.707,0.584,parketo01
Ruben Patterson,30,TOT,NBA,2005-06,71,22,1792,327,635,326,622,1,13,203,338,118,126,244,127,76,21,150,150,858,0.515,0.524,0.077,0.516,0.601,0.547,patteru01
Chris Paul,20,NOK,NBA,2005-06,78,78,2808,407,947,357,770,50,177,394,465,61,339,400,611,175,6,183,218,1258,0.43,0.464,0.282,0.456,0.847,0.546,paulch01
Sasha Pavlovic,22,CLE,NBA,2005-06,53,19,813,87,212,52,116,35,96,32,49,16,64,80,25,19,6,42,103,241,0.41,0.448,0.365,0.493,0.653,0.516,pavloal01
Gary Payton,37,MIA,NBA,2005-06,81,25,2305,230,547,164,317,66,230,100,126,34,199,233,257,71,10,102,169,626,0.42,0.517,0.287,0.481,0.794,0.52,paytoga01
Kendrick Perkins,21,BOS,NBA,2005-06,68,40,1332,137,266,137,264,0,2,80,130,140,264,404,69,21,105,107,199,354,0.515,0.519,0,0.515,0.615,0.548,perkike01
Morris Peterson,28,TOR,NBA,2005-06,82,77,3140,478,1096,301,648,177,448,241,294,65,316,381,190,104,15,126,223,1374,0.436,0.465,0.395,0.517,0.82,0.561,petermo01
Johan Petro,20,SEA,NBA,2005-06,68,41,1282,153,300,153,300,0,0,47,75,109,187,296,15,25,51,60,213,353,0.51,0.51,,0.51,0.627,0.53,petrojo01
Eric Piatkowski,35,CHI,NBA,2005-06,29,1,228,24,61,15,28,9,33,2,5,4,19,23,13,6,1,11,20,59,0.393,0.536,0.273,0.467,0.4,0.467,piatker01
Paul Pierce,28,BOS,NBA,2005-06,79,79,3084,689,1462,578,1148,111,314,627,812,77,453,530,375,107,34,273,223,2116,0.471,0.503,0.354,0.509,0.772,0.582,piercpa01
Mickael Pietrus,23,GSW,NBA,2005-06,52,18,1179,169,418,113,242,56,176,87,143,58,105,163,44,33,10,78,132,481,0.404,0.467,0.318,0.471,0.608,0.5,pietrmi01
Zoran Planinic,23,NJN,NBA,2005-06,56,1,596,66,183,53,127,13,56,46,66,14,60,74,53,20,4,43,91,191,0.361,0.417,0.232,0.396,0.697,0.45,planizo01
Pavel Podkolzin,21,DAL,NBA,2005-06,1,0,18,0,2,0,2,0,0,3,6,0,7,7,0,0,1,2,0,3,0,0,,0,0.5,0.323,podkopa01
Scot Pollard,30,IND,NBA,2005-06,45,32,771,70,154,70,154,0,0,29,38,73,145,218,24,37,20,26,115,169,0.455,0.455,,0.455,0.763,0.495,pollasc01
James Posey,29,MIA,NBA,2005-06,67,63,1914,159,395,42,105,117,290,48,61,33,286,319,89,54,20,58,196,483,0.403,0.4,0.403,0.551,0.787,0.572,poseyja01
Vitaly Potapenko,30,TOT,NBA,2005-06,33,12,353,37,71,37,71,0,0,10,17,27,37,64,9,2,2,16,50,84,0.521,0.521,,0.521,0.588,0.535,potapvi01
Josh Powell,23,DAL,NBA,2005-06,37,2,429,37,81,37,81,0,0,36,45,28,53,81,9,7,4,22,52,110,0.457,0.457,,0.457,0.8,0.546,poweljo01
Ronnie Price,22,SAC,NBA,2005-06,29,0,150,21,58,15,31,6,27,12,12,5,10,15,11,6,0,10,10,60,0.362,0.484,0.222,0.414,1,0.474,pricero01
Tayshaun Prince,25,DET,NBA,2005-06,82,82,2898,455,999,391,816,64,183,182,238,104,242,346,186,62,39,91,96,1156,0.455,0.479,0.35,0.487,0.765,0.524,princta01
Laron Profit,28,LAL,NBA,2005-06,25,1,279,40,84,37,66,3,18,21,24,8,35,43,15,11,5,24,25,104,0.476,0.561,0.167,0.494,0.875,0.55,profila01
Joel Przybilla,26,POR,NBA,2005-06,56,52,1395,131,239,131,239,0,0,82,154,146,245,391,43,20,130,76,149,344,0.548,0.548,,0.548,0.532,0.561,przybjo01
Vladimir Radmanovic,25,TOT,NBA,2005-06,77,27,1974,262,643,124,289,138,354,93,114,64,294,358,136,61,29,93,210,755,0.407,0.429,0.39,0.515,0.816,0.545,radmavl01
Shavlik Randolph,22,PHI,NBA,2005-06,57,1,487,44,97,44,97,0,0,43,71,55,78,133,19,19,12,21,83,131,0.454,0.454,,0.454,0.606,0.511,randosh01
Zach Randolph,24,POR,NBA,2005-06,74,71,2545,536,1229,520,1174,16,55,245,343,193,399,592,144,57,14,165,185,1333,0.436,0.443,0.291,0.443,0.714,0.483,randoza01
Theo Ratliff,32,POR,NBA,2005-06,55,19,1301,108,189,108,189,0,0,54,83,89,190,279,28,18,88,47,143,270,0.571,0.571,,0.571,0.651,0.599,ratlith01
Zeljko Rebraca,33,LAC,NBA,2005-06,29,2,412,52,96,52,96,0,0,31,41,13,51,64,9,5,19,24,59,135,0.542,0.542,,0.542,0.756,0.592,rebraze01
Michael Redd,26,MIL,NBA,2005-06,80,80,3130,682,1516,519,1103,163,413,501,571,78,264,342,229,95,5,170,157,2028,0.45,0.471,0.395,0.504,0.877,0.574,reddmi01
Justin Reed,24,TOT,NBA,2005-06,72,6,997,119,295,119,294,0,1,87,120,53,71,124,41,23,15,52,163,325,0.403,0.405,0,0.403,0.725,0.467,reedju01
Jason Richardson,25,GSW,NBA,2005-06,75,75,2877,641,1438,458,961,183,477,276,410,105,333,438,232,97,37,167,206,1741,0.446,0.477,0.384,0.509,0.673,0.538,richaja01
Quentin Richardson,25,NYK,NBA,2005-06,55,43,1442,163,459,99,271,64,188,61,91,65,165,230,88,39,6,56,134,451,0.355,0.365,0.34,0.425,0.67,0.452,richaqu01
Luke Ridnour,24,SEA,NBA,2005-06,79,77,2625,334,799,291,650,43,149,199,227,47,188,235,550,123,22,162,178,910,0.418,0.448,0.289,0.445,0.877,0.506,ridnolu01
Anthony Roberson,22,MEM,NBA,2005-06,16,0,88,14,31,9,21,5,10,2,2,0,6,6,5,1,0,3,6,35,0.452,0.429,0.5,0.532,1,0.549,roberan02
Lawrence Roberts,23,MEM,NBA,2005-06,33,0,181,20,44,20,42,0,2,11,23,26,23,49,5,8,2,5,30,51,0.455,0.476,0,0.455,0.478,0.471,roberla01
Bernard Robinson,25,CHA,NBA,2005-06,66,18,1303,157,365,155,344,2,21,106,134,62,157,219,77,81,10,74,141,422,0.43,0.451,0.095,0.433,0.791,0.498,robinbe01
Clifford Robinson,39,NJN,NBA,2005-06,80,13,1863,219,513,159,338,60,175,52,79,55,212,267,89,44,40,62,206,550,0.427,0.47,0.343,0.485,0.658,0.502,robincl02
Nate Robinson,21,NYK,NBA,2005-06,72,26,1544,230,565,172,419,58,146,152,202,56,111,167,147,59,1,114,201,670,0.407,0.411,0.397,0.458,0.752,0.512,robinna01
Jalen Rose,33,TOT,NBA,2005-06,72,45,1983,290,685,231,513,59,172,248,318,28,183,211,181,30,13,115,156,887,0.423,0.45,0.343,0.466,0.78,0.538,roseja01
Malik Rose,31,NYK,NBA,2005-06,72,35,1119,105,281,104,280,1,1,107,137,84,175,259,67,43,14,80,145,318,0.374,0.371,1,0.375,0.781,0.466,rosema01
Quinton Ross,24,LAC,NBA,2005-06,67,45,1515,130,308,130,301,0,7,57,75,38,132,170,79,51,16,47,155,317,0.422,0.432,0,0.422,0.76,0.465,rossqu01
Michael Ruffin,29,WAS,NBA,2005-06,76,4,1010,34,77,34,75,0,2,37,74,122,149,271,27,33,31,38,179,105,0.442,0.453,0,0.442,0.5,0.479,ruffimi01
Kareem Rush,25,CHA,NBA,2005-06,47,25,1111,181,469,124,305,57,164,55,77,18,85,103,50,38,13,65,79,474,0.386,0.407,0.348,0.447,0.714,0.471,rushka01
Bryon Russell,35,DEN,NBA,2005-06,1,0,3,0,0,0,0,0,0,0,0,0,1,1,1,0,0,0,0,0,,,,,,,russebr01
John Salmons,26,PHI,NBA,2005-06,82,24,2059,219,521,193,434,26,87,155,200,48,172,220,223,73,13,125,178,619,0.42,0.445,0.299,0.445,0.775,0.508,salmojo01
Jamal Sampson,22,SAC,NBA,2005-06,12,0,39,5,7,5,7,0,0,0,2,5,13,18,5,0,4,0,5,10,0.714,0.714,,0.714,0,0.635,sampsja01
Melvin Sanders,25,SAS,NBA,2005-06,16,0,113,16,33,14,30,2,3,7,10,4,19,23,3,5,0,8,20,41,0.485,0.467,0.667,0.515,0.7,0.548,sandeme01
Brian Scalabrine,27,BOS,NBA,2005-06,71,1,938,74,193,43,106,31,87,26,36,27,87,114,51,21,19,50,127,205,0.383,0.406,0.356,0.464,0.722,0.491,scalabr01
Alex Scales,27,SAS,NBA,2005-06,1,0,0,0,0,0,0,0,0,0,0,0,0,0,0,0,0,0,0,0,,,,,,,scaleal01
Luke Schenscher,23,CHI,NBA,2005-06,20,0,149,16,26,16,26,0,0,4,13,8,21,29,7,1,3,5,21,36,0.615,0.615,,0.615,0.308,0.567,schenlu01
Ha Seung-Jin,20,POR,NBA,2005-06,27,4,212,18,31,18,31,0,0,8,17,14,35,49,1,3,8,14,41,44,0.581,0.581,,0.581,0.471,0.572,seungha01
Wayne Simien,22,MIA,NBA,2005-06,43,2,414,58,120,58,120,0,0,30,34,38,50,88,7,13,1,24,70,146,0.483,0.483,,0.483,0.882,0.541,simiewa01
Bobby Simmons,25,MIL,NBA,2005-06,75,74,2538,366,808,261,558,105,250,165,200,91,242,333,172,86,21,123,254,1002,0.453,0.468,0.42,0.518,0.825,0.559,simmobo01
James Singleton,24,LAC,NBA,2005-06,59,10,753,77,151,67,131,10,20,39,50,63,134,197,29,19,21,28,95,203,0.51,0.511,0.5,0.543,0.78,0.587,singlja01
Brian Skinner,29,TOT,NBA,2005-06,65,5,944,82,160,82,160,0,0,27,56,76,152,228,30,25,43,45,119,191,0.513,0.513,,0.513,0.482,0.517,skinnbr01
Charles Smith,30,TOT,NBA,2005-06,22,4,210,30,72,15,34,15,38,5,8,3,13,16,9,5,6,4,28,80,0.417,0.441,0.395,0.521,0.625,0.53,smithch04
Donta Smith,22,ATL,NBA,2005-06,23,0,127,15,27,13,23,2,4,6,12,3,11,14,9,8,0,4,20,38,0.556,0.565,0.5,0.593,0.5,0.589,smithdo04
J.R. Smith,20,NOK,NBA,2005-06,55,25,989,144,366,92,226,52,140,83,101,19,91,110,58,37,4,54,90,423,0.393,0.407,0.371,0.464,0.822,0.515,smithjr01
Joe Smith,30,MIL,NBA,2005-06,44,5,887,145,305,145,303,0,2,89,115,83,147,230,31,24,13,40,120,379,0.475,0.479,0,0.475,0.774,0.533,smithjo02
Josh Smith,20,ATL,NBA,2005-06,80,73,2559,329,774,295,664,34,110,210,292,176,355,531,191,64,208,162,260,902,0.425,0.444,0.309,0.447,0.719,0.5,smithjo03
Eric Snow,32,CLE,NBA,2005-06,82,82,2351,163,399,162,389,1,10,64,93,38,160,198,346,76,19,116,218,391,0.409,0.416,0.1,0.41,0.688,0.444,snower01
Kirk Snyder,22,NOK,NBA,2005-06,68,45,1310,205,453,159,324,46,129,86,117,55,106,161,102,29,23,70,106,542,0.453,0.491,0.357,0.503,0.735,0.537,snydeki01
Darius Songaila,27,CHI,NBA,2005-06,62,7,1329,236,491,234,486,2,5,94,115,76,170,246,88,35,16,85,157,568,0.481,0.481,0.4,0.483,0.817,0.524,songada01
Pape Sow,24,TOR,NBA,2005-06,42,25,590,53,123,53,123,0,0,41,57,54,92,146,8,21,19,30,118,147,0.431,0.431,,0.431,0.719,0.496,sowpa01
Jerry Stackhouse,31,DAL,NBA,2005-06,55,11,1525,242,603,206,473,36,130,195,221,32,121,153,160,37,10,121,96,715,0.401,0.436,0.277,0.431,0.882,0.511,stackje01
DeShawn Stevenson,24,ORL,NBA,2005-06,82,82,2648,359,781,357,766,2,15,180,242,59,182,241,160,58,17,123,178,900,0.46,0.466,0.133,0.461,0.744,0.507,stevede01
Peja Stojakovic,28,TOT,NBA,2005-06,71,71,2601,445,1018,283,614,162,404,238,260,79,336,415,136,45,10,103,171,1290,0.437,0.461,0.401,0.517,0.915,0.57,stojape01
Awvee Storey,28,WAS,NBA,2005-06,25,1,116,16,41,13,34,3,7,8,14,8,14,22,4,3,1,5,22,43,0.39,0.382,0.429,0.427,0.571,0.456,storeaw01
Damon Stoudamire,32,MEM,NBA,2005-06,27,27,862,114,287,78,183,36,104,53,62,23,72,95,128,19,1,55,49,317,0.397,0.426,0.346,0.46,0.855,0.504,stoudda01
Salim Stoudamire,23,ATL,NBA,2005-06,61,1,1236,204,492,122,276,82,216,99,110,12,104,116,75,27,3,82,118,589,0.415,0.442,0.38,0.498,0.9,0.545,stoudsa01
Amar'e Stoudemire,23,PHO,NBA,2005-06,3,3,50,9,27,9,26,0,1,8,9,6,10,16,2,1,3,1,4,26,0.333,0.346,0,0.333,0.889,0.42,stoudam01
Mike Sweetney,23,CHI,NBA,2005-06,66,44,1222,200,444,200,444,0,0,133,204,118,232,350,59,19,56,95,209,533,0.45,0.45,,0.45,0.652,0.499,sweetmi01
Robert Swift,20,SEA,NBA,2005-06,47,20,987,124,241,124,241,0,0,53,91,94,170,264,8,15,56,49,142,301,0.515,0.515,,0.515,0.582,0.536,swiftro01
Stromile Swift,26,HOU,NBA,2005-06,66,5,1344,225,458,225,456,0,2,136,209,103,188,291,25,38,50,91,198,586,0.491,0.493,0,0.491,0.651,0.533,swiftst01
Wally Szczerbiak,28,TOT,NBA,2005-06,72,71,2729,493,1012,391,757,102,255,278,310,77,236,313,213,40,19,136,150,1366,0.487,0.517,0.4,0.538,0.897,0.595,szczewa02
Chris Taft,20,GSW,NBA,2005-06,17,0,144,23,38,23,38,0,0,1,6,19,17,36,2,2,7,2,25,47,0.605,0.605,,0.605,0.167,0.578,taftch01
Donell Taylor,23,WAS,NBA,2005-06,51,1,465,53,136,49,119,4,17,30,43,16,37,53,45,30,4,34,47,140,0.39,0.412,0.235,0.404,0.698,0.452,taylodo01
Maurice Taylor,29,NYK,NBA,2005-06,67,13,1210,182,389,182,388,0,1,58,83,65,164,229,53,21,14,103,177,422,0.468,0.469,0,0.468,0.699,0.496,tayloma01
Sebastian Telfair,20,POR,NBA,2005-06,68,30,1641,228,578,171,416,57,162,130,175,19,101,120,247,66,6,115,167,643,0.394,0.411,0.352,0.444,0.743,0.491,telfase01
Jason Terry,28,DAL,NBA,2005-06,80,80,2798,516,1099,345,683,171,416,168,210,31,127,158,306,100,27,135,196,1371,0.47,0.505,0.411,0.547,0.8,0.575,terryja01
Billy Thomas,30,WAS,NBA,2005-06,17,0,131,13,40,3,10,10,30,2,2,5,9,14,9,10,1,6,19,38,0.325,0.3,0.333,0.45,1,0.465,thomabi01
Etan Thomas,27,WAS,NBA,2005-06,71,9,1121,131,246,131,246,0,0,75,125,99,180,279,14,20,68,51,148,337,0.533,0.533,,0.533,0.6,0.56,thomaet01
James Thomas,25,TOT,NBA,2005-06,22,0,150,10,19,10,19,0,0,8,14,12,27,39,1,0,3,7,35,28,0.526,0.526,,0.526,0.571,0.556,thomaja02
John Thomas,30,TOT,NBA,2005-06,16,0,127,6,15,6,15,0,0,3,4,10,10,20,2,3,2,8,17,15,0.4,0.4,,0.4,0.75,0.447,thomajo02
Kenny Thomas,28,SAC,NBA,2005-06,82,55,2293,305,604,305,603,0,1,138,204,199,419,618,168,72,39,135,196,748,0.505,0.506,0,0.505,0.676,0.539,thomake01
Kurt Thomas,33,PHO,NBA,2005-06,53,50,1411,190,391,190,391,0,0,75,92,102,313,415,57,23,54,57,193,455,0.486,0.486,,0.486,0.815,0.527,thomaku01
Tim Thomas,28,TOT,NBA,2005-06,29,10,666,113,262,67,151,46,111,28,42,22,109,131,20,16,7,33,78,300,0.431,0.444,0.414,0.519,0.667,0.535,thomati01
Dijon Thompson,22,PHO,NBA,2005-06,10,0,43,11,25,7,14,4,11,2,2,4,7,11,1,3,1,2,6,28,0.44,0.5,0.364,0.52,1,0.541,thompdi01
Jamaal Tinsley,27,IND,NBA,2005-06,42,27,1122,158,386,142,316,16,70,58,91,35,98,133,211,49,6,109,96,390,0.409,0.449,0.229,0.43,0.637,0.458,tinslja01
Jake Tsakalidis,26,MEM,NBA,2005-06,51,19,732,100,165,100,165,0,0,57,87,78,134,212,13,14,32,39,107,257,0.606,0.606,,0.606,0.655,0.632,tsakaja01
Nikoloz Tskitishvili,22,TOT,NBA,2005-06,17,0,99,13,37,12,34,1,3,9,14,9,13,22,3,1,2,6,8,36,0.351,0.353,0.333,0.365,0.643,0.417,tskitni01
Ronny Turiaf,23,LAL,NBA,2005-06,23,1,161,15,30,15,30,0,0,15,27,11,26,37,8,3,10,7,30,45,0.5,0.5,,0.5,0.556,0.537,turiaro01
Hedo Turkoglu,26,ORL,NBA,2005-06,78,59,2615,398,877,284,594,114,283,255,296,70,263,333,216,70,21,130,234,1165,0.454,0.478,0.403,0.519,0.861,0.578,turkohe01
Ime Udoka,28,NYK,NBA,2005-06,8,0,114,9,24,8,21,1,3,3,6,3,14,17,6,1,0,2,8,22,0.375,0.381,0.333,0.396,0.5,0.413,udokaim01
Beno Udrih,23,SAS,NBA,2005-06,54,3,586,106,233,82,163,24,70,39,50,18,34,52,92,14,2,53,55,275,0.455,0.503,0.343,0.506,0.78,0.539,udrihbe01
Nick Van Exel,34,SAS,NBA,2005-06,65,2,986,136,343,81,189,55,154,28,41,6,85,91,123,16,3,57,60,355,0.397,0.429,0.357,0.477,0.683,0.492,vanexni01
Keith Van Horn,30,DAL,NBA,2005-06,53,0,1090,164,387,114,251,50,136,94,113,54,138,192,37,31,11,71,121,472,0.424,0.454,0.368,0.488,0.832,0.54,vanhoke01
Anderson Varejao,23,CLE,NBA,2005-06,48,4,760,79,150,79,149,0,1,61,119,77,158,235,19,31,19,27,118,219,0.527,0.53,0,0.527,0.513,0.541,varejan01
Jacque Vaughn,30,NJN,NBA,2005-06,80,6,1234,107,245,106,239,1,6,59,81,16,75,91,123,42,1,52,140,274,0.437,0.444,0.167,0.439,0.728,0.488,vaughja01
Charlie Villanueva,21,TOR,NBA,2005-06,81,36,2361,435,940,365,726,70,214,113,160,181,340,521,88,60,63,99,247,1053,0.463,0.503,0.327,0.5,0.706,0.521,villach01
Jake Voskuhl,28,CHA,NBA,2005-06,51,2,818,114,261,113,258,1,3,41,60,62,121,183,39,26,23,33,157,270,0.437,0.438,0.333,0.439,0.683,0.47,voskuja01
Jackson Vroman,24,NOK,NBA,2005-06,41,2,406,26,66,26,66,0,0,21,44,33,53,86,11,12,11,21,78,73,0.394,0.394,,0.394,0.477,0.428,vromaja01
Sasha Vujacic,21,LAL,NBA,2005-06,82,4,1449,108,312,49,140,59,172,46,52,33,126,159,139,48,3,50,150,321,0.346,0.35,0.343,0.441,0.885,0.479,vujacsa01
Dwyane Wade,24,MIA,NBA,2005-06,75,75,2892,699,1413,686,1337,13,76,629,803,107,323,430,503,146,58,268,217,2040,0.495,0.513,0.171,0.499,0.783,0.577,wadedw01
Von Wafer,20,LAL,NBA,2005-06,16,0,73,6,38,4,21,2,17,6,8,5,3,8,4,3,0,1,12,20,0.158,0.19,0.118,0.184,0.75,0.241,wafervo01
Antoine Walker,29,MIA,NBA,2005-06,82,19,2199,391,898,254,515,137,383,81,129,103,318,421,166,47,30,150,187,1000,0.435,0.493,0.358,0.512,0.628,0.524,walkean02
Samaki Walker,29,IND,NBA,2005-06,7,0,22,0,2,0,2,0,0,2,2,0,3,3,0,0,1,2,7,2,0,0,,0,1,0.347,walkesa01
Ben Wallace,31,DET,NBA,2005-06,82,82,2890,237,465,237,461,0,4,123,296,301,622,923,158,146,181,88,164,597,0.51,0.514,0,0.51,0.416,0.501,wallabe01
Gerald Wallace,23,CHA,NBA,2005-06,55,52,1895,317,589,303,539,14,50,188,306,123,289,412,96,138,115,99,150,836,0.538,0.562,0.28,0.55,0.614,0.578,wallage01
Rasheed Wallace,31,DET,NBA,2005-06,80,80,2780,459,1067,304,633,155,434,136,183,90,457,547,182,82,130,85,232,1209,0.43,0.48,0.357,0.503,0.743,0.527,wallara01
Matt Walsh,23,MIA,NBA,2005-06,2,0,3,1,1,1,1,0,0,0,2,0,0,0,0,0,0,1,0,2,1,1,,1,0,0.532,walshma01
Luke Walton,25,LAL,NBA,2005-06,69,6,1333,135,328,117,273,18,55,57,76,88,159,247,156,41,15,78,119,345,0.412,0.429,0.327,0.439,0.75,0.477,waltolu01
Hakim Warrick,23,MEM,NBA,2005-06,68,2,724,101,228,101,228,0,0,76,115,43,101,144,30,14,21,56,113,278,0.443,0.443,,0.443,0.661,0.499,warriha01
Earl Watson,26,TOT,NBA,2005-06,70,10,1578,219,509,109,237,110,272,75,111,24,134,158,289,68,10,136,159,623,0.43,0.46,0.404,0.538,0.676,0.558,watsoea01
Chris Webber,32,PHI,NBA,2005-06,75,75,2893,617,1422,596,1345,21,77,263,348,184,557,741,256,103,62,182,219,1518,0.434,0.443,0.273,0.441,0.756,0.482,webbech01
Martell Webster,19,POR,NBA,2005-06,61,18,1070,139,348,74,166,65,182,61,71,29,101,130,34,21,14,43,90,404,0.399,0.446,0.357,0.493,0.859,0.533,webstma02
Bonzi Wells,29,SAC,NBA,2005-06,52,41,1684,284,613,274,568,10,45,129,190,142,259,401,144,94,25,126,156,707,0.463,0.482,0.222,0.471,0.679,0.507,wellsbo01
Jiri Welsch,26,MIL,NBA,2005-06,58,2,866,86,222,72,173,14,49,65,87,22,89,111,62,34,1,41,65,251,0.387,0.416,0.286,0.419,0.747,0.482,welscji01
David Wesley,35,HOU,NBA,2005-06,71,59,2372,226,561,127,290,99,271,151,187,24,154,178,204,59,6,120,212,702,0.403,0.438,0.365,0.491,0.807,0.546,wesleda01
David West,25,NOK,NBA,2005-06,74,74,2526,530,1036,527,1025,3,11,199,236,168,380,548,92,61,64,105,214,1262,0.512,0.514,0.273,0.513,0.843,0.554,westda01
Delonte West,22,BOS,NBA,2005-06,71,71,2418,333,684,249,466,84,218,86,101,57,232,289,329,84,46,133,197,836,0.487,0.534,0.385,0.548,0.851,0.574,westde01
Robert Whaley,23,UTA,NBA,2005-06,23,0,212,23,57,23,57,0,0,3,6,16,27,43,17,7,8,14,41,49,0.404,0.404,,0.404,0.5,0.411,whalero01
Chris Wilcox,23,TOT,NBA,2005-06,77,24,1529,257,450,257,448,0,2,112,153,118,292,410,52,33,34,72,183,626,0.571,0.574,0,0.571,0.732,0.605,wilcoch01
Damien Wilkins,26,SEA,NBA,2005-06,82,12,1525,193,435,179,379,14,56,136,162,79,113,192,107,72,12,85,144,536,0.444,0.472,0.25,0.46,0.84,0.529,wilkida02
Mike Wilks,26,TOT,NBA,2005-06,47,0,348,29,90,26,71,3,19,25,41,9,30,39,32,14,1,24,34,86,0.322,0.366,0.158,0.339,0.61,0.398,wilksmi01
Aaron Williams,34,TOT,NBA,2005-06,48,5,791,91,176,91,176,0,0,40,58,64,117,181,17,17,21,30,138,222,0.517,0.517,,0.517,0.69,0.551,williaa01
Alvin Williams,31,TOR,NBA,2005-06,1,0,10,0,3,0,1,0,2,1,2,0,3,3,0,0,0,0,0,1,0,0,0,0,0.5,0.129,willial02
Deron Williams,21,UTA,NBA,2005-06,80,47,2307,339,805,248,586,91,219,95,135,35,159,194,359,60,17,145,233,864,0.421,0.423,0.416,0.478,0.704,0.5,willide01
Eric Williams,33,TOR,NBA,2005-06,28,11,352,29,75,24,57,5,18,28,38,10,40,50,15,7,2,15,55,91,0.387,0.421,0.278,0.42,0.737,0.496,willier01
Jason Williams,30,MIA,NBA,2005-06,59,56,1874,268,606,161,318,107,288,85,98,6,133,139,287,53,5,100,101,728,0.442,0.506,0.372,0.531,0.867,0.561,willija02
Lou Williams,19,PHI,NBA,2005-06,30,0,145,23,52,21,43,2,9,8,13,3,16,19,10,5,0,13,13,56,0.442,0.488,0.222,0.462,0.615,0.485,willilo02
Marvin Williams,19,ATL,NBA,2005-06,79,7,1952,235,531,222,478,13,53,189,253,122,261,383,63,48,24,83,227,672,0.443,0.464,0.245,0.455,0.747,0.523,willima02
Mo Williams,23,MIL,NBA,2005-06,58,12,1531,267,629,194,438,73,191,96,113,30,113,143,230,52,7,105,146,703,0.424,0.443,0.382,0.483,0.85,0.518,willima01
Corliss Williamson,32,SAC,NBA,2005-06,37,0,362,43,103,41,101,2,2,38,49,21,46,67,14,7,4,30,56,126,0.417,0.406,1,0.427,0.776,0.506,willico02
Loren Woods,27,TOR,NBA,2005-06,27,4,324,28,59,28,58,0,1,6,14,44,66,110,4,9,23,16,49,62,0.475,0.483,0,0.475,0.429,0.476,woodslo01
Qyntel Woods,24,NYK,NBA,2005-06,49,16,1013,129,254,107,194,22,60,49,76,44,146,190,47,32,13,61,96,329,0.508,0.552,0.367,0.551,0.645,0.572,woodsqy01
Metta World Peace,26,TOT,NBA,2005-06,56,56,2207,350,867,272,614,78,253,206,305,75,211,286,203,122,41,131,164,984,0.404,0.443,0.308,0.449,0.675,0.491,artesro01
Antoine Wright,21,NJN,NBA,2005-06,39,0,370,29,81,28,66,1,15,11,22,8,22,30,12,4,3,21,42,70,0.358,0.424,0.067,0.364,0.5,0.386,wrighan01
Bracey Wright,21,MIN,NBA,2005-06,7,0,135,21,51,15,34,6,17,14,16,3,15,18,5,1,0,8,8,62,0.412,0.441,0.353,0.471,0.875,0.534,wrighbr02
Dorell Wright,20,MIA,NBA,2005-06,20,2,132,20,43,17,37,3,6,15,17,2,30,32,8,3,1,14,12,58,0.465,0.459,0.5,0.5,0.882,0.574,wrighdo01
Lorenzen Wright,30,MEM,NBA,2005-06,78,58,1689,194,406,194,404,0,2,66,117,142,253,395,48,52,46,67,201,454,0.478,0.48,0,0.478,0.564,0.496,wrighlo02
Derrick Zimmerman,24,NJN,NBA,2005-06,2,0,32,2,3,2,3,0,0,0,0,1,3,4,7,0,0,4,4,4,0.667,0.667,,0.667,,0.667,zimmede01
Shareef Abdur-Rahim,30,SAC,NBA,2006-07,80,45,2015,310,654,307,634,3,20,170,234,122,276,398,109,53,40,116,243,793,0.474,0.484,0.15,0.476,0.726,0.524,abdursh01
Hassan Adams,22,NJN,NBA,2006-07,61,8,495,75,135,75,134,0,1,24,36,35,42,77,13,17,4,22,47,174,0.556,0.56,0,0.556,0.667,0.577,adamsha01
Maurice Ager,22,DAL,NBA,2006-07,32,1,214,22,70,17,55,5,15,20,33,1,20,21,7,4,3,15,27,69,0.314,0.309,0.333,0.35,0.606,0.408,agerma01
LaMarcus Aldridge,21,POR,NBA,2006-07,63,22,1392,241,479,241,477,0,2,83,115,144,168,312,24,22,73,43,186,565,0.503,0.505,0,0.503,0.722,0.533,aldrila01
Malik Allen,28,CHI,NBA,2006-07,60,1,638,107,258,107,257,0,1,28,34,42,77,119,16,17,16,21,85,242,0.415,0.416,0,0.415,0.824,0.443,allenma01
Ray Allen,31,SEA,NBA,2006-07,55,55,2219,505,1153,340,710,165,443,279,309,57,190,247,228,82,11,154,113,1454,0.438,0.479,0.372,0.51,0.903,0.564,allenra02
Tony Allen,25,BOS,NBA,2006-07,33,18,805,133,259,125,226,8,33,105,134,35,89,124,56,49,12,75,87,379,0.514,0.553,0.242,0.529,0.784,0.596,allento01
Rafer Alston,30,HOU,NBA,2006-07,82,82,3040,383,1020,191,491,192,529,130,177,29,253,282,444,129,10,170,195,1088,0.375,0.389,0.363,0.47,0.734,0.496,alstora01
Lou Amundson,24,TOT,NBA,2006-07,11,0,89,6,15,6,15,0,0,4,10,13,15,28,1,1,8,5,15,16,0.4,0.4,,0.4,0.4,0.412,amundlo01
Alan Anderson,24,CHA,NBA,2006-07,17,0,256,37,81,32,61,5,20,19,23,11,21,32,21,7,0,22,33,98,0.457,0.525,0.25,0.488,0.826,0.538,anderal01
Derek Anderson,32,CHA,NBA,2006-07,50,32,1190,126,294,72,142,54,152,93,106,29,84,113,133,52,7,56,115,399,0.429,0.507,0.355,0.52,0.877,0.586,anderde01
Carmelo Anthony,22,DEN,NBA,2006-07,65,65,2486,691,1453,651,1304,40,149,459,568,143,248,391,249,77,23,234,203,1881,0.476,0.499,0.268,0.489,0.808,0.552,anthoca01
Rafael Araujo,26,UTA,NBA,2006-07,28,0,248,27,65,27,65,0,0,18,29,22,44,66,10,6,2,17,39,72,0.415,0.415,,0.415,0.621,0.463,araujra01
Gilbert Arenas,25,WAS,NBA,2006-07,74,73,2942,647,1548,442,964,205,584,606,718,61,277,338,443,139,13,236,249,2105,0.418,0.459,0.351,0.484,0.844,0.565,arenagi01
Trevor Ariza,21,ORL,NBA,2006-07,57,7,1278,200,371,200,364,0,7,106,171,98,151,249,65,59,19,84,134,506,0.539,0.549,0,0.539,0.62,0.567,arizatr01
Darrell Armstrong,38,IND,NBA,2006-07,81,4,1275,156,377,84,163,72,214,73,93,34,101,135,191,70,6,76,102,457,0.414,0.515,0.336,0.509,0.785,0.547,armstda01
Hilton Armstrong,22,NOK,NBA,2006-07,56,5,634,68,125,68,125,0,0,40,67,58,91,149,10,12,26,35,79,176,0.544,0.544,,0.544,0.597,0.57,armsthi01
Carlos Arroyo,27,ORL,NBA,2006-07,72,5,1304,203,478,189,427,14,51,132,166,31,103,134,202,39,2,90,131,552,0.425,0.443,0.275,0.439,0.795,0.501,arroyca01
Chucky Atkins,32,MEM,NBA,2006-07,75,23,2064,310,715,194,409,116,306,252,311,18,121,139,346,50,4,127,136,988,0.434,0.474,0.379,0.515,0.81,0.58,atkinch01
James Augustine,22,ORL,NBA,2006-07,2,0,7,1,3,1,3,0,0,0,0,1,2,3,2,0,0,0,2,2,0.333,0.333,,0.333,,0.333,augusja01
Kelenna Azubuike,23,GSW,NBA,2006-07,41,9,669,98,220,64,141,34,79,61,78,26,68,94,28,22,10,39,49,291,0.445,0.454,0.43,0.523,0.782,0.572,azubuke01
Renaldo Balkman,22,NYK,NBA,2006-07,68,1,1064,139,275,134,248,5,27,51,90,97,197,294,44,57,44,49,146,334,0.505,0.54,0.185,0.515,0.567,0.531,balkmre01
Marcus Banks,25,PHO,NBA,2006-07,45,1,503,84,196,79,167,5,29,48,60,10,28,38,60,23,3,40,70,221,0.429,0.473,0.172,0.441,0.8,0.497,banksma01
Leandro Barbosa,24,PHO,NBA,2006-07,80,18,2613,529,1111,339,673,190,438,196,232,22,192,214,317,96,15,146,210,1444,0.476,0.504,0.434,0.562,0.845,0.595,barbole01
J.J. Barea,22,DAL,NBA,2006-07,33,1,191,28,78,22,57,6,21,16,24,7,18,25,24,1,1,14,19,78,0.359,0.386,0.286,0.397,0.667,0.44,bareajo01
Andrea Bargnani,21,TOR,NBA,2006-07,65,2,1629,267,625,167,357,100,268,117,142,52,203,255,50,32,53,107,180,751,0.427,0.468,0.373,0.507,0.824,0.546,bargnan01
Matt Barnes,26,GSW,NBA,2006-07,76,23,1813,275,628,169,338,106,290,90,123,91,259,350,156,73,41,105,188,746,0.438,0.5,0.366,0.522,0.732,0.547,barnema02
Andre Barrett,24,CHI,NBA,2006-07,6,0,29,4,8,4,8,0,0,0,0,1,4,5,7,0,0,4,4,8,0.5,0.5,,0.5,,0.5,barrean01
Earl Barron,25,MIA,NBA,2006-07,28,0,203,24,83,24,82,0,1,17,18,19,22,41,5,6,4,11,21,65,0.289,0.293,0,0.289,0.944,0.357,barroea01
Brent Barry,35,SAS,NBA,2006-07,75,28,1631,202,425,74,138,128,287,103,117,17,143,160,138,56,12,61,88,635,0.475,0.536,0.446,0.626,0.88,0.666,barrybr01
Brandon Bass,21,NOK,NBA,2006-07,21,3,162,15,44,15,43,0,1,12,16,13,30,43,3,2,3,10,16,42,0.341,0.349,0,0.341,0.75,0.411,bassbr01
Maceo Baston,31,IND,NBA,2006-07,47,2,405,49,76,46,69,3,7,37,47,21,53,74,16,12,18,32,65,138,0.645,0.667,0.429,0.664,0.787,0.714,bastoma01
Esteban Batista,23,ATL,NBA,2006-07,13,0,81,8,16,8,16,0,0,4,7,7,23,30,4,3,0,4,13,20,0.5,0.5,,0.5,0.571,0.524,batises01
Tony Battie,30,ORL,NBA,2006-07,66,66,1575,176,360,176,359,0,1,52,77,92,252,344,35,29,30,61,185,404,0.489,0.49,0,0.489,0.675,0.513,battito01
Shane Battier,28,HOU,NBA,2006-07,82,82,2988,292,654,135,281,157,373,88,113,67,271,338,175,79,60,72,190,829,0.446,0.48,0.421,0.567,0.779,0.589,battish01
Charlie Bell,27,MIL,NBA,2006-07,82,64,2848,426,974,299,613,127,361,131,168,57,181,238,247,97,4,104,213,1110,0.437,0.488,0.352,0.503,0.78,0.53,bellch01
Raja Bell,30,PHO,NBA,2006-07,78,78,2917,410,950,205,454,205,496,118,152,48,203,251,196,50,22,83,233,1143,0.432,0.452,0.413,0.539,0.776,0.562,bellra01
Mike Bibby,28,SAC,NBA,2006-07,82,82,2784,471,1166,298,685,173,481,288,347,39,224,263,388,88,6,197,139,1403,0.404,0.435,0.36,0.478,0.83,0.532,bibbymi01
Andris Biedrins,20,GSW,NBA,2006-07,82,63,2382,348,581,348,581,0,0,87,167,251,511,762,88,67,136,119,304,783,0.599,0.599,,0.599,0.521,0.598,biedran01
Chauncey Billups,30,DET,NBA,2006-07,70,70,2533,348,815,239,499,109,316,386,437,23,214,237,502,84,17,140,161,1191,0.427,0.479,0.345,0.494,0.883,0.591,billuch01
Steve Blake,26,TOT,NBA,2006-07,82,42,2225,209,509,142,301,67,208,43,64,21,148,169,408,61,8,129,121,528,0.411,0.472,0.322,0.476,0.672,0.491,blakest01
Will Blalock,23,DET,NBA,2006-07,14,0,166,9,30,8,25,1,5,6,6,6,9,15,17,5,0,12,9,25,0.3,0.32,0.2,0.317,1,0.383,blalowi01
Andray Blatche,20,WAS,NBA,2006-07,56,13,682,86,197,82,170,4,27,30,49,77,114,191,39,17,32,49,94,206,0.437,0.482,0.148,0.447,0.612,0.471,blatcan01
Mark Blount,31,MIN,NBA,2006-07,82,81,2544,427,839,418,808,9,31,147,195,136,369,505,67,43,58,159,239,1010,0.509,0.517,0.29,0.514,0.754,0.546,blounma01
Keith Bogans,26,ORL,NBA,2006-07,59,18,990,99,245,46,108,53,137,47,63,16,77,93,59,28,2,46,98,298,0.404,0.426,0.387,0.512,0.746,0.546,boganke01
Andrew Bogut,22,MIL,NBA,2006-07,66,66,2258,348,629,347,624,1,5,112,194,168,416,584,198,49,35,150,216,809,0.553,0.556,0.2,0.554,0.577,0.566,bogutan01
Matt Bonner,26,SAS,NBA,2006-07,56,0,653,106,237,70,143,36,94,27,38,64,92,156,22,17,11,25,67,275,0.447,0.49,0.383,0.523,0.711,0.542,bonnema01
Josh Boone,22,NJN,NBA,2006-07,61,0,669,99,171,99,171,0,0,56,103,64,112,176,10,11,21,33,94,254,0.579,0.579,,0.579,0.544,0.587,boonejo01
Calvin Booth,30,WAS,NBA,2006-07,44,1,380,31,66,30,64,1,2,6,10,27,54,81,18,4,29,9,71,69,0.47,0.469,0.5,0.477,0.6,0.49,boothca01
Carlos Boozer,25,UTA,NBA,2006-07,74,74,2557,647,1154,647,1154,0,0,255,372,235,632,867,221,70,21,194,217,1549,0.561,0.561,,0.561,0.685,0.588,boozeca01
Chris Bosh,22,TOR,NBA,2006-07,69,69,2658,543,1094,531,1059,12,35,463,590,186,555,741,175,39,90,179,163,1561,0.496,0.501,0.343,0.502,0.785,0.577,boshch01
Bruce Bowen,35,SAS,NBA,2006-07,82,82,2464,189,467,100,235,89,232,43,73,23,200,223,117,62,25,65,175,510,0.405,0.426,0.384,0.5,0.589,0.511,bowenbr01
Earl Boykins,30,TOT,NBA,2006-07,66,23,2031,323,769,228,530,95,239,220,245,49,90,139,291,56,2,120,92,961,0.42,0.43,0.397,0.482,0.898,0.548,boykiea01
Cedric Bozeman,23,ATL,NBA,2006-07,23,5,199,11,39,9,26,2,13,2,6,3,20,23,9,5,2,9,32,26,0.282,0.346,0.154,0.308,0.333,0.312,bozemce01
Elton Brand,27,LAC,NBA,2006-07,80,80,3077,645,1211,644,1210,1,1,351,461,268,476,744,235,77,179,202,238,1642,0.533,0.532,1,0.533,0.761,0.581,brandel01
Ronnie Brewer,21,UTA,NBA,2006-07,56,14,675,102,193,102,184,0,9,56,83,37,38,75,24,37,6,24,44,260,0.528,0.554,0,0.528,0.675,0.566,brewero02
Primoz Brezec,27,CHA,NBA,2006-07,58,40,838,122,274,121,271,1,3,43,68,80,104,184,23,11,23,38,161,288,0.445,0.446,0.333,0.447,0.632,0.474,brezepr01
Andre Brown,25,SEA,NBA,2006-07,38,0,271,42,74,42,73,0,1,9,15,26,48,74,2,6,4,29,26,93,0.568,0.575,0,0.568,0.6,0.577,brownan01
Dee Brown,22,UTA,NBA,2006-07,49,0,450,32,98,26,70,6,28,24,37,8,32,40,83,22,7,31,51,94,0.327,0.371,0.214,0.357,0.649,0.411,brownde03
Devin Brown,28,NOK,NBA,2006-07,58,49,1662,233,555,152,328,81,227,123,155,55,196,251,149,44,9,91,139,670,0.42,0.463,0.357,0.493,0.794,0.538,brownde02
Kwame Brown,24,LAL,NBA,2006-07,41,28,1132,143,242,143,241,0,1,59,134,81,163,244,75,39,49,76,124,345,0.591,0.593,0,0.591,0.44,0.573,brownkw01
P.J. Brown,37,CHI,NBA,2006-07,72,49,1456,170,418,170,416,0,2,96,122,129,218,347,48,24,52,85,187,436,0.407,0.409,0,0.407,0.787,0.462,brownpj01
Shannon Brown,21,CLE,NBA,2006-07,23,5,202,28,74,21,49,7,25,10,14,6,15,21,10,7,3,14,24,73,0.378,0.429,0.28,0.426,0.714,0.455,brownsh01
Kobe Bryant,28,LAL,NBA,2006-07,77,77,3140,813,1757,676,1359,137,398,667,768,75,364,439,413,111,36,255,205,2430,0.463,0.497,0.344,0.502,0.868,0.58,bryanko01
Greg Buckner,30,DAL,NBA,2006-07,76,11,1372,123,299,91,196,32,103,27,34,35,123,158,70,47,7,40,152,305,0.411,0.464,0.311,0.465,0.794,0.486,buckngr01
Pat Burke,33,PHO,NBA,2006-07,23,0,164,23,65,17,43,6,22,8,13,12,35,47,5,3,2,7,19,60,0.354,0.395,0.273,0.4,0.615,0.424,burkepa01
Caron Butler,26,WAS,NBA,2006-07,63,63,2474,451,975,433,903,18,72,283,328,147,320,467,233,134,17,181,188,1203,0.463,0.48,0.25,0.472,0.863,0.537,butleca01
Jackie Butler,21,SAS,NBA,2006-07,11,2,103,16,35,16,35,0,0,9,10,6,16,22,5,2,0,10,16,41,0.457,0.457,,0.457,0.9,0.52,butleja01
Rasual Butler,27,NOK,NBA,2006-07,81,38,2223,314,788,180,425,134,363,56,87,42,214,256,63,40,54,67,148,818,0.398,0.424,0.369,0.484,0.644,0.495,butlera01
Andrew Bynum,19,LAL,NBA,2006-07,82,53,1793,247,443,247,440,0,3,143,214,139,345,484,94,12,128,115,249,637,0.558,0.561,0,0.558,0.668,0.593,bynuman01
Jose Calderon,25,TOR,NBA,2006-07,77,11,1614,263,505,238,430,25,75,117,143,21,113,134,387,63,5,110,136,668,0.521,0.553,0.333,0.546,0.818,0.588,caldejo01
Marcus Camby,32,DEN,NBA,2006-07,70,70,2369,312,659,312,657,0,2,161,221,164,652,816,223,87,231,122,183,785,0.473,0.475,0,0.473,0.729,0.519,cambyma01
Brian Cardinal,29,MEM,NBA,2006-07,28,1,313,42,85,24,41,18,44,25,27,13,46,59,31,22,1,23,42,127,0.494,0.585,0.409,0.6,0.926,0.655,cardibr01
Rodney Carney,22,PHI,NBA,2006-07,67,35,1169,182,392,157,320,25,72,53,87,39,89,128,26,38,23,43,118,442,0.464,0.491,0.347,0.496,0.609,0.514,carnero01
Matt Carroll,26,CHA,NBA,2006-07,72,47,1878,285,658,174,391,111,267,188,208,35,172,207,91,53,9,73,176,869,0.433,0.445,0.416,0.517,0.904,0.58,carroma01
Anthony Carter,31,DEN,NBA,2006-07,2,0,37,3,8,3,6,0,2,0,0,0,3,3,11,0,1,6,4,6,0.375,0.5,0,0.375,,0.375,cartean01
Vince Carter,30,NJN,NBA,2006-07,82,82,3126,726,1598,570,1161,156,437,462,576,114,378,492,393,82,30,217,266,2070,0.454,0.491,0.357,0.503,0.802,0.559,cartevi01
Sam Cassell,37,LAC,NBA,2006-07,58,30,1407,261,625,229,516,32,109,160,182,27,140,167,270,28,8,101,126,714,0.418,0.444,0.294,0.443,0.879,0.506,cassesa01
Kelvin Cato,32,NYK,NBA,2006-07,18,0,95,7,22,7,22,0,0,8,12,12,19,31,0,3,10,6,10,22,0.318,0.318,,0.318,0.667,0.403,catoke01
Tyson Chandler,24,NOK,NBA,2006-07,73,73,2525,292,468,292,467,0,1,106,201,320,584,904,66,37,129,126,244,690,0.624,0.625,0,0.624,0.527,0.62,chandty01
Josh Childress,23,ATL,NBA,2006-07,55,13,2024,261,518,235,441,26,77,167,210,123,217,340,127,58,36,80,118,715,0.504,0.533,0.338,0.529,0.795,0.586,childjo01
Doug Christie,36,LAC,NBA,2006-07,7,0,82,5,17,4,11,1,6,2,3,3,8,11,8,3,1,5,11,13,0.294,0.364,0.167,0.324,0.667,0.355,chrisdo01
Speedy Claxton,28,ATL,NBA,2006-07,42,31,1054,91,278,85,250,6,28,33,60,12,69,81,185,72,4,75,131,221,0.327,0.34,0.214,0.338,0.55,0.363,claxtsp01
Jarron Collins,28,UTA,NBA,2006-07,82,9,913,75,170,75,170,0,0,54,83,71,100,171,60,13,8,37,147,204,0.441,0.441,,0.441,0.651,0.494,collija03
Jason Collins,28,NJN,NBA,2006-07,80,78,1844,55,151,55,149,0,2,59,127,90,226,316,46,40,38,73,273,169,0.364,0.369,0,0.364,0.465,0.408,collija04
Mardy Collins,22,NYK,NBA,2006-07,52,9,777,87,228,74,181,13,47,48,82,28,76,104,83,32,3,57,75,235,0.382,0.409,0.277,0.41,0.585,0.445,collima01
Nick Collison,26,SEA,NBA,2006-07,82,56,2378,318,636,318,634,0,2,154,199,229,437,666,82,48,66,123,289,790,0.5,0.502,0,0.5,0.774,0.546,collini01
Will Conroy,24,TOT,NBA,2006-07,7,0,52,0,3,0,3,0,0,0,4,3,4,7,9,0,0,2,7,0,0,0,,0,0,0,conrowi01
Brian Cook,26,LAL,NBA,2006-07,65,24,1018,185,408,139,293,46,115,34,47,61,154,215,65,25,27,51,134,450,0.453,0.474,0.4,0.51,0.723,0.525,cookbr01
Jamal Crawford,26,NYK,NBA,2006-07,59,36,2198,354,886,251,564,103,322,228,272,44,145,189,259,57,8,162,114,1039,0.4,0.445,0.32,0.458,0.838,0.517,crawfja01
Austin Croshere,31,DAL,NBA,2006-07,61,2,727,78,222,52,131,26,91,45,52,33,153,186,44,14,6,33,68,227,0.351,0.397,0.286,0.41,0.865,0.463,croshau01
Eddy Curry,24,NYK,NBA,2006-07,81,81,2849,585,1016,584,1015,1,1,405,659,195,376,571,68,34,40,295,265,1576,0.576,0.575,1,0.576,0.615,0.603,curryed01
Samuel Dalembert,25,PHI,NBA,2006-07,82,82,2535,356,658,356,656,0,2,167,224,239,494,733,64,47,159,161,287,879,0.541,0.543,0,0.541,0.746,0.581,dalemsa01
Erick Dampier,31,DAL,NBA,2006-07,76,73,1915,209,334,209,334,0,0,119,191,217,349,566,44,24,82,107,239,537,0.626,0.626,,0.626,0.623,0.642,dampier01
Antonio Daniels,31,WAS,NBA,2006-07,80,8,1761,172,389,153,326,19,63,208,250,18,133,151,290,39,9,69,79,571,0.442,0.469,0.302,0.467,0.832,0.572,daniean01
Marquis Daniels,26,IND,NBA,2006-07,45,4,800,129,281,123,255,6,26,56,80,26,56,82,57,27,7,55,56,320,0.459,0.482,0.231,0.47,0.7,0.506,daniema01
Baron Davis,27,GSW,NBA,2006-07,63,62,2221,452,1030,367,750,85,280,275,369,51,225,276,509,135,29,193,181,1264,0.439,0.489,0.304,0.48,0.745,0.53,davisba01
Dale Davis,37,DET,NBA,2006-07,46,6,464,33,74,33,74,0,0,17,26,59,78,137,12,10,34,15,59,83,0.446,0.446,,0.446,0.654,0.486,davisda01
Paul Davis,22,LAC,NBA,2006-07,31,0,180,22,52,22,52,0,0,7,10,21,23,44,7,6,5,8,28,51,0.423,0.423,,0.423,0.7,0.452,davispa01
Ricky Davis,27,MIN,NBA,2006-07,81,81,3021,506,1089,383,779,123,310,239,285,54,261,315,385,80,23,210,189,1374,0.465,0.492,0.397,0.521,0.839,0.566,davisri01
Carlos Delfino,24,DET,NBA,2006-07,82,1,1372,156,376,110,238,46,138,70,89,67,199,266,88,46,8,61,97,428,0.415,0.462,0.333,0.476,0.787,0.515,delfica01
Luol Deng,21,CHI,NBA,2006-07,82,82,3071,630,1218,629,1211,1,7,279,359,148,431,579,204,97,48,153,167,1540,0.517,0.519,0.143,0.518,0.777,0.56,denglu01
Boris Diaw,24,PHO,NBA,2006-07,73,59,2268,306,569,291,524,15,45,82,120,91,226,317,352,28,38,154,177,709,0.538,0.555,0.333,0.551,0.683,0.57,diawbo01
Yakhouba Diawara,24,DEN,NBA,2006-07,64,19,1177,100,292,51,122,49,170,35,53,27,83,110,55,30,7,37,132,284,0.342,0.418,0.288,0.426,0.66,0.45,diawaya01
Dan Dickau,28,POR,NBA,2006-07,50,3,444,54,151,38,90,16,61,42,53,7,36,43,70,14,1,27,55,166,0.358,0.422,0.262,0.411,0.792,0.476,dickada01
Travis Diener,24,ORL,NBA,2006-07,26,0,288,34,80,16,30,18,50,12,15,3,15,18,35,4,0,13,27,98,0.425,0.533,0.36,0.538,0.8,0.566,dienetr01
Ike Diogu,23,TOT,NBA,2006-07,59,2,760,127,266,127,266,0,0,112,140,75,128,203,25,8,26,67,122,366,0.477,0.477,,0.477,0.8,0.559,dioguik01
DeSagana Diop,25,DAL,NBA,2006-07,81,9,1480,71,151,71,150,0,1,48,86,166,272,438,30,40,113,63,244,190,0.47,0.473,0,0.47,0.558,0.503,diopde01
Juan Dixon,28,TOT,NBA,2006-07,81,6,1926,299,703,220,477,79,226,101,116,27,131,158,123,76,9,101,177,778,0.425,0.461,0.35,0.482,0.871,0.516,dixonju01
Michael Doleac,29,MIA,NBA,2006-07,56,0,698,82,175,82,174,0,1,36,41,44,111,155,22,18,15,30,96,200,0.469,0.471,0,0.469,0.878,0.518,doleami01
Keyon Dooling,26,ORL,NBA,2006-07,66,2,1435,188,458,157,362,31,96,114,141,22,64,86,112,52,15,72,125,521,0.41,0.434,0.323,0.444,0.809,0.501,doolike01
Quincy Douby,22,SAC,NBA,2006-07,42,0,359,48,126,36,76,12,50,11,15,11,26,37,15,15,4,15,21,119,0.381,0.474,0.24,0.429,0.733,0.449,doubyqu01
Chris Duhon,24,CHI,NBA,2006-07,78,30,1906,197,483,109,238,88,245,76,101,23,146,169,310,69,6,105,150,558,0.408,0.458,0.359,0.499,0.752,0.529,duhonch01
Tim Duncan,30,SAS,NBA,2006-07,80,80,2726,618,1131,617,1122,1,9,362,568,213,633,846,273,66,190,224,203,1599,0.546,0.55,0.111,0.547,0.637,0.579,duncati01
Mike Dunleavy,26,TOT,NBA,2006-07,82,49,2580,384,850,314,626,70,224,211,269,84,347,431,228,84,22,149,203,1049,0.452,0.502,0.313,0.493,0.784,0.542,dunlemi02
Ronald Dupree,26,DET,NBA,2006-07,19,0,94,11,31,11,31,0,0,3,9,5,12,17,5,5,1,3,12,25,0.355,0.355,,0.355,0.333,0.358,duprero01
Monta Ellis,21,GSW,NBA,2006-07,77,53,2638,480,1010,441,867,39,143,273,358,62,181,243,319,132,21,221,210,1272,0.475,0.509,0.273,0.495,0.763,0.545,ellismo01
Francisco Elson,30,SAS,NBA,2006-07,70,41,1332,144,282,144,280,0,2,62,80,81,255,336,55,31,59,86,184,350,0.511,0.514,0,0.511,0.775,0.552,elsonfr01
Melvin Ely,28,TOT,NBA,2006-07,30,0,309,29,80,29,80,0,0,31,47,15,38,53,18,6,8,28,51,89,0.363,0.363,,0.363,0.66,0.442,elyme01
Maurice Evans,28,LAL,NBA,2006-07,76,10,1732,234,542,186,409,48,133,122,155,93,128,221,74,38,14,57,126,638,0.432,0.455,0.361,0.476,0.787,0.523,evansma01
Reggie Evans,26,DEN,NBA,2006-07,66,11,1127,117,215,117,215,0,0,91,183,156,304,460,45,42,16,95,144,325,0.544,0.544,,0.544,0.497,0.55,evansre01
Daniel Ewing,23,LAC,NBA,2006-07,61,3,712,65,161,51,117,14,44,35,45,9,64,73,90,32,4,50,62,179,0.404,0.436,0.318,0.447,0.778,0.495,ewingda01
Jordan Farmar,20,LAL,NBA,2006-07,72,2,1090,124,294,79,157,45,137,27,38,22,97,119,137,44,7,73,77,320,0.422,0.503,0.328,0.498,0.711,0.515,farmajo01
Desmon Farmer,25,SEA,NBA,2006-07,8,0,32,5,15,3,7,2,8,1,1,0,1,1,9,1,0,1,2,13,0.333,0.429,0.25,0.4,1,0.421,farmede01
Raymond Felton,22,CHA,NBA,2006-07,78,75,2832,393,1024,290,712,103,312,204,256,51,216,267,545,118,10,230,180,1093,0.384,0.407,0.33,0.434,0.797,0.481,feltora01
Michael Finley,33,SAS,NBA,2006-07,82,16,1823,273,663,169,377,104,286,90,98,34,189,223,108,32,16,46,76,740,0.412,0.448,0.364,0.49,0.918,0.524,finlemi01
Derek Fisher,32,UTA,NBA,2006-07,82,61,2287,258,675,210,519,48,156,262,307,30,119,149,274,83,6,120,234,826,0.382,0.405,0.308,0.418,0.853,0.51,fishede01
T.J. Ford,23,TOR,NBA,2006-07,75,71,2243,393,902,372,833,21,69,240,293,53,183,236,595,101,8,231,186,1047,0.436,0.447,0.304,0.447,0.819,0.508,fordtj01
Danny Fortson,30,SEA,NBA,2006-07,14,6,158,15,30,15,29,0,1,10,13,13,30,43,1,1,0,15,38,40,0.5,0.517,0,0.5,0.769,0.56,fortsda01
Jeff Foster,30,IND,NBA,2006-07,75,43,1740,122,260,122,259,0,1,78,122,253,356,609,57,62,37,70,202,322,0.469,0.471,0,0.469,0.639,0.513,fosteje01
Randy Foye,23,MIN,NBA,2006-07,82,12,1879,300,691,232,506,68,185,164,192,49,169,218,232,53,21,152,184,832,0.434,0.458,0.368,0.483,0.854,0.536,foyera01
Adonal Foyle,31,GSW,NBA,2006-07,48,6,475,48,85,48,85,0,0,11,25,51,75,126,19,11,50,23,61,107,0.565,0.565,,0.565,0.44,0.557,foylead01
Steve Francis,29,NYK,NBA,2006-07,44,30,1237,140,343,98,232,42,111,175,211,33,124,157,170,41,12,100,126,497,0.408,0.422,0.378,0.469,0.829,0.57,francst01
Matt Freije,25,ATL,NBA,2006-07,19,0,147,16,54,13,32,3,22,5,6,8,16,24,7,3,1,3,13,40,0.296,0.406,0.136,0.324,0.833,0.353,freijma01
Channing Frye,23,NYK,NBA,2006-07,72,59,1896,298,689,295,671,3,18,85,108,91,304,395,67,36,42,100,216,684,0.433,0.44,0.167,0.435,0.787,0.464,fryech01
Dan Gadzuric,28,MIL,NBA,2006-07,54,8,840,108,228,108,227,0,1,42,90,94,152,246,29,22,32,49,141,258,0.474,0.476,0,0.474,0.467,0.482,gadzuda01
Jorge Garbajosa,29,TOR,NBA,2006-07,67,60,1909,222,529,156,336,66,193,57,78,48,282,330,125,78,15,64,90,567,0.42,0.464,0.342,0.482,0.731,0.503,garbajo01
Francisco Garcia,25,SAC,NBA,2006-07,79,5,1410,163,380,110,231,53,149,95,114,53,152,205,87,45,43,70,190,474,0.429,0.476,0.356,0.499,0.833,0.551,garcifr01
Kevin Garnett,30,MIN,NBA,2006-07,76,76,2995,638,1341,626,1285,12,56,416,498,183,792,975,313,89,126,205,184,1704,0.476,0.487,0.214,0.48,0.835,0.546,garneke01
Pat Garrity,30,ORL,NBA,2006-07,33,0,277,22,70,11,38,11,32,16,18,12,30,42,14,7,0,14,37,71,0.314,0.289,0.344,0.393,0.889,0.456,garripa01
Pau Gasol,26,MEM,NBA,2006-07,59,59,2133,462,858,459,847,3,11,299,400,149,432,581,201,29,126,162,137,1226,0.538,0.542,0.273,0.54,0.748,0.593,gasolpa01
Rudy Gay,20,MEM,NBA,2006-07,78,43,2103,321,760,269,617,52,143,152,209,93,255,348,100,71,74,140,192,846,0.422,0.436,0.364,0.457,0.727,0.497,gayru01
Mickael Gelabale,23,SEA,NBA,2006-07,70,14,1239,122,264,111,217,11,47,66,82,59,114,173,56,24,22,49,108,321,0.462,0.512,0.234,0.483,0.805,0.535,gelabmi01
Devean George,29,DAL,NBA,2006-07,60,17,1283,146,370,93,220,53,150,36,48,57,156,213,33,46,23,51,143,381,0.395,0.423,0.353,0.466,0.75,0.487,georgde01
Daniel Gibson,20,CLE,NBA,2006-07,60,16,988,98,231,46,107,52,124,28,39,28,64,92,69,23,8,44,94,276,0.424,0.43,0.419,0.537,0.718,0.556,gibsoda01
Manu Ginobili,29,SAS,NBA,2006-07,75,36,2060,396,854,268,531,128,323,320,372,59,268,327,263,109,27,157,155,1240,0.464,0.505,0.396,0.539,0.86,0.609,ginobma01
Gordan Giricek,29,UTA,NBA,2006-07,61,6,1188,176,381,124,259,52,122,71,87,24,105,129,63,28,5,64,122,475,0.462,0.479,0.426,0.53,0.816,0.566,giricgo01
Andreas Glyniadakis,25,SEA,NBA,2006-07,13,4,81,8,17,8,17,0,0,1,2,2,6,8,1,0,0,9,19,17,0.471,0.471,,0.471,0.5,0.475,glynian01
Ryan Gomes,24,BOS,NBA,2006-07,73,60,2275,338,723,322,681,16,42,189,233,125,282,407,119,48,13,105,169,881,0.467,0.473,0.381,0.479,0.811,0.534,gomesry01
Drew Gooden,25,CLE,NBA,2006-07,80,80,2238,371,784,370,778,1,6,142,199,263,418,681,88,70,28,115,210,885,0.473,0.476,0.167,0.474,0.714,0.508,goodedr01
Ben Gordon,23,CHI,NBA,2006-07,82,51,2704,609,1338,454,963,155,375,380,440,35,223,258,296,64,17,249,252,1753,0.455,0.471,0.413,0.513,0.864,0.572,gordobe01
Joey Graham,24,TOR,NBA,2006-07,79,21,1319,192,388,183,357,9,31,110,131,55,193,248,44,30,4,49,161,503,0.495,0.513,0.29,0.506,0.84,0.564,grahajo01
Stephen Graham,24,POR,NBA,2006-07,14,1,165,17,40,14,29,3,11,8,9,6,15,21,5,4,1,13,25,45,0.425,0.483,0.273,0.463,0.889,0.512,grahast01
Danny Granger,23,IND,NBA,2006-07,82,57,2785,398,868,288,580,110,288,236,294,114,267,381,114,67,61,135,245,1142,0.459,0.497,0.382,0.522,0.803,0.573,grangda01
Gerald Green,21,BOS,NBA,2006-07,81,26,1780,310,739,215,481,95,258,128,159,68,140,208,83,41,24,120,198,843,0.419,0.447,0.368,0.484,0.805,0.521,greenge01
Willie Green,25,PHI,NBA,2006-07,74,36,1842,357,868,306,711,51,157,74,111,42,116,158,112,56,4,106,144,839,0.411,0.43,0.325,0.441,0.667,0.458,greenwi01
Orien Greene,24,IND,NBA,2006-07,41,0,254,23,62,21,51,2,11,15,25,12,32,44,22,17,4,28,38,63,0.371,0.412,0.182,0.387,0.6,0.432,greenor01
Lynn Greer,27,MIL,NBA,2006-07,41,0,432,61,141,43,89,18,52,27,32,2,25,27,53,17,1,18,32,167,0.433,0.483,0.346,0.496,0.844,0.538,greerly01
Adrian Griffin,32,CHI,NBA,2006-07,54,1,585,61,129,61,123,0,6,15,19,40,69,109,59,32,4,38,78,137,0.473,0.496,0,0.473,0.789,0.499,griffad01
Eddie Griffin,24,MIN,NBA,2006-07,13,0,92,7,27,7,26,0,1,4,5,7,18,25,4,0,7,6,8,18,0.259,0.269,0,0.259,0.8,0.308,griffed01
Mike Hall,22,WAS,NBA,2006-07,2,0,13,1,4,1,4,0,0,0,0,1,1,2,1,0,0,0,1,2,0.25,0.25,,0.25,,0.25,hallmi01
Richard Hamilton,28,DET,NBA,2006-07,75,75,2763,547,1170,503,1041,44,129,347,403,75,207,282,285,59,15,159,232,1485,0.468,0.483,0.341,0.486,0.861,0.551,hamilri01
Matt Harpring,30,UTA,NBA,2006-07,77,2,1965,322,656,309,617,13,39,237,309,117,236,353,99,52,11,118,232,894,0.491,0.501,0.333,0.501,0.767,0.564,harprma01
Al Harrington,26,TOT,NBA,2006-07,78,78,2563,495,1083,368,790,127,293,168,242,151,345,496,149,65,24,169,269,1285,0.457,0.466,0.433,0.516,0.694,0.54,harrial01
Junior Harrington,26,MEM,NBA,2006-07,29,8,543,57,137,50,111,7,26,31,46,12,56,68,89,21,5,52,79,152,0.416,0.45,0.269,0.442,0.674,0.483,harriju01
Othella Harrington,33,CHA,NBA,2006-07,26,0,220,25,56,25,56,0,0,17,22,13,25,38,6,1,1,15,49,67,0.446,0.446,,0.446,0.773,0.51,harriot01
Devin Harris,23,DAL,NBA,2006-07,80,61,2081,292,593,278,543,14,50,215,261,45,151,196,296,96,21,146,242,813,0.492,0.512,0.28,0.504,0.824,0.574,harride01
David Harrison,24,IND,NBA,2006-07,24,2,190,30,58,30,58,0,0,11,22,9,33,42,6,5,12,26,47,71,0.517,0.517,,0.517,0.5,0.525,harrida01
Jason Hart,28,TOT,NBA,2006-07,36,22,846,100,224,93,195,7,29,42,47,14,84,98,103,44,1,38,83,249,0.446,0.477,0.241,0.462,0.894,0.509,hartja01
Udonis Haslem,26,MIA,NBA,2006-07,79,79,2483,353,717,353,713,0,4,138,203,188,466,654,97,49,26,110,236,844,0.492,0.495,0,0.492,0.68,0.523,hasleud01
Trenton Hassell,27,MIN,NBA,2006-07,76,68,2223,217,443,211,418,6,25,72,92,83,160,243,203,22,26,80,144,512,0.49,0.505,0.24,0.497,0.783,0.529,hassetr01
Chuck Hayes,23,HOU,NBA,2006-07,78,43,1714,192,335,192,335,0,0,55,89,204,317,521,47,70,18,64,281,439,0.573,0.573,,0.573,0.618,0.587,hayesch01
Jarvis Hayes,25,WAS,NBA,2006-07,81,17,1626,224,546,158,363,66,183,71,84,42,168,210,80,48,13,56,160,585,0.41,0.435,0.361,0.471,0.845,0.502,hayesja01
Brendan Haywood,27,WAS,NBA,2006-07,77,49,1740,198,355,198,355,0,0,115,210,195,282,477,47,34,88,90,208,511,0.558,0.558,,0.558,0.548,0.571,haywobr01
Luther Head,24,HOU,NBA,2006-07,80,10,2211,306,700,129,299,177,401,83,105,31,221,252,194,76,5,137,133,872,0.437,0.431,0.441,0.564,0.79,0.584,headlu01
Alan Henderson,34,PHI,NBA,2006-07,38,5,418,43,67,43,67,0,0,33,47,48,59,107,10,9,12,12,62,119,0.642,0.642,,0.642,0.702,0.679,hendeal01
Walter Herrmann,27,CHA,NBA,2006-07,48,12,936,174,330,121,215,53,115,41,53,28,111,139,26,17,7,32,76,442,0.527,0.563,0.461,0.608,0.774,0.625,herrmwa01
Nene Hilario,24,DEN,NBA,2006-07,64,42,1715,294,516,294,515,0,1,195,283,150,299,449,77,62,59,127,209,783,0.57,0.571,0,0.57,0.689,0.611,hilarne01
Grant Hill,34,ORL,NBA,2006-07,65,64,2009,342,660,340,648,2,12,248,324,53,184,237,138,61,25,144,146,934,0.518,0.525,0.167,0.52,0.765,0.582,hillgr01
Kirk Hinrich,26,CHI,NBA,2006-07,80,80,2839,475,1061,335,724,140,337,237,284,32,242,274,500,100,23,191,274,1327,0.448,0.463,0.415,0.514,0.835,0.559,hinriki01
Robert Hite,23,MIA,NBA,2006-07,12,0,136,19,60,14,37,5,23,8,12,4,12,16,8,3,2,6,8,51,0.317,0.378,0.217,0.358,0.667,0.391,hitero01
Julius Hodge,23,TOT,NBA,2006-07,9,1,65,6,12,6,12,0,0,3,4,2,6,8,12,4,0,3,6,15,0.5,0.5,,0.5,0.75,0.545,hodgeju01
Ryan Hollins,22,CHA,NBA,2006-07,27,0,185,20,36,20,36,0,0,24,40,11,20,31,1,4,7,16,40,64,0.556,0.556,,0.556,0.6,0.597,holliry01
Robert Horry,36,SAS,NBA,2006-07,68,8,1124,90,251,40,102,50,149,38,64,73,156,229,77,45,41,44,105,268,0.359,0.392,0.336,0.458,0.594,0.48,horryro01
Eddie House,28,NJN,NBA,2006-07,56,1,946,180,421,105,246,75,175,33,36,14,78,92,67,27,3,27,69,468,0.428,0.427,0.429,0.517,0.917,0.536,houseed01
Dwight Howard,21,ORL,NBA,2006-07,82,82,3023,526,873,525,871,1,2,390,666,283,725,1008,158,70,156,317,245,1443,0.603,0.603,0.5,0.603,0.586,0.619,howardw01
Josh Howard,26,DAL,NBA,2006-07,70,69,2455,493,1075,401,836,92,239,243,294,130,345,475,127,82,56,123,180,1321,0.459,0.48,0.385,0.501,0.827,0.548,howarjo01
Juwan Howard,33,HOU,NBA,2006-07,80,38,2123,309,665,309,665,0,0,155,188,138,332,470,131,29,8,112,205,773,0.465,0.465,,0.465,0.824,0.517,howarju01
Troy Hudson,30,MIN,NBA,2006-07,34,6,554,74,195,46,115,28,80,26,32,8,40,48,73,14,2,40,23,202,0.379,0.4,0.35,0.451,0.813,0.483,hudsotr01
Larry Hughes,28,CLE,NBA,2006-07,70,68,2596,381,953,307,731,74,222,209,309,41,226,267,256,89,26,154,164,1045,0.4,0.42,0.333,0.439,0.676,0.48,hughela01
Kris Humphries,21,TOR,NBA,2006-07,60,2,670,87,185,87,185,0,0,53,79,78,109,187,18,14,21,32,98,227,0.47,0.47,,0.47,0.671,0.516,humphkr01
Lindsey Hunter,36,DET,NBA,2006-07,52,0,745,94,244,56,125,38,119,30,33,9,38,47,93,34,7,35,56,256,0.385,0.448,0.319,0.463,0.909,0.495,hunteli01
Steven Hunter,25,PHI,NBA,2006-07,70,41,1605,188,326,188,326,0,0,74,151,114,221,335,26,13,76,65,137,450,0.577,0.577,,0.577,0.49,0.573,huntest01
Andre Iguodala,23,PHI,NBA,2006-07,76,76,3062,443,991,395,836,48,155,452,551,77,357,434,432,152,33,261,200,1386,0.447,0.472,0.31,0.471,0.82,0.562,iguodan01
Zydrunas Ilgauskas,31,CLE,NBA,2006-07,78,78,2130,385,793,385,792,0,1,155,192,242,357,599,123,48,98,141,257,925,0.485,0.486,0,0.485,0.807,0.527,ilgauzy01
Mile Ilic,22,NJN,NBA,2006-07,5,0,6,0,3,0,3,0,0,0,0,0,1,1,0,0,0,3,1,0,0,0,,0,,0,ilicmi01
Didier Ilunga-Mbenga,26,DAL,NBA,2006-07,21,0,79,5,16,5,16,0,0,7,8,3,8,11,6,3,5,5,17,17,0.313,0.313,,0.313,0.875,0.435,mbengdj01
Ersan Ilyasova,19,MIL,NBA,2006-07,66,14,973,139,363,85,215,54,148,70,89,58,131,189,49,27,17,51,147,402,0.383,0.395,0.365,0.457,0.787,0.5,ilyaser01
Allen Iverson,31,TOT,NBA,2006-07,65,64,2761,581,1313,519,1116,62,197,485,610,23,170,193,468,123,13,268,95,1709,0.442,0.465,0.315,0.466,0.795,0.54,iversal01
Royal Ivey,25,ATL,NBA,2006-07,53,18,539,64,143,59,127,5,16,24,35,15,36,51,45,24,4,31,62,157,0.448,0.465,0.313,0.465,0.686,0.496,iveyro01
Jarrett Jack,23,POR,NBA,2006-07,79,79,2651,320,705,257,525,63,180,243,279,18,190,208,417,86,9,187,202,946,0.454,0.49,0.35,0.499,0.871,0.571,jackja01
Bobby Jackson,33,NOK,NBA,2006-07,56,2,1330,204,518,150,353,54,165,130,168,42,136,178,141,50,6,78,98,592,0.394,0.425,0.327,0.446,0.774,0.5,jacksbo01
Luke Jackson,25,TOT,NBA,2006-07,13,2,138,19,43,14,26,5,17,5,9,2,8,10,13,5,1,7,15,48,0.442,0.538,0.294,0.5,0.556,0.511,jackslu02
Marc Jackson,32,NOK,NBA,2006-07,56,25,1025,159,388,159,387,0,1,90,103,62,130,192,58,21,7,65,89,408,0.41,0.411,0,0.41,0.874,0.471,jacksma02
Stephen Jackson,28,TOT,NBA,2006-07,75,69,2479,409,944,309,633,100,311,243,299,61,161,222,287,84,34,183,200,1161,0.433,0.488,0.322,0.486,0.813,0.54,jacksst02
Jerome James,31,NYK,NBA,2006-07,41,11,273,33,79,33,79,0,0,10,18,21,45,66,3,6,15,23,73,76,0.418,0.418,,0.418,0.556,0.437,jamesje01
LeBron James,22,CLE,NBA,2006-07,78,78,3190,772,1621,673,1311,99,310,489,701,83,443,526,470,125,55,250,171,2132,0.476,0.513,0.319,0.507,0.698,0.552,jamesle01
Mike James,31,MIN,NBA,2006-07,82,65,2069,297,703,217,488,80,215,154,184,25,138,163,297,55,7,129,171,828,0.422,0.445,0.372,0.479,0.837,0.528,jamesmi01
Antawn Jamison,30,WAS,NBA,2006-07,70,70,2662,512,1139,374,760,138,379,226,307,134,428,562,136,80,36,104,194,1388,0.45,0.492,0.364,0.51,0.736,0.545,jamisan01
Marko Jaric,28,MIN,NBA,2006-07,70,13,1555,136,325,104,240,32,85,67,88,54,130,184,145,75,16,88,172,371,0.418,0.433,0.376,0.468,0.761,0.51,jaricma01
Sarunas Jasikevicius,30,TOT,NBA,2006-07,63,3,973,128,322,84,192,44,130,86,95,15,54,69,172,26,1,90,75,386,0.398,0.438,0.338,0.466,0.905,0.531,jasiksa01
Al Jefferson,22,BOS,NBA,2006-07,69,60,2319,453,882,453,881,0,1,201,295,237,519,756,88,48,106,136,232,1107,0.514,0.514,0,0.514,0.681,0.547,jeffeal01
Richard Jefferson,26,NJN,NBA,2006-07,55,53,1956,303,665,251,520,52,145,239,326,48,192,240,148,34,8,120,123,897,0.456,0.483,0.359,0.495,0.733,0.555,jefferi01
Jared Jeffries,25,NYK,NBA,2006-07,55,43,1307,95,206,93,186,2,20,31,68,111,127,238,67,44,30,61,150,223,0.461,0.5,0.1,0.466,0.456,0.473,jeffrja01
Alexander Johnson,23,MEM,NBA,2006-07,59,19,753,91,169,91,169,0,0,78,118,50,131,181,17,25,35,47,137,260,0.538,0.538,,0.538,0.661,0.588,johnsal01
Amir Johnson,19,DET,NBA,2006-07,8,0,124,18,33,18,30,0,3,11,14,15,22,37,3,5,13,9,19,47,0.545,0.6,0,0.545,0.786,0.6,johnsam01
Anthony Johnson,32,TOT,NBA,2006-07,67,17,1301,142,343,117,270,25,73,46,61,22,79,101,201,33,3,76,119,355,0.414,0.433,0.342,0.45,0.754,0.48,johnsan02
DerMarr Johnson,26,DEN,NBA,2006-07,39,7,419,50,154,31,66,19,88,16,21,10,47,57,17,16,12,27,39,135,0.325,0.47,0.216,0.386,0.762,0.414,johnsde03
Joe Johnson,25,ATL,NBA,2006-07,57,57,2359,536,1139,417,827,119,312,235,314,53,186,239,249,60,11,176,115,1426,0.471,0.504,0.381,0.523,0.748,0.558,johnsjo02
Linton Johnson,26,NOK,NBA,2006-07,54,0,720,93,190,83,160,10,30,30,37,52,111,163,18,33,18,27,101,226,0.489,0.519,0.333,0.516,0.811,0.548,johnsli01
Bobby Jones,23,PHI,NBA,2006-07,44,5,336,43,93,42,84,1,9,23,41,22,35,57,16,11,1,18,59,110,0.462,0.5,0.111,0.468,0.561,0.495,jonesbo02
Dahntay Jones,26,MEM,NBA,2006-07,78,25,1671,220,461,215,449,5,12,138,174,47,106,153,68,39,22,92,192,583,0.477,0.479,0.417,0.483,0.793,0.542,jonesda02
Damon Jones,30,CLE,NBA,2006-07,60,0,1173,137,355,48,124,89,231,30,44,9,57,66,94,16,2,36,53,393,0.386,0.387,0.385,0.511,0.682,0.525,jonesda01
Dwayne Jones,23,CLE,NBA,2006-07,4,0,18,0,1,0,1,0,0,3,6,1,5,6,0,0,0,2,3,3,0,0,,0,0.5,0.412,jonesdw02
Eddie Jones,35,TOT,NBA,2006-07,64,41,1594,178,422,100,200,78,222,59,75,31,159,190,109,68,10,47,124,493,0.422,0.5,0.351,0.514,0.787,0.542,jonesed02
Fred Jones,27,TOT,NBA,2006-07,63,12,1319,139,361,100,233,39,128,95,114,23,92,115,108,48,16,67,121,412,0.385,0.429,0.305,0.439,0.833,0.501,jonesfr01
James Jones,26,PHO,NBA,2006-07,76,7,1376,162,440,72,202,90,238,71,81,33,143,176,45,28,42,28,115,485,0.368,0.356,0.378,0.47,0.877,0.51,jonesja02
Jumaine Jones,27,PHO,NBA,2006-07,18,0,138,14,51,4,19,10,32,2,2,6,17,23,1,5,1,7,19,40,0.275,0.211,0.313,0.373,1,0.386,jonesju01
Solomon Jones,22,ATL,NBA,2006-07,58,8,666,65,128,65,127,0,1,59,75,49,87,136,11,11,42,25,124,189,0.508,0.512,0,0.508,0.787,0.587,jonesso01
Chris Kaman,24,LAC,NBA,2006-07,75,66,2176,294,652,294,651,0,1,166,224,160,428,588,79,41,116,147,251,754,0.451,0.452,0,0.451,0.741,0.502,kamanch01
Jason Kapono,25,MIA,NBA,2006-07,67,35,1767,278,563,170,353,108,210,66,74,26,154,180,81,38,2,70,135,730,0.494,0.482,0.514,0.59,0.892,0.613,kaponja01
Viktor Khryapa,24,CHI,NBA,2006-07,33,0,231,27,70,27,64,0,6,19,26,20,37,57,21,10,1,16,53,73,0.386,0.422,0,0.386,0.731,0.448,khryavi01
Jason Kidd,33,NJN,NBA,2006-07,80,80,2933,369,908,245,547,124,361,179,230,135,520,655,736,127,23,213,146,1041,0.406,0.448,0.343,0.475,0.778,0.516,kiddja01
Tarence Kinsey,22,MEM,NBA,2006-07,48,12,967,139,304,126,258,13,46,78,98,29,68,97,41,53,1,46,57,369,0.457,0.488,0.283,0.479,0.796,0.532,kinseta01
Andrei Kirilenko,25,UTA,NBA,2006-07,70,70,2049,197,418,181,343,16,75,174,239,88,241,329,202,74,144,135,172,584,0.471,0.528,0.213,0.49,0.728,0.558,kirilan01
Linas Kleiza,22,DEN,NBA,2006-07,79,14,1488,200,474,117,253,83,221,115,135,77,189,266,45,28,14,79,200,598,0.422,0.462,0.376,0.509,0.852,0.561,kleizli01
Brevin Knight,31,CHA,NBA,2006-07,45,25,1273,152,363,151,345,1,18,103,128,14,101,115,296,67,3,95,113,408,0.419,0.438,0.056,0.42,0.805,0.487,knighbr01
Yaroslav Korolev,19,LAC,NBA,2006-07,10,0,41,4,16,3,11,1,5,3,6,1,2,3,4,3,0,1,0,12,0.25,0.273,0.2,0.281,0.5,0.322,korolya01
Kyle Korver,25,PHI,NBA,2006-07,74,1,2288,372,845,240,538,132,307,191,209,30,229,259,105,57,20,117,188,1067,0.44,0.446,0.43,0.518,0.914,0.569,korveky01
Nenad Krstic,23,NJN,NBA,2006-07,26,26,848,170,323,170,322,0,1,86,121,51,125,176,46,10,24,52,88,426,0.526,0.528,0,0.526,0.711,0.566,krstine01
Raef LaFrentz,30,POR,NBA,2006-07,27,9,352,39,102,37,79,2,23,20,26,25,45,70,8,7,11,13,57,100,0.382,0.468,0.087,0.392,0.769,0.441,lafrera01
James Lang,23,WAS,NBA,2006-07,11,0,55,4,9,4,9,0,0,3,5,5,6,11,2,0,3,2,14,11,0.444,0.444,,0.444,0.6,0.491,langja01
David Lee,23,NYK,NBA,2006-07,58,12,1731,240,400,240,400,0,0,141,173,196,406,602,104,48,23,92,155,621,0.6,0.6,,0.6,0.815,0.652,leeda02
Rashard Lewis,27,SEA,NBA,2006-07,60,60,2348,463,1005,312,618,151,387,265,315,91,305,396,145,68,39,118,143,1342,0.461,0.505,0.39,0.536,0.841,0.587,lewisra02
Randy Livingston,31,SEA,NBA,2006-07,4,0,26,0,3,0,3,0,0,0,0,1,0,1,4,0,0,1,2,0,0,0,,0,,0,livinra01
Shaun Livingston,21,LAC,NBA,2006-07,54,31,1611,208,449,203,433,5,16,82,116,56,128,184,274,59,29,108,135,503,0.463,0.469,0.313,0.469,0.707,0.503,livinsh01
Kyle Lowry,20,MEM,NBA,2006-07,10,0,175,14,38,11,30,3,8,25,28,12,19,31,32,14,1,12,20,56,0.368,0.367,0.375,0.408,0.893,0.556,lowryky01
John Lucas III,24,HOU,NBA,2006-07,47,0,383,62,156,47,97,15,59,15,19,9,27,36,33,17,0,15,38,154,0.397,0.485,0.254,0.446,0.789,0.468,lucasjo02
Tyronn Lue,29,ATL,NBA,2006-07,56,17,1488,218,524,162,363,56,161,144,163,19,85,104,201,24,0,85,101,636,0.416,0.446,0.348,0.469,0.883,0.534,luety01
Mark Madsen,31,MIN,NBA,2006-07,56,0,473,23,43,23,43,0,0,15,29,35,52,87,10,10,10,21,100,61,0.535,0.535,,0.535,0.517,0.547,madsema01
Corey Maggette,27,LAC,NBA,2006-07,75,31,2291,367,808,354,743,13,65,519,633,90,352,442,208,65,14,201,244,1266,0.454,0.476,0.2,0.462,0.82,0.583,maggeco01
Jamaal Magloire,28,POR,NBA,2006-07,81,23,1703,199,395,199,395,0,0,131,242,151,341,492,30,21,66,129,226,529,0.504,0.504,,0.504,0.541,0.527,magloja01
Renaldo Major,24,GSW,NBA,2006-07,1,0,27,2,10,2,10,0,0,1,2,0,2,2,0,2,0,1,4,5,0.2,0.2,,0.2,0.5,0.23,majorre01
Stephon Marbury,29,NYK,NBA,2006-07,74,74,2748,395,952,272,607,123,345,297,386,36,177,213,403,71,10,179,185,1210,0.415,0.448,0.357,0.48,0.769,0.539,marbust01
Shawn Marion,28,PHO,NBA,2006-07,80,80,3010,561,1071,481,819,80,252,201,248,172,613,785,134,156,122,114,216,1403,0.524,0.587,0.317,0.561,0.81,0.594,mariosh01
Damir Markota,21,MIL,NBA,2006-07,30,0,170,19,52,13,36,6,16,7,11,11,20,31,6,3,1,15,22,51,0.365,0.361,0.375,0.423,0.636,0.449,markoda01
Sean Marks,31,PHO,NBA,2006-07,3,0,17,2,6,2,5,0,1,2,2,0,3,3,0,0,1,0,4,6,0.333,0.4,0,0.333,1,0.436,marksse01
Donyell Marshall,33,CLE,NBA,2006-07,81,0,1360,209,493,114,222,95,271,53,80,86,237,323,46,39,43,67,130,566,0.424,0.514,0.351,0.52,0.663,0.536,marshdo01
Rawle Marshall,24,IND,NBA,2006-07,40,2,361,32,89,28,71,4,18,31,45,8,21,29,13,12,5,19,22,99,0.36,0.394,0.222,0.382,0.689,0.455,marshra01
Darrick Martin,35,TOR,NBA,2006-07,31,0,220,33,94,20,57,13,37,15,21,2,10,12,43,3,0,12,22,94,0.351,0.351,0.351,0.42,0.714,0.455,martida01
Kenyon Martin,29,DEN,NBA,2006-07,2,2,63,8,16,8,15,0,1,3,12,6,14,20,1,0,0,5,10,19,0.5,0.533,0,0.5,0.25,0.446,martike01
Kevin Martin,23,SAC,NBA,2006-07,80,80,2818,505,1067,378,734,127,333,481,570,69,273,342,173,98,11,135,181,1618,0.473,0.515,0.381,0.533,0.844,0.614,martike02
Desmond Mason,29,NOK,NBA,2006-07,75,75,2575,407,900,407,900,0,0,214,323,124,221,345,115,52,22,192,174,1028,0.452,0.452,,0.452,0.663,0.493,masonde01
Roger Mason,26,WAS,NBA,2006-07,62,0,492,59,179,26,77,33,102,14,16,7,38,45,35,13,6,19,66,165,0.33,0.338,0.324,0.422,0.875,0.443,masonro01
Jason Maxiell,23,DET,NBA,2006-07,67,8,943,131,262,131,262,0,0,72,137,88,98,186,14,30,60,53,110,334,0.5,0.5,,0.5,0.526,0.518,maxieja01
Sean May,22,CHA,NBA,2006-07,35,8,838,164,328,162,325,2,3,86,112,73,160,233,66,19,24,56,100,416,0.5,0.498,0.667,0.503,0.768,0.551,mayse01
Rashad McCants,22,MIN,NBA,2006-07,37,0,554,62,177,42,102,20,75,40,58,14,33,47,38,26,7,40,71,184,0.35,0.412,0.267,0.407,0.69,0.454,mccanra01
Chris McCray,22,MIL,NBA,2006-07,5,0,12,0,3,0,3,0,0,0,0,0,0,0,0,0,0,2,1,0,0,0,,0,,0,mccrach01
Antonio McDyess,32,DET,NBA,2006-07,82,3,1729,284,540,284,540,0,0,96,139,165,331,496,72,61,65,75,240,664,0.526,0.526,,0.526,0.691,0.552,mcdyean01
Ivan McFarlin,24,PHI,NBA,2006-07,11,0,41,5,13,5,12,0,1,5,7,7,4,11,1,0,0,1,8,15,0.385,0.417,0,0.385,0.714,0.466,mcfariv01
Tracy McGrady,27,HOU,NBA,2006-07,71,71,2539,638,1480,512,1099,126,381,345,488,56,322,378,458,92,36,213,136,1747,0.431,0.466,0.331,0.474,0.707,0.515,mcgratr01
Jeff McInnis,32,CHA,NBA,2006-07,38,3,702,71,181,70,173,1,8,22,32,14,48,62,124,14,0,42,72,165,0.392,0.405,0.125,0.395,0.688,0.423,mcinnje01
Aaron McKie,34,LAL,NBA,2006-07,10,0,131,11,17,11,17,0,0,0,0,1,17,18,13,4,0,8,14,22,0.647,0.647,,0.647,,0.647,mckieaa01
Keith McLeod,27,TOT,NBA,2006-07,48,9,718,73,188,57,143,16,45,69,78,4,39,43,90,24,5,46,51,231,0.388,0.399,0.356,0.431,0.885,0.52,mcleoke01
Stanislav Medvedenko,27,ATL,NBA,2006-07,14,0,81,12,29,11,27,1,2,17,20,4,10,14,2,0,2,5,16,42,0.414,0.407,0.5,0.431,0.85,0.556,medvest01
Pops Mensah-Bonsu,23,DAL,NBA,2006-07,12,0,71,11,17,11,17,0,0,7,18,9,12,21,0,1,0,9,8,29,0.647,0.647,,0.647,0.389,0.582,mensapo01
C.J. Miles,19,UTA,NBA,2006-07,37,13,373,40,116,33,84,7,32,14,23,11,24,35,25,11,4,28,60,101,0.345,0.393,0.219,0.375,0.609,0.4,milescj01
Darko Milicic,21,ORL,NBA,2006-07,80,16,1913,249,548,249,547,0,1,141,230,145,292,437,90,44,140,124,219,639,0.454,0.455,0,0.454,0.613,0.492,milicda01
Andre Miller,30,TOT,NBA,2006-07,80,79,2966,424,909,419,874,5,35,222,283,97,255,352,625,110,10,222,184,1075,0.466,0.479,0.143,0.469,0.784,0.52,millean02
Brad Miller,30,SAC,NBA,2006-07,63,56,1783,224,494,219,461,5,33,115,149,79,322,401,224,38,39,108,155,568,0.453,0.475,0.152,0.459,0.772,0.508,millebr01
Mike Miller,26,MEM,NBA,2006-07,70,69,2740,465,1010,263,512,202,498,161,203,52,326,378,298,54,18,179,138,1293,0.46,0.514,0.406,0.56,0.793,0.588,millemi01
Paul Millsap,21,UTA,NBA,2006-07,82,1,1472,209,398,208,395,1,3,140,208,183,240,423,62,67,74,94,236,559,0.525,0.527,0.333,0.526,0.673,0.571,millspa01
Yao Ming,26,HOU,NBA,2006-07,48,48,1624,423,819,423,817,0,2,356,413,101,351,452,94,17,94,167,159,1202,0.516,0.518,0,0.516,0.862,0.601,mingya01
Cuttino Mobley,31,LAC,NBA,2006-07,78,73,2841,388,882,287,636,101,246,200,239,52,215,267,198,92,24,145,186,1077,0.44,0.451,0.411,0.497,0.837,0.546,moblecu01
Nazr Mohammed,29,DET,NBA,2006-07,51,33,773,118,222,118,222,0,0,50,82,89,140,229,9,27,40,43,133,286,0.532,0.532,,0.532,0.61,0.554,mohamna01
Mikki Moore,31,NJN,NBA,2006-07,79,55,2082,308,506,308,505,0,1,160,235,145,258,403,74,46,60,113,261,776,0.609,0.61,0,0.609,0.681,0.637,mooremi01
Randolph Morris,21,NYK,NBA,2006-07,5,0,44,1,6,1,6,0,0,2,6,1,8,9,1,2,1,2,4,4,0.167,0.167,,0.167,0.333,0.231,morrira01
Adam Morrison,22,CHA,NBA,2006-07,78,23,2326,355,944,268,686,87,258,120,169,54,176,230,163,28,6,130,179,917,0.376,0.391,0.337,0.422,0.71,0.45,morriad01
Alonzo Mourning,36,MIA,NBA,2006-07,77,43,1572,238,425,238,425,0,0,185,308,126,224,350,18,13,178,129,219,661,0.56,0.56,,0.56,0.601,0.59,mournal01
Troy Murphy,26,TOT,NBA,2006-07,68,48,1852,266,581,208,434,58,147,108,145,100,314,414,126,46,42,78,196,698,0.458,0.479,0.395,0.508,0.745,0.541,murphtr01
Ronald Murray,27,DET,NBA,2006-07,69,18,1477,177,438,153,355,24,83,87,120,26,87,113,187,49,13,90,96,465,0.404,0.431,0.289,0.432,0.725,0.474,murraro01
Dikembe Mutombo,40,HOU,NBA,2006-07,75,33,1289,85,153,85,153,0,0,60,87,164,324,488,13,22,76,38,156,230,0.556,0.556,,0.556,0.69,0.601,mutomdi01
Bostjan Nachbar,26,NJN,NBA,2006-07,76,1,1532,226,495,114,230,112,265,132,164,27,226,253,61,30,26,69,183,696,0.457,0.496,0.423,0.57,0.805,0.614,nachbbo01
Eduardo Najera,30,DEN,NBA,2006-07,75,36,1658,204,354,203,342,1,12,88,123,131,179,310,64,73,26,56,207,497,0.576,0.594,0.083,0.578,0.715,0.609,najered01
Steve Nash,32,PHO,NBA,2006-07,76,76,2682,517,971,361,628,156,343,222,247,30,239,269,884,57,6,287,117,1412,0.532,0.575,0.455,0.613,0.899,0.654,nashst01
Jameer Nelson,24,ORL,NBA,2006-07,77,77,2331,376,875,311,681,65,194,183,221,50,186,236,330,73,5,184,225,1000,0.43,0.457,0.335,0.467,0.828,0.514,nelsoja01
Rasho Nesterovic,30,TOR,NBA,2006-07,80,73,1676,230,421,230,420,0,1,34,50,115,245,360,74,37,84,56,193,494,0.546,0.548,0,0.546,0.68,0.558,nestera01
Ira Newble,32,CLE,NBA,2006-07,15,1,129,16,37,8,22,8,15,6,10,13,17,30,2,6,0,3,17,46,0.432,0.364,0.533,0.541,0.6,0.556,newblir01
Andres Nocioni,27,CHI,NBA,2006-07,53,31,1406,273,584,193,375,80,209,123,145,42,259,301,57,27,24,104,164,749,0.467,0.515,0.383,0.536,0.848,0.578,nocioan01
David Noel,22,MIL,NBA,2006-07,68,0,792,65,177,48,124,17,53,37,43,42,81,123,65,25,9,40,77,184,0.367,0.387,0.321,0.415,0.86,0.47,noelda01
Steve Novak,23,HOU,NBA,2006-07,35,1,191,18,50,5,11,13,39,2,2,4,22,26,6,5,0,4,21,51,0.36,0.455,0.333,0.49,1,0.501,novakst01
Dirk Nowitzki,28,DAL,NBA,2006-07,78,78,2820,673,1341,601,1168,72,173,498,551,122,571,693,263,52,62,167,171,1916,0.502,0.515,0.416,0.529,0.904,0.605,nowitdi01
Patrick O'Bryant,20,GSW,NBA,2006-07,16,0,119,10,32,10,32,0,0,11,17,7,14,21,9,6,8,8,26,31,0.313,0.313,,0.313,0.647,0.393,obryapa01
Jermaine O'Neal,28,IND,NBA,2006-07,69,69,2459,498,1141,498,1134,0,7,343,447,153,508,661,167,50,182,203,232,1339,0.436,0.439,0,0.436,0.767,0.5,onealje01
Shaquille O'Neal,34,MIA,NBA,2006-07,40,39,1135,283,479,283,479,0,0,124,294,97,200,297,79,8,55,95,139,690,0.591,0.591,,0.591,0.422,0.567,onealsh01
Fabricio Oberto,31,SAS,NBA,2006-07,79,33,1365,158,281,158,281,0,0,33,51,131,237,368,68,25,24,69,213,349,0.562,0.562,,0.562,0.647,0.575,obertfa01
Lamar Odom,27,LAL,NBA,2006-07,56,56,2202,319,681,265,499,54,182,198,283,102,445,547,270,53,32,163,182,890,0.468,0.531,0.297,0.508,0.7,0.552,odomla01
Emeka Okafor,24,CHA,NBA,2006-07,67,65,2329,394,740,394,740,0,0,175,295,258,499,757,80,57,172,111,210,963,0.532,0.532,,0.532,0.593,0.554,okafoem01
Mehmet Okur,27,UTA,NBA,2006-07,80,80,2664,490,1061,361,725,129,336,296,387,160,419,579,156,36,38,125,257,1405,0.462,0.498,0.384,0.523,0.765,0.571,okurme01
Kevin Ollie,34,PHI,NBA,2006-07,53,23,919,81,187,81,185,0,2,37,45,8,66,74,130,21,1,47,76,199,0.433,0.438,0,0.433,0.822,0.481,ollieke01
Michael Olowokandi,31,BOS,NBA,2006-07,24,0,234,19,46,19,46,0,0,2,3,14,34,48,5,8,13,17,48,40,0.413,0.413,,0.413,0.667,0.423,olowomi01
Bo Outlaw,35,ORL,NBA,2006-07,41,0,460,34,51,34,51,0,0,13,22,47,59,106,16,17,6,21,57,81,0.667,0.667,,0.667,0.591,0.667,outlabo01
Travis Outlaw,22,POR,NBA,2006-07,67,1,1532,246,567,236,530,10,37,143,181,65,152,217,52,61,74,66,150,645,0.434,0.445,0.27,0.443,0.79,0.499,outlatr01
Zaza Pachulia,22,ATL,NBA,2006-07,72,47,2026,291,614,291,613,0,1,293,373,199,301,500,106,77,36,162,267,875,0.474,0.475,0,0.474,0.786,0.562,pachuza01
Scott Padgett,30,TOT,NBA,2006-07,31,0,231,16,56,8,23,8,33,6,13,16,38,54,8,5,3,9,35,46,0.286,0.348,0.242,0.357,0.462,0.373,padgesc01
Jannero Pargo,27,NOK,NBA,2006-07,82,7,1710,283,692,202,483,81,209,104,122,20,160,180,203,53,4,122,121,751,0.409,0.418,0.388,0.467,0.852,0.504,pargoja01
Anthony Parker,31,TOR,NBA,2006-07,73,73,2437,328,687,213,426,115,261,132,158,60,223,283,153,73,11,71,135,903,0.477,0.5,0.441,0.561,0.835,0.597,parkean01
Smush Parker,25,LAL,NBA,2006-07,82,80,2457,342,785,232,484,110,301,113,175,45,161,206,228,119,10,153,211,907,0.436,0.479,0.365,0.506,0.646,0.526,parkesm01
Tony Parker,24,SAS,NBA,2006-07,77,77,2499,570,1096,555,1058,15,38,274,350,34,216,250,420,82,6,191,137,1429,0.52,0.525,0.395,0.527,0.783,0.572,parketo01
Ruben Patterson,31,MIL,NBA,2006-07,81,53,2508,475,867,472,848,3,19,241,376,190,250,440,232,110,25,199,232,1194,0.548,0.557,0.158,0.55,0.641,0.578,patteru01
Chris Paul,21,NOK,NBA,2006-07,64,64,2353,381,871,331,728,50,143,292,357,54,226,280,569,118,3,161,154,1104,0.437,0.455,0.35,0.466,0.818,0.537,paulch01
Sasha Pavlovic,23,CLE,NBA,2006-07,67,28,1534,222,490,162,342,60,148,100,126,23,135,158,105,55,17,102,145,604,0.453,0.474,0.405,0.514,0.794,0.554,pavloal01
Gary Payton,38,MIA,NBA,2006-07,68,28,1503,144,366,112,243,32,123,38,57,18,114,132,201,43,3,66,117,358,0.393,0.461,0.26,0.437,0.667,0.458,paytoga01
Kendrick Perkins,22,BOS,NBA,2006-07,72,53,1576,132,269,132,266,0,3,60,100,113,259,372,94,23,96,113,214,324,0.491,0.496,0,0.491,0.6,0.518,perkike01
Morris Peterson,29,TOR,NBA,2006-07,71,12,1515,222,517,116,222,106,295,84,123,32,205,237,47,45,12,53,126,634,0.429,0.523,0.359,0.532,0.683,0.555,petermo01
Johan Petro,21,SEA,NBA,2006-07,81,13,1510,226,438,226,438,0,0,50,77,92,243,335,45,39,47,82,237,502,0.516,0.516,,0.516,0.649,0.532,petrojo01
Eric Piatkowski,36,PHO,NBA,2006-07,11,0,73,9,25,2,7,7,18,2,2,2,7,9,4,0,1,5,6,27,0.36,0.286,0.389,0.5,1,0.522,piatker01
Paul Pierce,29,BOS,NBA,2006-07,47,46,1740,373,850,266,575,107,275,320,402,39,238,277,194,48,13,152,122,1173,0.439,0.463,0.389,0.502,0.796,0.571,piercpa01
Mickael Pietrus,24,GSW,NBA,2006-07,72,38,1937,286,586,193,346,93,240,136,210,81,246,327,62,48,55,105,220,801,0.488,0.558,0.388,0.567,0.648,0.59,pietrmi01
Kevinn Pinkney,23,BOS,NBA,2006-07,6,0,100,12,27,11,25,1,2,6,9,7,8,15,5,3,3,4,12,31,0.444,0.44,0.5,0.463,0.667,0.501,pinknke01
Scot Pollard,31,CLE,NBA,2006-07,24,0,109,11,26,11,26,0,0,2,4,15,16,31,3,4,1,4,27,24,0.423,0.423,,0.423,0.5,0.432,pollasc01
James Posey,30,MIA,NBA,2006-07,71,19,1919,186,432,89,173,97,259,81,98,66,291,357,94,71,23,55,193,550,0.431,0.514,0.375,0.543,0.827,0.579,poseyja01
Vitaly Potapenko,31,SAC,NBA,2006-07,3,0,13,0,4,0,4,0,0,0,0,0,2,2,0,0,0,2,3,0,0,0,,0,,0,potapvi01
Leon Powe,23,BOS,NBA,2006-07,63,2,720,79,177,79,175,0,2,106,144,97,118,215,10,14,22,47,104,264,0.446,0.451,0,0.446,0.736,0.549,powele01
Josh Powell,24,TOT,NBA,2006-07,37,0,353,43,93,43,93,0,0,30,42,24,64,88,21,5,12,29,61,116,0.462,0.462,,0.462,0.714,0.52,poweljo01
Roger Powell,24,UTA,NBA,2006-07,3,0,13,0,3,0,2,0,1,2,2,3,0,3,0,0,0,3,2,2,0,0,0,0,1,0.258,powelro01
Ronnie Price,23,SAC,NBA,2006-07,58,1,563,67,172,46,107,21,65,37,55,15,56,71,48,28,4,33,64,192,0.39,0.43,0.323,0.451,0.673,0.489,pricero01
Tayshaun Prince,26,DET,NBA,2006-07,82,82,3001,459,997,378,787,81,210,172,224,144,285,429,227,51,55,98,116,1171,0.46,0.48,0.386,0.501,0.768,0.534,princta01
Joel Przybilla,27,POR,NBA,2006-07,43,43,701,37,78,37,78,0,0,10,27,59,109,168,12,10,67,40,124,84,0.474,0.474,,0.474,0.37,0.467,przybjo01
Chris Quinn,23,MIA,NBA,2006-07,42,1,408,48,131,28,74,20,57,25,37,6,24,30,65,15,0,21,32,141,0.366,0.378,0.351,0.443,0.676,0.479,quinnch01
Vladimir Radmanovic,26,LAL,NBA,2006-07,55,15,986,134,316,94,198,40,118,53,73,53,127,180,66,25,18,69,125,361,0.424,0.475,0.339,0.487,0.726,0.518,radmavl01
Shavlik Randolph,23,PHI,NBA,2006-07,13,6,179,23,48,23,48,0,0,12,22,19,35,54,4,7,10,9,23,58,0.479,0.479,,0.479,0.545,0.503,randosh01
Zach Randolph,25,POR,NBA,2006-07,68,67,2425,600,1286,586,1238,14,48,394,481,199,489,688,147,53,15,215,184,1608,0.467,0.473,0.292,0.472,0.819,0.537,randoza01
Theo Ratliff,33,BOS,NBA,2006-07,2,2,44,1,3,1,3,0,0,3,4,2,5,7,0,1,3,1,6,5,0.333,0.333,,0.333,0.75,0.525,ratlith01
Allan Ray,22,BOS,NBA,2006-07,47,5,710,100,259,52,143,48,116,42,55,18,51,69,43,20,3,42,85,290,0.386,0.364,0.414,0.479,0.764,0.512,rayal01
Michael Redd,27,MIL,NBA,2006-07,53,53,2036,477,1025,360,719,117,306,345,416,42,154,196,124,63,9,122,78,1416,0.465,0.501,0.382,0.522,0.829,0.586,reddmi01
J.J. Redick,22,ORL,NBA,2006-07,42,0,622,80,195,42,97,38,98,54,60,10,42,52,36,12,0,21,52,252,0.41,0.433,0.388,0.508,0.9,0.569,redicjj01
Justin Reed,25,MIN,NBA,2006-07,41,3,318,40,107,40,107,0,0,26,30,15,31,46,17,5,3,22,44,106,0.374,0.374,,0.374,0.867,0.441,reedju01
Jared Reiner,24,MIL,NBA,2006-07,27,2,244,15,43,15,43,0,0,3,10,21,50,71,13,5,6,14,45,33,0.349,0.349,,0.349,0.3,0.348,reineja01
Jason Richardson,26,GSW,NBA,2006-07,51,49,1675,306,734,196,433,110,301,92,140,71,188,259,172,54,32,82,129,814,0.417,0.453,0.365,0.492,0.657,0.512,richaja01
Jeremy Richardson,22,TOT,NBA,2006-07,6,0,20,3,6,1,3,2,3,0,0,1,1,2,0,1,0,1,2,8,0.5,0.333,0.667,0.667,,0.667,richaje01
Quentin Richardson,26,NYK,NBA,2006-07,49,47,1621,228,545,131,287,97,258,83,120,65,287,352,108,36,7,70,133,636,0.418,0.456,0.376,0.507,0.692,0.532,richaqu01
Luke Ridnour,25,SEA,NBA,2006-07,71,58,2091,301,695,252,556,49,139,128,159,28,136,164,368,83,19,156,181,779,0.433,0.453,0.353,0.468,0.805,0.509,ridnolu01
Anthony Roberson,23,GSW,NBA,2006-07,20,1,227,44,104,23,49,21,55,2,3,2,19,21,10,12,0,13,27,111,0.423,0.469,0.382,0.524,0.667,0.527,roberan02
Lawrence Roberts,24,MEM,NBA,2006-07,54,18,969,94,208,94,206,0,2,95,131,101,160,261,30,36,13,36,133,283,0.452,0.456,0,0.452,0.725,0.533,roberla01
Bernard Robinson,26,TOT,NBA,2006-07,31,0,278,19,62,19,60,0,2,23,27,10,38,48,19,17,2,16,32,61,0.306,0.317,0,0.306,0.852,0.413,robinbe01
Clifford Robinson,40,NJN,NBA,2006-07,50,1,955,81,218,56,152,25,66,16,36,31,91,122,51,12,23,30,98,203,0.372,0.368,0.379,0.429,0.444,0.434,robincl02
Nate Robinson,22,NYK,NBA,2006-07,64,5,1356,227,523,144,310,83,213,108,139,55,97,152,90,50,6,72,160,645,0.434,0.465,0.39,0.513,0.777,0.552,robinna01
Sergio Rodriguez,20,POR,NBA,2006-07,67,1,862,101,239,77,154,24,85,21,26,20,71,91,218,35,2,77,72,247,0.423,0.5,0.282,0.473,0.808,0.493,rodrise01
Rajon Rondo,20,BOS,NBA,2006-07,78,25,1831,188,450,182,421,6,29,119,184,74,218,292,297,128,8,137,181,501,0.418,0.432,0.207,0.424,0.647,0.472,rondora01
Jalen Rose,34,PHO,NBA,2006-07,29,0,246,38,86,17,39,21,47,11,12,3,20,23,16,5,2,9,22,108,0.442,0.436,0.447,0.564,0.917,0.592,roseja01
Malik Rose,32,NYK,NBA,2006-07,65,2,810,74,186,72,178,2,8,42,52,47,128,175,65,26,9,65,120,192,0.398,0.404,0.25,0.403,0.808,0.46,rosema01
Quinton Ross,25,LAC,NBA,2006-07,81,43,1700,177,379,175,369,2,10,68,87,60,130,190,86,70,32,33,179,424,0.467,0.474,0.2,0.47,0.782,0.508,rossqu01
Brandon Roy,22,POR,NBA,2006-07,57,55,2015,349,765,294,619,55,146,202,241,58,192,250,230,67,10,116,139,955,0.456,0.475,0.377,0.492,0.838,0.548,roybr01
Michael Ruffin,30,WAS,NBA,2006-07,30,0,271,5,18,5,18,0,0,7,19,35,27,62,6,6,8,12,43,17,0.278,0.278,,0.278,0.368,0.322,ruffimi01
John Salmons,27,SAC,NBA,2006-07,79,19,2135,236,517,196,405,40,112,159,204,47,217,264,254,73,27,119,177,671,0.456,0.484,0.357,0.495,0.779,0.553,salmojo01
Jamal Sampson,23,DEN,NBA,2006-07,22,3,125,9,14,9,13,0,1,6,14,15,33,48,5,2,7,10,17,24,0.643,0.692,0,0.643,0.429,0.595,sampsja01
Brian Scalabrine,28,BOS,NBA,2006-07,54,17,1027,77,191,33,81,44,110,18,23,24,81,105,59,23,18,44,130,216,0.403,0.407,0.4,0.518,0.783,0.537,scalabr01
Luke Schenscher,24,POR,NBA,2006-07,11,0,118,7,23,7,23,0,0,5,7,10,15,25,1,2,4,4,25,19,0.304,0.304,,0.304,0.714,0.364,schenlu01
Thabo Sefolosha,22,CHI,NBA,2006-07,71,4,868,109,256,94,214,15,42,23,45,35,118,153,60,33,11,60,100,256,0.426,0.439,0.357,0.455,0.511,0.464,sefolth01
Mouhamed Sene,20,SEA,NBA,2006-07,28,3,169,18,49,18,49,0,0,17,29,16,29,45,0,3,12,11,33,53,0.367,0.367,,0.367,0.586,0.429,senesa01
Wayne Simien,23,MIA,NBA,2006-07,8,0,93,9,23,9,23,0,0,5,7,5,6,11,4,2,0,3,13,23,0.391,0.391,,0.391,0.714,0.441,simiewa01
Cedric Simmons,21,NOK,NBA,2006-07,43,4,534,55,132,55,132,0,0,16,33,44,63,107,12,8,23,22,75,126,0.417,0.417,,0.417,0.485,0.43,simmoce01
James Singleton,25,LAC,NBA,2006-07,53,0,376,30,82,27,68,3,14,22,29,36,70,106,17,15,17,17,45,85,0.366,0.397,0.214,0.384,0.759,0.449,singlja01
Brian Skinner,30,MIL,NBA,2006-07,67,44,1523,124,253,124,253,0,0,46,79,106,279,385,58,18,64,75,195,294,0.49,0.49,,0.49,0.582,0.511,skinnbr01
Uros Slokar,23,TOR,NBA,2006-07,20,0,72,14,26,13,24,1,2,9,13,7,7,14,1,1,2,9,11,38,0.538,0.542,0.5,0.558,0.692,0.599,slokaur01
Craig Smith,23,MIN,NBA,2006-07,82,5,1537,246,463,246,457,0,6,116,186,149,267,416,49,51,18,74,223,608,0.531,0.538,0,0.531,0.624,0.558,smithcr01
J.R. Smith,21,DEN,NBA,2006-07,63,24,1471,284,644,135,262,149,382,102,126,30,113,143,91,49,9,85,147,819,0.441,0.515,0.39,0.557,0.81,0.585,smithjr01
Joe Smith,31,TOT,NBA,2006-07,65,11,1503,214,477,214,472,0,5,125,148,120,280,400,49,37,27,76,148,553,0.449,0.453,0,0.449,0.845,0.51,smithjo02
Josh Smith,21,ATL,NBA,2006-07,72,72,2647,436,993,398,841,38,152,268,387,165,456,621,236,101,207,227,241,1178,0.439,0.473,0.25,0.458,0.693,0.506,smithjo03
Steven Smith,23,PHI,NBA,2006-07,8,0,28,2,8,2,8,0,0,1,2,1,5,6,0,1,0,2,4,5,0.25,0.25,,0.25,0.5,0.282,smithst03
Eric Snow,33,CLE,NBA,2006-07,82,45,1929,135,324,135,320,0,4,72,113,35,153,188,330,55,16,111,185,342,0.417,0.422,0,0.417,0.637,0.458,snower01
Kirk Snyder,23,HOU,NBA,2006-07,39,1,563,66,146,55,102,11,44,49,75,17,66,83,39,11,12,26,51,192,0.452,0.539,0.25,0.49,0.653,0.536,snydeki01
Darius Songaila,28,WAS,NBA,2006-07,37,1,700,118,225,118,223,0,2,46,54,44,90,134,38,17,10,43,105,282,0.524,0.529,0,0.524,0.852,0.567,songada01
Pape Sow,25,TOR,NBA,2006-07,7,0,34,3,9,3,9,0,0,4,6,6,5,11,2,1,1,1,2,10,0.333,0.333,,0.333,0.667,0.43,sowpa01
Vassilis Spanoulis,24,HOU,NBA,2006-07,31,0,272,23,72,18,43,5,29,34,42,5,17,22,28,7,1,29,33,85,0.319,0.419,0.172,0.354,0.81,0.47,spanova01
Jerry Stackhouse,32,DAL,NBA,2006-07,67,8,1615,280,654,218,492,62,162,182,215,39,106,145,187,51,10,117,78,804,0.428,0.443,0.383,0.476,0.847,0.537,stackje01
DeShawn Stevenson,25,WAS,NBA,2006-07,82,82,2419,347,753,273,570,74,183,152,216,55,161,216,218,65,19,119,155,920,0.461,0.479,0.404,0.51,0.704,0.542,stevede01
Peja Stojakovic,29,NOK,NBA,2006-07,13,13,425,83,196,49,112,34,84,31,38,11,43,54,11,8,4,19,29,231,0.423,0.438,0.405,0.51,0.816,0.543,stojape01
Damon Stoudamire,33,MEM,NBA,2006-07,62,51,1501,171,437,112,262,59,175,66,83,31,108,139,299,47,2,101,95,467,0.391,0.427,0.337,0.459,0.795,0.493,stoudda01
Salim Stoudamire,24,ATL,NBA,2006-07,61,0,1034,177,425,121,270,56,155,61,68,6,68,74,61,21,2,55,88,471,0.416,0.448,0.361,0.482,0.897,0.518,stoudsa01
Amar'e Stoudemire,24,PHO,NBA,2006-07,82,78,2689,607,1055,607,1052,0,3,457,585,222,564,786,84,78,110,232,295,1671,0.575,0.577,0,0.575,0.781,0.637,stoudam01
Mike Sweetney,24,CHI,NBA,2006-07,48,0,385,58,134,58,134,0,0,37,66,45,75,120,28,9,11,42,79,153,0.433,0.433,,0.433,0.561,0.469,sweetmi01
Stromile Swift,27,MEM,NBA,2006-07,54,18,1029,161,346,161,341,0,5,97,134,85,165,250,17,30,62,69,146,419,0.465,0.472,0,0.465,0.724,0.517,swiftst01
Wally Szczerbiak,29,BOS,NBA,2006-07,32,19,900,161,388,117,282,44,106,113,126,16,82,98,55,18,3,54,65,479,0.415,0.415,0.415,0.472,0.897,0.54,szczewa02
Donell Taylor,24,WAS,NBA,2006-07,47,1,369,56,140,53,123,3,17,11,21,14,39,53,45,17,3,25,34,126,0.4,0.431,0.176,0.411,0.524,0.422,taylodo01
Maurice Taylor,30,SAC,NBA,2006-07,12,2,103,8,28,8,28,0,0,8,13,10,18,28,5,4,1,6,16,24,0.286,0.286,,0.286,0.615,0.356,tayloma01
Sebastian Telfair,21,BOS,NBA,2006-07,78,30,1578,176,474,139,346,37,128,90,110,17,91,108,218,43,11,98,166,479,0.371,0.402,0.289,0.41,0.818,0.458,telfase01
Jason Terry,29,DAL,NBA,2006-07,81,80,2846,514,1063,352,693,162,370,160,199,41,190,231,422,81,17,152,170,1350,0.484,0.508,0.438,0.56,0.804,0.587,terryja01
Etan Thomas,28,WAS,NBA,2006-07,65,32,1246,159,277,159,277,0,0,77,138,136,241,377,29,22,89,71,162,395,0.574,0.574,,0.574,0.558,0.585,thomaet01
Kenny Thomas,29,SAC,NBA,2006-07,62,53,1412,146,303,146,302,0,1,39,76,134,243,377,76,43,16,90,141,331,0.482,0.483,0,0.482,0.513,0.492,thomake01
Kurt Thomas,34,PHO,NBA,2006-07,67,13,1208,126,259,126,258,0,1,56,71,86,293,379,24,24,29,35,156,308,0.486,0.488,0,0.486,0.789,0.531,thomaku01
Tim Thomas,29,LAC,NBA,2006-07,76,24,2054,299,723,163,367,136,356,102,144,63,315,378,171,55,28,106,228,836,0.414,0.444,0.382,0.508,0.708,0.532,thomati01
Tyrus Thomas,20,CHI,NBA,2006-07,72,4,966,134,282,134,280,0,2,106,175,89,180,269,40,46,76,94,162,374,0.475,0.479,0,0.475,0.606,0.521,thomaty01
Dijon Thompson,23,ATL,NBA,2006-07,6,0,50,6,15,6,13,0,2,5,6,3,5,8,2,0,0,1,2,17,0.4,0.462,0,0.4,0.833,0.482,thompdi01
Jamaal Tinsley,28,IND,NBA,2006-07,72,72,2243,346,889,285,696,61,193,172,239,60,180,240,494,117,25,200,190,925,0.389,0.409,0.316,0.424,0.72,0.465,tinslja01
Jake Tsakalidis,27,TOT,NBA,2006-07,36,7,390,29,72,29,72,0,0,26,39,42,62,104,5,8,12,24,51,84,0.403,0.403,,0.403,0.667,0.471,tsakaja01
P.J. Tucker,21,TOR,NBA,2006-07,17,0,83,11,22,11,22,0,0,8,14,11,12,23,3,2,0,6,12,30,0.5,0.5,,0.5,0.571,0.533,tuckepj01
Ronny Turiaf,24,LAL,NBA,2006-07,72,1,1087,147,268,147,267,0,1,89,134,88,171,259,63,17,78,52,202,383,0.549,0.551,0,0.549,0.664,0.586,turiaro01
Hedo Turkoglu,27,ORL,NBA,2006-07,73,73,2268,345,823,236,542,109,281,171,219,57,236,293,233,70,16,143,221,970,0.419,0.435,0.388,0.485,0.781,0.528,turkohe01
Ime Udoka,29,POR,NBA,2006-07,75,75,2144,237,514,148,295,89,219,66,89,95,184,279,112,71,17,73,207,629,0.461,0.502,0.406,0.548,0.742,0.569,udokaim01
Beno Udrih,24,SAS,NBA,2006-07,73,1,948,127,344,94,229,33,115,53,60,11,71,82,122,27,1,56,70,340,0.369,0.41,0.287,0.417,0.883,0.459,udrihbe01
Anderson Varejao,24,CLE,NBA,2006-07,81,6,1932,191,401,191,392,0,9,165,268,191,354,545,75,76,52,67,269,547,0.476,0.487,0,0.476,0.616,0.527,varejan01
Jacque Vaughn,31,SAS,NBA,2006-07,64,4,760,71,167,70,165,1,2,49,65,8,60,68,131,24,2,40,74,192,0.425,0.424,0.5,0.428,0.754,0.491,vaughja01
Charlie Villanueva,22,MIL,NBA,2006-07,39,17,984,180,383,151,297,29,86,73,89,62,166,228,36,24,12,54,108,462,0.47,0.508,0.337,0.508,0.82,0.547,villach01
Marcus Vinicius,22,NOK,NBA,2006-07,13,0,103,7,15,4,8,3,7,5,7,2,9,11,5,2,1,6,10,22,0.467,0.5,0.429,0.567,0.714,0.608,vincima01
Jake Voskuhl,29,CHA,NBA,2006-07,73,9,1043,121,255,121,255,0,0,77,113,84,172,256,44,30,24,56,199,319,0.475,0.475,,0.475,0.681,0.523,voskuja01
Sasha Vujacic,22,LAL,NBA,2006-07,73,4,935,105,268,45,107,60,161,43,49,28,79,107,64,41,1,30,103,313,0.392,0.421,0.373,0.504,0.878,0.54,vujacsa01
Dwyane Wade,25,MIA,NBA,2006-07,51,50,1931,472,962,451,883,21,79,432,535,51,188,239,384,107,62,216,117,1397,0.491,0.511,0.266,0.502,0.807,0.583,wadedw01
Von Wafer,21,LAC,NBA,2006-07,1,0,1,0,1,0,0,0,1,0,0,0,0,0,0,0,0,0,0,0,0,,0,0,,0,wafervo01
Dajuan Wagner,23,GSW,NBA,2006-07,1,0,7,1,1,0,0,1,1,1,2,0,0,0,1,0,0,1,1,4,1,,1,1.5,0.5,1.064,wagneda02
Antoine Walker,30,MIA,NBA,2006-07,78,15,1818,265,668,181,363,84,305,46,105,92,247,339,130,48,17,141,173,660,0.397,0.499,0.275,0.46,0.438,0.462,walkean02
Ben Wallace,32,CHI,NBA,2006-07,77,77,2697,192,424,191,419,1,5,109,267,303,518,821,186,111,156,101,153,494,0.453,0.456,0.2,0.454,0.408,0.456,wallabe01
Gerald Wallace,24,CHA,NBA,2006-07,72,71,2640,478,952,439,832,39,120,309,447,142,376,518,185,144,69,160,209,1304,0.502,0.528,0.325,0.523,0.691,0.568,wallage01
Rasheed Wallace,32,DET,NBA,2006-07,75,72,2419,357,843,253,547,104,296,108,137,90,453,543,127,75,118,94,225,926,0.423,0.463,0.351,0.485,0.788,0.513,wallara01
Luke Walton,26,LAL,NBA,2006-07,60,60,1982,264,557,216,433,48,124,108,145,87,215,302,257,60,21,118,117,684,0.474,0.499,0.387,0.517,0.745,0.551,waltolu01
Hakim Warrick,24,MEM,NBA,2006-07,82,43,2152,373,712,373,704,0,8,299,388,130,290,420,75,43,30,161,232,1045,0.524,0.53,0,0.524,0.771,0.592,warriha01
Earl Watson,27,SEA,NBA,2006-07,77,25,2152,263,687,171,407,92,280,108,147,34,151,185,437,99,23,167,152,726,0.383,0.42,0.329,0.45,0.735,0.483,watsoea01
Chris Webber,33,TOT,NBA,2006-07,61,60,1821,289,639,285,628,4,11,102,160,124,313,437,188,60,41,107,143,684,0.452,0.454,0.364,0.455,0.638,0.482,webbech01
Martell Webster,20,POR,NBA,2006-07,82,27,1759,195,492,104,242,91,250,93,132,43,197,240,52,35,19,76,126,574,0.396,0.43,0.364,0.489,0.705,0.522,webstma02
Bonzi Wells,30,HOU,NBA,2006-07,28,1,590,85,207,84,200,1,7,46,82,26,94,120,31,24,13,57,62,217,0.411,0.42,0.143,0.413,0.561,0.446,wellsbo01
David Wesley,36,CLE,NBA,2006-07,35,5,352,22,75,13,37,9,38,20,28,3,32,35,37,12,4,17,32,73,0.293,0.351,0.237,0.353,0.714,0.418,wesleda01
David West,26,NOK,NBA,2006-07,52,52,1900,377,792,369,767,8,25,187,227,126,298,424,114,42,38,98,143,949,0.476,0.481,0.32,0.481,0.824,0.532,westda01
Delonte West,23,BOS,NBA,2006-07,69,47,2219,306,717,241,539,65,178,168,197,32,176,208,304,74,34,140,152,845,0.427,0.447,0.365,0.472,0.853,0.526,westde01
James White,24,SAS,NBA,2006-07,6,2,137,18,41,16,34,2,7,12,15,3,17,20,5,3,1,5,7,50,0.439,0.471,0.286,0.463,0.8,0.525,whiteja02
Chris Wilcox,24,SEA,NBA,2006-07,82,81,2586,433,819,433,813,0,6,240,351,178,451,629,82,70,38,127,248,1106,0.529,0.533,0,0.529,0.684,0.568,wilcoch01
Damien Wilkins,27,SEA,NBA,2006-07,82,31,2037,262,602,212,480,50,122,150,170,87,142,229,156,92,16,116,157,724,0.435,0.442,0.41,0.477,0.882,0.535,wilkida02
Mike Wilks,27,SEA,NBA,2006-07,47,4,534,66,141,61,126,5,15,33,42,15,39,54,79,15,4,31,53,170,0.468,0.484,0.333,0.486,0.786,0.533,wilksmi01
Aaron Williams,35,LAC,NBA,2006-07,38,7,374,29,53,29,52,0,1,18,22,27,58,85,7,7,14,18,56,76,0.547,0.558,0,0.547,0.818,0.606,williaa01
Alvin Williams,32,LAC,NBA,2006-07,2,0,10,0,2,0,1,0,1,2,4,1,0,1,3,2,0,3,0,2,0,0,0,0,0.5,0.266,willial02
Deron Williams,22,UTA,NBA,2006-07,80,80,2950,494,1083,412,828,82,255,227,296,41,226,267,745,78,13,246,254,1297,0.456,0.498,0.322,0.494,0.767,0.535,willide01
Eric Williams,34,TOT,NBA,2006-07,21,0,121,19,47,11,28,8,19,8,14,3,14,17,7,3,0,7,12,54,0.404,0.393,0.421,0.489,0.571,0.508,willier01
Jason Williams,31,MIA,NBA,2006-07,61,55,1865,235,569,135,274,100,295,94,103,18,123,141,322,58,1,100,68,664,0.413,0.493,0.339,0.501,0.913,0.54,willija02
Justin Williams,22,SAC,NBA,2006-07,26,1,333,54,88,54,87,0,1,23,63,51,64,115,2,5,16,15,51,131,0.614,0.621,0,0.614,0.365,0.566,williju01
Lou Williams,20,PHI,NBA,2006-07,61,0,688,93,211,81,174,12,37,64,92,17,53,70,110,22,1,46,42,262,0.441,0.466,0.324,0.469,0.696,0.521,willilo02
Marcus Williams,21,NJN,NBA,2006-07,79,2,1315,208,526,162,363,46,163,72,85,29,134,163,260,29,2,142,96,534,0.395,0.446,0.282,0.439,0.847,0.474,willima03
Marvin Williams,20,ATL,NBA,2006-07,64,63,2179,306,706,295,661,11,45,216,265,84,253,337,121,52,30,127,191,839,0.433,0.446,0.244,0.441,0.815,0.51,willima02
Mo Williams,24,MIL,NBA,2006-07,68,68,2472,468,1049,389,821,79,228,159,186,54,275,329,416,85,6,203,201,1174,0.446,0.474,0.346,0.484,0.855,0.519,willima01
Shammond Williams,31,LAL,NBA,2006-07,30,0,345,35,86,15,36,20,50,4,6,11,29,40,31,12,0,13,20,94,0.407,0.417,0.4,0.523,0.667,0.53,willish01
Shawne Williams,20,IND,NBA,2006-07,46,3,556,75,160,56,108,19,52,11,20,33,50,83,22,6,8,24,69,180,0.469,0.519,0.365,0.528,0.55,0.533,willish03
Shelden Williams,23,ATL,NBA,2006-07,81,31,1514,166,365,164,361,2,4,110,144,131,304,435,44,52,39,96,199,444,0.455,0.454,0.5,0.458,0.764,0.518,willish02
Corliss Williamson,33,SAC,NBA,2006-07,68,1,1337,236,463,236,461,0,2,148,207,63,158,221,39,29,15,97,183,620,0.51,0.512,0,0.51,0.715,0.559,willico02
Kevin Willis,44,DAL,NBA,2006-07,5,0,43,5,13,5,13,0,0,2,2,2,6,8,1,2,1,2,11,12,0.385,0.385,,0.385,1,0.432,willike02
Metta World Peace,27,SAC,NBA,2006-07,70,65,2641,458,1040,365,780,93,260,307,415,102,352,454,235,149,43,146,205,1316,0.44,0.468,0.358,0.485,0.74,0.538,artesro01
Antoine Wright,22,NJN,NBA,2006-07,63,23,1137,110,251,91,192,19,59,44,73,38,137,175,55,30,10,43,120,283,0.438,0.474,0.322,0.476,0.603,0.5,wrighan01
Bracey Wright,22,MIN,NBA,2006-07,19,0,190,24,60,18,40,6,20,13,18,7,14,21,15,9,1,6,6,67,0.4,0.45,0.3,0.45,0.722,0.493,wrighbr02
Dorell Wright,21,MIA,NBA,2006-07,66,19,1292,162,364,157,330,5,34,64,86,40,232,272,95,41,46,65,112,393,0.445,0.476,0.147,0.452,0.744,0.489,wrighdo01
Lorenzen Wright,31,ATL,NBA,2006-07,67,31,1035,82,183,82,183,0,0,9,32,85,131,216,40,28,28,39,204,173,0.448,0.448,,0.448,0.281,0.439,wrighlo02
Shareef Abdur-Rahim,31,SAC,NBA,2007-08,6,0,51,3,14,3,14,0,0,4,4,6,4,10,4,1,0,1,9,10,0.214,0.214,,0.214,1,0.317,abdursh01
Arron Afflalo,22,DET,NBA,2007-08,75,9,970,99,241,89,193,10,48,68,87,36,101,137,52,31,8,34,83,276,0.411,0.461,0.208,0.432,0.782,0.494,afflaar01
Maurice Ager,23,TOT,NBA,2007-08,26,3,165,21,65,18,46,3,19,6,12,4,9,13,8,0,1,6,17,51,0.323,0.391,0.158,0.346,0.5,0.363,agerma01
Blake Ahearn,23,MIA,NBA,2007-08,12,0,177,15,57,5,23,10,34,30,31,1,18,19,19,6,0,16,20,70,0.263,0.217,0.294,0.351,0.968,0.495,ahearbl01
LaMarcus Aldridge,22,POR,NBA,2007-08,76,76,2649,561,1160,560,1153,1,7,227,298,220,358,578,122,55,94,126,240,1350,0.484,0.486,0.143,0.484,0.762,0.523,aldrila01
Malik Allen,29,TOT,NBA,2007-08,73,16,1096,157,327,156,325,1,2,23,25,66,130,196,44,19,31,45,149,338,0.48,0.48,0.5,0.482,0.92,0.5,allenma01
Ray Allen,32,BOS,NBA,2007-08,73,73,2624,439,986,259,534,180,452,215,237,75,193,268,225,65,16,127,147,1273,0.445,0.485,0.398,0.537,0.907,0.584,allenra02
Tony Allen,26,BOS,NBA,2007-08,75,11,1373,169,389,151,332,18,57,138,181,34,134,168,114,62,21,109,168,494,0.434,0.455,0.316,0.458,0.762,0.527,allento01
Lance Allred,26,CLE,NBA,2007-08,3,0,10,1,4,1,4,0,0,1,2,0,1,1,0,0,0,0,1,3,0.25,0.25,,0.25,0.5,0.307,allrela01
Morris Almond,22,UTA,NBA,2007-08,9,0,39,4,15,3,11,1,4,4,6,0,2,2,3,1,0,2,5,13,0.267,0.273,0.25,0.3,0.667,0.368,almonmo01
Rafer Alston,31,HOU,NBA,2007-08,74,74,2526,364,924,221,517,143,407,98,137,28,232,260,392,98,18,160,139,969,0.394,0.427,0.351,0.471,0.715,0.492,alstora01
Lou Amundson,25,PHI,NBA,2007-08,16,0,64,8,16,8,16,0,0,2,7,7,5,12,0,1,1,2,13,18,0.5,0.5,,0.5,0.286,0.472,amundlo01
Chris Andersen,29,NOH,NBA,2007-08,5,0,34,2,7,2,7,0,0,2,4,2,7,9,0,0,4,1,6,6,0.286,0.286,,0.286,0.5,0.342,anderch01
Derek Anderson,33,CHA,NBA,2007-08,28,0,396,47,125,28,73,19,52,28,38,9,43,52,44,12,1,25,49,141,0.376,0.384,0.365,0.452,0.737,0.497,anderde01
Carmelo Anthony,23,DEN,NBA,2007-08,77,77,2806,728,1481,670,1317,58,164,464,590,178,393,571,259,98,39,253,253,1978,0.492,0.509,0.354,0.511,0.786,0.568,anthoca01
Joel Anthony,25,MIA,NBA,2007-08,24,1,498,28,60,28,60,0,0,29,49,38,55,93,3,9,31,17,55,85,0.467,0.467,,0.467,0.592,0.521,anthojo01
Gilbert Arenas,26,WAS,NBA,2007-08,13,8,425,78,196,56,118,22,78,74,96,6,45,51,66,23,1,49,30,252,0.398,0.475,0.282,0.454,0.771,0.529,arenagi01
Trevor Ariza,22,TOT,NBA,2007-08,35,3,546,69,136,64,118,5,18,49,75,30,78,108,44,31,11,23,45,192,0.507,0.542,0.278,0.526,0.653,0.568,arizatr01
Darrell Armstrong,39,NJN,NBA,2007-08,50,2,549,40,110,17,41,23,69,20,30,17,50,67,73,28,2,41,53,123,0.364,0.415,0.333,0.468,0.667,0.499,armstda01
Hilton Armstrong,23,NOH,NBA,2007-08,65,3,732,67,148,67,148,0,0,44,70,65,98,163,23,15,34,59,130,178,0.453,0.453,,0.453,0.629,0.498,armsthi01
Carlos Arroyo,28,ORL,NBA,2007-08,62,20,1269,157,348,128,264,29,84,87,102,10,103,113,219,26,2,77,85,430,0.451,0.485,0.345,0.493,0.853,0.547,arroyca01
Chucky Atkins,33,DEN,NBA,2007-08,24,0,352,42,122,17,43,25,79,4,9,3,28,31,47,9,1,10,27,113,0.344,0.395,0.316,0.447,0.444,0.449,atkinch01
James Augustine,23,ORL,NBA,2007-08,25,0,149,18,34,18,34,0,0,4,8,16,14,30,2,5,2,6,18,40,0.529,0.529,,0.529,0.5,0.533,augusja01
Kelenna Azubuike,24,GSW,NBA,2007-08,81,17,1732,261,587,190,392,71,195,99,138,107,217,324,75,45,34,58,159,692,0.445,0.485,0.364,0.505,0.717,0.534,azubuke01
Renaldo Balkman,23,NYK,NBA,2007-08,65,0,952,91,186,90,174,1,12,41,95,83,133,216,40,44,30,37,132,224,0.489,0.517,0.083,0.492,0.432,0.492,balkmre01
Marcus Banks,26,TOT,NBA,2007-08,36,3,569,86,191,46,89,40,102,27,35,4,41,45,61,14,13,37,65,239,0.45,0.517,0.392,0.555,0.771,0.579,banksma01
Leandro Barbosa,25,PHO,NBA,2007-08,82,12,2421,472,1021,308,599,164,422,175,213,40,191,231,216,75,18,117,195,1283,0.462,0.514,0.389,0.543,0.822,0.575,barbole01
J.J. Barea,23,DAL,NBA,2007-08,44,9,460,71,170,50,116,21,54,28,35,4,43,47,58,14,1,35,48,191,0.418,0.431,0.389,0.479,0.8,0.515,bareajo01
Andrea Bargnani,22,TOR,NBA,2007-08,78,53,1861,280,725,190,464,90,261,142,169,50,238,288,89,23,37,88,211,792,0.386,0.409,0.345,0.448,0.84,0.495,bargnan01
Matt Barnes,27,GSW,NBA,2007-08,73,18,1414,187,442,134,261,53,181,59,79,94,230,324,139,48,36,85,159,486,0.423,0.513,0.293,0.483,0.747,0.51,barnema02
Andre Barrett,25,LAC,NBA,2007-08,4,0,25,2,5,1,2,1,3,1,2,0,1,1,7,0,0,1,1,6,0.4,0.5,0.333,0.5,0.5,0.51,barrean01
Earl Barron,26,MIA,NBA,2007-08,46,15,889,132,327,131,314,1,13,61,87,67,131,198,29,19,8,48,114,326,0.404,0.417,0.077,0.405,0.701,0.446,barroea01
Brent Barry,36,SAS,NBA,2007-08,31,1,554,77,160,29,48,48,112,19,20,12,43,55,54,17,3,18,43,221,0.481,0.604,0.429,0.631,0.95,0.655,barrybr01
Brandon Bass,22,DAL,NBA,2007-08,79,1,1557,246,493,246,489,0,4,162,197,120,227,347,58,22,48,82,150,654,0.499,0.503,0,0.499,0.822,0.564,bassbr01
Maceo Baston,32,TOR,NBA,2007-08,15,2,103,17,25,17,25,0,0,7,10,9,17,26,3,2,4,4,20,41,0.68,0.68,,0.68,0.7,0.697,bastoma01
Shane Battier,29,HOU,NBA,2007-08,80,78,2907,265,619,126,250,139,369,75,101,131,276,407,155,77,90,78,196,744,0.428,0.504,0.377,0.54,0.743,0.561,battish01
Marco Belinelli,21,GSW,NBA,2007-08,33,0,241,36,93,20,52,16,41,7,9,3,11,14,15,5,0,12,15,95,0.387,0.385,0.39,0.473,0.778,0.49,belinma01
Charlie Bell,28,MIL,NBA,2007-08,68,5,1628,185,486,111,269,74,217,70,87,31,136,167,210,52,2,76,121,514,0.381,0.413,0.341,0.457,0.805,0.49,bellch01
Raja Bell,31,PHO,NBA,2007-08,75,75,2646,317,753,141,314,176,439,79,91,47,227,274,168,54,27,65,220,889,0.421,0.449,0.401,0.538,0.868,0.561,bellra01
Mike Bibby,29,TOT,NBA,2007-08,48,44,1573,248,603,155,355,93,248,78,100,16,144,160,290,54,4,119,97,667,0.411,0.437,0.375,0.488,0.78,0.515,bibbymi01
Andris Biedrins,21,GSW,NBA,2007-08,76,59,2078,340,543,340,543,0,0,116,187,256,488,744,75,56,94,85,262,796,0.626,0.626,,0.626,0.62,0.637,biedran01
Chauncey Billups,31,DET,NBA,2007-08,78,78,2522,393,877,256,535,137,342,401,437,42,170,212,529,101,17,160,130,1324,0.448,0.479,0.401,0.526,0.918,0.619,billuch01
Steve Blake,27,POR,NBA,2007-08,81,78,2424,261,640,140,342,121,298,49,64,31,164,195,413,55,4,113,133,692,0.408,0.409,0.406,0.502,0.766,0.518,blakest01
Andray Blatche,21,WAS,NBA,2007-08,82,15,1675,254,536,251,523,3,13,107,154,164,261,425,92,53,114,112,258,618,0.474,0.48,0.231,0.477,0.695,0.512,blatcan01
Mark Blount,32,MIA,NBA,2007-08,69,46,1542,238,515,221,471,17,44,88,138,69,194,263,41,33,34,70,133,581,0.462,0.469,0.386,0.479,0.638,0.505,blounma01
Keith Bogans,27,ORL,NBA,2007-08,82,35,2198,241,588,93,179,148,409,81,110,42,224,266,104,59,10,53,164,711,0.41,0.52,0.362,0.536,0.736,0.559,boganke01
Andrew Bogut,23,MIL,NBA,2007-08,78,78,2720,465,910,465,903,0,7,189,322,245,518,763,199,64,135,172,254,1119,0.511,0.515,0,0.511,0.587,0.532,bogutan01
Matt Bonner,27,SAS,NBA,2007-08,68,3,853,121,291,75,154,46,137,38,44,53,139,192,32,14,17,39,111,326,0.416,0.487,0.336,0.495,0.864,0.525,bonnema01
Josh Boone,23,NJN,NBA,2007-08,70,53,1773,238,434,238,434,0,0,99,217,192,317,509,55,36,61,68,155,575,0.548,0.548,,0.548,0.456,0.543,boonejo01
Calvin Booth,31,PHI,NBA,2007-08,31,0,204,9,27,9,27,0,0,6,10,6,32,38,8,6,18,4,35,24,0.333,0.333,,0.333,0.6,0.382,boothca01
Carlos Boozer,26,UTA,NBA,2007-08,81,81,2827,709,1297,709,1296,0,1,290,393,197,647,844,233,100,41,210,293,1708,0.547,0.547,0,0.547,0.738,0.581,boozeca01
Chris Bosh,23,TOR,NBA,2007-08,67,67,2425,507,1027,497,1002,10,25,472,559,174,409,583,171,63,67,153,157,1496,0.494,0.496,0.4,0.499,0.844,0.588,boshch01
Bruce Bowen,36,SAS,NBA,2007-08,81,81,2448,174,428,84,213,90,215,45,69,33,201,234,91,54,22,46,177,483,0.407,0.394,0.419,0.512,0.652,0.527,bowenbr01
Ryan Bowen,32,NOH,NBA,2007-08,53,4,660,49,100,49,99,0,1,16,29,55,45,100,25,32,11,15,77,114,0.49,0.495,0,0.49,0.552,0.505,bowenry01
Earl Boykins,31,CHA,NBA,2007-08,36,0,577,61,172,47,128,14,44,49,59,9,25,34,96,13,0,41,21,185,0.355,0.367,0.318,0.395,0.831,0.467,boykiea01
Elton Brand,28,LAC,NBA,2007-08,8,6,274,52,114,52,114,0,0,37,47,21,43,64,16,3,15,17,21,141,0.456,0.456,,0.456,0.787,0.523,brandel01
Corey Brewer,21,MIN,NBA,2007-08,79,35,1803,182,486,175,450,7,36,88,110,82,210,292,111,76,25,89,188,459,0.374,0.389,0.194,0.382,0.8,0.429,breweco01
Ronnie Brewer,22,UTA,NBA,2007-08,76,76,2088,354,634,343,584,11,50,195,257,97,121,218,134,129,19,69,110,914,0.558,0.587,0.22,0.567,0.759,0.612,brewero02
Primoz Brezec,28,TOT,NBA,2007-08,50,18,475,44,94,44,94,0,0,24,40,30,51,81,11,3,7,24,83,112,0.468,0.468,,0.468,0.6,0.502,brezepr01
Aaron Brooks,23,HOU,NBA,2007-08,51,0,608,93,225,57,116,36,109,42,49,13,43,56,87,13,5,44,69,264,0.413,0.491,0.33,0.493,0.857,0.535,brookaa01
Andre Brown,26,MEM,NBA,2007-08,33,1,286,39,78,39,78,0,0,22,49,37,55,92,8,7,4,14,38,100,0.5,0.5,,0.5,0.449,0.502,brownan01
Devin Brown,29,CLE,NBA,2007-08,78,20,1762,217,531,172,385,45,146,107,142,65,198,263,175,52,7,99,144,586,0.409,0.447,0.308,0.451,0.754,0.494,brownde02
Kwame Brown,25,TOT,NBA,2007-08,38,15,713,72,142,72,142,0,0,40,98,51,137,188,45,22,23,51,82,184,0.507,0.507,,0.507,0.408,0.497,brownkw01
P.J. Brown,38,BOS,NBA,2007-08,18,0,209,14,41,14,40,0,1,11,16,29,39,68,10,5,8,10,29,39,0.341,0.35,0,0.341,0.688,0.406,brownpj01
Shannon Brown,22,TOT,NBA,2007-08,21,4,240,44,126,35,96,9,30,17,29,6,14,20,17,11,3,24,29,114,0.349,0.365,0.3,0.385,0.586,0.411,brownsh01
Kobe Bryant,29,LAL,NBA,2007-08,82,82,3192,775,1690,625,1275,150,415,623,742,94,423,517,441,151,40,257,227,2323,0.459,0.49,0.361,0.503,0.84,0.576,bryanko01
Greg Buckner,31,MIN,NBA,2007-08,31,4,520,45,117,30,67,15,50,19,22,10,55,65,39,21,2,29,63,124,0.385,0.448,0.3,0.449,0.864,0.489,buckngr01
Caron Butler,27,WAS,NBA,2007-08,58,58,2314,439,943,373,758,66,185,236,262,93,295,388,284,128,20,150,160,1180,0.466,0.492,0.357,0.501,0.901,0.558,butleca01
Rasual Butler,28,NOH,NBA,2007-08,51,8,875,91,260,47,127,44,133,26,31,16,84,100,36,15,21,10,66,252,0.35,0.37,0.331,0.435,0.839,0.46,butlera01
Andrew Bynum,20,LAL,NBA,2007-08,35,25,1008,189,297,189,297,0,0,82,118,105,251,356,61,12,72,52,98,460,0.636,0.636,,0.636,0.695,0.659,bynuman01
Jose Calderon,26,TOR,NBA,2007-08,82,56,2484,367,707,288,523,79,184,109,120,34,202,236,678,87,6,126,134,922,0.519,0.551,0.429,0.575,0.908,0.607,caldejo01
Marcus Camby,33,DEN,NBA,2007-08,79,79,2758,286,635,280,615,6,20,143,202,230,807,1037,259,85,285,118,216,721,0.45,0.455,0.3,0.455,0.708,0.498,cambyma01
Brian Cardinal,30,MEM,NBA,2007-08,37,1,440,43,126,18,45,25,81,13,19,26,70,96,22,10,2,23,62,124,0.341,0.4,0.309,0.44,0.684,0.461,cardibr01
Rodney Carney,23,PHI,NBA,2007-08,70,6,1039,158,392,120,272,38,120,55,81,50,99,149,32,39,23,34,96,409,0.403,0.441,0.317,0.452,0.679,0.478,carnero01
Matt Carroll,27,CHA,NBA,2007-08,80,18,2016,252,589,147,348,105,241,111,138,33,193,226,73,46,19,58,187,720,0.428,0.422,0.436,0.517,0.804,0.554,carroma01
Anthony Carter,32,DEN,NBA,2007-08,70,67,1960,218,476,173,347,45,129,64,85,27,173,200,388,107,28,124,172,545,0.458,0.499,0.349,0.505,0.753,0.531,cartean01
Vince Carter,31,NJN,NBA,2007-08,76,72,2959,587,1287,489,1014,98,273,350,429,112,341,453,389,93,33,181,241,1622,0.456,0.482,0.359,0.494,0.816,0.55,cartevi01
Sam Cassell,38,TOT,NBA,2007-08,55,34,1274,233,532,210,456,23,76,127,144,17,119,136,214,37,6,97,98,616,0.438,0.461,0.303,0.46,0.882,0.517,cassesa01
Tyson Chandler,25,NOH,NBA,2007-08,79,79,2783,377,605,377,604,0,1,175,295,322,606,928,81,45,84,136,243,929,0.623,0.624,0,0.623,0.593,0.632,chandty01
Wilson Chandler,20,NYK,NBA,2007-08,35,16,685,106,242,97,212,9,30,34,54,38,89,127,33,15,16,27,83,255,0.438,0.458,0.3,0.457,0.63,0.48,chandwi01
Josh Childress,24,ATL,NBA,2007-08,76,0,2274,327,573,305,513,22,60,222,275,174,199,373,117,71,43,98,129,898,0.571,0.595,0.367,0.59,0.807,0.647,childjo01
Jarron Collins,29,UTA,NBA,2007-08,70,9,702,36,82,36,81,0,1,46,74,40,76,116,37,10,6,22,106,118,0.439,0.444,0,0.439,0.622,0.515,collija03
Jason Collins,29,TOT,NBA,2007-08,74,26,1172,53,113,53,112,0,1,34,74,64,114,178,25,23,25,48,194,140,0.469,0.473,0,0.469,0.459,0.481,collija04
Mardy Collins,23,NYK,NBA,2007-08,46,8,634,57,175,49,143,8,32,23,38,19,56,75,89,24,8,56,56,145,0.326,0.343,0.25,0.349,0.605,0.378,collima01
Nick Collison,27,SEA,NBA,2007-08,78,35,2223,322,641,322,639,0,2,123,167,254,476,730,113,47,60,118,250,767,0.502,0.504,0,0.502,0.737,0.537,collini01
Mike Conley,20,MEM,NBA,2007-08,53,46,1381,189,442,159,351,30,91,90,123,21,118,139,222,44,2,89,85,498,0.428,0.453,0.33,0.462,0.732,0.502,conlemi01
Brian Cook,27,TOT,NBA,2007-08,51,2,629,88,234,45,119,43,115,19,21,28,81,109,27,13,12,39,93,238,0.376,0.378,0.374,0.468,0.905,0.489,cookbr01
Daequan Cook,20,MIA,NBA,2007-08,59,19,1441,196,514,117,276,79,238,47,57,20,157,177,75,23,9,63,157,518,0.381,0.424,0.332,0.458,0.825,0.48,cookda02
Jamal Crawford,27,NYK,NBA,2007-08,80,80,3190,570,1391,394,897,176,494,329,381,37,170,207,398,81,17,192,144,1645,0.41,0.439,0.356,0.473,0.864,0.528,crawfja01
Javaris Crittenton,20,TOT,NBA,2007-08,50,0,679,98,233,88,196,10,37,72,104,27,83,110,51,19,2,55,47,278,0.421,0.449,0.27,0.442,0.692,0.499,crittja01
Austin Croshere,32,GSW,NBA,2007-08,44,0,457,61,137,39,76,22,61,29,32,33,71,104,30,8,6,22,60,173,0.445,0.513,0.361,0.526,0.906,0.573,croshau01
Eddy Curry,25,NYK,NBA,2007-08,59,58,1530,297,544,297,544,0,0,187,300,111,164,275,32,14,29,126,157,781,0.546,0.546,,0.546,0.623,0.578,curryed01
Samuel Dalembert,26,PHI,NBA,2007-08,82,82,2724,339,661,339,660,0,1,186,263,304,545,849,45,40,192,155,269,864,0.513,0.514,0,0.513,0.707,0.556,dalemsa01
Erick Dampier,32,DAL,NBA,2007-08,72,64,1755,178,277,178,277,0,0,84,146,207,332,539,63,24,106,80,226,440,0.643,0.643,,0.643,0.575,0.645,dampier01
Antonio Daniels,32,WAS,NBA,2007-08,71,63,2161,205,447,188,373,17,74,170,219,23,180,203,340,69,2,91,78,597,0.459,0.504,0.23,0.478,0.776,0.549,daniean01
Marquis Daniels,27,IND,NBA,2007-08,74,1,1546,241,561,214,459,27,102,97,139,66,146,212,137,79,18,112,121,606,0.43,0.466,0.265,0.454,0.698,0.487,daniema01
Jermareo Davidson,23,CHA,NBA,2007-08,38,2,322,51,125,51,125,0,0,18,28,21,41,62,13,7,15,17,46,120,0.408,0.408,,0.408,0.643,0.437,davidje01
Baron Davis,28,GSW,NBA,2007-08,82,82,3196,650,1526,477,1001,173,525,318,424,96,289,385,623,191,43,232,247,1791,0.426,0.477,0.33,0.483,0.75,0.523,davisba01
Glen Davis,22,BOS,NBA,2007-08,69,1,940,107,221,107,221,0,0,99,150,95,113,208,28,31,20,65,160,313,0.484,0.484,,0.484,0.66,0.545,davisgl01
Paul Davis,23,LAC,NBA,2007-08,22,1,194,24,65,24,65,0,0,6,10,25,22,47,10,6,6,9,33,54,0.369,0.369,,0.369,0.6,0.389,davispa01
Ricky Davis,28,MIA,NBA,2007-08,82,47,2963,420,971,285,638,135,333,155,197,55,298,353,276,87,14,191,187,1130,0.433,0.447,0.405,0.502,0.787,0.534,davisri01
Carlos Delfino,25,TOR,NBA,2007-08,82,0,1928,251,632,131,318,120,314,116,156,66,293,359,145,69,11,75,177,738,0.397,0.412,0.382,0.492,0.744,0.527,delfica01
Luol Deng,22,CHI,NBA,2007-08,63,59,2128,429,896,421,874,8,22,204,265,136,258,394,155,57,29,120,117,1070,0.479,0.482,0.364,0.483,0.77,0.528,denglu01
Boris Diaw,25,PHO,NBA,2007-08,82,19,2308,308,646,295,605,13,41,96,129,97,281,378,317,61,39,155,166,725,0.477,0.488,0.317,0.487,0.744,0.516,diawbo01
Yakhouba Diawara,25,DEN,NBA,2007-08,54,14,542,55,134,34,68,21,66,22,31,23,39,62,37,8,3,16,61,153,0.41,0.5,0.318,0.489,0.71,0.518,diawaya01
Guillermo Diaz,22,LAC,NBA,2007-08,6,0,18,1,4,1,3,0,1,3,5,2,0,2,1,0,0,0,0,5,0.25,0.333,0,0.25,0.6,0.403,diazgu01
Dan Dickau,29,LAC,NBA,2007-08,67,8,1040,124,296,88,188,36,108,68,82,13,84,97,172,32,3,55,108,352,0.419,0.468,0.333,0.48,0.829,0.53,dickada01
Kaniel Dickens,29,CLE,NBA,2007-08,5,0,12,1,3,1,3,0,0,0,0,0,1,1,1,0,1,0,1,2,0.333,0.333,,0.333,,0.333,dickeka01
Travis Diener,25,IND,NBA,2007-08,66,21,1356,159,430,85,197,74,233,64,71,26,89,115,251,35,4,55,107,456,0.37,0.431,0.318,0.456,0.901,0.494,dienetr01
Ike Diogu,24,IND,NBA,2007-08,30,1,305,64,134,64,134,0,0,40,47,38,47,85,10,7,3,20,43,168,0.478,0.478,,0.478,0.851,0.543,dioguik01
DeSagana Diop,26,TOT,NBA,2007-08,79,23,1295,94,180,94,180,0,0,38,70,160,232,392,40,26,88,58,146,226,0.522,0.522,,0.522,0.543,0.536,diopde01
Juan Dixon,29,TOT,NBA,2007-08,53,0,668,106,258,76,186,30,72,21,26,15,60,75,97,21,2,54,62,263,0.411,0.409,0.417,0.469,0.808,0.488,dixonju01
Michael Doleac,30,MIN,NBA,2007-08,24,8,257,28,63,28,63,0,0,1,2,16,33,49,7,10,10,12,44,57,0.444,0.444,,0.444,0.5,0.446,doleami01
Keyon Dooling,27,ORL,NBA,2007-08,72,1,1334,198,423,176,358,22,65,163,193,7,94,101,133,36,5,61,131,581,0.468,0.492,0.338,0.494,0.845,0.572,doolike01
Quincy Douby,23,SAC,NBA,2007-08,74,0,876,132,335,90,213,42,122,48,52,17,66,83,53,30,12,59,80,354,0.394,0.423,0.344,0.457,0.923,0.495,doubyqu01
Jared Dudley,22,CHA,NBA,2007-08,73,14,1384,163,348,154,307,9,41,87,118,121,165,286,81,55,10,50,128,422,0.468,0.502,0.22,0.481,0.737,0.528,dudleja01
Chris Duhon,25,CHI,NBA,2007-08,66,18,1490,133,344,79,189,54,155,65,80,19,97,116,263,48,2,71,92,385,0.387,0.418,0.348,0.465,0.813,0.508,duhonch01
Tim Duncan,31,SAS,NBA,2007-08,78,78,2651,585,1178,585,1174,0,4,338,463,237,644,881,218,56,152,178,185,1508,0.497,0.498,0,0.497,0.73,0.546,duncati01
Mike Dunleavy,27,IND,NBA,2007-08,82,82,2953,532,1117,367,728,165,389,336,403,59,365,424,288,86,31,190,208,1565,0.476,0.504,0.424,0.55,0.834,0.605,dunlemi02
Ronald Dupree,27,TOT,NBA,2007-08,5,0,21,1,3,1,3,0,0,2,2,1,7,8,1,1,0,0,0,4,0.333,0.333,,0.333,1,0.515,duprero01
Kevin Durant,19,SEA,NBA,2007-08,80,80,2768,587,1366,528,1161,59,205,391,448,70,278,348,192,78,75,232,122,1624,0.43,0.455,0.288,0.451,0.873,0.519,duranke01
Monta Ellis,22,GSW,NBA,2007-08,81,72,3071,652,1227,640,1175,12,52,320,417,133,271,404,315,124,27,173,195,1636,0.531,0.545,0.231,0.536,0.767,0.58,ellismo01
Francisco Elson,31,TOT,NBA,2007-08,63,5,813,92,236,92,235,0,1,26,37,50,150,200,24,15,20,47,96,210,0.39,0.391,0,0.39,0.703,0.416,elsonfr01
Melvin Ely,29,NOH,NBA,2007-08,52,1,621,85,180,85,180,0,0,32,58,28,117,145,22,7,18,42,79,202,0.472,0.472,,0.472,0.552,0.491,elyme01
Maurice Evans,29,TOT,NBA,2007-08,75,47,1720,262,545,181,336,81,209,59,83,92,126,218,81,46,10,40,142,664,0.481,0.539,0.388,0.555,0.711,0.571,evansma01
Reggie Evans,27,PHI,NBA,2007-08,81,61,1879,152,346,151,345,1,1,120,257,224,387,611,65,86,8,108,213,425,0.439,0.438,1,0.441,0.467,0.463,evansre01
Jordan Farmar,21,LAL,NBA,2007-08,82,0,1690,291,631,177,324,114,307,53,78,39,144,183,225,77,5,108,105,749,0.461,0.546,0.371,0.552,0.679,0.563,farmajo01
Nick Fazekas,22,TOT,NBA,2007-08,26,0,269,46,82,46,80,0,2,15,22,34,55,89,11,8,11,13,25,107,0.561,0.575,0,0.561,0.682,0.584,fazekni01
Raymond Felton,23,CHA,NBA,2007-08,79,79,2972,412,997,356,797,56,200,260,325,37,199,236,583,96,12,213,184,1140,0.413,0.447,0.28,0.441,0.8,0.5,feltora01
Kyrylo Fesenko,21,UTA,NBA,2007-08,9,0,70,6,16,6,16,0,0,2,4,14,11,25,2,0,3,8,19,14,0.375,0.375,,0.375,0.5,0.394,fesenky01
Michael Finley,34,SAS,NBA,2007-08,82,61,2204,315,761,183,404,132,357,64,80,27,227,254,114,29,10,56,93,826,0.414,0.453,0.37,0.501,0.8,0.519,finlemi01
Derek Fisher,33,LAL,NBA,2007-08,82,82,2249,339,777,227,501,112,276,166,188,24,146,170,239,86,3,90,188,956,0.436,0.453,0.406,0.508,0.883,0.556,fishede01
T.J. Ford,24,TOR,NBA,2007-08,51,26,1199,246,524,231,473,15,51,110,125,23,77,100,313,54,0,102,93,617,0.469,0.488,0.294,0.484,0.88,0.533,fordtj01
Jeff Foster,31,IND,NBA,2007-08,77,52,1884,205,373,205,370,0,3,86,145,264,404,668,129,56,32,62,221,496,0.55,0.554,0,0.55,0.593,0.568,fosteje01
Randy Foye,24,MIN,NBA,2007-08,39,31,1259,198,462,137,314,61,148,53,65,13,115,128,164,36,3,79,102,510,0.429,0.436,0.412,0.495,0.815,0.52,foyera01
Adonal Foyle,32,ORL,NBA,2007-08,82,0,774,70,153,70,153,0,0,16,34,71,137,208,18,16,45,32,94,156,0.458,0.458,,0.458,0.471,0.464,foylead01
Richie Frahm,30,LAC,NBA,2007-08,10,2,163,20,54,13,29,7,25,0,2,4,10,14,8,2,0,6,7,47,0.37,0.448,0.28,0.435,0,0.428,frahmri01
Steve Francis,30,HOU,NBA,2007-08,10,3,199,19,57,15,40,4,17,13,23,8,15,23,30,9,5,14,25,55,0.333,0.375,0.235,0.368,0.565,0.41,francst01
Channing Frye,24,POR,NBA,2007-08,78,20,1342,221,453,218,443,3,10,85,109,107,247,354,57,29,27,55,208,530,0.488,0.492,0.3,0.491,0.78,0.529,fryech01
Dan Gadzuric,29,MIL,NBA,2007-08,51,4,534,64,154,64,153,0,1,33,63,67,77,144,11,20,24,34,83,161,0.416,0.418,0,0.416,0.524,0.443,gadzuda01
Jorge Garbajosa,30,TOR,NBA,2007-08,7,0,74,8,25,2,9,6,16,0,0,2,13,15,3,3,0,1,2,22,0.32,0.222,0.375,0.44,,0.44,garbajo01
Francisco Garcia,26,SAC,NBA,2007-08,79,20,2096,348,752,235,463,113,289,162,208,52,212,264,128,96,50,128,232,971,0.463,0.508,0.391,0.538,0.779,0.576,garcifr01
Thomas Gardner,22,CHI,NBA,2007-08,4,0,45,9,23,6,11,3,12,0,2,3,1,4,1,0,0,4,4,21,0.391,0.545,0.25,0.457,0,0.44,gardnth01
Kevin Garnett,31,BOS,NBA,2007-08,71,71,2328,534,990,534,979,0,11,269,336,135,520,655,244,100,89,138,163,1337,0.539,0.545,0,0.539,0.801,0.588,garneke01
Pat Garrity,31,ORL,NBA,2007-08,31,0,284,27,80,19,43,8,37,4,5,9,35,44,13,6,1,17,35,66,0.338,0.442,0.216,0.388,0.8,0.401,garripa01
Pau Gasol,27,TOT,NBA,2007-08,66,66,2351,475,890,471,874,4,16,292,362,155,398,553,211,30,98,124,139,1246,0.534,0.539,0.25,0.536,0.807,0.594,gasolpa01
Rudy Gay,21,MEM,NBA,2007-08,81,81,3000,625,1355,491,968,134,387,248,316,140,359,499,158,111,79,190,230,1632,0.461,0.507,0.346,0.511,0.785,0.546,gayru01
Mickael Gelabale,24,SEA,NBA,2007-08,39,0,465,69,157,53,120,16,37,14,18,16,42,58,33,10,9,27,31,168,0.439,0.442,0.432,0.49,0.778,0.509,gelabmi01
Devean George,30,DAL,NBA,2007-08,53,4,821,74,207,52,139,22,68,24,34,28,109,137,35,19,13,24,90,194,0.357,0.374,0.324,0.411,0.706,0.437,georgde01
Daniel Gibson,21,CLE,NBA,2007-08,58,26,1765,201,465,83,197,118,268,85,105,30,104,134,145,47,14,76,163,605,0.432,0.421,0.44,0.559,0.81,0.592,gibsoda01
Eddie Gill,29,TOT,NBA,2007-08,14,1,154,12,31,7,16,5,15,9,9,1,21,22,22,7,2,9,18,38,0.387,0.438,0.333,0.468,1,0.543,gilled01
Manu Ginobili,30,SAS,NBA,2007-08,74,23,2299,453,984,297,595,156,389,380,442,63,291,354,332,109,33,200,173,1442,0.46,0.499,0.401,0.54,0.86,0.612,ginobma01
Gordan Giricek,30,TOT,NBA,2007-08,56,0,831,133,302,97,203,36,99,23,26,16,80,96,62,24,4,52,82,325,0.44,0.478,0.364,0.5,0.885,0.518,giricgo01
Ryan Gomes,25,MIN,NBA,2007-08,82,74,2434,392,857,333,678,59,179,190,229,133,342,475,145,65,10,96,154,1033,0.457,0.491,0.33,0.492,0.83,0.539,gomesry01
Drew Gooden,26,TOT,NBA,2007-08,69,65,2122,332,740,332,734,0,6,162,215,175,415,590,81,48,53,122,203,826,0.449,0.452,0,0.449,0.753,0.495,goodedr01
Ben Gordon,24,CHI,NBA,2007-08,72,27,2291,464,1069,322,723,142,346,266,293,40,181,221,213,55,8,150,171,1336,0.434,0.445,0.41,0.5,0.908,0.558,gordobe01
Marcin Gortat,23,ORL,NBA,2007-08,6,0,41,8,17,8,17,0,0,2,3,8,8,16,2,1,1,2,4,18,0.471,0.471,,0.471,0.667,0.491,gortama01
Joey Graham,25,TOR,NBA,2007-08,38,3,331,49,113,47,110,2,3,38,45,18,49,67,15,3,0,23,47,138,0.434,0.427,0.667,0.442,0.844,0.52,grahajo01
Stephen Graham,25,IND,NBA,2007-08,22,0,128,34,58,27,44,7,14,12,16,4,18,22,9,4,1,10,14,87,0.586,0.614,0.5,0.647,0.75,0.669,grahast01
Danny Granger,24,IND,NBA,2007-08,80,80,2876,537,1205,366,782,171,423,322,378,93,393,486,166,95,84,171,290,1567,0.446,0.468,0.404,0.517,0.852,0.571,grangda01
Aaron Gray,23,CHI,NBA,2007-08,61,1,613,103,204,103,203,0,1,56,99,70,98,168,41,21,16,57,117,262,0.505,0.507,0,0.505,0.566,0.529,grayaa01
Gerald Green,22,TOT,NBA,2007-08,30,0,362,52,151,37,112,15,39,34,41,13,51,64,29,8,4,32,45,153,0.344,0.33,0.385,0.394,0.829,0.453,greenge01
Jeff Green,21,SEA,NBA,2007-08,80,52,2253,320,749,299,673,21,76,177,238,101,278,379,119,46,49,158,198,838,0.427,0.444,0.276,0.441,0.744,0.491,greenje02
Taurean Green,21,TOT,NBA,2007-08,17,0,74,7,25,5,14,2,11,11,12,0,10,10,11,2,0,9,5,27,0.28,0.357,0.182,0.32,0.917,0.446,greenta01
Willie Green,26,PHI,NBA,2007-08,74,74,1970,379,870,328,691,51,179,112,148,32,150,182,151,54,22,109,119,921,0.436,0.475,0.285,0.465,0.757,0.492,greenwi01
Orien Greene,25,SAC,NBA,2007-08,7,2,61,3,11,3,10,0,1,0,0,0,6,6,3,3,1,7,9,6,0.273,0.3,0,0.273,,0.273,greenor01
Adrian Griffin,33,TOT,NBA,2007-08,35,2,307,30,76,30,76,0,0,5,9,28,31,59,27,17,2,21,27,65,0.395,0.395,,0.395,0.556,0.406,griffad01
Richard Hamilton,29,DET,NBA,2007-08,72,72,2424,499,1030,437,889,62,141,184,221,75,160,235,299,73,10,132,171,1244,0.484,0.492,0.44,0.515,0.833,0.552,hamilri01
Anfernee Hardaway,36,MIA,NBA,2007-08,16,8,325,22,60,14,41,8,19,8,9,3,32,35,35,19,1,13,24,60,0.367,0.341,0.421,0.433,0.889,0.469,hardaan01
Matt Harpring,31,UTA,NBA,2007-08,76,0,1374,237,474,235,464,2,10,146,205,96,144,240,82,45,14,95,162,622,0.5,0.506,0.2,0.502,0.712,0.551,harprma01
Al Harrington,27,GSW,NBA,2007-08,81,59,2190,401,923,248,515,153,408,147,190,107,332,439,132,74,16,90,266,1102,0.434,0.482,0.375,0.517,0.774,0.547,harrial01
Othella Harrington,34,CHA,NBA,2007-08,22,0,166,18,42,18,42,0,0,10,16,11,31,42,4,1,4,11,34,46,0.429,0.429,,0.429,0.625,0.469,harriot01
Devin Harris,24,TOT,NBA,2007-08,64,61,2022,321,693,265,526,56,167,248,301,28,145,173,369,90,10,161,190,946,0.463,0.504,0.335,0.504,0.824,0.573,harride01
Mike Harris,24,HOU,NBA,2007-08,17,0,159,27,54,27,52,0,2,8,13,24,30,54,3,6,3,9,16,62,0.5,0.519,0,0.5,0.615,0.519,harrimi01
David Harrison,25,IND,NBA,2007-08,55,0,702,90,170,90,170,0,0,49,96,43,75,118,14,20,59,58,164,229,0.529,0.529,,0.529,0.51,0.539,harrida01
Jason Hart,29,UTA,NBA,2007-08,57,0,606,58,180,47,149,11,31,38,45,5,50,55,86,30,3,28,75,165,0.322,0.315,0.355,0.353,0.844,0.413,hartja01
Udonis Haslem,27,MIA,NBA,2007-08,49,48,1805,237,507,237,507,0,0,115,142,107,336,443,68,39,18,67,145,589,0.467,0.467,,0.467,0.81,0.517,hasleud01
Trenton Hassell,28,TOT,NBA,2007-08,63,6,773,57,135,55,126,2,9,7,10,20,63,83,41,13,3,22,90,123,0.422,0.437,0.222,0.43,0.7,0.441,hassetr01
Spencer Hawes,19,SAC,NBA,2007-08,71,8,931,146,318,142,297,4,21,38,58,68,162,230,44,14,40,56,128,334,0.459,0.478,0.19,0.465,0.655,0.486,hawessp01
Chuck Hayes,24,HOU,NBA,2007-08,79,44,1575,113,221,113,218,0,3,11,24,132,295,427,91,85,43,62,212,237,0.511,0.518,0,0.511,0.458,0.512,hayesch01
Jarvis Hayes,26,DET,NBA,2007-08,82,1,1287,217,504,144,310,73,194,45,60,35,143,178,62,47,6,47,137,552,0.431,0.465,0.376,0.503,0.75,0.52,hayesja01
Brendan Haywood,28,WAS,NBA,2007-08,80,80,2228,316,599,316,599,0,0,216,294,273,303,576,71,31,133,108,216,848,0.528,0.528,,0.528,0.735,0.582,haywobr01
Luther Head,25,HOU,NBA,2007-08,73,17,1379,206,477,127,252,79,225,66,81,18,117,135,138,44,9,70,75,557,0.432,0.504,0.351,0.515,0.815,0.543,headlu01
Walter Herrmann,28,TOT,NBA,2007-08,45,0,373,56,144,36,80,20,64,21,25,22,51,73,18,7,1,12,24,153,0.389,0.45,0.313,0.458,0.84,0.494,herrmwa01
Nene Hilario,25,DEN,NBA,2007-08,16,1,266,29,71,29,70,0,1,27,49,30,57,87,15,9,14,21,46,85,0.408,0.414,0,0.408,0.551,0.459,hilarne01
Grant Hill,35,PHO,NBA,2007-08,70,68,2222,358,712,325,608,33,104,170,196,74,279,353,203,65,56,96,153,919,0.503,0.535,0.317,0.526,0.867,0.576,hillgr01
Kirk Hinrich,27,CHI,NBA,2007-08,75,72,2380,330,797,246,557,84,240,118,142,28,216,244,452,87,19,157,224,862,0.414,0.442,0.35,0.467,0.831,0.501,hinriki01
Ryan Hollins,23,CHA,NBA,2007-08,60,1,532,46,94,46,94,0,0,55,82,53,54,107,14,10,30,25,96,147,0.489,0.489,,0.489,0.671,0.565,holliry01
Al Horford,21,ATL,NBA,2007-08,81,77,2540,333,668,333,663,0,5,155,212,248,537,785,124,60,76,137,267,821,0.499,0.502,0,0.499,0.731,0.539,horfoal01
Robert Horry,37,SAS,NBA,2007-08,45,5,583,38,119,20,49,18,70,18,28,35,74,109,47,21,19,22,55,112,0.319,0.408,0.257,0.395,0.643,0.426,horryro01
Eddie House,29,BOS,NBA,2007-08,78,2,1480,217,531,100,233,117,298,33,36,19,148,167,152,59,10,76,114,584,0.409,0.429,0.393,0.519,0.917,0.534,houseed01
Dwight Howard,22,ORL,NBA,2007-08,82,82,3088,583,974,583,970,0,4,529,897,279,882,1161,110,74,176,263,274,1695,0.599,0.601,0,0.599,0.59,0.619,howardw01
Josh Howard,27,DAL,NBA,2007-08,76,76,2757,567,1247,500,1037,67,210,312,384,120,412,532,164,59,32,114,202,1513,0.455,0.482,0.319,0.482,0.813,0.534,howarjo01
Juwan Howard,34,DAL,NBA,2007-08,50,0,353,23,64,23,64,0,0,11,14,21,60,81,17,5,2,17,62,57,0.359,0.359,,0.359,0.786,0.406,howarju01
Troy Hudson,31,GSW,NBA,2007-08,9,0,93,9,31,5,19,4,12,6,6,0,7,7,9,3,0,7,4,28,0.29,0.263,0.333,0.355,1,0.416,hudsotr01
Larry Hughes,29,TOT,NBA,2007-08,68,57,2020,305,801,238,607,67,194,150,188,39,191,230,181,99,17,116,139,827,0.381,0.392,0.345,0.423,0.798,0.468,hughela01
Kris Humphries,22,TOR,NBA,2007-08,70,0,925,161,333,161,331,0,2,75,124,90,169,259,28,25,28,47,107,397,0.483,0.486,0,0.483,0.605,0.512,humphkr01
Lindsey Hunter,37,DET,NBA,2007-08,24,0,215,22,64,15,38,7,26,7,9,4,9,13,33,13,2,13,30,58,0.344,0.395,0.269,0.398,0.778,0.427,hunteli01
Steven Hunter,26,DEN,NBA,2007-08,19,2,120,15,28,15,28,0,0,9,20,10,19,29,0,0,6,7,20,39,0.536,0.536,,0.536,0.45,0.53,huntest01
Andre Iguodala,24,PHI,NBA,2007-08,82,82,3242,582,1277,481,970,101,307,365,506,85,361,446,391,171,49,214,187,1630,0.456,0.496,0.329,0.495,0.721,0.543,iguodan01
Zydrunas Ilgauskas,32,CLE,NBA,2007-08,73,73,2222,417,879,417,878,0,1,195,243,263,419,682,104,34,120,135,247,1029,0.474,0.475,0,0.474,0.802,0.522,ilgauzy01
Didier Ilunga-Mbenga,27,TOT,NBA,2007-08,42,0,326,39,84,39,84,0,0,5,12,28,44,72,10,7,26,12,70,83,0.464,0.464,,0.464,0.417,0.465,mbengdj01
Allen Iverson,32,DEN,NBA,2007-08,82,82,3424,712,1556,617,1281,95,275,645,797,47,196,243,586,160,12,245,109,2164,0.458,0.482,0.345,0.488,0.809,0.567,iversal01
Royal Ivey,26,MIL,NBA,2007-08,75,20,1437,149,378,114,271,35,107,85,117,38,80,118,160,45,7,75,166,418,0.394,0.421,0.327,0.44,0.726,0.487,iveyro01
Jarrett Jack,24,POR,NBA,2007-08,82,16,2229,267,620,202,430,65,190,215,248,31,203,234,313,61,1,178,129,814,0.431,0.47,0.342,0.483,0.867,0.558,jackja01
Bobby Jackson,34,TOT,NBA,2007-08,72,5,1389,204,506,123,280,81,226,64,81,33,148,181,139,45,5,59,96,553,0.403,0.439,0.358,0.483,0.79,0.51,jacksbo01
Luke Jackson,26,MIA,NBA,2007-08,14,1,228,26,80,15,50,11,30,16,23,7,26,33,17,8,0,9,22,79,0.325,0.3,0.367,0.394,0.696,0.438,jackslu02
Stephen Jackson,29,GSW,NBA,2007-08,73,73,2855,488,1204,306,703,182,501,308,370,67,251,318,300,92,29,197,171,1466,0.405,0.435,0.363,0.481,0.832,0.536,jacksst02
Casey Jacobsen,26,MEM,NBA,2007-08,53,0,547,39,115,23,43,16,72,13,17,12,53,65,20,5,1,16,34,107,0.339,0.535,0.222,0.409,0.765,0.437,jacobca01
Jerome James,32,NYK,NBA,2007-08,2,0,5,1,1,1,1,0,0,2,2,0,3,3,0,0,0,0,0,4,1,1,,1,1,1.064,jamesje01
LeBron James,23,CLE,NBA,2007-08,75,74,3027,794,1642,681,1283,113,359,549,771,133,459,592,539,138,81,255,165,2250,0.484,0.531,0.315,0.518,0.712,0.568,jamesle01
Mike James,32,TOT,NBA,2007-08,54,1,720,101,290,70,193,31,97,39,48,14,55,69,60,21,2,36,56,272,0.348,0.363,0.32,0.402,0.813,0.437,jamesmi01
Antawn Jamison,31,WAS,NBA,2007-08,79,79,3061,618,1417,498,1063,120,354,333,438,215,591,806,120,106,34,113,195,1689,0.436,0.468,0.339,0.478,0.76,0.525,jamisan01
Marko Jaric,29,MIN,NBA,2007-08,75,56,2189,227,528,181,401,46,127,121,163,38,184,222,311,97,32,128,180,621,0.43,0.451,0.362,0.473,0.742,0.518,jaricma01
Al Jefferson,23,MIN,NBA,2007-08,82,82,2919,721,1441,721,1436,0,5,284,394,308,603,911,117,74,119,167,222,1726,0.5,0.502,0,0.5,0.721,0.535,jeffeal01
Richard Jefferson,27,NJN,NBA,2007-08,82,82,3200,619,1328,542,1115,77,213,542,679,93,249,342,252,76,21,199,225,1857,0.466,0.486,0.362,0.495,0.798,0.571,jefferi01
Jared Jeffries,26,NYK,NBA,2007-08,73,19,1325,108,270,104,245,4,25,49,93,118,125,243,66,36,23,64,132,269,0.4,0.424,0.16,0.407,0.527,0.433,jeffrja01
Yi Jianlian,20,MIL,NBA,2007-08,66,49,1647,219,520,213,499,6,21,122,145,106,238,344,55,36,56,90,153,566,0.421,0.427,0.286,0.427,0.841,0.485,jianlyi01
Alexander Johnson,24,MIA,NBA,2007-08,43,6,549,61,125,61,125,0,0,57,83,32,62,94,13,13,10,42,80,179,0.488,0.488,,0.488,0.687,0.554,johnsal01
Amir Johnson,20,DET,NBA,2007-08,62,0,764,92,165,92,165,0,0,37,55,87,148,235,29,24,82,39,141,221,0.558,0.558,,0.558,0.673,0.584,johnsam01
Anthony Johnson,33,TOT,NBA,2007-08,69,52,1531,155,355,113,262,42,93,35,43,22,115,137,262,52,9,84,115,387,0.437,0.431,0.452,0.496,0.814,0.517,johnsan02
DerMarr Johnson,27,SAS,NBA,2007-08,5,0,28,7,14,4,5,3,9,0,2,0,1,1,1,1,0,0,4,17,0.5,0.8,0.333,0.607,0,0.571,johnsde03
Joe Johnson,26,ATL,NBA,2007-08,82,82,3343,647,1497,478,1053,169,444,316,379,83,284,367,474,84,18,223,168,1779,0.432,0.454,0.381,0.489,0.834,0.535,johnsjo02
Linton Johnson,27,TOT,NBA,2007-08,8,0,63,9,19,8,16,1,3,2,2,5,9,14,4,0,1,5,11,21,0.474,0.5,0.333,0.5,1,0.528,johnsli01
Bobby Jones,24,TOT,NBA,2007-08,47,2,531,60,140,42,87,18,53,40,51,29,63,92,28,15,3,28,85,178,0.429,0.483,0.34,0.493,0.784,0.548,jonesbo02
Dahntay Jones,27,SAC,NBA,2007-08,25,0,206,23,53,22,47,1,6,34,51,7,28,35,12,8,6,10,28,81,0.434,0.468,0.167,0.443,0.667,0.537,jonesda02
Damon Jones,31,CLE,NBA,2007-08,67,3,1336,151,363,36,87,115,276,20,28,5,67,72,126,19,1,36,66,437,0.416,0.414,0.417,0.574,0.714,0.582,jonesda01
Dwayne Jones,24,CLE,NBA,2007-08,56,0,472,25,47,25,46,0,1,28,58,69,71,140,10,10,25,17,88,78,0.532,0.543,0,0.532,0.483,0.538,jonesdw02
Eddie Jones,36,DAL,NBA,2007-08,47,33,922,66,180,32,64,34,116,10,14,18,114,132,69,26,8,29,72,176,0.367,0.5,0.293,0.461,0.714,0.473,jonesed02
Fred Jones,28,NYK,NBA,2007-08,70,26,1757,182,432,108,240,74,192,94,126,30,140,170,166,48,18,78,140,532,0.421,0.45,0.385,0.507,0.746,0.546,jonesfr01
James Jones,27,POR,NBA,2007-08,58,3,1276,143,327,52,122,91,205,86,98,43,118,161,34,24,15,28,96,463,0.437,0.426,0.444,0.576,0.878,0.625,jonesja02
Solomon Jones,23,ATL,NBA,2007-08,35,0,145,12,30,12,28,0,2,11,20,19,23,42,0,3,5,11,28,35,0.4,0.429,0,0.4,0.55,0.451,jonesso01
Chris Kaman,25,LAC,NBA,2007-08,56,55,2083,338,700,338,696,0,4,202,265,173,538,711,107,33,155,164,179,878,0.483,0.486,0,0.483,0.762,0.538,kamanch01
Jason Kapono,26,TOR,NBA,2007-08,81,7,1530,243,498,186,380,57,118,37,43,31,89,120,65,34,2,58,131,580,0.488,0.489,0.483,0.545,0.86,0.561,kaponja01
Coby Karl,24,LAL,NBA,2007-08,17,0,71,9,26,5,13,4,13,8,10,3,11,14,9,4,2,5,4,30,0.346,0.385,0.308,0.423,0.8,0.493,karlco01
Viktor Khryapa,25,CHI,NBA,2007-08,9,0,105,12,31,12,30,0,1,8,14,6,14,20,8,6,0,6,11,32,0.387,0.4,0,0.387,0.571,0.431,khryavi01
Jason Kidd,34,TOT,NBA,2007-08,80,80,2906,305,793,186,481,119,312,135,165,94,506,600,806,136,26,266,165,864,0.385,0.387,0.381,0.46,0.818,0.499,kiddja01
Tarence Kinsey,23,MEM,NBA,2007-08,11,0,96,16,38,13,31,3,7,5,6,3,9,12,2,3,0,3,11,40,0.421,0.419,0.429,0.461,0.833,0.492,kinseta01
Andrei Kirilenko,26,UTA,NBA,2007-08,72,72,2217,275,544,231,428,44,116,198,257,121,218,339,285,86,109,140,165,792,0.506,0.54,0.379,0.546,0.77,0.603,kirilan01
Linas Kleiza,23,DEN,NBA,2007-08,79,13,1889,311,659,217,382,94,277,164,213,92,241,333,95,44,19,89,181,880,0.472,0.568,0.339,0.543,0.77,0.585,kleizli01
Brevin Knight,32,LAC,NBA,2007-08,74,39,1674,138,342,138,336,0,6,62,71,15,127,142,328,100,11,71,160,338,0.404,0.411,0,0.404,0.873,0.453,knighbr01
Kyle Korver,26,TOT,NBA,2007-08,75,0,1732,255,575,144,279,111,296,119,130,21,151,172,101,42,29,75,192,740,0.443,0.516,0.375,0.54,0.915,0.585,korveky01
Nenad Krstic,24,NJN,NBA,2007-08,45,38,812,123,300,123,298,0,2,52,69,35,165,200,27,9,17,41,111,298,0.41,0.413,0,0.41,0.754,0.451,krstine01
Raef LaFrentz,31,POR,NBA,2007-08,39,0,291,27,61,27,57,0,4,11,19,28,39,67,6,12,17,10,59,65,0.443,0.474,0,0.443,0.579,0.469,lafrera01
Carl Landry,24,HOU,NBA,2007-08,42,0,711,135,219,135,218,0,1,72,109,96,111,207,21,17,7,26,98,342,0.616,0.619,0,0.616,0.661,0.641,landrca01
Keith Langford,24,SAS,NBA,2007-08,2,0,10,1,4,1,4,0,0,0,0,0,2,2,0,0,0,0,1,2,0.25,0.25,,0.25,,0.25,langfke01
Stephane Lasme,25,TOT,NBA,2007-08,16,4,303,32,71,32,71,0,0,19,32,26,27,53,3,13,22,15,35,83,0.451,0.451,,0.451,0.594,0.488,lasmest01
Acie Law,23,ATL,NBA,2007-08,56,6,865,95,237,88,203,7,34,38,48,12,45,57,113,29,0,56,73,235,0.401,0.433,0.206,0.416,0.792,0.455,lawac01
David Lee,24,NYK,NBA,2007-08,81,29,2356,341,618,341,616,0,2,194,237,242,482,724,95,55,29,97,210,876,0.552,0.554,0,0.552,0.819,0.606,leeda02
Rashard Lewis,28,ORL,NBA,2007-08,81,81,3076,516,1135,290,582,226,553,218,260,97,340,437,196,99,38,140,214,1476,0.455,0.498,0.409,0.554,0.838,0.591,lewisra02
Kyle Lowry,21,MEM,NBA,2007-08,82,9,2089,256,592,220,452,36,140,243,348,41,209,250,296,92,22,127,185,791,0.432,0.487,0.257,0.463,0.698,0.531,lowryky01
Tyronn Lue,30,TOT,NBA,2007-08,50,3,736,113,253,74,167,39,86,25,32,9,45,54,74,11,1,27,66,290,0.447,0.443,0.453,0.524,0.781,0.543,luety01
Mark Madsen,32,MIN,NBA,2007-08,20,6,151,3,19,3,19,0,0,3,12,18,20,38,4,3,2,9,25,9,0.158,0.158,,0.158,0.25,0.185,madsema01
Corey Maggette,28,LAC,NBA,2007-08,70,65,2502,458,1000,380,797,78,203,553,681,78,316,394,189,71,7,195,210,1547,0.458,0.477,0.384,0.497,0.812,0.595,maggeco01
Jamaal Magloire,29,TOT,NBA,2007-08,31,2,286,18,55,18,55,0,0,20,44,19,70,89,7,1,10,30,50,56,0.327,0.327,,0.327,0.455,0.377,magloja01
Ian Mahinmi,21,SAS,NBA,2007-08,6,0,23,6,12,6,12,0,0,9,9,0,5,5,1,0,4,2,4,21,0.5,0.5,,0.5,1,0.658,mahinia01
Stephon Marbury,30,NYK,NBA,2007-08,24,19,805,111,265,83,191,28,74,83,116,17,42,59,113,21,2,48,57,333,0.419,0.435,0.378,0.472,0.716,0.527,marbust01
Shawn Marion,29,TOT,NBA,2007-08,63,62,2315,400,787,334,589,66,198,106,150,136,507,643,138,125,85,86,150,972,0.508,0.567,0.333,0.55,0.707,0.57,mariosh01
Sean Marks,32,PHO,NBA,2007-08,19,0,130,23,43,22,39,1,4,12,19,9,27,36,4,3,10,8,23,59,0.535,0.564,0.25,0.547,0.632,0.574,marksse01
Donyell Marshall,34,TOT,NBA,2007-08,26,1,340,32,98,17,45,15,53,19,22,24,52,76,10,6,16,15,31,98,0.327,0.378,0.283,0.403,0.864,0.455,marshdo01
Darrick Martin,36,TOR,NBA,2007-08,17,0,141,10,43,8,27,2,16,5,6,3,4,7,21,6,0,1,12,27,0.233,0.296,0.125,0.256,0.833,0.296,martida01
Kenyon Martin,30,DEN,NBA,2007-08,71,71,2159,376,699,374,688,2,11,123,212,105,356,461,90,88,85,91,235,877,0.538,0.544,0.182,0.539,0.58,0.553,martike01
Kevin Martin,24,SAC,NBA,2007-08,61,57,2216,417,914,310,648,107,266,502,578,48,225,273,129,62,5,131,150,1443,0.456,0.478,0.402,0.515,0.869,0.618,martike02
Desmond Mason,30,MIL,NBA,2007-08,59,56,1702,230,477,230,477,0,0,114,173,75,181,256,121,40,30,83,106,574,0.482,0.482,,0.482,0.659,0.519,masonde01
Roger Mason,27,WAS,NBA,2007-08,80,9,1708,266,600,136,273,130,327,62,71,17,113,130,134,40,18,69,140,724,0.443,0.498,0.398,0.552,0.873,0.573,masonro01
Jason Maxiell,24,DET,NBA,2007-08,82,7,1768,240,446,240,445,0,1,171,270,177,256,433,46,21,94,71,183,651,0.538,0.539,0,0.538,0.633,0.576,maxieja01
Rashad McCants,23,MIN,NBA,2007-08,75,24,2020,428,944,286,595,142,349,116,155,50,156,206,162,66,18,172,234,1114,0.453,0.481,0.407,0.529,0.748,0.55,mccanra01
Jelani McCoy,30,DEN,NBA,2007-08,6,1,33,1,1,1,1,0,0,1,2,1,6,7,0,0,5,4,7,3,1,1,,1,0.5,0.798,mccoyje01
Antonio McDyess,33,DET,NBA,2007-08,78,78,2285,293,600,293,598,0,2,97,156,204,462,666,89,61,53,75,246,683,0.488,0.49,0,0.488,0.622,0.511,mcdyean01
Tracy McGrady,28,HOU,NBA,2007-08,66,62,2440,548,1307,462,1012,86,295,245,358,42,297,339,387,68,30,160,91,1427,0.419,0.457,0.292,0.452,0.684,0.487,mcgratr01
Dominic McGuire,22,WAS,NBA,2007-08,70,1,695,39,103,38,97,1,6,14,32,53,86,139,40,20,26,40,76,93,0.379,0.392,0.167,0.383,0.438,0.397,mcguido01
Jeff McInnis,33,CHA,NBA,2007-08,54,26,1410,108,249,105,230,3,19,23,30,16,80,96,220,23,3,76,120,242,0.434,0.457,0.158,0.44,0.767,0.461,mcinnje01
Josh McRoberts,20,POR,NBA,2007-08,8,0,28,6,10,6,9,0,1,0,0,2,8,10,2,1,0,2,1,12,0.6,0.667,0,0.6,,0.6,mcrobjo01
Chris Mihm,28,LAL,NBA,2007-08,23,5,278,32,95,32,95,0,0,18,27,28,49,77,13,4,14,17,42,82,0.337,0.337,,0.337,0.667,0.384,mihmch01
C.J. Miles,20,UTA,NBA,2007-08,60,13,689,113,236,83,159,30,77,41,52,16,62,78,53,32,8,27,98,297,0.479,0.522,0.39,0.542,0.788,0.574,milescj01
Darko Milicic,22,MEM,NBA,2007-08,70,64,1663,219,500,219,499,0,1,67,121,127,297,424,58,32,114,101,185,505,0.438,0.439,0,0.438,0.554,0.456,milicda01
Andre Miller,31,PHI,NBA,2007-08,82,82,3016,569,1156,566,1122,3,34,257,333,95,229,324,565,105,6,206,181,1398,0.492,0.504,0.088,0.494,0.772,0.537,millean02
Brad Miller,31,SAC,NBA,2007-08,72,72,2513,337,728,309,638,28,90,262,309,167,514,681,264,69,74,164,247,964,0.463,0.484,0.311,0.482,0.848,0.558,millebr01
Mike Miller,27,MEM,NBA,2007-08,70,70,2474,414,824,259,465,155,359,164,212,51,416,467,240,35,16,182,145,1147,0.502,0.557,0.432,0.596,0.774,0.625,millemi01
Paul Millsap,22,UTA,NBA,2007-08,82,2,1702,253,502,253,498,0,4,155,229,167,293,460,81,72,73,87,269,661,0.504,0.508,0,0.504,0.677,0.548,millspa01
Yao Ming,27,HOU,NBA,2007-08,55,55,2044,432,852,432,850,0,2,345,406,172,422,594,129,25,111,183,171,1209,0.507,0.508,0,0.507,0.85,0.587,mingya01
Cuttino Mobley,32,LAC,NBA,2007-08,77,38,2702,377,870,310,678,67,192,163,199,50,225,275,202,78,34,123,152,984,0.433,0.457,0.349,0.472,0.819,0.514,moblecu01
Nazr Mohammed,30,TOT,NBA,2007-08,82,29,1650,272,528,272,527,0,1,95,163,194,300,494,72,45,60,101,230,639,0.515,0.516,0,0.515,0.583,0.533,mohamna01
Jamario Moon,27,TOR,NBA,2007-08,78,75,2166,279,575,239,453,40,122,63,85,92,392,484,90,80,108,51,152,661,0.485,0.528,0.328,0.52,0.741,0.54,moonja01
Mikki Moore,32,SAC,NBA,2007-08,82,79,2385,282,489,282,487,0,2,134,182,160,334,494,84,35,46,110,310,698,0.577,0.579,0,0.577,0.736,0.613,mooremi01
Randolph Morris,22,NYK,NBA,2007-08,18,2,181,21,58,21,58,0,0,14,29,12,25,37,2,4,2,9,37,56,0.362,0.362,,0.362,0.483,0.396,morrira01
Alonzo Mourning,37,MIA,NBA,2007-08,25,0,389,52,95,52,95,0,0,45,76,34,59,93,7,4,42,25,56,149,0.547,0.547,,0.547,0.592,0.58,mournal01
Troy Murphy,27,IND,NBA,2007-08,75,61,2106,315,693,221,457,94,236,192,241,108,435,543,165,49,32,96,217,916,0.455,0.484,0.398,0.522,0.797,0.573,murphtr01
Ronald Murray,28,TOT,NBA,2007-08,42,19,874,154,367,134,304,20,63,68,98,23,60,83,144,38,4,84,50,396,0.42,0.441,0.317,0.447,0.694,0.483,murraro01
Dikembe Mutombo,41,HOU,NBA,2007-08,39,25,619,43,80,43,80,0,0,32,45,68,131,199,5,11,48,17,55,118,0.538,0.538,,0.538,0.711,0.591,mutomdi01
Bostjan Nachbar,27,NJN,NBA,2007-08,75,1,1660,245,609,151,347,94,262,154,196,56,204,260,88,44,21,85,182,738,0.402,0.435,0.359,0.479,0.786,0.531,nachbbo01
Eduardo Najera,31,DEN,NBA,2007-08,78,3,1664,174,368,121,221,53,147,63,89,113,224,337,95,69,40,59,199,464,0.473,0.548,0.361,0.545,0.708,0.57,najered01
Steve Nash,33,PHO,NBA,2007-08,81,81,2780,485,962,306,581,179,381,222,245,28,254,282,898,53,5,295,113,1371,0.504,0.527,0.47,0.597,0.906,0.641,nashst01
Juan Carlos Navarro,27,MEM,NBA,2007-08,82,30,2117,308,766,152,334,156,432,124,146,34,176,210,177,48,1,134,94,896,0.402,0.455,0.361,0.504,0.849,0.54,navarju01
Jameer Nelson,25,ORL,NBA,2007-08,69,62,1961,283,603,219,449,64,154,125,151,28,215,243,383,63,4,141,167,755,0.469,0.488,0.416,0.522,0.828,0.564,nelsoja01
Rasho Nesterovic,31,TOR,NBA,2007-08,71,39,1486,257,467,256,464,1,3,37,49,130,212,342,82,20,52,60,132,552,0.55,0.552,0.333,0.551,0.755,0.565,nestera01
Ira Newble,33,TOT,NBA,2007-08,49,13,698,76,174,60,125,16,49,20,26,47,78,125,18,28,8,34,69,188,0.437,0.48,0.327,0.483,0.769,0.507,newblir01
Demetris Nichols,23,TOT,NBA,2007-08,14,0,44,6,23,3,10,3,13,0,0,0,5,5,1,0,3,4,4,15,0.261,0.3,0.231,0.326,,0.326,nichode01
Joakim Noah,22,CHI,NBA,2007-08,74,31,1534,177,367,177,366,0,1,134,194,174,242,416,84,68,64,89,173,488,0.482,0.484,0,0.482,0.691,0.539,noahjo01
Andres Nocioni,28,CHI,NBA,2007-08,82,27,2021,379,877,253,531,126,346,196,243,48,294,342,95,25,43,133,245,1080,0.432,0.476,0.364,0.504,0.807,0.549,nocioan01
Steve Novak,24,HOU,NBA,2007-08,35,0,264,49,102,15,31,34,71,3,4,4,31,35,6,2,3,4,17,135,0.48,0.484,0.479,0.647,0.75,0.651,novakst01
Dirk Nowitzki,29,DAL,NBA,2007-08,77,77,2769,630,1314,551,1094,79,220,478,544,95,564,659,266,51,71,160,198,1817,0.479,0.504,0.359,0.51,0.879,0.585,nowitdi01
Patrick O'Bryant,21,GSW,NBA,2007-08,24,0,99,16,29,16,29,0,0,3,5,10,19,29,4,4,9,7,27,35,0.552,0.552,,0.552,0.6,0.561,obryapa01
Jermaine O'Neal,29,IND,NBA,2007-08,42,34,1206,225,512,225,507,0,5,121,163,82,201,283,93,20,87,106,129,571,0.439,0.444,0,0.439,0.742,0.489,onealje01
Shaquille O'Neal,35,TOT,NBA,2007-08,61,61,1748,331,558,331,558,0,0,170,338,166,388,554,93,32,88,181,228,832,0.593,0.593,,0.593,0.503,0.589,onealsh01
Fabricio Oberto,32,SAS,NBA,2007-08,82,64,1644,180,296,180,295,0,1,37,61,153,277,430,95,37,20,51,203,397,0.608,0.61,0,0.608,0.607,0.615,obertfa01
Lamar Odom,28,LAL,NBA,2007-08,77,77,2921,417,795,386,682,31,113,229,328,197,622,819,273,75,72,156,222,1094,0.525,0.566,0.274,0.544,0.698,0.582,odomla01
Emeka Okafor,25,CHA,NBA,2007-08,82,82,2718,460,860,460,860,0,0,213,374,255,621,876,70,62,138,164,241,1133,0.535,0.535,,0.535,0.57,0.553,okafoem01
Mehmet Okur,28,UTA,NBA,2007-08,72,72,2390,374,841,260,547,114,294,185,230,132,424,556,145,55,29,104,236,1047,0.445,0.475,0.388,0.512,0.804,0.556,okurme01
Kevin Ollie,35,PHI,NBA,2007-08,40,0,300,29,69,29,68,0,1,12,15,4,15,19,38,10,0,5,28,70,0.42,0.426,0,0.42,0.8,0.463,ollieke01
Bo Outlaw,36,ORL,NBA,2007-08,2,0,7,2,3,2,3,0,0,0,0,0,0,0,0,0,0,1,1,4,0.667,0.667,,0.667,,0.667,outlabo01
Travis Outlaw,23,POR,NBA,2007-08,82,6,2186,417,964,377,863,40,101,218,294,96,280,376,106,59,63,107,173,1092,0.433,0.437,0.396,0.453,0.741,0.499,outlatr01
Andre Owens,27,IND,NBA,2007-08,31,7,392,40,107,22,67,18,40,25,34,13,34,47,47,13,3,24,37,123,0.374,0.328,0.45,0.458,0.735,0.504,owensan01
Zaza Pachulia,23,ATL,NBA,2007-08,62,5,944,107,245,107,242,0,3,108,153,89,159,248,36,24,13,69,140,322,0.437,0.442,0,0.437,0.706,0.515,pachuza01
Jannero Pargo,28,NOH,NBA,2007-08,80,5,1497,254,652,189,466,65,186,71,81,26,104,130,192,50,5,93,123,644,0.39,0.406,0.349,0.439,0.877,0.468,pargoja01
Anthony Parker,32,TOR,NBA,2007-08,82,82,2634,395,829,262,525,133,304,102,125,50,284,334,183,79,17,87,157,1025,0.476,0.499,0.438,0.557,0.816,0.58,parkean01
Smush Parker,26,TOT,NBA,2007-08,28,2,592,64,184,46,106,18,78,19,28,4,47,51,84,24,6,44,60,165,0.348,0.434,0.231,0.397,0.679,0.42,parkesm01
Tony Parker,25,SAS,NBA,2007-08,69,68,2312,515,1043,498,977,17,66,248,347,30,191,221,411,55,8,164,93,1295,0.494,0.51,0.258,0.502,0.715,0.542,parketo01
Ruben Patterson,32,LAC,NBA,2007-08,20,5,327,39,86,39,84,0,2,24,43,24,40,64,17,21,7,27,37,102,0.453,0.464,0,0.453,0.558,0.486,patteru01
Chris Paul,22,NOH,NBA,2007-08,80,80,3006,630,1291,538,1042,92,249,332,390,62,259,321,925,217,4,201,185,1684,0.488,0.516,0.369,0.524,0.851,0.576,paulch01
Sasha Pavlovic,24,CLE,NBA,2007-08,51,45,1188,146,403,112,289,34,114,53,77,35,93,128,82,29,6,55,117,379,0.362,0.388,0.298,0.404,0.688,0.434,pavloal01
Oleksiy Pecherov,22,WAS,NBA,2007-08,35,0,320,44,125,27,65,17,60,20,31,21,45,66,7,6,5,17,30,125,0.352,0.415,0.283,0.42,0.645,0.451,pecheol01
Kendrick Perkins,23,BOS,NBA,2007-08,78,78,1912,214,348,214,347,0,1,114,183,145,329,474,84,31,114,125,242,542,0.615,0.617,0,0.615,0.623,0.632,perkike01
Kosta Perovic,22,GSW,NBA,2007-08,7,0,38,3,10,3,10,0,0,4,6,6,7,13,1,0,2,1,6,10,0.3,0.3,,0.3,0.667,0.396,perovko01
Morris Peterson,30,NOH,NBA,2007-08,76,76,1796,215,516,102,229,113,287,65,85,36,170,206,67,47,7,41,125,608,0.417,0.445,0.394,0.526,0.765,0.549,petermo01
Johan Petro,22,SEA,NBA,2007-08,72,28,1310,184,439,184,438,0,1,64,87,98,272,370,32,35,42,73,173,432,0.419,0.42,0,0.419,0.736,0.453,petrojo01
Eric Piatkowski,37,PHO,NBA,2007-08,16,0,113,12,33,1,7,11,26,4,4,1,11,12,10,0,1,6,11,39,0.364,0.143,0.423,0.53,1,0.561,piatker01
Paul Pierce,30,BOS,NBA,2007-08,80,80,2874,509,1098,366,733,143,365,409,485,53,358,411,363,101,36,221,200,1570,0.464,0.499,0.392,0.529,0.843,0.599,piercpa01
Mickael Pietrus,25,GSW,NBA,2007-08,66,16,1316,170,387,104,204,66,183,66,98,67,175,242,49,66,43,48,200,472,0.439,0.51,0.361,0.525,0.673,0.549,pietrmi01
Scot Pollard,32,BOS,NBA,2007-08,22,0,173,12,23,12,23,0,0,15,22,14,23,37,3,3,6,5,43,39,0.522,0.522,,0.522,0.682,0.597,pollasc01
James Posey,31,BOS,NBA,2007-08,74,2,1821,173,414,67,135,106,279,93,115,30,292,322,114,72,19,65,182,545,0.418,0.496,0.38,0.546,0.809,0.587,poseyja01
Leon Powe,24,BOS,NBA,2007-08,56,5,809,154,269,154,268,0,1,137,193,95,132,227,15,15,16,43,127,445,0.572,0.575,0,0.572,0.71,0.629,powele01
Josh Powell,25,LAC,NBA,2007-08,64,25,1228,145,315,145,312,0,3,63,87,115,216,331,47,14,23,65,130,353,0.46,0.465,0,0.46,0.724,0.5,poweljo01
Kasib Powell,26,MIA,NBA,2007-08,11,4,304,35,95,27,62,8,33,6,9,8,36,44,18,9,2,5,18,84,0.368,0.435,0.242,0.411,0.667,0.424,powelka01
Ronnie Price,24,UTA,NBA,2007-08,61,3,588,88,204,62,129,26,75,26,38,8,38,46,78,32,3,30,83,228,0.431,0.481,0.347,0.495,0.684,0.516,pricero01
Tayshaun Prince,27,DET,NBA,2007-08,82,82,2694,421,940,368,794,53,146,185,241,109,289,398,268,42,33,91,90,1080,0.448,0.463,0.363,0.476,0.768,0.516,princta01
Gabe Pruitt,21,BOS,NBA,2007-08,15,0,95,14,39,11,27,3,12,1,2,1,7,8,13,5,0,5,10,32,0.359,0.407,0.25,0.397,0.5,0.401,pruitga01
Joel Przybilla,28,POR,NBA,2007-08,77,67,1819,144,250,144,249,0,1,83,122,195,454,649,27,13,93,95,234,371,0.576,0.578,0,0.576,0.68,0.611,przybjo01
Chris Quinn,24,MIA,NBA,2007-08,60,25,1340,158,373,94,214,64,159,85,98,11,107,118,178,46,4,55,90,465,0.424,0.439,0.403,0.509,0.867,0.559,quinnch01
Vladimir Radmanovic,27,LAL,NBA,2007-08,65,41,1483,198,437,103,203,95,234,52,65,56,159,215,123,46,12,73,147,543,0.453,0.507,0.406,0.562,0.8,0.583,radmavl01
Shavlik Randolph,24,PHI,NBA,2007-08,9,0,27,4,14,4,14,0,0,0,0,9,2,11,3,1,3,2,5,8,0.286,0.286,,0.286,,0.286,randosh01
Zach Randolph,26,NYK,NBA,2007-08,69,68,2244,486,1058,464,978,22,80,223,289,184,526,710,140,59,16,186,194,1217,0.459,0.474,0.275,0.47,0.772,0.513,randoza01
Theo Ratliff,34,TOT,NBA,2007-08,26,9,437,41,85,41,84,0,1,29,43,32,57,89,14,7,37,21,59,111,0.482,0.488,0,0.482,0.674,0.534,ratlith01
Michael Redd,28,MIL,NBA,2007-08,72,71,2702,550,1243,420,884,130,359,402,490,85,224,309,247,65,13,181,120,1632,0.442,0.475,0.362,0.495,0.82,0.559,reddmi01
J.J. Redick,23,ORL,NBA,2007-08,34,0,276,48,108,31,65,17,43,27,34,1,22,23,16,4,0,15,29,140,0.444,0.477,0.395,0.523,0.794,0.569,redicjj01
Chris Richard,23,MIN,NBA,2007-08,52,3,556,41,87,41,87,0,0,16,27,52,83,135,18,10,12,24,83,98,0.471,0.471,,0.471,0.593,0.496,richach01
Jason Richardson,27,CHA,NBA,2007-08,82,82,3149,648,1468,405,869,243,599,249,331,80,361,441,258,116,57,166,241,1788,0.441,0.466,0.406,0.524,0.752,0.554,richaja01
Jeremy Richardson,23,TOT,NBA,2007-08,27,1,132,16,44,9,25,7,19,2,2,1,8,9,2,3,0,6,13,41,0.364,0.36,0.368,0.443,1,0.457,richaje01
Quentin Richardson,27,NYK,NBA,2007-08,65,65,1841,199,555,130,341,69,214,60,88,56,259,315,116,44,15,69,153,527,0.359,0.381,0.322,0.421,0.682,0.444,richaqu01
Luke Ridnour,26,SEA,NBA,2007-08,61,5,1223,147,368,126,297,21,71,78,91,13,81,94,241,37,14,80,120,393,0.399,0.424,0.296,0.428,0.857,0.482,ridnolu01
Nate Robinson,23,NYK,NBA,2007-08,72,17,1883,331,782,234,490,97,292,154,196,51,171,222,212,60,1,103,186,913,0.423,0.478,0.332,0.485,0.786,0.526,robinna01
Sergio Rodriguez,21,POR,NBA,2007-08,72,0,628,69,196,52,138,17,58,25,38,13,45,58,123,24,0,53,57,180,0.352,0.377,0.293,0.395,0.658,0.423,rodrise01
Rajon Rondo,21,BOS,NBA,2007-08,77,77,2306,351,713,346,694,5,19,107,175,78,244,322,393,129,13,147,187,814,0.492,0.499,0.263,0.496,0.611,0.515,rondora01
Malik Rose,33,NYK,NBA,2007-08,49,3,494,66,180,64,173,2,7,37,51,31,72,103,28,16,7,40,80,171,0.367,0.37,0.286,0.372,0.725,0.422,rosema01
Quinton Ross,26,LAC,NBA,2007-08,76,44,1505,131,335,122,314,9,21,40,60,54,118,172,88,43,33,29,132,311,0.391,0.389,0.429,0.404,0.667,0.43,rossqu01
Brandon Roy,23,POR,NBA,2007-08,74,74,2792,531,1170,458,955,73,215,281,373,81,267,348,430,79,16,136,147,1416,0.454,0.48,0.34,0.485,0.753,0.531,roybr01
Michael Ruffin,31,MIL,NBA,2007-08,46,2,632,33,62,33,62,0,0,25,63,90,96,186,24,31,19,19,93,91,0.532,0.532,,0.532,0.397,0.507,ruffimi01
Kareem Rush,27,IND,NBA,2007-08,71,15,1504,228,569,126,307,102,262,30,42,19,149,168,89,42,19,62,108,588,0.401,0.41,0.389,0.49,0.714,0.5,rushka01
John Salmons,28,SAC,NBA,2007-08,81,41,2517,381,799,342,679,39,120,214,260,76,273,349,208,93,31,170,171,1015,0.477,0.504,0.325,0.501,0.823,0.556,salmojo01
Cheikh Samb,23,DET,NBA,2007-08,4,0,31,3,4,3,4,0,0,1,2,3,4,7,0,1,2,1,8,7,0.75,0.75,,0.75,0.5,0.717,sambch01
Brian Scalabrine,29,BOS,NBA,2007-08,48,9,512,29,94,14,48,15,46,15,20,22,57,79,40,9,8,26,63,88,0.309,0.292,0.326,0.388,0.75,0.428,scalabr01
Luis Scola,27,HOU,NBA,2007-08,82,39,2024,345,670,345,667,0,3,157,235,174,351,525,106,60,19,105,235,847,0.515,0.517,0,0.515,0.668,0.548,scolalu01
Thabo Sefolosha,23,CHI,NBA,2007-08,69,22,1436,180,421,151,333,29,88,75,104,50,205,255,129,61,30,93,128,464,0.428,0.453,0.33,0.462,0.721,0.497,sefolth01
Mouhamed Sene,21,SEA,NBA,2007-08,13,0,62,11,24,11,24,0,0,8,17,7,9,16,1,0,7,0,9,30,0.458,0.458,,0.458,0.471,0.476,senesa01
Ramon Sessions,21,MIL,NBA,2007-08,17,7,450,51,117,48,110,3,7,32,41,8,50,58,127,17,3,36,26,137,0.436,0.436,0.429,0.449,0.78,0.507,sessira01
Bobby Simmons,27,MIL,NBA,2007-08,70,21,1521,209,496,149,325,60,171,53,70,67,159,226,80,50,5,78,140,531,0.421,0.458,0.351,0.482,0.757,0.504,simmobo01
Cedric Simmons,22,TOT,NBA,2007-08,14,0,87,4,14,4,14,0,0,0,10,6,12,18,0,2,5,6,8,8,0.286,0.286,,0.286,0,0.217,simmoce01
Courtney Sims,24,IND,NBA,2007-08,3,0,11,0,1,0,1,0,0,0,0,1,1,2,1,0,0,0,2,0,0,0,,0,,0,simsco01
Brian Skinner,31,PHO,NBA,2007-08,66,0,844,92,198,90,195,2,3,33,63,63,175,238,15,21,77,39,112,219,0.465,0.462,0.667,0.47,0.524,0.485,skinnbr01
Craig Smith,24,MIN,NBA,2007-08,77,11,1547,297,528,297,519,0,9,133,200,123,230,353,60,36,17,89,217,727,0.563,0.572,0,0.563,0.665,0.59,smithcr01
J.R. Smith,22,DEN,NBA,2007-08,74,0,1421,311,674,154,284,157,390,128,178,43,109,152,128,62,12,112,144,907,0.461,0.542,0.403,0.578,0.719,0.603,smithjr01
Jason Smith,21,PHI,NBA,2007-08,76,1,1107,141,310,137,296,4,14,54,82,77,153,230,20,22,50,48,142,340,0.455,0.463,0.286,0.461,0.659,0.491,smithja02
Joe Smith,32,TOT,NBA,2007-08,77,36,1726,312,653,312,650,0,3,154,204,163,238,401,66,34,47,71,186,778,0.478,0.48,0,0.478,0.755,0.524,smithjo02
Josh Smith,22,ATL,NBA,2007-08,81,81,2873,518,1133,493,1034,25,99,333,469,161,506,667,272,123,227,245,269,1394,0.457,0.477,0.253,0.468,0.71,0.52,smithjo03
Eric Snow,34,CLE,NBA,2007-08,22,5,305,6,38,6,36,0,2,10,22,4,16,20,42,10,4,10,30,22,0.158,0.167,0,0.158,0.455,0.231,snower01
Kirk Snyder,24,TOT,NBA,2007-08,36,18,761,96,189,91,166,5,23,64,88,30,96,126,64,20,15,52,55,261,0.508,0.548,0.217,0.521,0.727,0.573,snydeki01
Darius Songaila,29,WAS,NBA,2007-08,80,13,1554,214,467,214,465,0,2,67,73,81,190,271,135,53,16,86,181,495,0.458,0.46,0,0.458,0.918,0.496,songada01
Jerry Stackhouse,33,DAL,NBA,2007-08,58,13,1412,213,526,153,342,60,184,132,148,33,100,133,145,28,10,86,82,618,0.405,0.447,0.326,0.462,0.892,0.523,stackje01
DeShawn Stevenson,26,WAS,NBA,2007-08,82,82,2564,301,780,143,367,158,413,157,197,37,198,235,252,65,15,102,110,917,0.386,0.39,0.383,0.487,0.797,0.529,stevede01
Peja Stojakovic,30,NOH,NBA,2007-08,77,77,2711,451,1026,220,502,231,524,130,140,64,267,331,96,57,10,61,127,1263,0.44,0.438,0.441,0.552,0.929,0.581,stojape01
Awvee Storey,30,MIL,NBA,2007-08,26,0,259,39,89,39,82,0,7,14,29,31,23,54,16,7,1,10,41,92,0.438,0.476,0,0.438,0.483,0.452,storeaw01
Damon Stoudamire,34,TOT,NBA,2007-08,60,33,1037,120,337,70,188,50,149,27,34,20,98,118,165,30,2,80,76,317,0.356,0.372,0.336,0.43,0.794,0.45,stoudda01
Salim Stoudamire,25,ATL,NBA,2007-08,35,0,402,65,180,36,95,29,85,41,50,4,20,24,28,7,5,21,34,200,0.361,0.379,0.341,0.442,0.82,0.495,stoudsa01
Amar'e Stoudemire,25,PHO,NBA,2007-08,79,79,2677,714,1211,709,1180,5,31,556,691,178,541,719,118,64,163,174,294,1989,0.59,0.601,0.161,0.592,0.805,0.656,stoudam01
D.J. Strawberry,22,PHO,NBA,2007-08,33,0,270,29,92,23,67,6,25,9,19,9,19,28,30,12,6,11,36,73,0.315,0.343,0.24,0.348,0.474,0.364,strawdj01
Rodney Stuckey,21,DET,NBA,2007-08,57,2,1081,153,382,150,366,3,16,127,156,32,97,129,160,49,6,78,113,436,0.401,0.41,0.188,0.404,0.814,0.484,stuckro01
Robert Swift,22,SEA,NBA,2007-08,8,4,98,6,17,6,17,0,0,2,2,6,12,18,1,5,6,10,16,14,0.353,0.353,,0.353,1,0.391,swiftro01
Stromile Swift,28,TOT,NBA,2007-08,56,4,844,135,265,135,263,0,2,73,109,64,135,199,26,15,54,51,113,343,0.509,0.513,0,0.509,0.67,0.548,swiftst01
Wally Szczerbiak,30,TOT,NBA,2007-08,75,2,1736,311,722,221,504,90,218,149,175,34,183,217,104,23,12,76,103,861,0.431,0.438,0.413,0.493,0.851,0.539,szczewa02
Sebastian Telfair,22,MIN,NBA,2007-08,60,51,1933,223,556,191,442,32,114,78,105,16,119,135,355,59,11,111,171,556,0.401,0.432,0.281,0.43,0.743,0.462,telfase01
Jason Terry,30,DAL,NBA,2007-08,82,34,2579,471,1008,335,645,136,363,191,223,30,178,208,264,88,18,92,170,1269,0.467,0.519,0.375,0.535,0.857,0.574,terryja01
Billy Thomas,32,TOT,NBA,2007-08,11,0,42,4,17,0,1,4,16,2,2,0,2,2,0,1,0,4,4,14,0.235,0,0.25,0.353,1,0.391,thomabi01
Kenny Thomas,30,SAC,NBA,2007-08,23,3,281,16,38,16,38,0,0,0,5,18,43,61,13,6,1,21,38,32,0.421,0.421,,0.421,0,0.398,thomake01
Kurt Thomas,35,TOT,NBA,2007-08,70,48,1584,195,396,195,395,0,1,53,80,130,377,507,67,56,57,46,188,443,0.492,0.494,0,0.492,0.663,0.514,thomaku01
Tim Thomas,30,LAC,NBA,2007-08,63,51,1940,291,705,208,434,83,271,115,153,62,261,323,171,40,29,98,192,780,0.413,0.479,0.306,0.472,0.752,0.505,thomati01
Tyrus Thomas,21,CHI,NBA,2007-08,74,27,1330,186,440,185,434,1,6,129,174,102,240,342,90,48,72,77,170,502,0.423,0.426,0.167,0.424,0.741,0.486,thomaty01
Al Thornton,24,LAC,NBA,2007-08,79,31,2158,374,871,331,741,43,130,214,288,98,260,358,98,46,43,128,195,1005,0.429,0.447,0.331,0.454,0.743,0.504,thornal01
Jamaal Tinsley,29,IND,NBA,2007-08,39,36,1293,176,463,136,322,40,141,72,100,24,117,141,326,66,10,130,97,464,0.38,0.422,0.284,0.423,0.72,0.458,tinslja01
Alando Tucker,23,PHO,NBA,2007-08,6,0,48,8,22,7,18,1,4,5,6,4,4,8,0,0,1,0,2,22,0.364,0.389,0.25,0.386,0.833,0.446,tuckeal02
Ronny Turiaf,25,LAL,NBA,2007-08,78,21,1458,188,397,188,396,0,1,140,186,95,211,306,128,28,108,72,199,516,0.474,0.475,0,0.474,0.753,0.539,turiaro01
Hedo Turkoglu,28,ORL,NBA,2007-08,82,82,3026,556,1219,390,804,166,415,324,391,83,388,471,409,74,25,246,244,1602,0.456,0.485,0.4,0.524,0.829,0.576,turkohe01
Ime Udoka,30,SAS,NBA,2007-08,73,0,1316,159,375,98,210,61,165,44,58,36,192,228,63,56,17,58,127,423,0.424,0.467,0.37,0.505,0.759,0.528,udokaim01
Beno Udrih,25,SAC,NBA,2007-08,65,51,2080,328,708,275,571,53,137,125,147,34,183,217,282,56,10,148,138,834,0.463,0.482,0.387,0.501,0.85,0.54,udrihbe01
Anderson Varejao,25,CLE,NBA,2007-08,48,13,1320,136,295,136,293,0,2,49,82,134,265,399,53,37,26,59,134,321,0.461,0.464,0,0.461,0.598,0.485,varejan01
Jacque Vaughn,32,SAS,NBA,2007-08,74,9,1139,121,283,118,273,3,10,61,80,13,61,74,159,23,1,54,97,306,0.428,0.432,0.3,0.433,0.763,0.481,vaughja01
Charlie Villanueva,23,MIL,NBA,2007-08,76,31,1829,354,814,299,629,55,185,123,157,145,321,466,78,30,35,107,174,886,0.435,0.475,0.297,0.469,0.783,0.502,villach01
Marcus Vinicius,23,NOH,NBA,2007-08,13,0,69,9,20,4,8,5,12,5,11,1,7,8,2,1,1,3,4,28,0.45,0.5,0.417,0.575,0.455,0.564,vincima01
Jake Voskuhl,30,MIL,NBA,2007-08,44,0,386,37,80,37,80,0,0,24,29,30,67,97,13,9,21,29,83,98,0.463,0.463,,0.463,0.828,0.528,voskuja01
Sasha Vujacic,23,LAL,NBA,2007-08,72,0,1279,219,482,101,212,118,270,76,91,19,135,154,72,36,5,52,107,632,0.454,0.476,0.437,0.577,0.835,0.605,vujacsa01
Dwyane Wade,26,MIA,NBA,2007-08,51,49,1954,439,937,417,860,22,77,354,467,45,169,214,354,87,37,224,137,1254,0.469,0.485,0.286,0.48,0.758,0.549,wadedw01
Von Wafer,22,TOT,NBA,2007-08,29,0,154,17,61,13,35,4,26,8,12,1,18,19,7,2,3,13,7,46,0.279,0.371,0.154,0.311,0.667,0.347,wafervo01
Antoine Walker,31,MIN,NBA,2007-08,46,1,892,136,375,75,187,61,188,35,66,56,112,168,45,33,8,46,80,368,0.363,0.401,0.324,0.444,0.53,0.455,walkean02
Ben Wallace,33,TOT,NBA,2007-08,72,72,2205,138,352,138,348,0,4,72,169,234,370,604,105,88,117,67,121,348,0.392,0.397,0,0.392,0.426,0.408,wallabe01
Gerald Wallace,25,CHA,NBA,2007-08,62,59,2376,408,908,337,687,71,221,313,428,58,315,373,216,131,58,180,189,1200,0.449,0.491,0.321,0.488,0.731,0.547,wallage01
Rasheed Wallace,33,DET,NBA,2007-08,77,76,2346,376,870,264,555,112,315,115,150,84,427,511,137,91,129,86,213,979,0.432,0.476,0.356,0.497,0.767,0.523,wallara01
Luke Walton,27,LAL,NBA,2007-08,74,31,1729,215,478,187,394,28,84,77,109,85,206,291,218,60,18,100,133,535,0.45,0.475,0.333,0.479,0.706,0.509,waltolu01
Hakim Warrick,25,MEM,NBA,2007-08,75,30,1754,328,653,315,605,13,48,183,260,123,233,356,53,36,28,85,156,852,0.502,0.521,0.271,0.512,0.704,0.555,warriha01
Darius Washington,22,SAS,NBA,2007-08,18,0,146,21,48,17,36,4,12,7,13,4,16,20,15,5,0,14,16,53,0.438,0.472,0.333,0.479,0.538,0.493,washida01
Darryl Watkins,23,SAC,NBA,2007-08,9,0,71,5,15,5,15,0,0,2,5,5,7,12,0,2,2,7,8,12,0.333,0.333,,0.333,0.4,0.349,watkida01
C.J. Watson,23,GSW,NBA,2007-08,32,0,368,43,101,34,75,9,26,23,29,13,19,32,35,15,0,18,19,118,0.426,0.453,0.346,0.47,0.793,0.519,watsocj01
Earl Watson,28,SEA,NBA,2007-08,78,73,2269,339,747,290,615,49,132,111,145,43,182,225,531,69,11,175,158,838,0.454,0.472,0.371,0.487,0.766,0.517,watsoea01
Chris Webber,34,GSW,NBA,2007-08,9,8,126,15,31,15,31,0,0,5,12,2,30,32,18,4,6,11,17,35,0.484,0.484,,0.484,0.417,0.482,webbech01
Martell Webster,21,POR,NBA,2007-08,75,70,2132,277,656,154,339,123,317,122,166,54,242,296,90,42,28,83,159,799,0.422,0.454,0.388,0.516,0.735,0.548,webstma02
Bonzi Wells,31,TOT,NBA,2007-08,73,7,1562,252,569,240,519,12,50,146,227,84,247,331,97,75,32,103,157,662,0.443,0.462,0.24,0.453,0.643,0.495,wellsbo01
David West,27,NOH,NBA,2007-08,76,76,2870,629,1305,623,1280,6,25,300,353,180,495,675,177,62,99,165,208,1564,0.482,0.487,0.24,0.484,0.85,0.535,westda01
Delonte West,24,TOT,NBA,2007-08,61,31,1533,196,475,148,340,48,135,67,91,31,162,193,229,59,29,117,103,507,0.413,0.435,0.356,0.463,0.736,0.492,westde01
Mario West,23,ATL,NBA,2007-08,64,2,269,21,49,21,45,0,4,17,26,26,22,48,13,12,4,9,61,59,0.429,0.467,0,0.429,0.654,0.488,westma02
Chris Wilcox,25,SEA,NBA,2007-08,62,55,1739,334,638,334,635,0,3,160,248,126,307,433,74,46,36,103,174,828,0.524,0.526,0,0.524,0.645,0.554,wilcoch01
Damien Wilkins,28,SEA,NBA,2007-08,76,31,1843,271,673,221,518,50,155,106,144,72,173,245,150,62,19,89,128,698,0.403,0.427,0.323,0.44,0.736,0.474,wilkida02
Mike Wilks,28,TOT,NBA,2007-08,15,0,188,17,36,14,28,3,8,4,4,5,14,19,14,9,0,9,13,41,0.472,0.5,0.375,0.514,1,0.543,wilksmi01
Aaron Williams,36,LAC,NBA,2007-08,30,5,297,27,55,27,55,0,0,14,18,15,46,61,9,12,15,13,44,68,0.491,0.491,,0.491,0.778,0.54,williaa01
Deron Williams,23,UTA,NBA,2007-08,82,82,3059,566,1117,483,907,83,210,330,411,34,209,243,862,90,23,279,200,1545,0.507,0.533,0.395,0.544,0.803,0.595,willide01
Jason Williams,32,MIA,NBA,2007-08,67,53,1886,211,550,114,275,97,275,69,80,12,118,130,307,83,5,91,93,588,0.384,0.415,0.353,0.472,0.863,0.502,willija02
Justin Williams,23,TOT,NBA,2007-08,23,0,123,13,29,13,29,0,0,8,26,20,29,49,0,5,5,4,17,34,0.448,0.448,,0.448,0.308,0.42,williju01
Lou Williams,21,PHI,NBA,2007-08,80,0,1862,319,752,264,599,55,153,227,290,41,126,167,253,81,13,125,130,920,0.424,0.441,0.359,0.461,0.783,0.523,willilo02
Marcus Williams,21,TOT,NBA,2007-08,11,0,36,5,20,5,20,0,0,0,0,4,8,12,3,1,1,0,3,10,0.25,0.25,,0.25,,0.25,willima04
Marcus Williams,22,NJN,NBA,2007-08,53,7,854,111,293,57,151,54,142,37,47,14,87,101,140,25,3,75,52,313,0.379,0.377,0.38,0.471,0.787,0.499,willima03
Marvin Williams,21,ATL,NBA,2007-08,80,80,2765,424,918,423,908,1,10,336,409,119,338,457,137,81,33,127,225,1185,0.462,0.466,0.1,0.462,0.822,0.54,willima02
Mo Williams,25,MIL,NBA,2007-08,66,66,2410,441,919,352,688,89,231,166,194,37,193,230,419,78,10,182,188,1137,0.48,0.512,0.385,0.528,0.856,0.566,willima01
Sean Williams,21,NJN,NBA,2007-08,73,29,1278,164,305,164,305,0,0,81,133,115,207,322,28,28,106,70,193,409,0.538,0.538,,0.538,0.609,0.563,willise01
Shawne Williams,21,IND,NBA,2007-08,65,3,967,159,372,116,235,43,137,76,106,54,122,176,59,26,26,58,132,437,0.427,0.494,0.314,0.485,0.717,0.522,willish03
Shelden Williams,24,TOT,NBA,2007-08,64,0,776,92,212,92,210,0,2,71,105,68,137,205,19,22,21,35,110,255,0.434,0.438,0,0.434,0.676,0.494,willish02
Loren Woods,29,HOU,NBA,2007-08,7,0,17,3,5,3,5,0,0,0,0,0,1,1,2,0,0,0,2,6,0.6,0.6,,0.6,,0.6,woodslo01
Metta World Peace,28,SAC,NBA,2007-08,57,54,2172,436,962,352,741,84,221,212,295,101,227,328,199,133,38,148,159,1168,0.453,0.475,0.38,0.497,0.719,0.535,artesro01
Antoine Wright,23,TOT,NBA,2007-08,56,10,1232,136,329,104,219,32,110,46,67,40,107,147,80,28,21,50,127,350,0.413,0.475,0.291,0.462,0.687,0.488,wrighan01
Brandan Wright,20,GSW,NBA,2007-08,38,6,376,62,112,62,112,0,0,27,40,38,61,99,9,6,22,13,36,151,0.554,0.554,,0.554,0.675,0.583,wrighbr03
Dorell Wright,22,MIA,NBA,2007-08,44,34,1104,143,293,139,282,4,11,57,69,48,172,220,60,29,41,29,79,347,0.488,0.493,0.364,0.495,0.826,0.537,wrighdo01
Julian Wright,20,NOH,NBA,2007-08,57,1,640,90,169,80,145,10,24,33,52,33,84,117,40,29,12,34,43,223,0.533,0.552,0.417,0.562,0.635,0.581,wrighju01
Lorenzen Wright,32,TOT,NBA,2007-08,18,1,161,6,21,6,21,0,0,3,6,8,30,38,4,3,3,4,31,15,0.286,0.286,,0.286,0.5,0.317,wrighlo02
Nick Young,22,WAS,NBA,2007-08,75,2,1158,210,478,170,378,40,100,101,124,23,92,115,63,35,7,94,130,561,0.439,0.45,0.4,0.481,0.815,0.527,youngni01
Thaddeus Young,19,PHI,NBA,2007-08,74,22,1554,264,490,258,471,6,19,76,103,120,192,312,58,73,8,64,126,610,0.539,0.548,0.316,0.545,0.738,0.57,youngth01
Alex Acker,26,TOT,NBA,2008-09,25,0,199,30,76,23,56,7,20,5,10,8,16,24,12,5,4,7,9,72,0.395,0.411,0.35,0.441,0.5,0.448,ackeral01
Hassan Adams,24,TOR,NBA,2008-09,12,0,52,4,13,4,13,0,0,3,6,1,6,7,1,1,1,4,4,11,0.308,0.308,,0.308,0.5,0.352,adamsha01
Arron Afflalo,23,DET,NBA,2008-09,74,8,1234,131,300,88,193,43,107,58,71,30,104,134,44,28,13,43,144,363,0.437,0.456,0.402,0.508,0.817,0.548,afflaar01
Maurice Ager,24,NJN,NBA,2008-09,20,0,97,15,43,15,37,0,6,4,8,3,7,10,3,1,2,4,17,34,0.349,0.405,0,0.349,0.5,0.365,agerma01
Blake Ahearn,24,SAS,NBA,2008-09,3,0,19,2,6,0,2,2,4,2,2,0,1,1,2,1,0,1,3,8,0.333,0,0.5,0.5,1,0.581,ahearbl01
Alexis Ajinca,20,CHA,NBA,2008-09,31,4,182,25,69,25,67,0,2,20,28,9,21,30,3,7,6,12,34,70,0.362,0.373,0,0.362,0.714,0.43,ajincal01
LaMarcus Aldridge,23,POR,NBA,2008-09,81,81,3004,601,1243,594,1215,7,28,261,334,234,371,605,157,77,77,121,207,1470,0.484,0.489,0.25,0.486,0.781,0.529,aldrila01
Joe Alexander,22,MIL,NBA,2008-09,59,0,716,102,245,86,199,16,46,58,83,44,71,115,42,15,29,52,107,278,0.416,0.432,0.348,0.449,0.699,0.494,alexajo01
Malik Allen,30,MIL,NBA,2008-09,49,3,579,73,170,73,169,0,1,10,21,35,68,103,35,7,12,20,89,156,0.429,0.432,0,0.429,0.476,0.435,allenma01
Ray Allen,33,BOS,NBA,2008-09,79,79,2876,499,1040,300,554,199,486,237,249,66,212,278,218,69,13,134,157,1434,0.48,0.542,0.409,0.575,0.952,0.624,allenra02
Tony Allen,27,BOS,NBA,2008-09,46,2,887,137,284,131,257,6,27,79,109,22,82,104,66,54,23,77,98,359,0.482,0.51,0.222,0.493,0.725,0.541,allento01
Morris Almond,23,UTA,NBA,2008-09,25,1,255,33,81,28,64,5,17,21,26,9,27,36,7,4,4,16,31,92,0.407,0.438,0.294,0.438,0.808,0.498,almonmo01
Rafer Alston,32,TOT,NBA,2008-09,77,76,2447,316,820,204,489,112,331,156,208,33,194,227,406,108,10,140,135,900,0.385,0.417,0.338,0.454,0.75,0.494,alstora01
Lou Amundson,26,PHO,NBA,2008-09,76,0,1044,134,250,134,249,0,1,53,120,128,142,270,28,32,65,56,154,321,0.536,0.538,0,0.536,0.442,0.53,amundlo01
Chris Andersen,30,DEN,NBA,2008-09,71,1,1460,160,292,158,282,2,10,130,181,163,279,442,31,41,175,69,174,452,0.548,0.56,0.2,0.551,0.718,0.608,anderch01
Ryan Anderson,20,NJN,NBA,2008-09,66,30,1312,160,407,91,218,69,189,98,116,104,207,311,52,44,20,63,157,487,0.393,0.417,0.365,0.478,0.845,0.532,anderry01
Carmelo Anthony,24,DEN,NBA,2008-09,66,66,2277,535,1207,472,1037,63,170,371,468,106,344,450,222,75,24,199,195,1504,0.443,0.455,0.371,0.469,0.793,0.532,anthoca01
Joel Anthony,26,MIA,NBA,2008-09,65,28,1048,57,118,57,118,0,0,30,46,89,108,197,27,20,93,41,139,144,0.483,0.483,,0.483,0.652,0.521,anthojo01
Gilbert Arenas,27,WAS,NBA,2008-09,2,2,63,6,23,4,16,2,7,12,16,1,8,9,20,0,1,1,4,26,0.261,0.25,0.286,0.304,0.75,0.433,arenagi01
Trevor Ariza,23,LAL,NBA,2008-09,82,20,1999,274,596,213,405,61,191,120,169,111,241,352,145,137,24,87,166,729,0.46,0.526,0.319,0.511,0.71,0.544,arizatr01
Hilton Armstrong,24,NOH,NBA,2008-09,70,29,1092,138,246,138,244,0,2,62,98,81,114,195,29,26,45,80,181,338,0.561,0.566,0,0.561,0.633,0.585,armsthi01
Darrell Arthur,20,MEM,NBA,2008-09,76,64,1464,191,436,191,434,0,2,40,60,108,238,346,43,52,52,47,206,422,0.438,0.44,0,0.438,0.667,0.456,arthuda01
Chucky Atkins,34,TOT,NBA,2008-09,33,0,412,34,113,19,56,15,57,15,16,5,19,24,59,10,2,23,27,98,0.301,0.339,0.263,0.367,0.938,0.408,atkinch01
D.J. Augustin,21,CHA,NBA,2008-09,72,12,1908,267,621,159,375,108,246,208,233,17,116,133,250,42,2,119,140,850,0.43,0.424,0.439,0.517,0.893,0.587,augusdj01
Kelenna Azubuike,25,GSW,NBA,2008-09,74,51,2375,392,845,298,635,94,210,185,229,112,258,370,117,57,50,95,183,1063,0.464,0.469,0.448,0.52,0.808,0.562,azubuke01
Renaldo Balkman,24,DEN,NBA,2008-09,53,10,780,110,197,108,190,2,7,42,65,86,117,203,34,47,23,35,98,264,0.558,0.568,0.286,0.563,0.646,0.585,balkmre01
Marcus Banks,27,TOT,NBA,2008-09,22,0,206,21,57,18,38,3,19,11,18,1,17,18,28,11,2,14,26,56,0.368,0.474,0.158,0.395,0.611,0.431,banksma01
Leandro Barbosa,26,PHO,NBA,2008-09,70,11,1705,366,759,276,519,90,240,171,194,34,147,181,162,82,7,93,115,993,0.482,0.532,0.375,0.542,0.881,0.588,barbole01
J.J. Barea,24,DAL,NBA,2008-09,79,15,1600,246,557,191,403,55,154,70,93,36,141,177,269,37,5,105,121,617,0.442,0.474,0.357,0.491,0.753,0.516,bareajo01
Andrea Bargnani,23,TOR,NBA,2008-09,78,59,2453,431,958,312,667,119,291,221,266,70,346,416,94,34,97,135,242,1202,0.45,0.468,0.409,0.512,0.831,0.559,bargnan01
Matt Barnes,28,PHO,NBA,2008-09,77,40,2082,285,674,168,333,117,341,101,136,79,342,421,212,52,26,130,209,788,0.423,0.505,0.343,0.51,0.743,0.537,barnema02
Brent Barry,37,HOU,NBA,2008-09,56,1,857,70,172,21,41,49,131,19,20,17,77,94,78,24,3,48,45,208,0.407,0.512,0.374,0.549,0.95,0.575,barrybr01
Brandon Bass,23,DAL,NBA,2008-09,81,0,1574,252,508,252,502,0,6,182,210,129,238,367,43,27,55,86,140,686,0.496,0.502,0,0.496,0.867,0.571,bassbr01
Maceo Baston,33,IND,NBA,2008-09,27,0,217,25,46,25,45,0,1,17,27,22,30,52,7,6,10,12,39,67,0.543,0.556,0,0.543,0.63,0.579,bastoma01
Tony Battie,32,ORL,NBA,2008-09,77,3,1202,158,323,156,314,2,9,54,82,92,186,278,31,26,25,46,112,372,0.489,0.497,0.222,0.492,0.659,0.518,battito01
Shane Battier,30,HOU,NBA,2008-09,60,59,2031,145,354,54,117,91,237,55,67,52,233,285,137,48,54,49,114,436,0.41,0.462,0.384,0.538,0.821,0.568,battish01
Nicolas Batum,20,POR,NBA,2008-09,79,76,1454,161,361,99,193,62,168,42,52,84,136,220,74,50,40,50,139,426,0.446,0.513,0.369,0.532,0.808,0.555,batumni01
Jerryd Bayless,20,POR,NBA,2008-09,53,0,655,69,189,62,162,7,27,83,103,8,49,57,78,16,2,56,81,228,0.365,0.383,0.259,0.384,0.806,0.487,bayleje01
Michael Beasley,20,MIA,NBA,2008-09,81,19,2009,452,957,419,876,33,81,186,241,110,329,439,83,41,37,121,184,1123,0.472,0.478,0.407,0.49,0.772,0.528,beaslmi01
Marco Belinelli,22,GSW,NBA,2008-09,42,23,882,140,317,88,186,52,131,40,52,10,61,71,88,36,1,59,73,372,0.442,0.473,0.397,0.524,0.769,0.547,belinma01
Charlie Bell,29,MIL,NBA,2008-09,70,23,1783,217,524,130,284,87,240,66,80,32,102,134,151,50,7,76,138,587,0.414,0.458,0.363,0.497,0.825,0.525,bellch01
Raja Bell,32,TOT,NBA,2008-09,67,66,2315,299,684,185,413,114,271,87,102,41,202,243,142,50,8,86,166,799,0.437,0.448,0.421,0.52,0.853,0.548,bellra01
Mike Bibby,30,ATL,NBA,2008-09,79,79,2740,437,1005,270,577,167,428,135,171,38,240,278,392,98,11,128,145,1176,0.435,0.468,0.39,0.518,0.789,0.544,bibbymi01
Andris Biedrins,22,GSW,NBA,2008-09,62,58,1863,308,533,308,532,0,1,119,216,223,470,693,121,63,96,110,236,735,0.578,0.579,0,0.578,0.551,0.585,biedran01
Chauncey Billups,32,TOT,NBA,2008-09,79,79,2789,410,980,248,583,162,397,418,458,32,207,239,506,93,18,177,161,1400,0.418,0.425,0.408,0.501,0.913,0.592,billuch01
Steve Blake,28,POR,NBA,2008-09,69,69,2188,277,647,137,319,140,328,63,75,28,145,173,348,69,4,108,126,757,0.428,0.429,0.427,0.536,0.84,0.557,blakest01
Andray Blatche,22,WAS,NBA,2008-09,71,36,1703,297,630,292,609,5,21,114,162,126,252,378,118,53,74,117,211,713,0.471,0.479,0.238,0.475,0.704,0.508,blatcan01
Mark Blount,33,MIA,NBA,2008-09,20,0,207,30,78,19,51,11,27,8,13,10,31,41,4,1,7,14,17,79,0.385,0.373,0.407,0.455,0.615,0.472,blounma01
Keith Bogans,28,TOT,NBA,2008-09,65,15,1272,119,324,45,106,74,218,52,57,31,171,202,64,43,4,41,105,364,0.367,0.425,0.339,0.481,0.912,0.521,boganke01
Andrew Bogut,24,MIL,NBA,2008-09,36,33,1124,183,317,183,317,0,0,56,98,117,252,369,72,23,37,86,130,422,0.577,0.577,,0.577,0.571,0.586,bogutan01
Matt Bonner,28,SAS,NBA,2008-09,81,67,1928,266,536,148,268,118,268,17,23,97,289,386,82,47,26,37,190,667,0.496,0.552,0.44,0.606,0.739,0.611,bonnema01
Josh Boone,24,NJN,NBA,2008-09,62,7,995,113,214,113,214,0,0,32,85,104,154,258,31,22,48,31,106,258,0.528,0.528,,0.528,0.376,0.513,boonejo01
Calvin Booth,32,TOT,NBA,2008-09,8,0,56,5,10,5,10,0,0,6,8,5,6,11,0,1,2,1,10,16,0.5,0.5,,0.5,0.75,0.592,boothca01
Carlos Boozer,27,UTA,NBA,2008-09,37,37,1197,251,512,251,512,0,0,97,139,111,274,385,79,39,7,79,132,599,0.49,0.49,,0.49,0.698,0.523,boozeca01
Chris Bosh,24,TOR,NBA,2008-09,77,77,2928,615,1263,603,1214,12,49,504,617,215,556,771,191,67,77,174,189,1746,0.487,0.497,0.245,0.492,0.817,0.569,boshch01
Bruce Bowen,37,SAS,NBA,2008-09,80,10,1506,79,187,37,89,42,98,14,26,16,129,145,40,36,13,25,123,214,0.422,0.416,0.429,0.535,0.538,0.539,bowenbr01
Ryan Bowen,33,NOH,NBA,2008-09,21,3,219,22,38,22,38,0,0,3,5,10,14,24,9,14,5,5,37,47,0.579,0.579,,0.579,0.6,0.585,bowenry01
Elton Brand,29,PHI,NBA,2008-09,29,23,920,163,365,163,365,0,0,73,108,77,177,254,37,17,45,68,78,399,0.447,0.447,,0.447,0.676,0.484,brandel01
Corey Brewer,22,MIN,NBA,2008-09,15,8,307,37,90,32,78,5,12,14,19,18,31,49,25,15,3,13,37,93,0.411,0.41,0.417,0.439,0.737,0.473,breweco01
Ronnie Brewer,23,UTA,NBA,2008-09,81,80,2605,421,828,399,743,22,85,247,352,101,199,300,179,138,30,110,128,1111,0.508,0.537,0.259,0.522,0.702,0.565,brewero02
Aaron Brooks,24,HOU,NBA,2008-09,80,35,1998,316,783,203,474,113,309,149,172,33,124,157,238,46,8,125,152,894,0.404,0.428,0.366,0.476,0.866,0.521,brookaa01
Andre Brown,27,CHA,NBA,2008-09,4,0,41,1,7,1,7,0,0,2,2,7,5,12,1,1,0,5,9,4,0.143,0.143,,0.143,1,0.254,brownan01
Bobby Brown,24,TOT,NBA,2008-09,68,2,931,141,360,96,230,45,130,34,43,14,38,52,117,21,3,63,95,361,0.392,0.417,0.346,0.454,0.791,0.476,brownbo02
Dee Brown,24,TOT,NBA,2008-09,19,11,261,18,49,11,25,7,24,3,5,7,22,29,36,10,0,17,28,46,0.367,0.44,0.292,0.439,0.6,0.449,brownde03
Devin Brown,30,NOH,NBA,2008-09,63,5,869,111,313,83,216,28,97,78,100,31,88,119,54,32,5,54,81,328,0.355,0.384,0.289,0.399,0.78,0.459,brownde02
Kwame Brown,26,DET,NBA,2008-09,58,30,999,90,169,90,169,0,0,63,122,91,199,290,32,24,24,50,138,243,0.533,0.533,,0.533,0.516,0.546,brownkw01
Shannon Brown,23,TOT,NBA,2008-09,48,0,477,78,165,64,128,14,37,32,39,11,33,44,38,22,7,38,42,202,0.473,0.5,0.378,0.515,0.821,0.554,brownsh01
Kobe Bryant,30,LAL,NBA,2008-09,82,82,2960,800,1712,682,1376,118,336,483,564,90,339,429,399,120,37,210,189,2201,0.467,0.496,0.351,0.502,0.856,0.561,bryanko01
Greg Buckner,32,MEM,NBA,2008-09,63,0,878,61,159,48,108,13,51,20,25,32,98,130,57,29,8,38,108,155,0.384,0.444,0.255,0.425,0.8,0.456,buckngr01
Caron Butler,28,WAS,NBA,2008-09,67,67,2585,491,1085,426,875,65,210,345,402,118,296,414,290,106,20,210,165,1392,0.453,0.487,0.31,0.482,0.858,0.552,butleca01
Rasual Butler,29,NOH,NBA,2008-09,82,74,2614,348,803,208,444,140,359,86,110,49,222,271,75,51,61,59,159,922,0.433,0.468,0.39,0.521,0.782,0.541,butlera01
Andrew Bynum,21,LAL,NBA,2008-09,50,50,1446,281,502,281,502,0,0,152,215,137,261,398,71,18,90,85,157,714,0.56,0.56,,0.56,0.707,0.598,bynuman01
Will Bynum,26,DET,NBA,2008-09,57,1,803,156,342,153,323,3,19,95,119,19,56,75,157,34,2,76,85,410,0.456,0.474,0.158,0.461,0.798,0.52,bynumwi01
Jose Calderon,27,TOR,NBA,2008-09,68,68,2333,320,644,238,442,82,202,151,154,16,178,194,607,74,7,143,114,873,0.497,0.538,0.406,0.561,0.981,0.613,caldejo01
Marcus Camby,34,LAC,NBA,2008-09,62,55,1925,254,496,253,492,1,4,132,182,161,529,690,127,51,132,93,129,641,0.512,0.514,0.25,0.513,0.725,0.556,cambyma01
Brian Cardinal,31,MIN,NBA,2008-09,64,4,909,65,169,35,77,30,92,30,35,39,103,142,76,37,13,48,135,190,0.385,0.455,0.326,0.473,0.857,0.515,cardibr01
Rodney Carney,24,MIN,NBA,2008-09,67,6,1199,176,423,97,197,79,226,50,66,36,90,126,26,45,29,43,94,481,0.416,0.492,0.35,0.509,0.758,0.532,carnero01
Matt Carroll,28,TOT,NBA,2008-09,55,10,616,65,171,52,118,13,53,21,25,7,62,69,27,21,6,33,67,164,0.38,0.441,0.245,0.418,0.84,0.451,carroma01
Anthony Carter,33,DEN,NBA,2008-09,78,5,1787,167,386,146,298,21,88,57,78,40,165,205,364,96,13,155,142,412,0.433,0.49,0.239,0.46,0.731,0.49,cartean01
Vince Carter,32,NJN,NBA,2008-09,80,80,2946,588,1345,437,953,151,392,335,410,74,336,410,376,82,38,166,234,1662,0.437,0.459,0.385,0.493,0.817,0.545,cartevi01
Mario Chalmers,22,MIA,NBA,2008-09,82,82,2626,278,662,164,351,114,311,148,193,37,191,228,403,160,8,165,240,818,0.42,0.467,0.367,0.506,0.767,0.548,chalmma01
Tyson Chandler,26,NOH,NBA,2008-09,45,45,1445,160,283,160,283,0,0,77,133,163,230,393,22,15,56,70,144,397,0.565,0.565,,0.565,0.579,0.581,chandty01
Wilson Chandler,21,NYK,NBA,2008-09,82,70,2735,455,1054,352,740,103,314,171,215,91,354,445,170,71,75,139,250,1184,0.432,0.476,0.328,0.481,0.795,0.515,chandwi01
Speedy Claxton,30,ATL,NBA,2008-09,2,0,15,2,7,2,7,0,0,1,2,0,0,0,3,0,0,0,1,5,0.286,0.286,,0.286,0.5,0.317,claxtsp01
Jarron Collins,30,UTA,NBA,2008-09,26,3,201,16,35,16,35,0,0,8,11,20,17,37,7,2,1,9,35,40,0.457,0.457,,0.457,0.727,0.502,collija03
Jason Collins,30,MIN,NBA,2008-09,31,22,422,22,70,22,70,0,0,13,28,28,42,70,11,9,13,12,73,57,0.314,0.314,,0.314,0.464,0.346,collija04
Mardy Collins,24,TOT,NBA,2008-09,48,14,890,105,247,92,216,13,31,28,46,31,76,107,111,31,10,58,80,251,0.425,0.426,0.419,0.451,0.609,0.47,collima01
Nick Collison,28,OKC,NBA,2008-09,71,40,1831,243,428,243,426,0,2,98,136,181,308,489,66,51,50,73,239,584,0.568,0.57,0,0.568,0.721,0.599,collini01
Mike Conley,21,MEM,NBA,2008-09,82,61,2508,323,730,235,513,88,217,161,197,25,251,276,354,90,8,143,146,895,0.442,0.458,0.406,0.503,0.817,0.548,conlemi01
Brian Cook,28,TOT,NBA,2008-09,30,0,171,28,76,15,46,13,30,5,6,7,25,32,5,3,3,13,26,74,0.368,0.326,0.433,0.454,0.833,0.47,cookbr01
Daequan Cook,21,MIA,NBA,2008-09,75,4,1833,242,645,89,250,153,395,49,56,19,170,189,71,39,10,42,125,686,0.375,0.356,0.387,0.494,0.875,0.512,cookda02
Jamal Crawford,28,TOT,NBA,2008-09,65,65,2479,419,1022,277,628,142,394,300,344,23,170,193,288,57,13,148,92,1280,0.41,0.441,0.36,0.479,0.872,0.545,crawfja01
Joe Crawford,22,NYK,NBA,2008-09,2,0,23,3,10,2,6,1,4,2,2,1,3,4,1,1,0,0,2,9,0.3,0.333,0.25,0.35,1,0.414,crawfjo01
Javaris Crittenton,21,TOT,NBA,2008-09,63,10,1174,131,285,129,270,2,15,53,92,57,109,166,150,40,6,82,101,317,0.46,0.478,0.133,0.463,0.576,0.487,crittja01
Austin Croshere,33,TOT,NBA,2008-09,14,0,100,14,39,9,24,5,15,7,12,11,23,34,9,1,1,6,5,40,0.359,0.375,0.333,0.423,0.583,0.452,croshau01
Eddy Curry,26,NYK,NBA,2008-09,3,0,12,2,2,2,2,0,0,1,3,0,4,4,0,0,0,2,5,5,1,1,,1,0.333,0.753,curryed01
Samuel Dalembert,27,PHI,NBA,2008-09,82,82,2036,216,434,216,432,0,2,91,124,214,487,701,18,33,146,117,248,523,0.498,0.5,0,0.498,0.734,0.535,dalemsa01
Erick Dampier,33,DAL,NBA,2008-09,80,80,1836,182,280,182,280,0,0,90,141,216,349,565,77,24,95,74,191,454,0.65,0.65,,0.65,0.638,0.664,dampier01
Antonio Daniels,33,TOT,NBA,2008-09,74,9,1021,99,236,77,176,22,60,80,100,5,72,77,177,26,1,62,55,300,0.419,0.438,0.367,0.466,0.8,0.536,daniean01
Marquis Daniels,28,IND,NBA,2008-09,54,43,1700,311,689,293,599,18,90,93,129,80,168,248,114,62,26,94,120,733,0.451,0.489,0.2,0.464,0.721,0.491,daniema01
Jermareo Davidson,24,GSW,NBA,2008-09,14,0,111,17,35,17,35,0,0,8,17,10,24,34,1,2,3,5,12,42,0.486,0.486,,0.486,0.471,0.494,davidje01
Baron Davis,29,LAC,NBA,2008-09,65,60,2248,355,959,256,631,99,328,159,210,46,192,238,501,108,35,193,193,968,0.37,0.406,0.302,0.422,0.757,0.46,davisba01
Glen Davis,23,BOS,NBA,2008-09,76,16,1637,199,450,197,445,2,5,130,178,121,180,301,69,53,19,71,230,530,0.442,0.443,0.4,0.444,0.73,0.502,davisgl01
Paul Davis,24,LAC,NBA,2008-09,27,1,320,40,98,40,97,0,1,27,34,28,39,67,12,10,3,13,44,107,0.408,0.412,0,0.408,0.794,0.474,davispa01
Ricky Davis,29,LAC,NBA,2008-09,36,9,785,83,245,48,134,35,111,31,36,9,51,60,82,19,5,39,63,232,0.339,0.358,0.315,0.41,0.861,0.445,davisri01
Luol Deng,23,CHI,NBA,2008-09,49,46,1665,265,591,257,571,8,20,152,191,80,215,295,94,60,25,72,85,690,0.448,0.45,0.4,0.455,0.796,0.511,denglu01
Boris Diaw,26,TOT,NBA,2008-09,81,59,2754,448,884,373,703,75,181,101,147,118,314,432,333,61,53,215,202,1072,0.507,0.531,0.414,0.549,0.687,0.565,diawbo01
Yakhouba Diawara,26,MIA,NBA,2008-09,63,21,851,76,217,25,54,51,163,10,19,26,56,82,27,13,6,16,75,213,0.35,0.463,0.313,0.468,0.526,0.473,diawaya01
Travis Diener,26,IND,NBA,2008-09,55,0,719,74,179,28,61,46,118,12,15,6,80,86,122,26,5,21,42,206,0.413,0.459,0.39,0.542,0.8,0.555,dienetr01
Ike Diogu,25,TOT,NBA,2008-09,29,1,215,39,74,38,72,1,2,40,53,26,30,56,3,3,3,12,23,119,0.527,0.528,0.5,0.534,0.755,0.611,dioguik01
DeSagana Diop,27,TOT,NBA,2008-09,75,1,1036,74,171,74,171,0,0,22,66,114,159,273,32,29,56,39,128,170,0.433,0.433,,0.433,0.333,0.425,diopde01
Juan Dixon,30,WAS,NBA,2008-09,50,6,816,101,256,76,181,25,75,34,39,8,59,67,118,35,6,70,74,261,0.395,0.42,0.333,0.443,0.872,0.478,dixonju01
Keyon Dooling,28,NJN,NBA,2008-09,77,18,2074,261,598,162,363,99,235,127,154,24,131,155,270,71,8,105,135,748,0.436,0.446,0.421,0.519,0.825,0.562,doolike01
Joey Dorsey,25,HOU,NBA,2008-09,3,0,6,1,2,1,2,0,0,0,0,0,1,1,1,0,0,0,0,2,0.5,0.5,,0.5,,0.5,dorsejo01
Quincy Douby,24,TOT,NBA,2008-09,27,0,300,42,110,28,64,14,46,17,19,6,26,32,25,5,5,13,27,115,0.382,0.438,0.304,0.445,0.895,0.486,doubyqu01
Chris Douglas-Roberts,22,NJN,NBA,2008-09,44,3,585,81,176,78,164,3,12,51,62,14,36,50,52,12,7,31,34,216,0.46,0.476,0.25,0.469,0.823,0.531,douglch01
Goran Dragic,22,PHO,NBA,2008-09,55,1,728,88,224,68,170,20,54,50,65,33,70,103,111,29,3,73,87,246,0.393,0.4,0.37,0.438,0.769,0.487,dragigo01
Jared Dudley,23,TOT,NBA,2008-09,68,7,1155,136,285,107,211,29,74,71,105,82,123,205,56,57,8,43,105,372,0.477,0.507,0.392,0.528,0.676,0.562,dudleja01
Chris Duhon,26,NYK,NBA,2008-09,79,78,2906,287,681,160,356,127,325,179,209,45,201,246,566,72,7,221,126,880,0.421,0.449,0.391,0.515,0.856,0.569,duhonch01
Tim Duncan,32,SAS,NBA,2008-09,75,75,2524,558,1107,558,1105,0,2,334,483,201,599,800,264,38,126,165,173,1450,0.504,0.505,0,0.504,0.692,0.549,duncati01
Mike Dunleavy,28,IND,NBA,2008-09,18,14,495,93,232,61,142,32,90,53,65,14,54,68,44,12,9,38,36,271,0.401,0.43,0.356,0.47,0.815,0.52,dunlemi02
Kevin Durant,20,OKC,NBA,2008-09,74,74,2885,661,1390,564,1160,97,230,452,524,77,405,482,205,96,53,225,134,1871,0.476,0.486,0.422,0.51,0.863,0.577,duranke01
Monta Ellis,23,GSW,NBA,2008-09,25,25,892,194,430,186,404,8,26,78,94,14,94,108,93,39,8,67,67,474,0.451,0.46,0.308,0.46,0.83,0.503,ellismo01
Francisco Elson,32,MIL,NBA,2008-09,59,23,977,83,169,82,165,1,4,33,39,100,129,229,32,36,36,48,144,200,0.491,0.497,0.25,0.494,0.846,0.537,elsonfr01
Melvin Ely,30,NOH,NBA,2008-09,31,4,373,37,95,37,95,0,0,23,36,30,34,64,18,2,9,23,58,97,0.389,0.389,,0.389,0.639,0.438,elyme01
Maurice Evans,30,ATL,NBA,2008-09,80,25,1840,208,482,110,234,98,248,60,73,88,155,243,54,50,10,43,163,574,0.432,0.47,0.395,0.533,0.822,0.558,evansma01
Reggie Evans,28,PHI,NBA,2008-09,79,7,1137,79,178,79,177,0,1,104,175,135,226,361,26,41,8,69,161,262,0.444,0.446,0,0.444,0.594,0.514,evansre01
Jordan Farmar,22,LAL,NBA,2008-09,65,0,1192,161,412,112,266,49,146,45,77,22,95,117,155,57,10,87,105,416,0.391,0.421,0.336,0.45,0.584,0.466,farmajo01
Desmon Farmer,27,SAS,NBA,2008-09,3,0,54,4,14,1,2,3,12,2,2,0,6,6,2,0,0,4,6,13,0.286,0.5,0.25,0.393,1,0.437,farmede01
Raymond Felton,24,CHA,NBA,2008-09,82,81,3086,442,1083,383,876,59,207,219,272,54,256,310,553,126,30,228,191,1162,0.408,0.437,0.285,0.435,0.805,0.483,feltora01
Rudy Fernandez,23,POR,NBA,2008-09,78,4,1993,268,630,109,232,159,398,120,143,47,160,207,159,69,12,86,111,815,0.425,0.47,0.399,0.552,0.839,0.588,fernaru01
Kyrylo Fesenko,22,UTA,NBA,2008-09,21,1,156,21,36,21,36,0,0,7,21,14,23,37,4,7,15,9,35,49,0.583,0.583,,0.583,0.333,0.542,fesenky01
Michael Finley,35,SAS,NBA,2008-09,81,77,2336,301,689,170,370,131,319,51,62,26,244,270,114,37,17,61,82,784,0.437,0.459,0.411,0.532,0.823,0.547,finlemi01
Derek Fisher,34,LAL,NBA,2008-09,82,82,2441,292,688,172,386,120,302,110,130,25,163,188,261,95,6,72,187,814,0.424,0.446,0.397,0.512,0.846,0.546,fishede01
T.J. Ford,25,IND,NBA,2008-09,74,49,2258,413,913,378,809,35,104,245,281,59,200,259,392,89,16,180,180,1106,0.452,0.467,0.337,0.472,0.872,0.533,fordtj01
Jeff Foster,32,IND,NBA,2008-09,74,26,1828,177,353,175,346,2,7,96,146,215,293,508,130,53,49,88,229,452,0.501,0.506,0.286,0.504,0.658,0.542,fosteje01
Randy Foye,25,MIN,NBA,2008-09,70,61,2494,399,981,288,673,111,308,230,272,34,180,214,303,72,26,150,201,1139,0.407,0.428,0.36,0.463,0.846,0.517,foyera01
Adonal Foyle,33,TOT,NBA,2008-09,10,0,62,7,11,7,11,0,0,3,6,9,17,26,1,0,8,3,5,17,0.636,0.636,,0.636,0.5,0.623,foylead01
Channing Frye,25,POR,NBA,2008-09,63,1,746,113,267,102,234,11,33,26,36,41,99,140,24,17,16,29,106,263,0.423,0.436,0.333,0.444,0.722,0.465,fryech01
Dan Gadzuric,30,MIL,NBA,2008-09,67,26,941,117,244,117,242,0,2,37,68,95,160,255,39,32,43,41,162,271,0.48,0.483,0,0.48,0.544,0.495,gadzuda01
Danilo Gallinari,20,NYK,NBA,2008-09,28,2,412,56,125,24,53,32,72,26,27,13,42,55,15,14,4,15,48,170,0.448,0.453,0.444,0.576,0.963,0.621,gallida01
Francisco Garcia,27,SAC,NBA,2008-09,65,36,1975,295,665,207,444,88,221,146,178,56,162,218,150,80,67,112,196,824,0.444,0.466,0.398,0.51,0.82,0.554,garcifr01
Thomas Gardner,23,ATL,NBA,2008-09,16,0,98,9,36,5,13,4,23,2,4,0,7,7,2,4,1,3,4,24,0.25,0.385,0.174,0.306,0.5,0.318,gardnth01
Kevin Garnett,32,BOS,NBA,2008-09,57,57,1772,393,740,391,732,2,8,111,132,78,407,485,144,63,68,90,128,899,0.531,0.534,0.25,0.532,0.841,0.563,garneke01
Marc Gasol,24,MEM,NBA,2008-09,82,75,2521,350,661,350,660,0,1,275,375,201,404,605,143,63,90,164,265,975,0.53,0.53,0,0.53,0.733,0.59,gasolma01
Pau Gasol,28,LAL,NBA,2008-09,81,81,2999,592,1045,591,1043,1,2,343,439,262,518,780,284,52,81,157,172,1528,0.567,0.567,0.5,0.567,0.781,0.617,gasolpa01
Rudy Gay,22,MEM,NBA,2008-09,79,78,2945,572,1262,487,1020,85,242,264,344,109,328,437,135,98,59,203,221,1493,0.453,0.477,0.351,0.487,0.767,0.528,gayru01
Devean George,31,DAL,NBA,2008-09,43,17,708,54,142,32,66,22,76,17,22,25,53,78,15,23,11,17,57,147,0.38,0.485,0.289,0.458,0.773,0.485,georgde01
Daniel Gibson,22,CLE,NBA,2008-09,75,0,1795,206,527,98,244,108,283,66,86,31,124,155,132,44,16,61,163,586,0.391,0.402,0.382,0.493,0.767,0.519,gibsoda01
J.R. Giddens,23,BOS,NBA,2008-09,6,0,8,2,3,2,3,0,0,0,0,2,1,3,0,1,0,1,1,4,0.667,0.667,,0.667,,0.667,giddejr01
Eddie Gill,30,MIL,NBA,2008-09,6,0,43,6,9,4,6,2,3,0,0,0,4,4,11,3,1,5,10,14,0.667,0.667,0.667,0.778,,0.778,gilled01
Manu Ginobili,31,SAS,NBA,2008-09,44,7,1181,223,491,154,282,69,209,168,190,24,174,198,157,64,16,88,90,683,0.454,0.546,0.33,0.524,0.884,0.594,ginobma01
Ryan Gomes,26,MIN,NBA,2008-09,82,76,2614,420,974,314,689,106,285,146,181,106,286,392,135,63,22,128,183,1092,0.431,0.456,0.372,0.486,0.807,0.518,gomesry01
Drew Gooden,27,TOT,NBA,2008-09,51,28,1264,237,506,237,502,0,4,131,156,113,249,362,48,30,18,76,144,605,0.468,0.472,0,0.468,0.84,0.526,goodedr01
Ben Gordon,25,CHI,NBA,2008-09,82,76,2999,598,1315,425,893,173,422,330,382,52,231,283,279,71,22,200,184,1699,0.455,0.476,0.41,0.521,0.864,0.573,gordobe01
Eric Gordon,20,LAC,NBA,2008-09,78,65,2677,411,901,280,564,131,337,299,350,45,156,201,215,78,35,164,172,1252,0.456,0.496,0.389,0.529,0.854,0.593,gordoer01
Marcin Gortat,24,ORL,NBA,2008-09,63,3,794,106,187,105,186,1,1,26,45,96,190,286,14,18,53,25,111,239,0.567,0.565,1,0.57,0.578,0.578,gortama01
Joey Graham,26,TOR,NBA,2008-09,78,10,1541,231,480,228,464,3,16,132,160,95,197,292,48,35,12,74,191,597,0.481,0.491,0.188,0.484,0.825,0.542,grahajo01
Stephen Graham,26,IND,NBA,2008-09,52,6,684,106,256,86,190,20,66,50,62,21,75,96,33,10,4,45,82,282,0.414,0.453,0.303,0.453,0.806,0.498,grahast01
Danny Granger,25,IND,NBA,2008-09,67,66,2424,571,1277,389,827,182,450,404,460,49,292,341,183,69,97,165,207,1728,0.447,0.47,0.404,0.518,0.878,0.584,grangda01
Aaron Gray,24,CHI,NBA,2008-09,56,18,715,81,167,81,166,0,1,34,59,84,136,220,46,14,18,40,135,196,0.485,0.488,0,0.485,0.576,0.508,grayaa01
Gerald Green,23,DAL,NBA,2008-09,38,12,376,79,180,65,134,14,46,27,32,14,40,54,15,10,5,33,51,199,0.439,0.485,0.304,0.478,0.844,0.513,greenge01
Jeff Green,22,OKC,NBA,2008-09,78,78,2873,476,1068,380,821,96,247,242,307,120,399,519,155,81,33,173,202,1290,0.446,0.463,0.389,0.491,0.788,0.536,greenje02
Willie Green,27,PHI,NBA,2008-09,81,60,1828,286,658,235,497,51,161,62,85,29,97,126,158,53,13,64,154,685,0.435,0.473,0.317,0.473,0.729,0.493,greenwi01
Donte Greene,20,SAC,NBA,2008-09,55,4,725,77,236,51,136,26,100,29,34,19,67,86,30,16,14,37,68,209,0.326,0.375,0.26,0.381,0.853,0.416,greendo01
Hamed Haddadi,23,MEM,NBA,2008-09,19,0,120,15,31,15,31,0,0,18,30,16,31,47,8,1,12,9,20,48,0.484,0.484,,0.484,0.6,0.543,haddaha01
Malik Hairston,21,SAS,NBA,2008-09,15,0,155,24,49,24,48,0,1,2,7,11,17,28,13,6,7,12,19,50,0.49,0.5,0,0.49,0.286,0.48,hairsma01
Richard Hamilton,30,DET,NBA,2008-09,67,51,2279,466,1043,396,853,70,190,223,263,44,163,207,297,40,4,133,176,1225,0.447,0.464,0.368,0.48,0.848,0.529,hamilri01
Matt Harpring,32,UTA,NBA,2008-09,63,2,693,111,241,111,239,0,2,55,72,47,76,123,28,29,9,29,102,277,0.461,0.464,0,0.461,0.764,0.508,harprma01
Al Harrington,28,TOT,NBA,2008-09,73,56,2546,532,1212,361,742,171,470,234,295,99,356,455,102,88,22,161,227,1469,0.439,0.487,0.364,0.509,0.793,0.547,harrial01
Devin Harris,25,NJN,NBA,2008-09,69,69,2494,455,1039,391,819,64,220,496,605,30,201,231,476,114,13,212,164,1470,0.438,0.477,0.291,0.469,0.82,0.563,harride01
Jason Hart,30,TOT,NBA,2008-09,39,2,348,30,94,30,88,0,6,18,23,13,33,46,48,12,4,22,39,78,0.319,0.341,0,0.319,0.783,0.375,hartja01
Udonis Haslem,28,MIA,NBA,2008-09,75,75,2560,333,643,333,643,0,0,128,170,169,449,618,85,43,25,82,204,794,0.518,0.518,,0.518,0.753,0.553,hasleud01
Trenton Hassell,29,NJN,NBA,2008-09,53,31,1094,86,191,84,183,2,8,20,25,50,96,146,51,21,16,30,92,194,0.45,0.459,0.25,0.455,0.8,0.48,hassetr01
Spencer Hawes,20,SAC,NBA,2008-09,77,51,2259,373,800,333,685,40,115,90,136,148,401,549,149,44,93,160,249,876,0.466,0.486,0.348,0.491,0.662,0.509,hawessp01
Chuck Hayes,25,HOU,NBA,2008-09,71,1,858,42,113,42,109,0,4,7,19,74,176,250,42,34,19,25,134,91,0.372,0.385,0,0.372,0.368,0.375,hayesch01
Jarvis Hayes,27,NJN,NBA,2008-09,74,1,1832,257,577,163,333,94,244,36,52,27,240,267,54,52,7,49,162,644,0.445,0.489,0.385,0.527,0.692,0.537,hayesja01
Brendan Haywood,29,WAS,NBA,2008-09,6,5,175,24,50,24,50,0,0,10,21,13,31,44,8,4,15,9,14,58,0.48,0.48,,0.48,0.476,0.49,haywobr01
Luther Head,26,TOT,NBA,2008-09,32,4,498,55,144,35,90,20,54,19,24,6,46,52,58,17,2,25,37,149,0.382,0.389,0.37,0.451,0.792,0.482,headlu01
Walter Herrmann,29,DET,NBA,2008-09,59,0,630,82,207,41,87,41,120,19,25,28,79,107,22,7,4,17,43,224,0.396,0.471,0.342,0.495,0.76,0.514,herrmwa01
Roy Hibbert,22,IND,NBA,2008-09,70,42,1009,198,420,198,420,0,0,98,147,115,128,243,49,20,76,55,215,494,0.471,0.471,,0.471,0.667,0.51,hibbero01
J.J. Hickson,20,CLE,NBA,2008-09,62,0,705,100,194,100,194,0,0,45,67,52,113,165,9,14,30,45,81,245,0.515,0.515,,0.515,0.672,0.548,hicksjj01
Nene Hilario,26,DEN,NBA,2008-09,77,76,2510,428,709,427,704,1,5,266,368,183,415,598,108,95,101,147,278,1123,0.604,0.607,0.2,0.604,0.723,0.645,hilarne01
George Hill,22,SAS,NBA,2008-09,77,7,1270,150,372,126,299,24,73,114,146,30,128,158,136,45,21,74,150,438,0.403,0.421,0.329,0.435,0.781,0.502,hillge01
Grant Hill,36,PHO,NBA,2008-09,82,68,2445,390,745,366,669,24,76,181,224,64,341,405,186,90,54,126,182,985,0.523,0.547,0.316,0.54,0.808,0.584,hillgr01
Steven Hill,23,OKC,NBA,2008-09,1,0,2,1,1,1,1,0,0,0,0,2,1,3,0,0,0,0,0,2,1,1,,1,,1,hillst01
Kirk Hinrich,28,CHI,NBA,2008-09,51,4,1339,183,419,114,250,69,169,68,86,16,107,123,197,66,19,87,126,503,0.437,0.456,0.408,0.519,0.791,0.551,hinriki01
Ryan Hollins,24,TOT,NBA,2008-09,45,3,444,50,94,50,94,0,0,43,72,46,51,97,7,7,32,24,78,143,0.532,0.532,,0.532,0.597,0.569,holliry01
Al Horford,22,ATL,NBA,2008-09,67,67,2242,312,594,312,593,0,1,149,205,145,479,624,163,53,95,103,190,773,0.525,0.526,0,0.525,0.727,0.565,horfoal01
Eddie House,30,BOS,NBA,2008-09,81,0,1479,249,560,98,220,151,340,42,53,11,146,157,92,61,7,55,113,691,0.445,0.445,0.444,0.579,0.792,0.592,houseed01
Dwight Howard,23,ORL,NBA,2008-09,79,79,2821,560,979,560,977,0,2,504,849,336,757,1093,112,77,231,240,270,1624,0.572,0.573,0,0.572,0.594,0.6,howardw01
Josh Howard,28,DAL,NBA,2008-09,52,51,1663,353,783,295,615,58,168,172,220,59,204,263,83,55,30,89,135,936,0.451,0.48,0.345,0.488,0.782,0.532,howarjo01
Juwan Howard,35,TOT,NBA,2008-09,42,2,472,75,147,75,147,0,0,23,34,30,46,76,26,7,6,26,71,173,0.51,0.51,,0.51,0.676,0.534,howarju01
Larry Hughes,30,TOT,NBA,2008-09,55,20,1479,224,557,149,364,75,193,117,145,16,143,159,119,72,14,71,96,640,0.402,0.409,0.389,0.469,0.807,0.515,hughela01
Kris Humphries,23,TOR,NBA,2008-09,29,0,265,38,90,38,90,0,0,38,48,24,46,70,10,8,6,8,31,114,0.422,0.422,,0.422,0.792,0.513,humphkr01
Lindsey Hunter,38,CHI,NBA,2008-09,28,0,266,27,82,11,34,16,48,3,5,2,10,12,37,20,1,19,28,73,0.329,0.324,0.333,0.427,0.6,0.433,hunteli01
Othello Hunter,22,ATL,NBA,2008-09,16,0,92,11,20,11,20,0,0,0,5,9,15,24,1,2,5,2,11,22,0.55,0.55,,0.55,0,0.495,hunteot01
Andre Iguodala,25,PHI,NBA,2008-09,82,82,3269,542,1147,462,886,80,261,377,521,92,379,471,434,131,36,222,152,1541,0.473,0.521,0.307,0.507,0.724,0.56,iguodan01
Zydrunas Ilgauskas,33,CLE,NBA,2008-09,65,65,1765,342,724,327,685,15,39,139,174,157,333,490,64,28,84,90,183,838,0.472,0.477,0.385,0.483,0.799,0.523,ilgauzy01
Didier Ilunga-Mbenga,28,LAL,NBA,2008-09,23,0,181,27,57,27,56,0,1,7,8,9,22,31,9,10,24,13,33,61,0.474,0.482,0,0.474,0.875,0.504,mbengdj01
Allen Iverson,33,TOT,NBA,2008-09,57,53,2093,348,834,320,735,28,99,271,347,30,143,173,283,88,6,146,86,995,0.417,0.435,0.283,0.434,0.781,0.504,iversal01
Royal Ivey,27,PHI,NBA,2008-09,71,0,861,69,208,30,94,39,114,34,43,19,57,76,43,36,7,23,76,211,0.332,0.319,0.342,0.425,0.791,0.465,iveyro01
Jarrett Jack,25,IND,NBA,2008-09,82,53,2716,386,853,308,632,78,221,224,263,44,232,276,338,88,17,184,179,1074,0.453,0.487,0.353,0.498,0.852,0.554,jackja01
Bobby Jackson,35,SAC,NBA,2008-09,71,10,1484,193,485,133,288,60,197,86,101,42,158,200,143,62,4,66,100,532,0.398,0.462,0.305,0.46,0.851,0.502,jacksbo01
Darnell Jackson,23,CLE,NBA,2008-09,51,2,430,37,86,37,84,0,2,24,35,32,55,87,8,10,4,14,77,98,0.43,0.44,0,0.43,0.686,0.483,jacksda01
Stephen Jackson,30,GSW,NBA,2008-09,59,59,2339,413,997,310,692,103,305,294,356,70,233,303,381,88,31,229,153,1223,0.414,0.448,0.338,0.466,0.826,0.53,jacksst02
Jerome James,33,NYK,NBA,2008-09,2,0,10,3,8,3,8,0,0,0,0,1,2,3,0,1,1,1,2,6,0.375,0.375,,0.375,,0.375,jamesje01
LeBron James,24,CLE,NBA,2008-09,81,81,3054,789,1613,657,1229,132,384,594,762,106,507,613,587,137,93,241,139,2304,0.489,0.535,0.344,0.53,0.78,0.591,jamesle01
Mike James,33,TOT,NBA,2008-09,61,50,1649,197,514,128,330,69,184,68,82,25,108,133,201,44,6,94,108,531,0.383,0.388,0.375,0.45,0.829,0.483,jamesmi01
Antawn Jamison,32,WAS,NBA,2008-09,81,81,3096,674,1441,562,1122,112,319,341,452,196,525,721,153,95,25,125,218,1801,0.468,0.501,0.351,0.507,0.754,0.549,jamisan01
Marko Jaric,30,MEM,NBA,2008-09,53,0,605,48,145,37,117,11,28,29,41,23,42,65,74,29,11,49,62,136,0.331,0.316,0.393,0.369,0.707,0.417,jaricma01
Nathan Jawai,22,TOR,NBA,2008-09,6,0,19,1,4,1,4,0,0,0,0,1,1,2,0,0,0,2,3,2,0.25,0.25,,0.25,,0.25,jawaina01
Al Jefferson,24,MIN,NBA,2008-09,50,50,1836,485,975,485,971,0,4,186,252,172,376,548,79,39,83,92,141,1156,0.497,0.499,0,0.497,0.738,0.532,jeffeal01
Dontell Jefferson,25,CHA,NBA,2008-09,6,0,84,11,22,10,20,1,2,6,9,1,11,12,9,4,1,6,9,29,0.5,0.5,0.5,0.523,0.667,0.559,jeffedo01
Richard Jefferson,28,MIL,NBA,2008-09,82,82,2939,537,1222,421,930,116,292,417,518,57,317,374,199,66,14,165,252,1607,0.439,0.453,0.397,0.487,0.805,0.554,jefferi01
Jared Jeffries,27,NYK,NBA,2008-09,56,36,1310,120,273,119,261,1,12,55,90,128,103,231,80,47,33,65,153,296,0.44,0.456,0.083,0.441,0.611,0.473,jeffrja01
Yi Jianlian,21,NJN,NBA,2008-09,61,52,1421,191,500,143,360,48,140,95,123,67,259,326,60,29,36,70,157,525,0.382,0.397,0.343,0.43,0.772,0.474,jianlyi01
Amir Johnson,21,DET,NBA,2008-09,62,24,911,97,163,97,163,0,0,23,35,102,130,232,20,20,60,33,171,217,0.595,0.595,,0.595,0.657,0.608,johnsam01
Anthony Johnson,34,ORL,NBA,2008-09,80,12,1481,154,381,102,248,52,133,61,81,29,118,147,200,46,5,82,111,421,0.404,0.411,0.391,0.472,0.753,0.505,johnsan02
Joe Johnson,27,ATL,NBA,2008-09,79,79,3124,620,1420,471,1006,149,414,299,362,65,281,346,455,84,19,195,176,1688,0.437,0.468,0.36,0.489,0.826,0.534,johnsjo02
Linton Johnson,28,TOT,NBA,2008-09,10,0,55,4,11,3,9,1,2,0,0,3,5,8,2,1,0,2,7,9,0.364,0.333,0.5,0.409,,0.409,johnsli01
Trey Johnson,24,CLE,NBA,2008-09,4,0,14,0,5,0,5,0,0,4,4,0,1,1,0,0,0,1,4,4,0,0,,0,1,0.296,johnstr01
Dahntay Jones,28,DEN,NBA,2008-09,79,71,1426,154,336,143,319,11,17,110,151,58,110,168,78,49,19,68,199,429,0.458,0.448,0.647,0.475,0.728,0.533,jonesda02
Damon Jones,32,MIL,NBA,2008-09,18,0,108,11,34,0,6,11,28,0,0,0,6,6,7,3,0,6,4,33,0.324,0,0.393,0.485,,0.485,jonesda01
Dwayne Jones,25,CHA,NBA,2008-09,6,0,52,4,7,4,7,0,0,4,6,6,6,12,0,0,1,4,6,12,0.571,0.571,,0.571,0.667,0.622,jonesdw02
Fred Jones,29,LAC,NBA,2008-09,52,21,1495,129,317,75,170,54,147,66,81,23,103,126,188,53,11,66,112,378,0.407,0.441,0.367,0.492,0.815,0.536,jonesfr01
James Jones,28,MIA,NBA,2008-09,40,1,630,55,149,22,53,33,96,26,31,12,50,62,20,12,14,12,58,169,0.369,0.415,0.344,0.48,0.839,0.52,jonesja02
Solomon Jones,24,ATL,NBA,2008-09,63,0,675,67,111,66,109,1,2,53,74,52,90,142,15,7,34,27,125,188,0.604,0.606,0.5,0.608,0.716,0.655,jonesso01
DeAndre Jordan,20,LAC,NBA,2008-09,53,13,771,93,147,93,147,0,0,42,109,72,165,237,11,11,59,41,96,228,0.633,0.633,,0.633,0.385,0.585,jordade01
Chris Kaman,26,LAC,NBA,2008-09,31,24,921,161,305,161,305,0,0,51,75,75,172,247,46,17,45,84,93,373,0.528,0.528,,0.528,0.68,0.552,kamanch01
Jason Kapono,27,TOR,NBA,2008-09,80,12,1831,261,604,163,375,98,229,34,42,26,137,163,105,22,3,70,144,654,0.432,0.435,0.428,0.513,0.81,0.525,kaponja01
Jason Kidd,35,DAL,NBA,2008-09,81,81,2886,257,618,126,295,131,323,86,105,85,415,500,702,160,39,185,168,731,0.416,0.427,0.406,0.522,0.819,0.55,kiddja01
Tarence Kinsey,24,CLE,NBA,2008-09,50,3,277,31,69,24,51,7,18,33,38,10,28,38,10,12,0,22,34,102,0.449,0.471,0.389,0.5,0.868,0.595,kinseta01
Andrei Kirilenko,27,UTA,NBA,2008-09,67,10,1831,256,570,236,497,20,73,244,311,84,235,319,175,83,77,121,127,776,0.449,0.475,0.274,0.467,0.785,0.549,kirilan01
Linas Kleiza,24,DEN,NBA,2008-09,82,7,1824,289,646,202,379,87,267,148,204,92,235,327,64,31,14,82,155,813,0.447,0.533,0.326,0.515,0.725,0.552,kleizli01
Brevin Knight,33,UTA,NBA,2008-09,74,0,938,66,189,66,183,0,6,48,64,13,75,88,190,68,4,66,98,180,0.349,0.361,0,0.349,0.75,0.414,knighbr01
Kyle Korver,27,UTA,NBA,2008-09,78,2,1874,245,560,142,293,103,267,112,127,35,223,258,137,47,30,90,170,705,0.438,0.485,0.386,0.529,0.882,0.572,korveky01
Kosta Koufos,19,UTA,NBA,2008-09,48,7,565,94,185,94,185,0,0,36,51,50,88,138,20,12,31,26,70,224,0.508,0.508,,0.508,0.706,0.54,koufoko01
Nenad Krstic,25,OKC,NBA,2008-09,46,29,1141,191,407,191,407,0,0,63,79,85,168,253,29,21,49,45,114,445,0.469,0.469,,0.469,0.797,0.504,krstine01
Rob Kurz,23,GSW,NBA,2008-09,40,5,442,51,131,36,93,15,38,40,50,33,48,81,20,14,19,16,78,157,0.389,0.387,0.395,0.447,0.8,0.513,kurzro01
Carl Landry,25,HOU,NBA,2008-09,69,0,1467,240,418,239,415,1,3,157,193,124,219,343,39,26,31,68,166,638,0.574,0.576,0.333,0.575,0.813,0.634,landrca01
Acie Law,24,ATL,NBA,2008-09,55,1,560,52,139,43,110,9,29,49,60,6,52,58,86,11,3,29,43,162,0.374,0.391,0.31,0.406,0.817,0.49,lawac01
Courtney Lee,23,ORL,NBA,2008-09,77,42,1939,243,540,161,337,82,203,78,94,18,160,178,91,76,14,69,157,646,0.45,0.478,0.404,0.526,0.83,0.556,leeco01
David Lee,25,NYK,NBA,2008-09,81,74,2824,522,951,522,948,0,3,249,330,256,695,951,174,80,22,150,260,1293,0.549,0.551,0,0.549,0.755,0.59,leeda02
Rashard Lewis,29,ORL,NBA,2008-09,79,79,2859,478,1089,258,535,220,554,225,269,92,361,453,205,81,51,158,194,1401,0.439,0.482,0.397,0.54,0.836,0.58,lewisra02
Shaun Livingston,23,TOT,NBA,2008-09,12,1,231,31,60,31,60,0,0,9,10,3,25,28,20,7,2,9,12,71,0.517,0.517,,0.517,0.9,0.551,livinsh01
Brook Lopez,20,NJN,NBA,2008-09,82,75,2501,448,844,448,842,0,2,172,217,225,440,665,86,44,151,147,257,1068,0.531,0.532,0,0.531,0.793,0.568,lopezbr01
Robin Lopez,20,PHO,NBA,2008-09,60,7,614,71,137,71,136,0,1,47,68,52,66,118,8,11,41,28,97,189,0.518,0.522,0,0.518,0.691,0.566,lopezro01
Kevin Love,20,MIN,NBA,2008-09,81,37,2048,316,688,314,669,2,19,265,336,274,460,734,84,35,50,118,205,899,0.459,0.469,0.105,0.461,0.789,0.538,loveke01
Kyle Lowry,22,TOT,NBA,2008-09,77,21,1679,189,434,164,336,25,98,181,226,26,163,189,275,69,17,117,146,584,0.435,0.488,0.255,0.464,0.801,0.547,lowryky01
Tyronn Lue,31,TOT,NBA,2008-09,44,0,521,71,162,44,100,27,62,14,19,6,40,46,60,8,0,23,54,183,0.438,0.44,0.435,0.522,0.737,0.537,luety01
Mark Madsen,33,MIN,NBA,2008-09,19,1,116,3,14,3,14,0,0,0,4,10,8,18,4,1,1,3,18,6,0.214,0.214,,0.214,0,0.19,madsema01
Corey Maggette,29,GSW,NBA,2008-09,51,19,1588,292,634,268,539,24,95,342,415,49,233,282,92,44,8,120,192,950,0.461,0.497,0.253,0.479,0.824,0.582,maggeco01
Jamaal Magloire,30,MIA,NBA,2008-09,55,12,709,65,131,65,131,0,0,29,60,82,140,222,22,11,25,32,121,159,0.496,0.496,,0.496,0.483,0.505,magloja01
Stephon Marbury,31,BOS,NBA,2008-09,23,4,414,38,111,32,86,6,25,6,13,2,26,28,75,10,3,37,34,88,0.342,0.372,0.24,0.369,0.462,0.377,marbust01
Shawn Marion,30,TOT,NBA,2008-09,69,68,2470,382,788,372,735,10,53,117,147,180,409,589,139,88,66,105,132,891,0.485,0.506,0.189,0.491,0.796,0.522,mariosh01
Sean Marks,33,NOH,NBA,2008-09,60,5,838,80,165,78,155,2,10,30,44,62,125,187,14,7,33,35,121,192,0.485,0.503,0.2,0.491,0.682,0.521,marksse01
Donyell Marshall,35,PHI,NBA,2008-09,25,0,189,33,73,8,18,25,55,3,6,6,34,40,15,4,5,6,24,94,0.452,0.444,0.455,0.623,0.5,0.621,marshdo01
Cartier Martin,24,CHA,NBA,2008-09,33,1,266,28,77,18,44,10,33,20,25,7,26,33,13,8,4,9,33,86,0.364,0.409,0.303,0.429,0.8,0.489,martica01
Kenyon Martin,31,DEN,NBA,2008-09,66,66,2111,318,648,304,610,14,38,119,197,81,314,395,132,96,74,104,201,769,0.491,0.498,0.368,0.502,0.604,0.523,martike01
Kevin Martin,25,SAC,NBA,2008-09,51,46,1947,341,811,226,534,115,277,457,527,29,154,183,138,61,8,146,116,1254,0.42,0.423,0.415,0.491,0.867,0.601,martike02
Desmond Mason,31,OKC,NBA,2008-09,39,19,1064,124,285,124,282,0,3,46,85,41,116,157,46,15,30,56,96,294,0.435,0.44,0,0.435,0.541,0.456,masonde01
Roger Mason,28,SAS,NBA,2008-09,82,71,2496,349,822,183,428,166,394,105,118,16,235,251,173,40,12,100,160,969,0.425,0.428,0.421,0.526,0.89,0.554,masonro01
Jason Maxiell,25,DET,NBA,2008-09,78,4,1408,184,320,184,319,0,1,84,158,169,155,324,24,25,63,45,157,452,0.575,0.577,0,0.575,0.532,0.58,maxieja01
Sean May,24,CHA,NBA,2008-09,24,12,301,39,98,38,97,1,1,14,20,20,49,69,10,5,4,26,32,93,0.398,0.392,1,0.403,0.7,0.435,mayse01
O.J. Mayo,21,MEM,NBA,2008-09,82,82,3120,562,1283,417,905,145,378,247,281,56,252,308,262,91,13,226,204,1516,0.438,0.461,0.384,0.495,0.879,0.539,mayooj01
Luc Mbah a Moute,22,MIL,NBA,2008-09,82,52,2114,227,491,227,487,0,4,140,192,189,298,487,87,87,45,100,204,594,0.462,0.466,0,0.462,0.729,0.516,mbahalu01
Rashad McCants,24,TOT,NBA,2008-09,58,3,1101,192,488,129,299,63,189,107,141,21,89,110,68,47,14,64,103,554,0.393,0.431,0.333,0.458,0.759,0.504,mccanra01
Antonio McDyess,34,DET,NBA,2008-09,62,30,1866,268,525,268,525,0,0,60,86,185,422,607,83,41,50,51,191,596,0.51,0.51,,0.51,0.698,0.529,mcdyean01
JaVale McGee,21,WAS,NBA,2008-09,75,14,1143,191,387,191,387,0,0,107,162,120,174,294,23,33,75,61,155,489,0.494,0.494,,0.494,0.66,0.534,mcgeeja01
Tracy McGrady,29,HOU,NBA,2008-09,35,35,1181,188,485,144,368,44,117,125,156,20,134,154,175,42,15,69,38,545,0.388,0.391,0.376,0.433,0.801,0.492,mcgratr01
Dominic McGuire,23,WAS,NBA,2008-09,79,57,2072,140,324,138,320,2,4,74,102,113,315,428,198,62,74,92,153,356,0.432,0.431,0.5,0.435,0.725,0.483,mcguido01
Josh McRoberts,21,IND,NBA,2008-09,33,0,279,35,83,35,73,0,10,10,13,26,48,74,16,12,16,12,41,80,0.422,0.479,0,0.422,0.769,0.451,mcrobjo01
Pops Mensah-Bonsu,25,TOT,NBA,2008-09,22,0,283,39,103,39,101,0,2,33,48,55,58,113,6,9,5,19,43,111,0.379,0.386,0,0.379,0.688,0.447,mensapo01
Chris Mihm,29,LAL,NBA,2008-09,18,0,105,15,40,15,40,0,0,6,7,15,19,34,10,1,6,10,23,36,0.375,0.375,,0.375,0.857,0.418,mihmch01
C.J. Miles,21,UTA,NBA,2008-09,72,72,1623,258,562,195,383,63,179,78,89,45,122,167,107,46,15,64,187,657,0.459,0.509,0.352,0.515,0.876,0.546,milescj01
Darius Miles,27,MEM,NBA,2008-09,34,0,298,48,99,47,93,1,6,23,31,19,38,57,17,11,20,21,32,120,0.485,0.505,0.167,0.49,0.742,0.533,milesda01
Darko Milicic,23,MEM,NBA,2008-09,61,15,1034,137,266,137,266,0,0,59,105,83,181,264,34,22,51,48,134,333,0.515,0.515,,0.515,0.562,0.533,milicda01
Andre Miller,32,PHI,NBA,2008-09,82,82,2976,492,1041,477,988,15,53,338,409,123,245,368,534,109,14,199,196,1337,0.473,0.483,0.283,0.48,0.826,0.548,millean02
Brad Miller,32,TOT,NBA,2008-09,70,43,2100,292,614,269,558,23,56,224,272,150,395,545,234,52,36,130,223,831,0.476,0.482,0.411,0.494,0.824,0.566,millebr01
Mike Miller,28,MIN,NBA,2008-09,73,47,2356,264,548,179,323,85,225,109,149,73,410,483,326,30,31,145,139,722,0.482,0.554,0.378,0.559,0.732,0.588,millemi01
Paul Millsap,23,UTA,NBA,2008-09,76,38,2290,400,749,400,745,0,4,228,326,251,403,654,138,78,73,129,288,1028,0.534,0.537,0,0.534,0.699,0.576,millspa01
Yao Ming,28,HOU,NBA,2008-09,77,77,2589,566,1032,565,1031,1,1,381,440,204,557,761,137,30,150,234,257,1514,0.548,0.548,1,0.549,0.866,0.618,mingya01
Cuttino Mobley,33,LAC,NBA,2008-09,11,11,365,63,146,51,111,12,35,13,18,9,20,29,12,15,2,18,21,151,0.432,0.459,0.343,0.473,0.722,0.491,moblecu01
Nazr Mohammed,31,CHA,NBA,2008-09,39,1,341,41,101,41,101,0,0,22,40,35,44,79,8,5,16,23,63,104,0.406,0.406,,0.406,0.55,0.438,mohamna01
Jamario Moon,28,TOT,NBA,2008-09,80,60,2068,222,474,157,291,65,183,68,80,58,307,365,95,86,60,43,133,577,0.468,0.54,0.355,0.537,0.85,0.567,moonja01
Mikki Moore,33,TOT,NBA,2008-09,70,20,1202,114,206,114,206,0,0,48,61,76,182,258,53,17,19,48,208,276,0.553,0.553,,0.553,0.787,0.593,mooremi01
Randolph Morris,23,ATL,NBA,2008-09,23,0,89,7,17,7,17,0,0,4,4,4,16,20,2,2,1,7,25,18,0.412,0.412,,0.412,1,0.48,morrira01
Adam Morrison,24,TOT,NBA,2008-09,52,5,711,80,223,48,127,32,96,17,23,18,62,80,41,9,4,32,77,209,0.359,0.378,0.333,0.43,0.739,0.448,morriad01
Anthony Morrow,23,GSW,NBA,2008-09,67,17,1515,255,534,169,350,86,184,80,92,78,121,199,80,36,12,52,130,676,0.478,0.483,0.467,0.558,0.87,0.588,morroan01
Troy Murphy,28,IND,NBA,2008-09,73,73,2482,364,767,203,409,161,358,152,184,146,715,861,172,58,34,114,226,1041,0.475,0.496,0.45,0.58,0.826,0.614,murphtr01
Ronald Murray,29,ATL,NBA,2008-09,80,2,1975,355,795,268,553,87,242,177,233,22,146,168,158,88,17,128,173,974,0.447,0.485,0.36,0.501,0.76,0.543,murraro01
Dikembe Mutombo,42,HOU,NBA,2008-09,9,2,96,5,13,5,13,0,0,6,9,12,21,33,0,0,11,6,11,16,0.385,0.385,,0.385,0.667,0.472,mutomdi01
Eduardo Najera,32,NJN,NBA,2008-09,27,0,319,33,74,28,49,5,25,8,22,17,50,67,19,10,4,18,50,79,0.446,0.571,0.2,0.48,0.364,0.472,najered01
Steve Nash,34,PHO,NBA,2008-09,74,74,2484,428,851,320,605,108,246,196,210,19,204,223,717,55,10,248,108,1160,0.503,0.529,0.439,0.566,0.933,0.615,nashst01
DeMarcus Nelson,23,GSW,NBA,2008-09,13,5,171,24,54,24,51,0,3,5,14,6,18,24,13,9,2,15,24,53,0.444,0.471,0,0.444,0.357,0.44,nelsode01
Jameer Nelson,26,ORL,NBA,2008-09,42,42,1309,267,531,185,350,82,181,86,97,20,125,145,226,51,3,83,123,702,0.503,0.529,0.453,0.58,0.887,0.612,nelsoja01
Rasho Nesterovic,32,IND,NBA,2008-09,70,19,1214,224,437,224,436,0,1,25,32,93,147,240,109,30,38,63,171,473,0.513,0.514,0,0.513,0.781,0.524,nestera01
Demetris Nichols,24,TOT,NBA,2008-09,4,0,14,3,9,3,7,0,2,1,2,0,2,2,1,0,1,0,1,7,0.333,0.429,0,0.333,0.5,0.354,nichode01
Joakim Noah,23,CHI,NBA,2008-09,80,55,1938,207,372,207,371,0,1,123,182,244,362,606,106,49,110,82,238,537,0.556,0.558,0,0.556,0.676,0.594,noahjo01
Andres Nocioni,29,TOT,NBA,2008-09,76,18,1991,299,701,175,390,124,311,145,183,54,307,361,102,39,33,113,261,867,0.427,0.449,0.399,0.515,0.792,0.555,nocioan01
Steve Novak,25,LAC,NBA,2008-09,71,3,1161,176,396,57,110,119,286,21,23,19,106,125,40,20,5,23,71,492,0.444,0.518,0.416,0.595,0.913,0.606,novakst01
Dirk Nowitzki,30,DAL,NBA,2008-09,81,81,3050,774,1616,713,1446,61,170,485,545,88,593,681,197,61,63,157,176,2094,0.479,0.493,0.359,0.498,0.89,0.564,nowitdi01
Patrick O'Bryant,22,TOT,NBA,2008-09,39,3,255,45,84,45,82,0,2,11,20,13,53,66,11,6,19,22,61,101,0.536,0.549,0,0.536,0.55,0.544,obryapa01
Jermaine O'Neal,30,TOT,NBA,2008-09,68,61,2027,365,770,365,769,0,1,175,222,126,307,433,122,29,136,144,211,905,0.474,0.475,0,0.474,0.788,0.522,onealje01
Shaquille O'Neal,36,PHO,NBA,2008-09,75,75,2252,512,841,512,840,0,1,309,519,187,446,633,126,49,108,168,253,1333,0.609,0.61,0,0.609,0.595,0.623,onealsh01
Fabricio Oberto,33,SAS,NBA,2008-09,54,11,677,61,104,61,103,0,1,20,35,65,77,142,59,7,11,38,95,142,0.587,0.592,0,0.587,0.571,0.595,obertfa01
Greg Oden,21,POR,NBA,2008-09,61,39,1314,198,351,198,351,0,0,144,226,169,255,424,31,25,69,87,238,540,0.564,0.564,,0.564,0.637,0.599,odengr01
Lamar Odom,29,LAL,NBA,2008-09,78,32,2316,346,703,313,600,33,103,160,257,176,461,637,204,77,98,138,235,885,0.492,0.522,0.32,0.516,0.623,0.542,odomla01
Emeka Okafor,26,CHA,NBA,2008-09,82,81,2691,433,772,433,772,0,0,219,369,275,552,827,53,48,136,144,247,1085,0.561,0.561,,0.561,0.593,0.581,okafoem01
Mehmet Okur,29,UTA,NBA,2008-09,72,72,2409,431,888,341,686,90,202,273,334,124,433,557,120,54,53,132,219,1225,0.485,0.497,0.446,0.536,0.817,0.592,okurme01
Kevin Ollie,36,MIN,NBA,2008-09,50,21,850,61,150,61,149,0,1,80,96,13,62,75,117,19,4,34,79,202,0.407,0.409,0,0.407,0.833,0.525,ollieke01
Travis Outlaw,24,POR,NBA,2008-09,81,6,2246,385,850,296,614,89,236,175,242,70,261,331,83,47,57,94,168,1034,0.453,0.482,0.377,0.505,0.723,0.541,outlatr01
Zaza Pachulia,24,ATL,NBA,2008-09,77,26,1473,159,320,159,317,0,3,163,230,173,263,436,57,35,26,91,208,481,0.497,0.502,0,0.497,0.709,0.571,pachuza01
Anthony Parker,33,TOR,NBA,2008-09,80,71,2637,321,754,227,513,94,241,121,145,45,272,317,269,100,15,114,145,857,0.426,0.442,0.39,0.488,0.834,0.524,parkean01
Tony Parker,26,SAS,NBA,2008-09,72,71,2456,639,1263,620,1198,19,65,284,363,27,196,223,496,67,4,186,110,1581,0.506,0.518,0.292,0.513,0.782,0.556,parketo01
Chris Paul,23,NOH,NBA,2008-09,78,78,3002,631,1255,567,1079,64,176,455,524,69,363,432,861,216,10,231,212,1781,0.503,0.525,0.364,0.528,0.868,0.599,paulch01
Sasha Pavlovic,25,CLE,NBA,2008-09,66,12,1053,116,275,68,158,48,117,25,54,31,96,127,72,22,16,48,122,305,0.422,0.43,0.41,0.509,0.463,0.51,pavloal01
Oleksiy Pecherov,23,WAS,NBA,2008-09,32,0,277,39,101,25,58,14,43,24,29,35,41,76,2,6,3,10,34,116,0.386,0.431,0.326,0.455,0.828,0.51,pecheol01
Kendrick Perkins,24,BOS,NBA,2008-09,76,76,2253,276,478,276,476,0,2,96,160,204,415,619,96,22,150,165,253,648,0.577,0.58,0,0.577,0.6,0.591,perkike01
Morris Peterson,31,NOH,NBA,2008-09,43,9,515,73,183,40,98,33,85,12,19,13,71,84,16,15,2,15,51,191,0.399,0.408,0.388,0.489,0.632,0.499,petermo01
Johan Petro,23,TOT,NBA,2008-09,49,22,559,73,176,73,174,0,2,16,29,42,116,158,16,19,15,28,107,162,0.415,0.42,0,0.415,0.552,0.429,petrojo01
Paul Pierce,31,BOS,NBA,2008-09,81,81,3035,540,1181,421,877,119,304,459,553,56,401,457,294,80,27,228,215,1658,0.457,0.48,0.391,0.508,0.83,0.582,piercpa01
Mickael Pietrus,26,ORL,NBA,2008-09,54,25,1329,176,426,96,203,80,223,78,110,44,132,176,65,31,24,56,126,510,0.413,0.473,0.359,0.507,0.709,0.538,pietrmi01
James Posey,32,NOH,NBA,2008-09,75,0,2140,216,524,100,210,116,314,120,146,38,324,362,82,58,21,79,216,668,0.412,0.476,0.369,0.523,0.822,0.568,poseyja01
Leon Powe,25,BOS,NBA,2008-09,70,7,1227,177,338,177,338,0,0,184,267,145,200,345,46,24,38,76,192,538,0.524,0.524,,0.524,0.689,0.591,powele01
Josh Powell,26,LAL,NBA,2008-09,60,1,703,106,239,106,239,0,0,38,50,71,105,176,27,9,17,51,98,250,0.444,0.444,,0.444,0.76,0.479,poweljo01
Ronnie Price,25,UTA,NBA,2008-09,52,17,738,77,203,58,142,19,61,34,45,12,57,69,108,39,5,61,74,207,0.379,0.408,0.311,0.426,0.756,0.465,pricero01
Tayshaun Prince,28,DET,NBA,2008-09,82,82,3057,459,1020,403,879,56,141,189,243,128,348,476,253,44,51,101,104,1163,0.45,0.458,0.397,0.477,0.778,0.516,princta01
Gabe Pruitt,22,BOS,NBA,2008-09,47,0,366,31,101,17,53,14,48,17,21,9,34,43,39,15,3,19,34,93,0.307,0.321,0.292,0.376,0.81,0.422,pruitga01
Joel Przybilla,29,POR,NBA,2008-09,82,43,1952,168,269,168,268,0,1,112,169,204,513,717,27,34,97,78,215,448,0.625,0.627,0,0.625,0.663,0.652,przybjo01
Chris Quinn,25,MIA,NBA,2008-09,66,0,962,118,289,62,152,56,137,47,58,8,67,75,132,24,2,33,79,339,0.408,0.408,0.409,0.505,0.81,0.539,quinnch01
Vladimir Radmanovic,28,TOT,NBA,2008-09,78,31,1445,196,466,91,204,105,262,43,58,45,177,222,81,46,15,98,111,540,0.421,0.446,0.401,0.533,0.741,0.549,radmavl01
Anthony Randolph,19,GSW,NBA,2008-09,63,22,1129,199,431,199,427,0,4,101,141,128,235,363,49,42,74,80,141,499,0.462,0.466,0,0.462,0.716,0.506,randoan01
Shavlik Randolph,25,POR,NBA,2008-09,10,0,37,8,13,7,12,1,1,1,4,10,8,18,0,0,1,6,4,18,0.615,0.583,1,0.654,0.25,0.61,randosh01
Zach Randolph,27,TOT,NBA,2008-09,50,45,1757,415,873,383,776,32,97,179,244,157,347,504,103,43,16,114,133,1041,0.475,0.494,0.33,0.494,0.734,0.531,randoza01
Theo Ratliff,35,PHI,NBA,2008-09,46,0,579,34,64,34,64,0,0,21,35,46,82,128,9,17,47,14,77,89,0.531,0.531,,0.531,0.6,0.56,ratlith01
Michael Redd,29,MIL,NBA,2008-09,33,32,1203,249,547,179,356,70,191,131,161,24,83,107,88,35,2,53,45,699,0.455,0.503,0.366,0.519,0.814,0.566,reddmi01
J.J. Redick,24,ORL,NBA,2008-09,64,5,1111,117,299,50,120,67,179,81,93,8,101,109,73,21,1,54,72,382,0.391,0.417,0.374,0.503,0.871,0.562,redicjj01
Jason Richardson,28,TOT,NBA,2008-09,72,71,2410,465,974,336,649,129,325,153,199,77,242,319,146,76,28,95,146,1212,0.477,0.518,0.397,0.544,0.769,0.571,richaja01
Jeremy Richardson,24,ORL,NBA,2008-09,12,0,93,14,49,8,32,6,17,3,6,1,13,14,3,0,0,3,6,37,0.286,0.25,0.353,0.347,0.5,0.358,richaje01
Quentin Richardson,28,NYK,NBA,2008-09,72,51,1894,262,667,142,338,120,329,89,117,71,248,319,117,47,7,74,132,733,0.393,0.42,0.365,0.483,0.761,0.51,richaqu01
Luke Ridnour,27,MIL,NBA,2008-09,72,50,2033,250,621,195,464,55,157,133,153,33,185,218,365,92,16,128,200,688,0.403,0.42,0.35,0.447,0.869,0.5,ridnolu01
Anthony Roberson,25,TOT,NBA,2008-09,29,0,276,44,120,18,39,26,81,5,5,6,16,22,20,10,1,8,18,119,0.367,0.462,0.321,0.475,1,0.487,roberan02
Nate Robinson,24,NYK,NBA,2008-09,74,11,2209,449,1028,324,643,125,385,249,296,98,192,290,301,95,6,139,206,1272,0.437,0.504,0.325,0.498,0.841,0.549,robinna01
Sergio Rodriguez,22,POR,NBA,2008-09,80,13,1225,129,329,92,215,37,114,61,77,43,87,130,286,54,2,119,133,356,0.392,0.428,0.325,0.448,0.792,0.491,rodrise01
Rajon Rondo,22,BOS,NBA,2008-09,80,80,2642,383,759,368,711,15,48,172,268,100,316,416,659,149,11,209,193,953,0.505,0.518,0.313,0.514,0.642,0.543,rondora01
Derrick Rose,20,CHI,NBA,2008-09,81,80,3000,574,1208,558,1136,16,72,197,250,96,221,317,512,66,18,202,125,1361,0.475,0.491,0.222,0.482,0.788,0.516,rosede01
Malik Rose,34,TOT,NBA,2008-09,38,0,470,45,131,45,124,0,7,40,51,17,79,96,36,10,3,36,72,130,0.344,0.363,0,0.344,0.784,0.424,rosema01
Quinton Ross,27,MEM,NBA,2008-09,68,7,1164,99,259,66,171,33,88,34,42,29,97,126,47,32,14,36,114,265,0.382,0.386,0.375,0.446,0.81,0.478,rossqu01
Brandon Roy,24,POR,NBA,2008-09,78,78,2903,633,1318,550,1098,83,220,416,505,104,266,370,400,88,22,152,127,1765,0.48,0.501,0.377,0.512,0.824,0.573,roybr01
Michael Ruffin,32,POR,NBA,2008-09,11,0,35,2,7,2,7,0,0,2,2,6,5,11,0,3,1,2,7,6,0.286,0.286,,0.286,1,0.381,ruffimi01
Brandon Rush,23,IND,NBA,2008-09,75,19,1803,243,575,165,366,78,209,46,66,34,199,233,66,38,37,75,128,610,0.423,0.451,0.373,0.49,0.697,0.505,rushbr01
Kareem Rush,28,PHI,NBA,2008-09,25,1,199,20,58,10,25,10,33,4,4,0,15,15,15,5,1,10,10,54,0.345,0.4,0.303,0.431,1,0.452,rushka01
John Salmons,29,TOT,NBA,2008-09,79,74,2959,516,1093,390,791,126,302,288,347,59,274,333,249,83,24,165,182,1446,0.472,0.493,0.417,0.53,0.83,0.58,salmojo01
Cheikh Samb,24,TOT,NBA,2008-09,18,0,83,6,32,6,29,0,3,3,7,10,14,24,1,3,10,3,7,15,0.188,0.207,0,0.188,0.429,0.214,sambch01
Brian Scalabrine,30,BOS,NBA,2008-09,39,8,504,48,114,24,53,24,61,16,18,7,43,50,18,7,10,12,73,136,0.421,0.453,0.393,0.526,0.889,0.558,scalabr01
Luis Scola,28,HOU,NBA,2008-09,82,82,2488,424,799,424,796,0,3,196,258,200,520,720,123,68,11,123,261,1044,0.531,0.533,0,0.531,0.76,0.572,scolalu01
Thabo Sefolosha,24,TOT,NBA,2008-09,66,36,1453,152,357,128,270,24,87,61,73,54,188,242,111,75,45,64,104,389,0.426,0.474,0.276,0.459,0.836,0.5,sefolth01
Mouhamed Sene,22,TOT,NBA,2008-09,6,0,29,6,9,6,9,0,0,8,10,5,9,14,0,1,3,4,2,20,0.667,0.667,,0.667,0.8,0.746,senesa01
Ramon Sessions,22,MIL,NBA,2008-09,79,39,2173,345,775,339,741,6,34,281,354,64,205,269,452,83,7,152,158,977,0.445,0.457,0.176,0.449,0.794,0.525,sessira01
Walter Sharpe,22,DET,NBA,2008-09,8,0,20,4,11,4,9,0,2,0,2,0,3,3,0,0,2,0,3,8,0.364,0.444,0,0.364,0,0.337,sharpwa01
Bobby Simmons,28,NJN,NBA,2008-09,71,44,1729,198,441,81,179,117,262,43,58,72,205,277,92,50,10,62,186,556,0.449,0.453,0.447,0.582,0.741,0.596,simmobo01
Cedric Simmons,23,TOT,NBA,2008-09,18,0,84,11,25,11,25,0,0,7,16,5,11,16,2,1,4,2,8,29,0.44,0.44,,0.44,0.438,0.453,simmoce01
Courtney Sims,25,TOT,NBA,2008-09,2,0,13,3,6,3,6,0,0,0,0,2,2,4,0,0,0,1,1,6,0.5,0.5,,0.5,,0.5,simsco01
Sean Singletary,23,TOT,NBA,2008-09,37,2,303,31,85,21,60,10,25,18,21,10,25,35,29,11,0,23,45,90,0.365,0.35,0.4,0.424,0.857,0.478,singlse01
James Singleton,27,DAL,NBA,2008-09,62,6,884,117,221,104,181,13,40,67,78,89,161,250,17,26,28,36,110,314,0.529,0.575,0.325,0.559,0.859,0.615,singlja01
Brian Skinner,32,LAC,NBA,2008-09,51,21,843,92,205,92,203,0,2,30,47,72,131,203,27,17,52,43,94,214,0.449,0.453,0,0.449,0.638,0.474,skinnbr01
Craig Smith,25,MIN,NBA,2008-09,74,31,1460,289,514,289,513,0,1,168,248,98,186,284,79,31,19,105,184,746,0.562,0.563,0,0.562,0.677,0.599,smithcr01
J.R. Smith,23,DEN,NBA,2008-09,81,18,2245,424,950,244,497,180,453,205,272,43,254,297,227,78,14,150,190,1233,0.446,0.491,0.397,0.541,0.754,0.576,smithjr01
Joe Smith,33,TOT,NBA,2008-09,57,3,1102,156,333,153,326,3,7,59,82,89,174,263,41,17,40,25,122,374,0.468,0.469,0.429,0.473,0.72,0.507,smithjo02
Josh Smith,23,ATL,NBA,2008-09,69,69,2421,418,849,392,762,26,87,211,359,134,364,498,169,94,111,161,184,1073,0.492,0.514,0.299,0.508,0.588,0.533,smithjo03
Will Solomon,30,TOT,NBA,2008-09,53,9,712,105,245,77,159,28,86,25,34,12,52,64,133,27,4,54,71,263,0.429,0.484,0.326,0.486,0.735,0.506,solomwi01
Darius Songaila,30,WAS,NBA,2008-09,77,29,1521,243,457,243,456,0,1,80,90,75,152,227,94,64,20,74,200,566,0.532,0.533,0,0.532,0.889,0.57,songada01
Marreese Speights,21,PHI,NBA,2008-09,79,2,1263,252,502,250,494,2,8,102,132,123,170,293,30,27,56,46,181,608,0.502,0.506,0.25,0.504,0.773,0.543,speigma01
Jerry Stackhouse,34,DAL,NBA,2008-09,10,1,162,16,60,13,41,3,19,7,7,5,12,17,12,4,1,9,6,42,0.267,0.317,0.158,0.292,1,0.333,stackje01
DeShawn Stevenson,27,WAS,NBA,2008-09,32,25,886,72,231,37,102,35,129,32,60,11,65,76,98,21,2,32,43,211,0.312,0.363,0.271,0.387,0.533,0.41,stevede01
Peja Stojakovic,31,NOH,NBA,2008-09,61,59,2089,287,719,142,335,145,384,93,104,44,220,264,75,52,3,51,101,812,0.399,0.424,0.378,0.5,0.894,0.531,stojape01
Amar'e Stoudemire,26,PHO,NBA,2008-09,53,53,1948,404,749,401,742,3,7,323,387,116,314,430,104,49,57,150,163,1134,0.539,0.54,0.429,0.541,0.835,0.617,stoudam01
Rodney Stuckey,22,DET,NBA,2008-09,79,65,2517,401,913,378,835,23,78,233,290,69,206,275,387,78,11,173,217,1058,0.439,0.453,0.295,0.452,0.803,0.508,stuckro01
Robert Swift,23,OKC,NBA,2008-09,26,10,343,37,71,37,71,0,0,12,16,21,68,89,9,5,17,8,50,86,0.521,0.521,,0.521,0.75,0.551,swiftro01
Stromile Swift,29,TOT,NBA,2008-09,19,0,185,24,56,23,55,1,1,13,26,16,30,46,3,4,8,16,40,62,0.429,0.418,1,0.438,0.5,0.46,swiftst01
Wally Szczerbiak,31,CLE,NBA,2008-09,74,5,1527,179,398,110,230,69,168,90,106,43,189,232,82,28,10,55,130,517,0.45,0.478,0.411,0.536,0.849,0.581,szczewa02
Mike Taylor,23,LAC,NBA,2008-09,51,5,771,110,267,97,227,13,40,56,81,22,65,87,106,36,0,73,84,289,0.412,0.427,0.325,0.436,0.691,0.477,taylomi01
Sebastian Telfair,23,MIN,NBA,2008-09,75,43,2095,267,697,194,486,73,211,131,160,32,95,127,343,73,12,146,184,738,0.383,0.399,0.346,0.435,0.819,0.481,telfase01
Jason Terry,31,DAL,NBA,2008-09,74,11,2491,541,1168,374,712,167,456,198,225,39,138,177,251,97,20,119,141,1447,0.463,0.525,0.366,0.535,0.88,0.571,terryja01
Etan Thomas,30,WAS,NBA,2008-09,26,7,306,32,66,32,66,0,0,16,23,25,41,66,6,3,18,18,35,80,0.485,0.485,,0.485,0.696,0.525,thomaet01
Kenny Thomas,31,SAC,NBA,2008-09,8,0,62,3,8,3,8,0,0,0,0,4,11,15,1,6,1,1,9,6,0.375,0.375,,0.375,,0.375,thomake01
Kurt Thomas,36,SAS,NBA,2008-09,79,10,1404,153,304,153,302,0,2,37,45,134,271,405,66,34,58,42,170,343,0.503,0.507,0,0.503,0.822,0.53,thomaku01
Tim Thomas,31,TOT,NBA,2008-09,64,6,1247,189,438,111,249,78,189,89,121,42,159,201,68,31,11,70,144,545,0.432,0.446,0.413,0.521,0.736,0.555,thomati01
Tyrus Thomas,22,CHI,NBA,2008-09,79,61,2175,308,683,305,674,3,9,238,304,148,360,508,77,91,151,129,220,857,0.451,0.453,0.333,0.453,0.783,0.525,thomaty01
Jason Thompson,22,SAC,NBA,2008-09,82,56,2303,356,717,356,709,0,8,198,286,234,372,606,93,46,59,146,314,910,0.497,0.502,0,0.497,0.692,0.54,thompja02
Al Thornton,25,LAC,NBA,2008-09,71,67,2654,469,1051,449,972,20,79,236,313,122,246,368,103,59,62,130,227,1194,0.446,0.462,0.253,0.456,0.754,0.502,thornal01
Anthony Tolliver,23,SAS,NBA,2008-09,19,0,208,19,65,10,24,9,41,5,10,12,29,41,17,5,1,7,16,52,0.292,0.417,0.22,0.362,0.5,0.375,tollian01
Alando Tucker,24,PHO,NBA,2008-09,30,1,282,52,121,44,98,8,23,26,33,19,12,31,12,5,1,14,14,138,0.43,0.449,0.348,0.463,0.788,0.509,tuckeal02
Ronny Turiaf,26,GSW,NBA,2008-09,79,26,1696,186,366,186,363,0,3,98,124,88,272,360,166,34,168,70,243,470,0.508,0.512,0,0.508,0.79,0.559,turiaro01
Hedo Turkoglu,29,ORL,NBA,2008-09,77,77,2815,423,1025,289,649,134,376,314,389,45,365,410,375,64,19,204,218,1294,0.413,0.445,0.356,0.478,0.807,0.541,turkohe01
Ime Udoka,31,SAS,NBA,2008-09,67,3,1035,110,287,69,162,41,125,28,46,28,159,187,54,36,12,38,86,289,0.383,0.426,0.328,0.455,0.609,0.47,udokaim01
Beno Udrih,26,SAC,NBA,2008-09,73,72,2270,321,696,286,583,35,113,123,150,46,174,220,342,81,12,158,192,800,0.461,0.491,0.31,0.486,0.82,0.525,udrihbe01
Roko Ukic,24,TOR,NBA,2008-09,72,0,890,123,324,112,262,11,62,44,60,27,48,75,153,30,2,60,77,301,0.38,0.427,0.177,0.397,0.733,0.43,ukicro01
Anderson Varejao,26,CLE,NBA,2008-09,81,42,2306,270,504,270,502,0,2,154,250,166,415,581,81,75,66,80,239,694,0.536,0.538,0,0.536,0.616,0.565,varejan01
Jacque Vaughn,33,SAS,NBA,2008-09,30,0,292,24,75,23,74,1,1,16,18,4,18,22,55,6,0,15,26,65,0.32,0.311,1,0.327,0.889,0.392,vaughja01
Charlie Villanueva,24,MIL,NBA,2008-09,78,47,2095,487,1089,398,831,89,258,201,240,154,366,520,137,50,56,138,254,1264,0.447,0.479,0.345,0.488,0.838,0.529,villach01
Jake Voskuhl,31,TOR,NBA,2008-09,38,1,240,12,45,12,45,0,0,11,14,21,38,59,8,3,4,17,60,35,0.267,0.267,,0.267,0.786,0.342,voskuja01
Sasha Vujacic,24,LAL,NBA,2008-09,80,0,1293,155,401,74,178,81,223,70,76,19,116,135,113,77,7,35,154,461,0.387,0.416,0.363,0.488,0.921,0.531,vujacsa01
Dwyane Wade,27,MIA,NBA,2008-09,79,79,3048,854,1739,766,1461,88,278,590,771,89,309,398,589,173,106,272,178,2386,0.491,0.524,0.317,0.516,0.765,0.574,wadedw01
Von Wafer,23,HOU,NBA,2008-09,63,11,1225,229,512,165,348,64,164,88,117,19,94,113,71,40,8,59,71,610,0.447,0.474,0.39,0.51,0.752,0.541,wafervo01
Henry Walker,21,BOS,NBA,2008-09,29,0,216,36,58,36,57,0,1,16,23,8,21,29,13,6,2,18,51,88,0.621,0.632,0,0.621,0.696,0.646,walkebi01
Ben Wallace,34,CLE,NBA,2008-09,56,53,1314,69,155,69,155,0,0,27,64,136,226,362,44,48,75,34,82,165,0.445,0.445,,0.445,0.422,0.45,wallabe01
Gerald Wallace,26,CHA,NBA,2008-09,71,71,2669,389,811,350,680,39,131,365,454,112,441,553,189,121,67,148,210,1182,0.48,0.515,0.298,0.504,0.804,0.585,wallage01
Rasheed Wallace,34,DET,NBA,2008-09,66,63,2123,302,720,189,401,113,319,78,101,56,434,490,91,62,86,59,197,795,0.419,0.471,0.354,0.498,0.772,0.52,wallara01
Luke Walton,28,LAL,NBA,2008-09,65,34,1166,134,307,117,250,17,57,41,57,55,125,180,177,32,10,69,105,326,0.436,0.468,0.298,0.464,0.719,0.491,waltolu01
Hakim Warrick,26,MEM,NBA,2008-09,82,7,2029,340,693,335,670,5,23,266,374,129,277,406,66,48,39,98,170,951,0.491,0.5,0.217,0.494,0.711,0.554,warriha01
C.J. Watson,24,GSW,NBA,2008-09,77,18,1883,257,562,209,442,48,120,168,193,39,153,192,206,96,4,92,137,730,0.457,0.473,0.4,0.5,0.87,0.564,watsocj01
Earl Watson,29,OKC,NBA,2008-09,68,18,1776,174,453,154,368,20,85,80,106,36,147,183,391,50,11,156,137,448,0.384,0.418,0.235,0.406,0.755,0.448,watsoea01
Kyle Weaver,22,OKC,NBA,2008-09,56,19,1166,113,246,81,153,32,93,41,58,31,99,130,101,47,25,69,81,299,0.459,0.529,0.344,0.524,0.707,0.551,weaveky01
Martell Webster,22,POR,NBA,2008-09,1,0,5,0,1,0,0,0,1,0,0,0,0,0,0,0,0,0,0,0,0,,0,0,,0,webstma02
Sonny Weems,22,DEN,NBA,2008-09,12,0,55,8,25,8,22,0,3,3,8,0,4,4,3,1,0,6,8,19,0.32,0.364,0,0.32,0.375,0.333,weemsso01
David West,28,NOH,NBA,2008-09,76,76,2982,610,1292,604,1267,6,25,367,415,160,486,646,173,49,68,163,207,1593,0.472,0.477,0.24,0.474,0.884,0.54,westda01
Delonte West,25,CLE,NBA,2008-09,64,64,2152,285,624,194,396,91,228,90,108,31,172,203,226,94,13,92,125,751,0.457,0.49,0.399,0.53,0.833,0.559,westde01
Mario West,24,ATL,NBA,2008-09,53,3,269,14,34,13,33,1,1,14,30,24,32,56,19,18,4,13,35,43,0.412,0.394,1,0.426,0.467,0.456,westma02
Russell Westbrook,20,OKC,NBA,2008-09,82,65,2668,436,1095,401,966,35,129,349,428,178,221,399,435,110,16,274,191,1256,0.398,0.415,0.271,0.414,0.815,0.489,westbru01
D.J. White,22,OKC,NBA,2008-09,7,0,130,26,50,26,50,0,0,10,13,10,22,32,6,3,5,3,10,62,0.52,0.52,,0.52,0.769,0.556,whitedj01
James White,26,HOU,NBA,2008-09,4,0,11,3,5,2,3,1,2,0,0,0,0,0,1,1,1,3,2,7,0.6,0.667,0.5,0.7,,0.7,whiteja02
Chris Wilcox,26,TOT,NBA,2008-09,62,6,1049,184,370,184,366,0,4,79,140,96,181,277,47,26,16,75,137,447,0.497,0.503,0,0.497,0.564,0.518,wilcoch01
Damien Wilkins,29,OKC,NBA,2008-09,41,14,636,77,213,50,141,27,72,37,46,20,50,70,37,22,7,37,55,218,0.362,0.355,0.375,0.425,0.804,0.467,wilkida02
Deron Williams,24,UTA,NBA,2008-09,68,68,2505,463,984,393,758,70,226,326,384,24,171,195,725,73,20,228,134,1322,0.471,0.518,0.31,0.506,0.849,0.573,willide01
Jawad Williams,25,CLE,NBA,2008-09,10,0,20,5,12,3,6,2,6,0,0,1,1,2,0,1,0,1,2,12,0.417,0.5,0.333,0.5,,0.5,willija04
Lou Williams,22,PHI,NBA,2008-09,81,0,1919,336,844,273,624,63,220,304,385,36,129,165,242,85,14,151,128,1039,0.398,0.438,0.286,0.435,0.79,0.513,willilo02
Marcus Williams,23,GSW,NBA,2008-09,9,0,54,4,17,2,11,2,6,2,6,0,4,4,13,1,1,4,6,12,0.235,0.182,0.333,0.294,0.333,0.305,willima03
Marcus Williams,22,SAS,NBA,2008-09,2,0,3,2,2,2,2,0,0,0,0,0,0,0,0,0,0,0,1,4,1,1,,1,,1,willima04
Marvin Williams,22,ATL,NBA,2008-09,61,59,2093,285,622,230,467,55,155,220,273,110,272,382,81,57,39,70,127,845,0.458,0.493,0.355,0.502,0.806,0.569,willima02
Mo Williams,26,CLE,NBA,2008-09,81,81,2834,526,1126,343,706,183,420,208,228,47,232,279,329,69,9,179,215,1443,0.467,0.486,0.436,0.548,0.912,0.588,willima01
Sean Williams,22,NJN,NBA,2008-09,33,0,366,30,72,30,72,0,0,20,32,34,45,79,13,7,29,20,72,80,0.417,0.417,,0.417,0.625,0.465,willise01
Shawne Williams,22,DAL,NBA,2008-09,15,0,170,16,56,15,39,1,17,9,11,19,27,46,2,2,9,5,19,42,0.286,0.385,0.059,0.295,0.818,0.345,willish03
Shelden Williams,25,TOT,NBA,2008-09,45,0,512,70,157,70,155,0,2,46,63,49,104,153,12,22,18,34,64,186,0.446,0.452,0,0.446,0.73,0.503,willish02
Metta World Peace,29,HOU,NBA,2008-09,69,55,2452,416,1037,263,654,153,383,196,262,65,294,359,229,105,24,140,155,1181,0.401,0.402,0.399,0.475,0.748,0.512,artesro01
Antoine Wright,24,DAL,NBA,2008-09,65,53,1552,179,431,134,282,45,149,71,95,31,105,136,77,46,27,54,172,474,0.415,0.475,0.302,0.468,0.747,0.501,wrighan01
Brandan Wright,21,GSW,NBA,2008-09,39,23,688,130,246,130,242,0,4,63,85,62,95,157,21,22,37,23,74,323,0.528,0.537,0,0.528,0.741,0.57,wrighbr03
Dorell Wright,23,MIA,NBA,2008-09,6,0,73,8,20,8,20,0,0,2,6,2,18,20,2,2,0,6,8,18,0.4,0.4,,0.4,0.333,0.398,wrighdo01
Julian Wright,21,NOH,NBA,2008-09,54,19,772,109,234,107,213,2,21,17,30,46,106,152,43,35,19,43,49,237,0.466,0.502,0.095,0.47,0.567,0.479,wrighju01
Lorenzen Wright,33,CLE,NBA,2008-09,17,2,125,10,27,10,27,0,0,3,8,7,18,25,3,4,5,9,17,23,0.37,0.37,,0.37,0.375,0.377,wrighlo02
Nick Young,23,WAS,NBA,2008-09,82,5,1837,336,756,280,592,56,164,164,193,31,119,150,95,39,20,92,140,892,0.444,0.473,0.341,0.481,0.85,0.53,youngni01
Thaddeus Young,20,PHI,NBA,2008-09,75,71,2580,475,960,419,796,56,164,139,189,139,238,377,86,100,23,118,165,1145,0.495,0.526,0.341,0.524,0.735,0.549,youngth01
Sun Yue,23,LAL,NBA,2008-09,10,0,28,3,11,3,5,0,6,0,0,0,0,0,2,1,1,3,10,6,0.273,0.6,0,0.273,,0.273,yuesu01
Arron Afflalo,24,DEN,NBA,2009-10,82,75,2221,272,585,164,336,108,249,72,98,59,193,252,138,46,30,74,225,724,0.465,0.488,0.434,0.557,0.735,0.576,afflaar01
Alexis Ajinca,21,CHA,NBA,2009-10,6,0,30,5,10,5,10,0,0,0,1,1,3,4,0,1,1,2,5,10,0.5,0.5,,0.5,0,0.479,ajincal01
LaMarcus Aldridge,24,POR,NBA,2009-10,78,78,2922,579,1169,574,1153,5,16,230,304,192,435,627,160,67,48,104,231,1393,0.495,0.498,0.313,0.497,0.757,0.535,aldrila01
Joe Alexander,23,CHI,NBA,2009-10,8,0,29,1,6,1,5,0,1,2,3,2,3,5,2,1,1,0,9,4,0.167,0.2,0,0.167,0.667,0.273,alexajo01
Malik Allen,31,DEN,NBA,2009-10,51,3,456,46,116,45,110,1,6,12,13,36,46,82,16,11,5,22,68,105,0.397,0.409,0.167,0.401,0.923,0.431,allenma01
Ray Allen,34,BOS,NBA,2009-10,80,80,2819,464,973,319,574,145,399,231,253,45,208,253,210,64,25,129,182,1304,0.477,0.556,0.363,0.551,0.913,0.601,allenra02
Tony Allen,28,BOS,NBA,2009-10,54,8,889,129,253,129,248,0,5,72,119,52,93,145,72,59,19,66,109,330,0.51,0.52,0,0.51,0.605,0.54,allento01
Rafer Alston,33,TOT,NBA,2009-10,52,38,1421,155,446,97,278,58,168,59,81,13,116,129,176,50,10,95,103,427,0.348,0.349,0.345,0.413,0.728,0.443,alstora01
Lou Amundson,27,PHO,NBA,2009-10,79,0,1168,152,276,152,275,0,1,67,123,128,218,346,31,24,73,57,169,371,0.551,0.553,0,0.551,0.545,0.562,amundlo01
Chris Andersen,31,DEN,NBA,2009-10,76,0,1695,142,251,142,248,0,3,164,236,147,336,483,33,42,143,59,171,448,0.566,0.573,0,0.566,0.695,0.631,anderch01
David Andersen,29,HOU,NBA,2009-10,63,0,891,147,340,120,262,27,78,46,67,54,154,208,44,15,12,37,119,367,0.432,0.458,0.346,0.472,0.687,0.497,anderda03
Antonio Anderson,24,OKC,NBA,2009-10,1,0,15,1,3,1,3,0,0,0,0,1,0,1,0,0,0,1,1,2,0.333,0.333,,0.333,,0.333,anderan02
Ryan Anderson,21,ORL,NBA,2009-10,63,6,911,169,388,91,177,78,211,71,82,70,132,202,37,25,14,56,81,487,0.436,0.514,0.37,0.536,0.866,0.574,anderry01
Carmelo Anthony,25,DEN,NBA,2009-10,69,69,2634,688,1502,629,1315,59,187,508,612,152,302,454,222,88,30,209,225,1943,0.458,0.478,0.316,0.478,0.83,0.548,anthoca01
Joel Anthony,27,MIA,NBA,2009-10,80,16,1322,76,159,76,159,0,0,66,92,123,126,249,12,20,109,45,158,218,0.478,0.478,,0.478,0.717,0.546,anthojo01
Gilbert Arenas,28,WAS,NBA,2009-10,32,32,1169,253,616,190,435,63,181,153,207,17,116,133,230,41,9,117,95,722,0.411,0.437,0.348,0.462,0.739,0.511,arenagi01
Trevor Ariza,24,HOU,NBA,2009-10,72,71,2629,394,999,258,592,136,407,148,228,78,325,403,276,126,40,161,162,1072,0.394,0.436,0.334,0.462,0.649,0.488,arizatr01
Hilton Armstrong,25,TOT,NBA,2009-10,33,0,335,28,79,28,78,0,1,15,32,27,54,81,21,15,12,22,59,71,0.354,0.359,0,0.354,0.469,0.381,armsthi01
Carlos Arroyo,30,MIA,NBA,2009-10,72,35,1585,178,375,171,350,7,25,76,90,26,104,130,225,36,6,54,102,439,0.475,0.489,0.28,0.484,0.844,0.529,arroyca01
Darrell Arthur,21,MEM,NBA,2009-10,32,1,457,63,146,63,145,0,1,17,30,37,73,110,15,14,14,22,60,143,0.432,0.434,0,0.432,0.567,0.449,arthuda01
Chucky Atkins,35,DET,NBA,2009-10,40,11,644,57,157,35,84,22,73,25,27,5,24,29,91,17,0,32,53,161,0.363,0.417,0.301,0.433,0.926,0.477,atkinch01
D.J. Augustin,22,CHA,NBA,2009-10,80,2,1472,168,435,98,257,70,178,102,131,11,86,97,193,45,5,74,127,508,0.386,0.381,0.393,0.467,0.779,0.516,augusdj01
Jeff Ayres,22,POR,NBA,2009-10,39,4,405,43,65,43,65,0,0,18,20,25,73,98,1,7,16,12,76,104,0.662,0.662,,0.662,0.9,0.705,pendeje02
Kelenna Azubuike,26,GSW,NBA,2009-10,9,7,231,48,88,38,61,10,27,19,28,12,29,41,10,5,9,7,16,125,0.545,0.623,0.37,0.602,0.679,0.623,azubuke01
Renaldo Balkman,25,DEN,NBA,2009-10,13,1,91,6,18,6,11,0,7,2,6,4,19,23,7,8,2,6,16,14,0.333,0.545,0,0.333,0.333,0.339,balkmre01
Marcus Banks,28,TOR,NBA,2009-10,22,0,244,39,73,32,49,7,24,24,29,3,20,23,26,12,2,20,30,109,0.534,0.653,0.292,0.582,0.828,0.635,banksma01
Leandro Barbosa,27,PHO,NBA,2009-10,44,5,786,155,365,111,229,44,136,64,73,11,58,69,64,23,12,46,71,418,0.425,0.485,0.324,0.485,0.877,0.526,barbole01
J.J. Barea,25,DAL,NBA,2009-10,78,18,1546,232,527,176,370,56,157,76,90,17,129,146,258,35,6,102,119,596,0.44,0.476,0.357,0.493,0.844,0.526,bareajo01
Andrea Bargnani,24,TOR,NBA,2009-10,80,80,2799,537,1143,416,818,121,325,181,234,105,388,493,93,25,111,120,215,1376,0.47,0.509,0.372,0.523,0.774,0.552,bargnan01
Matt Barnes,29,ORL,NBA,2009-10,81,58,2097,271,557,205,350,66,207,108,146,106,339,445,134,59,30,112,185,716,0.487,0.586,0.319,0.546,0.74,0.576,barnema02
Earl Barron,28,NYK,NBA,2009-10,7,6,232,30,68,30,68,0,0,22,29,31,46,77,8,4,4,11,24,82,0.441,0.441,,0.441,0.759,0.508,barroea01
Brandon Bass,24,ORL,NBA,2009-10,50,3,648,119,233,119,233,0,0,52,63,54,73,127,19,12,27,31,69,290,0.511,0.511,,0.511,0.825,0.556,bassbr01
Tony Battie,33,NJN,NBA,2009-10,15,0,134,14,40,13,36,1,4,7,10,4,19,23,3,4,2,3,19,36,0.35,0.361,0.25,0.363,0.7,0.405,battito01
Shane Battier,31,HOU,NBA,2009-10,67,62,2168,178,447,77,168,101,279,77,106,74,238,312,164,53,76,64,139,534,0.398,0.458,0.362,0.511,0.726,0.541,battish01
Nicolas Batum,21,POR,NBA,2009-10,37,25,918,139,268,85,136,54,132,43,51,32,109,141,44,24,25,27,83,375,0.519,0.625,0.409,0.619,0.843,0.646,batumni01
Jerryd Bayless,21,POR,NBA,2009-10,74,11,1304,200,483,171,391,29,92,201,242,18,102,120,172,26,5,94,152,630,0.414,0.437,0.315,0.444,0.831,0.534,bayleje01
Michael Beasley,21,MIA,NBA,2009-10,78,78,2328,468,1040,440,938,28,102,192,240,123,375,498,100,80,49,131,221,1156,0.45,0.469,0.275,0.463,0.8,0.505,beaslmi01
Rodrigue Beaubois,21,DAL,NBA,2009-10,56,16,700,155,299,110,189,45,110,42,52,12,66,78,74,29,12,54,84,397,0.518,0.582,0.409,0.594,0.808,0.617,beaubro01
Marco Belinelli,23,TOR,NBA,2009-10,66,1,1121,154,379,94,221,60,158,101,121,14,81,95,89,42,5,60,80,469,0.406,0.425,0.38,0.485,0.835,0.543,belinma01
Charlie Bell,30,MIL,NBA,2009-10,71,39,1611,169,443,96,243,73,200,48,67,31,101,132,104,39,12,54,136,459,0.381,0.395,0.365,0.464,0.716,0.486,bellch01
Raja Bell,33,TOT,NBA,2009-10,6,5,180,28,61,16,34,12,27,3,3,5,18,23,13,4,2,5,15,71,0.459,0.471,0.444,0.557,1,0.57,bellra01
Jonathan Bender,29,NYK,NBA,2009-10,25,1,292,40,100,26,61,14,39,24,26,15,37,52,16,2,17,28,33,118,0.4,0.426,0.359,0.47,0.923,0.529,bendejo01
Mike Bibby,31,ATL,NBA,2009-10,80,80,2195,268,644,142,320,126,324,68,79,20,164,184,310,67,3,90,157,730,0.416,0.444,0.389,0.514,0.861,0.538,bibbymi01
Andris Biedrins,23,GSW,NBA,2009-10,33,29,763,81,137,81,137,0,0,4,25,63,196,259,57,20,44,32,117,166,0.591,0.591,,0.591,0.16,0.561,biedran01
Chauncey Billups,33,DEN,NBA,2009-10,73,73,2490,402,962,245,555,157,407,466,512,25,203,228,409,82,9,177,153,1427,0.418,0.441,0.386,0.499,0.91,0.601,billuch01
DeJuan Blair,20,SAS,NBA,2009-10,82,23,1494,275,495,275,493,0,2,88,161,200,326,526,65,50,39,112,224,638,0.556,0.558,0,0.556,0.547,0.564,blairde01
Steve Blake,29,TOT,NBA,2009-10,80,38,2159,217,522,101,228,116,294,36,48,21,166,187,380,58,6,128,123,586,0.416,0.443,0.395,0.527,0.75,0.539,blakest01
Andray Blatche,23,WAS,NBA,2009-10,81,36,2256,478,999,465,955,13,44,174,234,158,351,509,170,85,71,182,218,1143,0.478,0.487,0.295,0.485,0.744,0.519,blatcan01
Keith Bogans,29,SAS,NBA,2009-10,79,50,1559,120,298,50,102,70,196,37,50,25,151,176,95,45,12,53,156,347,0.403,0.49,0.357,0.52,0.74,0.542,boganke01
Andrew Bogut,25,MIL,NBA,2009-10,69,69,2229,473,910,473,908,0,2,149,237,208,493,701,127,39,175,131,222,1095,0.52,0.521,0,0.52,0.629,0.54,bogutan01
Matt Bonner,29,SAS,NBA,2009-10,65,8,1161,166,372,76,141,90,231,35,48,52,162,214,68,30,24,39,109,457,0.446,0.539,0.39,0.567,0.729,0.581,bonnema01
Josh Boone,25,NJN,NBA,2009-10,63,28,1045,117,223,117,223,0,0,19,58,124,191,315,29,30,48,37,111,253,0.525,0.525,,0.525,0.328,0.509,boonejo01
Carlos Boozer,28,UTA,NBA,2009-10,78,78,2673,617,1098,617,1098,0,0,285,384,181,693,874,247,84,36,212,270,1519,0.562,0.562,,0.562,0.742,0.599,boozeca01
Chris Bosh,25,TOR,NBA,2009-10,70,70,2526,600,1158,592,1136,8,22,470,590,205,554,759,166,43,68,169,170,1678,0.518,0.521,0.364,0.522,0.797,0.592,boshch01
Ryan Bowen,34,OKC,NBA,2009-10,1,0,8,1,1,1,1,0,0,2,2,1,1,2,0,1,0,0,2,4,1,1,,1,1,1.064,bowenry01
Earl Boykins,33,WAS,NBA,2009-10,67,1,1117,172,403,153,343,19,60,77,89,17,58,75,171,24,3,69,48,440,0.427,0.446,0.317,0.45,0.865,0.498,boykiea01
Elton Brand,30,PHI,NBA,2009-10,76,57,2297,412,858,412,857,0,1,172,233,179,282,461,109,82,80,131,232,996,0.48,0.481,0,0.48,0.738,0.518,brandel01
Corey Brewer,23,MIN,NBA,2009-10,82,82,2482,409,949,327,712,82,237,166,256,70,209,279,193,117,29,164,224,1066,0.431,0.459,0.346,0.474,0.648,0.502,breweco01
Ronnie Brewer,24,TOT,NBA,2009-10,58,53,1742,209,429,201,398,8,31,85,133,45,142,187,154,91,15,53,80,511,0.487,0.505,0.258,0.497,0.639,0.524,brewero02
Primoz Brezec,30,TOT,NBA,2009-10,21,0,95,9,26,9,26,0,0,1,6,12,13,25,1,1,3,2,19,19,0.346,0.346,,0.346,0.167,0.332,brezepr01
Jon Brockman,22,SAC,NBA,2009-10,52,4,654,55,103,55,103,0,0,37,62,105,108,213,22,15,5,23,115,147,0.534,0.534,,0.534,0.597,0.564,brockjo01
Aaron Brooks,25,HOU,NBA,2009-10,82,82,2919,575,1331,366,806,209,525,245,298,54,161,215,434,69,14,232,199,1604,0.432,0.454,0.398,0.511,0.822,0.549,brookaa01
Bobby Brown,25,TOT,NBA,2009-10,45,0,519,88,237,62,139,26,98,13,15,9,29,38,88,15,1,46,42,215,0.371,0.446,0.265,0.426,0.867,0.441,brownbo02
Derrick Brown,22,CHA,NBA,2009-10,57,0,535,68,147,66,140,2,7,48,72,31,47,78,19,21,10,19,53,186,0.463,0.471,0.286,0.469,0.667,0.52,brownde04
Devin Brown,31,TOT,NBA,2009-10,50,37,1060,136,361,78,197,58,164,69,86,29,95,124,65,33,6,62,72,399,0.377,0.396,0.354,0.457,0.802,0.5,brownde02
Kwame Brown,27,DET,NBA,2009-10,48,1,660,62,124,62,123,0,1,33,98,53,124,177,22,15,12,43,93,157,0.5,0.504,0,0.5,0.337,0.47,brownkw01
Shannon Brown,24,LAL,NBA,2009-10,82,7,1700,253,592,191,403,62,189,99,121,30,153,183,108,57,31,67,129,667,0.427,0.474,0.328,0.48,0.818,0.517,brownsh01
Kobe Bryant,31,LAL,NBA,2009-10,73,73,2835,716,1569,617,1268,99,301,439,541,78,313,391,365,113,20,233,187,1970,0.456,0.487,0.329,0.488,0.811,0.545,bryanko01
Chase Budinger,21,HOU,NBA,2009-10,74,4,1488,249,565,157,316,92,249,67,87,38,182,220,88,34,11,48,85,657,0.441,0.497,0.369,0.522,0.77,0.545,budinch01
Caron Butler,29,TOT,NBA,2009-10,74,74,2783,450,1051,408,906,42,145,264,315,104,357,461,156,116,24,160,193,1206,0.428,0.45,0.29,0.448,0.838,0.507,butleca01
Rasual Butler,30,LAC,NBA,2009-10,82,64,2702,356,870,211,438,145,432,122,145,39,201,240,116,36,68,79,121,979,0.409,0.482,0.336,0.493,0.841,0.524,butlera01
Andrew Bynum,22,LAL,NBA,2009-10,65,65,1977,392,688,392,687,0,1,193,261,177,364,541,68,35,94,115,193,977,0.57,0.571,0,0.57,0.739,0.608,bynuman01
Will Bynum,27,DET,NBA,2009-10,63,20,1667,237,534,225,479,12,55,142,178,24,118,142,283,55,7,115,143,628,0.444,0.47,0.218,0.455,0.798,0.513,bynumwi01
Jose Calderon,28,TOR,NBA,2009-10,68,39,1817,274,568,206,397,68,171,83,104,23,119,142,404,47,7,99,135,699,0.482,0.519,0.398,0.542,0.798,0.569,caldejo01
Marcus Camby,35,TOT,NBA,2009-10,74,74,2314,238,501,236,494,2,7,78,122,249,622,871,186,95,146,91,161,556,0.475,0.478,0.286,0.477,0.639,0.501,cambyma01
Brian Cardinal,32,MIN,NBA,2009-10,29,0,267,14,36,11,27,3,9,17,18,7,22,29,24,9,3,7,56,48,0.389,0.407,0.333,0.431,0.944,0.546,cardibr01
Rodney Carney,25,PHI,NBA,2009-10,68,0,857,113,282,72,147,41,135,52,63,26,111,137,37,25,20,21,79,319,0.401,0.49,0.304,0.473,0.825,0.515,carnero01
DeMarre Carroll,23,MEM,NBA,2009-10,71,1,795,88,222,88,216,0,6,33,53,53,97,150,33,28,9,24,107,209,0.396,0.407,0,0.396,0.623,0.426,carrode01
Matt Carroll,29,DAL,NBA,2009-10,25,0,121,18,50,14,31,4,19,6,6,4,8,12,6,5,0,7,13,46,0.36,0.452,0.211,0.4,1,0.437,carroma01
Anthony Carter,34,DEN,NBA,2009-10,54,7,859,76,181,59,118,17,63,11,13,17,72,89,160,39,13,58,72,180,0.42,0.5,0.27,0.467,0.846,0.482,cartean01
Vince Carter,33,ORL,NBA,2009-10,75,74,2310,434,1015,315,691,119,324,257,306,33,260,293,236,53,18,106,189,1244,0.428,0.456,0.367,0.486,0.84,0.541,cartevi01
Omri Casspi,21,SAC,NBA,2009-10,77,31,1931,300,672,225,469,75,203,117,174,75,274,349,95,54,17,98,125,792,0.446,0.48,0.369,0.502,0.672,0.529,casspom01
Mario Chalmers,23,MIA,NBA,2009-10,73,22,1807,182,454,107,218,75,236,82,110,25,110,135,246,91,12,123,175,521,0.401,0.491,0.318,0.483,0.745,0.519,chalmma01
Tyson Chandler,27,CHA,NBA,2009-10,51,27,1163,109,190,109,190,0,0,115,157,114,206,320,16,17,55,91,138,333,0.574,0.574,,0.574,0.732,0.643,chandty01
Wilson Chandler,22,NYK,NBA,2009-10,65,64,2320,412,860,372,710,40,150,129,160,93,255,348,138,46,49,108,184,993,0.479,0.524,0.267,0.502,0.806,0.534,chandwi01
Earl Clark,22,PHO,NBA,2009-10,51,0,383,56,151,54,146,2,5,26,36,18,44,62,21,7,13,23,25,140,0.371,0.37,0.4,0.377,0.722,0.42,clarkea01
Jarron Collins,31,PHO,NBA,2009-10,34,10,261,12,31,12,31,0,0,10,25,22,40,62,6,2,3,10,42,34,0.387,0.387,,0.387,0.4,0.405,collija03
Jason Collins,31,ATL,NBA,2009-10,24,0,115,8,23,8,22,0,1,0,2,5,9,14,4,3,2,5,21,16,0.348,0.364,0,0.348,0,0.335,collija04
Mardy Collins,25,LAC,NBA,2009-10,43,0,470,47,128,43,111,4,17,13,21,13,37,50,44,23,1,32,45,111,0.367,0.387,0.235,0.383,0.619,0.404,collima01
Darren Collison,22,NOH,NBA,2009-10,76,37,2109,376,789,330,674,46,115,148,174,41,151,192,432,78,4,202,92,946,0.477,0.49,0.4,0.506,0.851,0.546,collida01
Nick Collison,29,OKC,NBA,2009-10,75,5,1557,182,309,181,305,1,4,74,107,152,232,384,38,37,48,63,230,439,0.589,0.593,0.25,0.591,0.692,0.616,collini01
Mike Conley,22,MEM,NBA,2009-10,80,80,2569,369,830,287,618,82,212,139,187,30,161,191,425,109,12,170,178,959,0.445,0.464,0.387,0.494,0.743,0.526,conlemi01
Will Conroy,27,HOU,NBA,2009-10,5,0,36,3,10,3,7,0,3,0,2,0,3,3,7,0,0,4,5,6,0.3,0.429,0,0.3,0,0.276,conrowi01
Brian Cook,29,HOU,NBA,2009-10,15,0,44,7,23,5,14,2,9,5,7,1,8,9,1,0,2,6,5,21,0.304,0.357,0.222,0.348,0.714,0.403,cookbr01
Daequan Cook,22,MIA,NBA,2009-10,45,3,691,81,253,41,127,40,126,21,25,9,73,82,43,14,10,24,50,223,0.32,0.323,0.317,0.399,0.84,0.422,cookda02
Jamal Crawford,29,ATL,NBA,2009-10,79,0,2460,496,1105,333,678,163,427,270,315,34,167,201,238,61,12,137,132,1425,0.449,0.491,0.382,0.523,0.857,0.573,crawfja01
Dante Cunningham,22,POR,NBA,2009-10,63,2,707,106,214,106,212,0,2,31,48,54,106,160,14,24,22,15,97,243,0.495,0.5,0,0.495,0.646,0.517,cunnida01
Eddy Curry,27,NYK,NBA,2009-10,7,0,62,8,21,8,21,0,0,10,17,4,9,13,0,0,1,13,13,26,0.381,0.381,,0.381,0.588,0.456,curryed01
JamesOn Curry,24,LAC,NBA,2009-10,1,0,0,0,0,0,0,0,0,0,0,0,0,0,0,0,0,0,0,0,,,,,,,curryja01
Stephen Curry,21,GSW,NBA,2009-10,80,77,2896,528,1143,362,763,166,380,177,200,48,308,356,472,152,19,243,252,1399,0.462,0.474,0.437,0.535,0.885,0.568,curryst01
Samuel Dalembert,28,PHI,NBA,2009-10,82,80,2124,285,523,285,523,0,0,97,133,239,545,784,64,42,151,123,252,667,0.545,0.545,,0.545,0.729,0.573,dalemsa01
Erick Dampier,34,DAL,NBA,2009-10,55,47,1280,133,213,132,210,1,3,61,101,128,272,400,31,15,77,61,153,328,0.624,0.629,0.333,0.627,0.604,0.637,dampier01
Marquis Daniels,29,BOS,NBA,2009-10,51,4,937,124,249,118,221,6,28,34,56,27,68,95,66,27,6,42,91,288,0.498,0.534,0.214,0.51,0.607,0.526,daniema01
Baron Davis,30,LAC,NBA,2009-10,75,73,2523,412,1015,330,719,82,296,239,291,52,214,266,598,126,43,211,210,1145,0.406,0.459,0.277,0.446,0.821,0.501,davisba01
Glen Davis,24,BOS,NBA,2009-10,54,1,933,122,279,122,275,0,4,96,138,101,104,205,35,21,14,53,132,340,0.437,0.444,0,0.437,0.696,0.5,davisgl01
Paul Davis,25,WAS,NBA,2009-10,2,0,8,2,4,2,4,0,0,1,2,0,0,0,3,0,1,0,0,5,0.5,0.5,,0.5,0.5,0.512,davispa01
Ricky Davis,30,LAC,NBA,2009-10,36,2,499,62,143,46,101,16,42,18,31,10,47,57,39,11,3,29,39,158,0.434,0.455,0.381,0.49,0.581,0.504,davisri01
Austin Daye,21,DET,NBA,2009-10,69,4,915,137,295,108,200,29,95,46,56,34,140,174,34,25,26,48,114,349,0.464,0.54,0.305,0.514,0.821,0.546,dayeau01
Carlos Delfino,27,MIL,NBA,2009-10,75,66,2279,299,732,165,367,134,365,93,119,51,343,394,202,80,21,119,138,825,0.408,0.45,0.367,0.5,0.782,0.526,delfica01
Luol Deng,24,CHI,NBA,2009-10,70,69,2651,473,1014,441,931,32,83,252,330,131,381,512,143,66,61,134,129,1230,0.466,0.474,0.386,0.482,0.764,0.531,denglu01
DeMar DeRozan,20,TOR,NBA,2009-10,77,65,1664,255,512,251,496,4,16,148,194,66,157,223,53,43,18,62,176,662,0.498,0.506,0.25,0.502,0.763,0.554,derozde01
Boris Diaw,27,CHA,NBA,2009-10,82,82,2906,373,773,307,567,66,206,113,147,131,293,424,325,60,57,178,219,925,0.483,0.541,0.32,0.525,0.769,0.552,diawbo01
Yakhouba Diawara,27,MIA,NBA,2009-10,6,2,44,2,10,1,4,1,6,0,0,1,3,4,3,1,0,3,8,5,0.2,0.25,0.167,0.25,,0.25,diawaya01
Travis Diener,27,TOT,NBA,2009-10,9,0,51,2,10,1,3,1,7,1,4,0,3,3,8,4,0,0,2,6,0.2,0.333,0.143,0.25,0.25,0.255,dienetr01
DeSagana Diop,28,CHA,NBA,2009-10,27,0,262,15,29,15,29,0,0,2,9,24,41,65,5,5,14,12,31,32,0.517,0.517,,0.517,0.222,0.485,diopde01
Keyon Dooling,29,NJN,NBA,2009-10,53,8,971,129,324,70,167,59,157,47,61,8,46,54,135,34,0,59,82,364,0.398,0.419,0.376,0.489,0.77,0.519,doolike01
Joey Dorsey,26,TOT,NBA,2009-10,15,0,106,9,20,9,20,0,0,5,12,16,27,43,2,3,2,6,21,23,0.45,0.45,,0.45,0.417,0.455,dorsejo01
Toney Douglas,23,NYK,NBA,2009-10,56,12,1087,179,391,111,216,68,175,55,68,40,68,108,112,42,3,55,116,481,0.458,0.514,0.389,0.545,0.809,0.571,douglto01
Chris Douglas-Roberts,23,NJN,NBA,2009-10,67,38,1730,255,573,241,519,14,54,133,157,45,153,198,93,55,19,97,101,657,0.445,0.464,0.259,0.457,0.847,0.512,douglch01
Goran Dragic,23,PHO,NBA,2009-10,80,2,1442,222,491,148,303,74,188,117,159,38,133,171,241,48,8,126,131,635,0.452,0.488,0.394,0.527,0.736,0.566,dragigo01
Jared Dudley,24,PHO,NBA,2009-10,82,1,1991,225,490,105,228,120,262,104,138,99,182,281,115,81,16,68,162,674,0.459,0.461,0.458,0.582,0.754,0.612,dudleja01
Chris Duhon,27,NYK,NBA,2009-10,67,59,2072,168,451,78,193,90,258,68,95,28,150,178,378,59,3,110,83,494,0.373,0.404,0.349,0.472,0.716,0.501,duhonch01
Tim Duncan,33,SAS,NBA,2009-10,78,77,2438,561,1082,559,1071,2,11,271,374,221,567,788,246,45,117,140,152,1395,0.518,0.522,0.182,0.519,0.725,0.56,duncati01
Mike Dunleavy,29,IND,NBA,2009-10,67,15,1486,229,558,154,322,75,236,133,158,25,211,236,103,38,15,72,105,666,0.41,0.478,0.318,0.478,0.842,0.531,dunlemi02
Kevin Durant,21,OKC,NBA,2009-10,82,82,3239,794,1668,666,1317,128,351,756,840,105,518,623,231,112,84,271,171,2472,0.476,0.506,0.365,0.514,0.9,0.607,duranke01
Wayne Ellington,22,MIN,NBA,2009-10,76,1,1384,190,448,126,286,64,162,61,70,33,126,159,74,20,5,74,72,505,0.424,0.441,0.395,0.496,0.871,0.527,ellinwa01
Monta Ellis,24,GSW,NBA,2009-10,64,64,2647,631,1406,554,1178,77,228,292,388,47,210,257,340,143,25,244,189,1631,0.449,0.47,0.338,0.476,0.753,0.517,ellismo01
Francisco Elson,33,TOT,NBA,2009-10,12,0,66,5,15,5,15,0,0,2,5,6,8,14,2,1,0,1,7,12,0.333,0.333,,0.333,0.4,0.349,elsonfr01
Maurice Evans,31,ATL,NBA,2009-10,79,5,1317,175,393,118,224,57,169,46,61,59,95,154,48,34,17,20,125,453,0.445,0.527,0.337,0.518,0.754,0.539,evansma01
Reggie Evans,29,TOR,NBA,2009-10,28,1,311,34,69,34,69,0,0,27,60,30,75,105,8,14,4,22,44,95,0.493,0.493,,0.493,0.45,0.498,evansre01
Tyreke Evans,20,SAC,NBA,2009-10,72,72,2677,533,1165,497,1024,36,141,348,465,66,314,380,414,109,26,216,204,1450,0.458,0.485,0.255,0.473,0.748,0.529,evansty01
Jordan Farmar,23,LAL,NBA,2009-10,82,0,1474,224,515,138,286,86,229,57,85,14,117,131,127,52,11,72,109,591,0.435,0.483,0.376,0.518,0.671,0.535,farmajo01
Raymond Felton,25,CHA,NBA,2009-10,80,80,2643,388,846,328,690,60,156,132,173,53,235,288,446,123,22,168,172,968,0.459,0.475,0.385,0.494,0.763,0.525,feltora01
Rudy Fernandez,24,POR,NBA,2009-10,62,2,1441,160,423,62,157,98,266,85,98,35,129,164,127,62,11,72,87,503,0.378,0.395,0.368,0.494,0.867,0.54,fernaru01
Kyrylo Fesenko,23,UTA,NBA,2009-10,49,5,408,52,95,52,94,0,1,24,57,33,57,90,15,6,19,24,78,128,0.547,0.553,0,0.547,0.421,0.533,fesenky01
Michael Finley,36,TOT,NBA,2009-10,46,7,709,81,184,49,102,32,82,8,15,6,65,71,43,10,6,21,33,202,0.44,0.48,0.39,0.527,0.533,0.53,finlemi01
Derek Fisher,35,LAL,NBA,2009-10,82,82,2227,212,558,134,334,78,224,113,132,25,145,170,201,90,9,78,202,615,0.38,0.401,0.348,0.45,0.856,0.499,fishede01
Jonny Flynn,20,MIN,NBA,2009-10,81,81,2339,397,952,320,737,77,215,223,270,24,167,191,356,82,2,233,98,1094,0.417,0.434,0.358,0.457,0.826,0.511,flynnjo01
T.J. Ford,26,IND,NBA,2009-10,47,32,1189,186,418,178,368,8,50,104,135,41,108,149,180,44,11,90,102,484,0.445,0.484,0.16,0.455,0.77,0.507,fordtj01
Jeff Foster,33,IND,NBA,2009-10,16,3,255,22,46,22,45,0,1,5,9,34,47,81,21,3,4,14,45,49,0.478,0.489,0,0.478,0.556,0.49,fosteje01
Randy Foye,26,WAS,NBA,2009-10,70,38,1667,256,619,193,437,63,182,129,145,16,114,130,228,33,10,94,123,704,0.414,0.442,0.346,0.464,0.89,0.516,foyera01
Channing Frye,26,PHO,NBA,2009-10,81,41,2190,317,703,145,311,172,392,98,121,66,361,427,113,64,74,73,263,904,0.451,0.466,0.439,0.573,0.81,0.598,fryech01
Dan Gadzuric,31,MIL,NBA,2009-10,32,6,314,39,89,39,89,0,0,10,25,38,54,92,12,9,13,15,63,88,0.438,0.438,,0.438,0.4,0.44,gadzuda01
Sundiata Gaines,23,UTA,NBA,2009-10,32,0,217,38,82,31,56,7,26,23,46,6,23,29,39,12,0,14,17,106,0.463,0.554,0.269,0.506,0.5,0.518,gainesu01
Danilo Gallinari,21,NYK,NBA,2009-10,81,74,2747,392,927,206,439,186,488,251,307,65,333,398,135,75,58,110,191,1221,0.423,0.469,0.381,0.523,0.818,0.575,gallida01
Francisco Garcia,28,SAC,NBA,2009-10,25,4,575,82,176,59,117,23,59,15,17,11,55,66,45,10,19,21,49,202,0.466,0.504,0.39,0.531,0.882,0.55,garcifr01
Kevin Garnett,33,BOS,NBA,2009-10,69,69,2060,402,772,401,767,1,5,185,221,78,428,506,185,68,57,101,170,990,0.521,0.523,0.2,0.521,0.837,0.569,garneke01
Marc Gasol,25,MEM,NBA,2009-10,69,69,2469,378,651,378,650,0,1,252,376,208,432,640,165,69,109,135,254,1008,0.581,0.582,0,0.581,0.67,0.617,gasolma01
Pau Gasol,29,LAL,NBA,2009-10,65,65,2403,452,844,452,839,0,5,286,362,243,491,734,218,37,113,143,152,1190,0.536,0.539,0,0.536,0.79,0.593,gasolpa01
Rudy Gay,23,MEM,NBA,2009-10,80,80,3175,600,1288,534,1086,66,202,301,400,115,357,472,153,118,64,169,201,1567,0.466,0.492,0.327,0.491,0.753,0.535,gayru01
Alonzo Gee,22,WAS,NBA,2009-10,11,2,182,28,59,21,50,7,9,18,29,15,18,33,7,7,1,10,13,81,0.475,0.42,0.778,0.534,0.621,0.564,geeal01
Devean George,32,GSW,NBA,2009-10,45,4,761,89,206,41,83,48,123,16,23,21,93,114,32,41,10,15,89,242,0.432,0.494,0.39,0.549,0.696,0.56,georgde01
Daniel Gibson,23,CLE,NBA,2009-10,56,10,1068,125,268,54,119,71,149,34,49,13,60,73,70,25,7,36,79,355,0.466,0.454,0.477,0.599,0.694,0.613,gibsoda01
Taj Gibson,24,CHI,NBA,2009-10,82,70,2204,311,629,311,629,0,0,113,175,226,385,611,70,50,104,114,282,735,0.494,0.494,,0.494,0.646,0.521,gibsota01
J.R. Giddens,24,TOT,NBA,2009-10,32,1,239,28,60,28,50,0,10,13,23,16,35,51,13,9,2,17,29,69,0.467,0.56,0,0.467,0.565,0.492,giddejr01
Trey Gilder,25,MEM,NBA,2009-10,2,0,5,1,1,1,1,0,0,0,0,0,1,1,0,1,0,0,0,2,1,1,,1,,1,gildetr01
Manu Ginobili,32,SAS,NBA,2009-10,75,21,2150,398,903,266,553,132,350,309,355,68,216,284,370,103,24,154,154,1237,0.441,0.481,0.377,0.514,0.87,0.584,ginobma01
Ryan Gomes,27,MIN,NBA,2009-10,76,64,2210,327,732,253,533,74,199,104,126,76,272,348,124,62,16,95,155,832,0.447,0.475,0.372,0.497,0.825,0.528,gomesry01
Drew Gooden,28,TOT,NBA,2009-10,70,33,1755,288,602,287,594,1,8,186,216,207,335,542,47,41,58,108,194,763,0.478,0.483,0.125,0.479,0.861,0.547,goodedr01
Ben Gordon,26,DET,NBA,2009-10,62,17,1730,291,699,216,465,75,234,198,230,26,93,119,166,49,6,118,147,855,0.416,0.465,0.321,0.47,0.861,0.534,gordobe01
Eric Gordon,21,LAC,NBA,2009-10,62,60,2229,352,784,233,463,119,321,222,299,25,135,160,186,69,14,144,96,1045,0.449,0.503,0.371,0.525,0.742,0.571,gordoer01
Marcin Gortat,25,ORL,NBA,2009-10,81,0,1088,121,227,121,224,0,3,51,75,104,237,341,17,17,70,46,138,293,0.533,0.54,0,0.533,0.68,0.563,gortama01
Joey Graham,27,DEN,NBA,2009-10,63,18,759,105,202,103,189,2,13,54,73,39,84,123,22,23,7,43,104,266,0.52,0.545,0.154,0.525,0.74,0.568,grahajo01
Stephen Graham,27,CHA,NBA,2009-10,70,8,804,119,240,103,190,16,50,42,65,24,111,135,23,20,10,36,94,296,0.496,0.542,0.32,0.529,0.646,0.551,grahast01
Danny Granger,26,IND,NBA,2009-10,62,62,2278,488,1139,330,701,158,438,363,428,67,275,342,171,94,51,157,183,1497,0.428,0.471,0.361,0.498,0.848,0.564,grangda01
Aaron Gray,25,TOT,NBA,2009-10,32,0,311,42,82,42,82,0,0,20,28,45,61,106,22,9,11,18,54,104,0.512,0.512,,0.512,0.714,0.551,grayaa01
Danny Green,22,CLE,NBA,2009-10,20,0,115,15,39,9,17,6,22,4,6,8,9,17,5,6,3,5,9,40,0.385,0.529,0.273,0.462,0.667,0.48,greenda02
Jeff Green,23,OKC,NBA,2009-10,82,82,3043,485,1070,381,758,104,312,165,223,112,378,490,134,104,72,135,221,1239,0.453,0.503,0.333,0.502,0.74,0.53,greenje02
Willie Green,28,PHI,NBA,2009-10,73,18,1553,248,543,201,407,47,136,95,114,20,109,129,152,32,11,67,135,638,0.457,0.494,0.346,0.5,0.833,0.538,greenwi01
Donte Greene,21,SAC,NBA,2009-10,76,50,1630,244,553,175,370,69,183,90,140,53,181,234,71,41,53,93,150,647,0.441,0.473,0.377,0.504,0.643,0.526,greendo01
Taylor Griffin,23,PHO,NBA,2009-10,8,0,32,4,10,4,8,0,2,2,4,0,2,2,1,0,2,1,4,10,0.4,0.5,0,0.4,0.5,0.425,griffta01
Hamed Haddadi,24,MEM,NBA,2009-10,36,0,240,24,62,24,59,0,3,14,19,26,49,75,10,1,14,20,57,62,0.387,0.407,0,0.387,0.737,0.441,haddaha01
Malik Hairston,22,SAS,NBA,2009-10,47,0,317,40,76,38,65,2,11,17,30,13,36,49,16,4,9,11,29,99,0.526,0.585,0.182,0.539,0.567,0.555,hairsma01
Marcus Haislip,29,SAS,NBA,2009-10,10,0,44,10,21,7,16,3,5,2,5,4,6,10,0,0,2,3,5,25,0.476,0.438,0.6,0.548,0.4,0.539,haislma01
Richard Hamilton,31,DET,NBA,2009-10,46,46,1552,293,717,252,579,41,138,204,241,30,92,122,202,30,3,115,115,831,0.409,0.435,0.297,0.437,0.846,0.505,hamilri01
Tyler Hansbrough,24,IND,NBA,2009-10,29,1,511,81,225,81,221,0,4,84,113,60,78,138,28,17,8,21,70,246,0.36,0.367,0,0.36,0.743,0.448,hansbty01
James Harden,20,OKC,NBA,2009-10,76,0,1738,233,578,140,330,93,248,194,240,47,197,244,137,80,20,106,200,753,0.403,0.424,0.375,0.484,0.808,0.551,hardeja01
Al Harrington,29,NYK,NBA,2009-10,72,15,2195,448,1030,308,621,140,409,240,317,88,317,405,110,62,26,132,209,1276,0.435,0.496,0.342,0.503,0.757,0.546,harrial01
Devin Harris,26,NJN,NBA,2009-10,64,61,2221,356,884,296,667,60,217,308,386,24,179,203,423,79,18,181,178,1080,0.403,0.444,0.276,0.437,0.798,0.512,harride01
Mike Harris,26,TOT,NBA,2009-10,13,0,96,11,30,11,29,0,1,7,11,10,14,24,3,5,1,9,14,29,0.367,0.379,0,0.367,0.636,0.416,harrimi01
Jason Hart,31,TOT,NBA,2009-10,5,0,22,1,2,1,2,0,0,0,0,0,2,2,6,2,1,3,4,2,0.5,0.5,,0.5,,0.5,hartja01
Udonis Haslem,29,MIA,NBA,2009-10,78,0,2177,312,632,312,632,0,0,147,193,167,462,629,52,30,23,75,174,771,0.494,0.494,,0.494,0.762,0.538,hasleud01
Trenton Hassell,30,NJN,NBA,2009-10,52,31,1106,90,219,90,214,0,5,52,69,56,96,152,50,17,9,47,91,232,0.411,0.421,0,0.411,0.754,0.465,hassetr01
Spencer Hawes,21,SAC,NBA,2009-10,72,59,1904,312,666,286,579,26,87,73,106,145,291,436,158,32,83,131,200,723,0.468,0.494,0.299,0.488,0.689,0.507,hawessp01
Chuck Hayes,26,HOU,NBA,2009-10,82,82,1773,161,329,161,329,0,0,36,66,151,314,465,139,73,43,74,219,358,0.489,0.489,,0.489,0.545,0.5,hayesch01
Jarvis Hayes,28,NJN,NBA,2009-10,45,19,1033,138,328,78,149,60,179,14,18,9,99,108,40,29,9,28,91,350,0.421,0.523,0.335,0.512,0.778,0.521,hayesja01
Brendan Haywood,30,TOT,NBA,2009-10,77,67,2355,276,491,276,490,0,1,152,245,278,437,715,43,26,158,99,209,704,0.562,0.563,0,0.562,0.62,0.588,haywobr01
Luther Head,27,IND,NBA,2009-10,47,10,813,136,311,99,206,37,105,48,58,6,74,80,72,18,9,54,53,357,0.437,0.481,0.352,0.497,0.828,0.53,headlu01
Gerald Henderson,22,CHA,NBA,2009-10,43,0,355,37,104,33,85,4,19,35,47,15,40,55,13,10,9,14,25,113,0.356,0.388,0.211,0.375,0.745,0.453,hendege02
Roy Hibbert,23,IND,NBA,2009-10,81,69,2035,387,782,384,776,3,6,169,224,177,287,464,158,30,131,145,285,946,0.495,0.495,0.5,0.497,0.754,0.537,hibbero01
J.J. Hickson,21,CLE,NBA,2009-10,81,73,1691,289,522,289,521,0,1,111,163,110,290,400,40,36,39,92,132,689,0.554,0.555,0,0.554,0.681,0.58,hicksjj01
Nene Hilario,27,DEN,NBA,2009-10,82,82,2755,421,717,421,715,0,2,293,416,166,461,627,203,115,82,125,281,1135,0.587,0.589,0,0.587,0.704,0.631,hilarne01
George Hill,23,SAS,NBA,2009-10,78,43,2276,353,738,278,550,75,188,183,237,42,163,205,226,69,26,101,222,964,0.478,0.505,0.399,0.529,0.772,0.572,hillge01
Grant Hill,37,PHO,NBA,2009-10,81,81,2430,336,703,301,623,35,80,205,251,74,371,445,193,60,36,108,165,912,0.478,0.483,0.438,0.503,0.817,0.561,hillgr01
Jordan Hill,22,TOT,NBA,2009-10,47,0,624,99,201,99,199,0,2,46,68,76,99,175,20,14,21,30,92,244,0.493,0.497,0,0.493,0.676,0.528,hilljo01
Kirk Hinrich,29,CHI,NBA,2009-10,74,53,2481,308,753,204,473,104,280,85,113,24,236,260,330,85,24,113,204,805,0.409,0.431,0.371,0.478,0.752,0.501,hinriki01
Jrue Holiday,19,PHI,NBA,2009-10,73,51,1767,230,520,168,361,62,159,65,86,56,135,191,280,79,18,156,153,587,0.442,0.465,0.39,0.502,0.756,0.526,holidjr01
Ryan Hollins,25,MIN,NBA,2009-10,73,27,1223,169,303,169,302,0,1,109,158,79,128,207,51,19,38,95,199,447,0.558,0.56,0,0.558,0.69,0.6,holliry01
Al Horford,23,ATL,NBA,2009-10,81,81,2845,467,847,466,846,1,1,213,270,236,563,799,189,59,91,122,225,1148,0.551,0.551,1,0.552,0.789,0.594,horfoal01
Eddie House,31,TOT,NBA,2009-10,68,0,1217,173,455,94,228,79,227,48,52,13,96,109,85,40,7,47,81,473,0.38,0.412,0.348,0.467,0.923,0.495,houseed01
Dwight Howard,24,ORL,NBA,2009-10,82,82,2843,510,834,510,827,0,7,483,816,284,798,1082,144,75,228,274,287,1503,0.612,0.617,0,0.612,0.592,0.63,howardw01
Josh Howard,29,TOT,NBA,2009-10,35,12,918,157,388,134,302,23,86,109,139,30,95,125,48,26,11,46,91,446,0.405,0.444,0.267,0.434,0.784,0.496,howarjo01
Juwan Howard,36,POR,NBA,2009-10,73,27,1632,191,375,191,374,0,1,55,70,108,227,335,61,27,10,72,191,437,0.509,0.511,0,0.509,0.786,0.538,howarju01
Lester Hudson,25,TOT,NBA,2009-10,25,0,131,21,53,16,37,5,16,11,13,7,11,18,13,8,3,14,12,58,0.396,0.432,0.313,0.443,0.846,0.494,hudsole01
Larry Hughes,31,TOT,NBA,2009-10,45,16,1115,137,386,94,247,43,139,94,113,23,119,142,137,52,15,75,70,411,0.355,0.381,0.309,0.411,0.832,0.472,hughela01
Kris Humphries,24,TOT,NBA,2009-10,69,0,1221,180,408,180,407,0,1,127,190,120,258,378,32,36,48,66,145,487,0.441,0.442,0,0.441,0.668,0.495,humphkr01
Chris Hunter,25,GSW,NBA,2009-10,60,9,783,109,217,109,213,0,4,52,69,56,111,167,37,13,35,30,132,270,0.502,0.512,0,0.502,0.754,0.546,huntech01
Lindsey Hunter,39,CHI,NBA,2009-10,13,0,122,5,30,4,17,1,13,2,2,1,13,14,9,1,0,4,12,13,0.167,0.235,0.077,0.183,1,0.21,hunteli01
Othello Hunter,23,ATL,NBA,2009-10,7,0,33,4,12,4,12,0,0,3,4,6,6,12,0,0,1,3,5,11,0.333,0.333,,0.333,0.75,0.4,hunteot01
Steven Hunter,28,MEM,NBA,2009-10,21,0,158,17,43,17,43,0,0,19,36,18,24,42,0,1,10,9,10,53,0.395,0.395,,0.395,0.528,0.45,huntest01
Serge Ibaka,20,OKC,NBA,2009-10,73,0,1323,201,370,200,368,1,2,58,92,138,259,397,10,25,97,68,194,461,0.543,0.543,0.5,0.545,0.63,0.562,ibakase01
Andre Iguodala,26,PHI,NBA,2009-10,82,82,3193,496,1120,402,817,94,303,315,430,82,447,529,472,141,55,218,145,1401,0.443,0.492,0.31,0.485,0.733,0.535,iguodan01
Zydrunas Ilgauskas,34,CLE,NBA,2009-10,64,6,1339,194,438,183,415,11,23,75,101,114,231,345,48,14,50,63,183,474,0.443,0.441,0.478,0.455,0.743,0.491,ilgauzy01
Didier Ilunga-Mbenga,29,LAL,NBA,2009-10,49,2,355,48,103,48,103,0,0,9,19,32,55,87,8,5,29,15,54,105,0.466,0.466,,0.466,0.474,0.471,mbengdj01
Ersan Ilyasova,22,MIL,NBA,2009-10,81,31,1898,323,729,242,488,81,241,113,158,157,360,517,84,53,23,71,251,840,0.443,0.496,0.336,0.499,0.715,0.526,ilyaser01
Allen Iverson,34,TOT,NBA,2009-10,28,24,865,136,316,127,291,9,25,104,131,16,63,79,113,19,2,64,48,385,0.43,0.436,0.36,0.445,0.794,0.515,iversal01
Royal Ivey,28,TOT,NBA,2009-10,44,0,326,35,83,21,48,14,35,9,12,6,28,34,27,19,2,11,39,93,0.422,0.438,0.4,0.506,0.75,0.527,iveyro01
Jarrett Jack,26,TOR,NBA,2009-10,82,43,2243,323,671,241,472,82,199,203,241,30,192,222,413,60,6,163,151,931,0.481,0.511,0.412,0.542,0.842,0.599,jackja01
Cedric Jackson,23,TOT,NBA,2009-10,12,0,74,6,20,5,14,1,6,7,12,2,6,8,14,3,2,11,7,20,0.3,0.357,0.167,0.325,0.583,0.396,jacksce01
Darnell Jackson,24,TOT,NBA,2009-10,28,0,123,9,30,8,26,1,4,4,6,9,13,22,4,2,4,13,21,23,0.3,0.308,0.25,0.317,0.667,0.352,jacksda01
Stephen Jackson,31,TOT,NBA,2009-10,81,81,3129,600,1418,471,1025,129,393,338,434,78,323,401,300,132,43,259,197,1667,0.423,0.46,0.328,0.469,0.779,0.518,jacksst02
LeBron James,25,CLE,NBA,2009-10,76,76,2966,768,1528,639,1141,129,387,593,773,71,483,554,651,125,77,261,119,2258,0.503,0.56,0.333,0.545,0.767,0.604,jamesle01
Mike James,34,WAS,NBA,2009-10,4,0,46,6,20,4,14,2,6,4,8,1,2,3,5,3,0,5,3,18,0.3,0.286,0.333,0.35,0.5,0.383,jamesmi01
Antawn Jamison,33,TOT,NBA,2009-10,66,64,2406,478,1036,393,789,85,247,194,300,136,419,555,84,71,21,91,179,1235,0.461,0.498,0.344,0.502,0.647,0.529,jamisan01
Nathan Jawai,23,MIN,NBA,2009-10,39,2,412,49,111,49,110,0,1,26,38,49,55,104,24,10,9,27,58,124,0.441,0.445,0,0.441,0.684,0.485,jawaina01
Othyus Jeffers,24,UTA,NBA,2009-10,14,0,73,12,29,12,29,0,0,13,19,8,11,19,1,4,0,6,10,37,0.414,0.414,,0.414,0.684,0.495,jeffeot01
Al Jefferson,25,MIN,NBA,2009-10,76,76,2463,560,1125,560,1121,0,4,181,266,180,523,703,137,63,98,136,205,1301,0.498,0.5,0,0.498,0.68,0.524,jeffeal01
Richard Jefferson,29,SAS,NBA,2009-10,81,70,2520,362,775,303,588,59,187,211,287,58,298,356,158,45,40,105,178,994,0.467,0.515,0.316,0.505,0.735,0.551,jefferi01
Jared Jeffries,28,TOT,NBA,2009-10,70,37,1794,138,314,117,243,21,71,75,120,130,158,288,101,62,71,76,203,372,0.439,0.481,0.296,0.473,0.625,0.507,jeffrja01
Brandon Jennings,20,MIL,NBA,2009-10,82,82,2671,451,1216,306,828,145,388,223,273,49,233,282,470,105,18,200,191,1270,0.371,0.37,0.374,0.431,0.817,0.475,jennibr01
Jonas Jerebko,22,DET,NBA,2009-10,80,73,2232,290,603,254,488,36,115,125,176,194,284,478,58,79,29,82,230,741,0.481,0.52,0.313,0.511,0.71,0.545,jerebjo01
Yi Jianlian,22,NJN,NBA,2009-10,52,51,1655,227,563,212,522,15,41,154,193,115,257,372,47,37,52,77,170,623,0.403,0.406,0.366,0.417,0.798,0.481,jianlyi01
Amir Johnson,22,TOR,NBA,2009-10,82,5,1453,208,334,208,330,0,4,95,149,154,241,395,48,44,66,63,255,511,0.623,0.63,0,0.623,0.638,0.639,johnsam01
Anthony Johnson,35,ORL,NBA,2009-10,31,0,406,49,111,36,72,13,39,19,20,8,40,48,63,11,1,26,32,130,0.441,0.5,0.333,0.5,0.95,0.543,johnsan02
James Johnson,22,CHI,NBA,2009-10,65,11,757,95,210,80,164,15,46,51,70,34,94,128,48,21,43,62,126,256,0.452,0.488,0.326,0.488,0.729,0.532,johnsja01
Joe Johnson,28,ATL,NBA,2009-10,76,76,2886,635,1386,506,1036,129,350,220,269,74,279,353,369,82,5,145,145,1619,0.458,0.488,0.369,0.505,0.818,0.538,johnsjo02
Dahntay Jones,29,IND,NBA,2009-10,76,26,1892,287,623,283,591,4,32,198,257,48,181,229,150,40,39,129,237,776,0.461,0.479,0.125,0.464,0.77,0.527,jonesda02
Dwayne Jones,26,PHO,NBA,2009-10,2,0,7,0,0,0,0,0,0,0,0,0,2,2,0,0,0,0,1,0,,,,,,,jonesdw02
James Jones,29,MIA,NBA,2009-10,36,6,503,43,119,6,29,37,90,23,28,4,41,45,17,11,4,11,45,146,0.361,0.207,0.411,0.517,0.821,0.556,jonesja02
Solomon Jones,25,IND,NBA,2009-10,52,2,675,78,176,78,173,0,3,51,71,51,93,144,32,14,37,40,125,207,0.443,0.451,0,0.443,0.718,0.499,jonesso01
DeAndre Jordan,21,LAC,NBA,2009-10,70,12,1137,144,238,144,236,0,2,48,128,122,230,352,21,16,62,75,152,336,0.605,0.61,0,0.605,0.375,0.571,jordade01
Chris Kaman,27,LAC,NBA,2009-10,76,76,2608,589,1202,589,1196,0,6,230,307,184,520,704,120,37,94,223,213,1408,0.49,0.492,0,0.49,0.749,0.527,kamanch01
Jason Kapono,28,PHI,NBA,2009-10,57,12,976,126,301,63,130,63,171,9,15,14,52,66,39,21,6,34,80,324,0.419,0.485,0.368,0.523,0.6,0.527,kaponja01
Coby Karl,26,TOT,NBA,2009-10,7,1,113,11,32,9,21,2,11,4,6,4,14,18,15,3,1,10,14,28,0.344,0.429,0.182,0.375,0.667,0.404,karlco01
Jason Kidd,36,DAL,NBA,2009-10,80,80,2881,284,671,108,257,176,414,80,99,48,397,445,724,145,35,195,142,824,0.423,0.42,0.425,0.554,0.808,0.577,kiddja01
Andrei Kirilenko,28,UTA,NBA,2009-10,58,35,1681,244,482,218,393,26,89,174,234,76,188,264,158,83,71,79,102,688,0.506,0.555,0.292,0.533,0.744,0.588,kirilan01
Kyle Korver,28,UTA,NBA,2009-10,52,0,952,138,280,79,170,59,110,39,49,10,101,111,89,26,12,42,76,374,0.493,0.465,0.536,0.598,0.796,0.62,korveky01
Kosta Koufos,20,UTA,NBA,2009-10,36,0,172,22,47,22,47,0,0,9,15,16,29,45,6,2,4,15,26,53,0.468,0.468,,0.468,0.6,0.494,koufoko01
Nenad Krstic,26,OKC,NBA,2009-10,76,76,1741,281,560,280,555,1,5,76,106,134,249,383,52,32,45,58,177,639,0.502,0.505,0.2,0.503,0.717,0.527,krstine01
Oliver Lafayette,25,BOS,NBA,2009-10,1,0,22,3,6,2,4,1,2,0,0,1,3,4,2,0,0,1,0,7,0.5,0.5,0.5,0.583,,0.583,lafayol01
Carl Landry,26,TOT,NBA,2009-10,80,29,2469,499,931,498,928,1,3,344,427,188,280,468,66,55,63,136,234,1343,0.536,0.537,0.333,0.537,0.806,0.6,landrca01
Marcus Landry,24,TOT,NBA,2009-10,18,0,111,16,43,7,15,9,28,3,5,5,14,19,0,1,2,6,14,44,0.372,0.467,0.321,0.477,0.6,0.487,landrma01
Acie Law,25,TOT,NBA,2009-10,26,1,234,35,75,30,59,5,16,38,49,3,14,17,26,11,1,17,16,113,0.467,0.508,0.313,0.5,0.776,0.585,lawac01
Ty Lawson,22,DEN,NBA,2009-10,65,8,1318,201,390,167,307,34,83,106,140,42,82,124,203,48,2,82,89,542,0.515,0.544,0.41,0.559,0.757,0.6,lawsoty01
Courtney Lee,24,NJN,NBA,2009-10,71,66,2375,338,775,262,550,76,225,133,153,60,192,252,121,93,20,76,130,885,0.436,0.476,0.338,0.485,0.869,0.525,leeco01
David Lee,26,NYK,NBA,2009-10,81,81,3019,686,1258,686,1250,0,8,268,330,228,721,949,295,85,40,189,257,1640,0.545,0.549,0,0.545,0.812,0.584,leeda02
Rashard Lewis,30,ORL,NBA,2009-10,72,72,2369,350,805,182,382,168,423,145,180,62,256,318,107,78,28,108,180,1013,0.435,0.476,0.397,0.539,0.806,0.573,lewisra02
Shaun Livingston,24,TOT,NBA,2009-10,36,18,796,104,201,104,195,0,6,42,48,16,62,78,130,17,11,58,61,250,0.517,0.533,0,0.517,0.875,0.563,livinsh01
Brook Lopez,21,NJN,NBA,2009-10,82,82,3027,563,1129,563,1127,0,2,416,509,270,439,709,187,55,139,204,251,1542,0.499,0.5,0,0.499,0.817,0.57,lopezbr01
Robin Lopez,21,PHO,NBA,2009-10,51,31,986,171,291,171,291,0,0,88,125,104,144,248,7,10,53,41,117,430,0.588,0.588,,0.588,0.704,0.621,lopezro01
Kevin Love,21,MIN,NBA,2009-10,60,22,1714,291,646,256,540,35,106,225,276,227,431,658,136,43,23,117,136,842,0.45,0.474,0.33,0.478,0.815,0.549,loveke01
Kyle Lowry,23,HOU,NBA,2009-10,68,0,1651,184,464,147,328,37,136,215,260,91,156,247,305,60,9,116,173,620,0.397,0.448,0.272,0.436,0.827,0.536,lowryky01
Corey Maggette,30,GSW,NBA,2009-10,70,49,2081,457,886,444,836,13,50,460,551,92,281,373,172,51,4,168,231,1387,0.516,0.531,0.26,0.523,0.835,0.615,maggeco01
Jamaal Magloire,31,MIA,NBA,2009-10,36,0,359,28,56,28,56,0,0,21,59,41,80,121,1,9,11,17,59,77,0.5,0.5,,0.5,0.356,0.47,magloja01
Ian Mahinmi,23,SAS,NBA,2009-10,26,0,165,35,55,35,55,0,0,31,47,13,39,52,2,3,8,15,32,101,0.636,0.636,,0.636,0.66,0.667,mahinia01
Shawn Marion,31,DAL,NBA,2009-10,75,75,2385,395,778,392,759,3,19,105,139,158,319,477,107,69,61,99,141,898,0.508,0.516,0.158,0.51,0.755,0.535,mariosh01
Sean Marks,34,NOH,NBA,2009-10,14,0,75,4,8,4,8,0,0,2,5,14,9,23,2,0,3,2,17,10,0.5,0.5,,0.5,0.4,0.49,marksse01
Cartier Martin,25,TOT,NBA,2009-10,18,2,390,50,136,33,87,17,49,24,30,25,43,68,16,11,1,19,48,141,0.368,0.379,0.347,0.43,0.8,0.473,martica01
Kenyon Martin,32,DEN,NBA,2009-10,58,58,1986,283,620,275,591,8,29,93,167,142,404,546,109,72,61,91,186,667,0.456,0.465,0.276,0.463,0.557,0.481,martike01
Kevin Martin,26,TOT,NBA,2009-10,46,43,1633,289,693,219,483,70,210,298,340,29,135,164,111,46,6,92,96,946,0.417,0.453,0.333,0.468,0.876,0.561,martike02
Desmond Mason,32,SAC,NBA,2009-10,5,4,66,5,12,5,12,0,0,3,4,4,9,13,2,1,1,4,5,13,0.417,0.417,,0.417,0.75,0.472,masonde01
Roger Mason,29,SAS,NBA,2009-10,79,5,1515,193,496,105,232,88,264,27,34,11,151,162,137,30,14,59,99,501,0.389,0.453,0.333,0.478,0.794,0.49,masonro01
Wesley Matthews,23,UTA,NBA,2009-10,82,48,2025,273,565,210,400,63,165,160,193,50,141,191,124,64,15,93,152,769,0.483,0.525,0.382,0.539,0.829,0.592,matthwe02
Jason Maxiell,26,DET,NBA,2009-10,76,29,1550,212,415,212,414,0,1,89,155,161,240,401,39,36,38,68,175,513,0.511,0.512,0,0.511,0.574,0.531,maxieja01
Sean May,25,SAC,NBA,2009-10,37,4,331,51,111,51,107,0,4,21,32,20,50,70,17,12,7,19,46,123,0.459,0.477,0,0.459,0.656,0.492,mayse01
Eric Maynor,22,TOT,NBA,2009-10,81,2,1269,154,368,132,297,22,71,52,72,21,108,129,266,40,10,85,115,382,0.418,0.444,0.31,0.448,0.722,0.478,maynoer01
O.J. Mayo,22,MEM,NBA,2009-10,82,82,3113,542,1183,406,828,136,355,212,262,61,250,311,242,98,17,176,174,1432,0.458,0.49,0.383,0.516,0.809,0.551,mayooj01
Luc Mbah a Moute,23,MIL,NBA,2009-10,73,62,1866,177,369,171,352,6,17,93,133,171,229,400,81,60,39,70,181,453,0.48,0.486,0.353,0.488,0.699,0.53,mbahalu01
Antonio McDyess,35,SAS,NBA,2009-10,77,50,1617,205,428,205,426,0,2,36,57,149,306,455,83,43,32,79,147,446,0.479,0.481,0,0.479,0.632,0.492,mcdyean01
JaVale McGee,22,WAS,NBA,2009-10,60,19,968,156,307,156,306,0,1,74,116,88,155,243,14,16,101,51,122,386,0.508,0.51,0,0.508,0.638,0.539,mcgeeja01
Tracy McGrady,30,TOT,NBA,2009-10,30,24,673,91,235,75,171,16,64,47,63,22,72,94,99,15,14,44,40,245,0.387,0.439,0.25,0.421,0.746,0.466,mcgratr01
Dominic McGuire,24,TOT,NBA,2009-10,51,2,307,19,52,19,52,0,0,0,7,23,56,79,11,5,4,17,35,38,0.365,0.365,,0.365,0,0.345,mcguido01
Josh McRoberts,22,IND,NBA,2009-10,42,3,524,76,146,68,123,8,23,19,38,40,87,127,44,17,16,19,74,179,0.521,0.553,0.348,0.548,0.5,0.55,mcrobjo01
Jodie Meeks,22,TOT,NBA,2009-10,60,0,719,104,268,62,136,42,132,31,39,9,90,99,39,18,5,25,52,281,0.388,0.456,0.318,0.466,0.795,0.493,meeksjo01
Pops Mensah-Bonsu,26,TOT,NBA,2009-10,20,0,120,13,33,13,33,0,0,13,24,16,19,35,3,4,9,10,20,39,0.394,0.394,,0.394,0.542,0.448,mensapo01
C.J. Miles,22,UTA,NBA,2009-10,63,28,1497,241,562,167,345,74,217,66,95,42,126,168,105,58,17,81,190,622,0.429,0.484,0.341,0.495,0.695,0.515,milescj01
Darko Milicic,24,TOT,NBA,2009-10,32,18,685,100,204,100,203,0,1,15,28,47,104,151,47,22,34,35,82,215,0.49,0.493,0,0.49,0.536,0.497,milicda01
Andre Miller,33,POR,NBA,2009-10,82,66,2500,404,908,388,828,16,80,322,392,81,185,266,445,93,9,173,169,1146,0.445,0.469,0.2,0.454,0.821,0.53,millean02
Brad Miller,33,CHI,NBA,2009-10,82,37,1950,250,581,213,449,37,132,182,220,83,316,399,154,44,29,107,189,719,0.43,0.474,0.28,0.462,0.827,0.53,millebr01
Mike Miller,29,WAS,NBA,2009-10,54,50,1805,217,433,135,262,82,171,70,85,55,281,336,212,39,12,115,131,586,0.501,0.515,0.48,0.596,0.824,0.623,millemi01
Patty Mills,21,POR,NBA,2009-10,10,0,38,10,24,8,20,2,4,4,7,1,1,2,5,0,0,4,6,26,0.417,0.4,0.5,0.458,0.571,0.48,millspa02
Paul Millsap,24,UTA,NBA,2009-10,82,8,2277,385,716,384,707,1,9,183,264,186,373,559,131,64,99,116,285,954,0.538,0.543,0.111,0.538,0.693,0.573,millspa01
Nazr Mohammed,32,CHA,NBA,2009-10,58,29,984,189,342,189,342,0,0,81,125,114,190,304,28,15,43,53,105,459,0.553,0.553,,0.553,0.648,0.578,mohamna01
Jamario Moon,29,CLE,NBA,2009-10,61,2,1052,114,247,82,147,32,100,36,45,26,165,191,49,34,30,23,69,296,0.462,0.558,0.32,0.526,0.8,0.555,moonja01
Mikki Moore,34,GSW,NBA,2009-10,23,20,406,54,90,54,90,0,0,7,11,26,43,69,36,5,13,21,60,115,0.6,0.6,,0.6,0.636,0.606,mooremi01
Randolph Morris,24,ATL,NBA,2009-10,28,0,124,23,41,23,41,0,0,16,27,10,28,38,2,5,3,12,34,62,0.561,0.561,,0.561,0.593,0.586,morrira01
Adam Morrison,25,LAL,NBA,2009-10,31,0,241,32,85,27,64,5,21,5,8,10,22,32,18,3,2,10,17,74,0.376,0.422,0.238,0.406,0.625,0.418,morriad01
Anthony Morrow,24,GSW,NBA,2009-10,69,37,2018,329,703,189,396,140,307,101,114,61,198,259,104,65,16,84,158,899,0.468,0.477,0.456,0.568,0.886,0.597,morroan01
Byron Mullens,20,OKC,NBA,2009-10,13,0,54,7,19,7,19,0,0,0,0,3,7,10,1,2,0,4,13,14,0.368,0.368,,0.368,,0.368,mulleby01
Troy Murphy,29,IND,NBA,2009-10,72,69,2344,384,813,256,480,128,333,154,193,129,608,737,150,72,34,100,175,1050,0.472,0.533,0.384,0.551,0.798,0.585,murphtr01
Ronald Murray,30,TOT,NBA,2009-10,75,2,1673,268,683,199,462,69,221,141,194,28,155,183,135,46,16,91,126,746,0.392,0.431,0.312,0.443,0.727,0.485,murraro01
Eduardo Najera,33,TOT,NBA,2009-10,46,5,685,62,146,43,82,19,64,14,24,34,81,115,29,26,14,25,94,157,0.425,0.524,0.297,0.49,0.583,0.501,najered01
Steve Nash,35,PHO,NBA,2009-10,81,81,2660,499,985,375,694,124,291,211,225,34,234,268,892,42,12,295,108,1333,0.507,0.54,0.426,0.57,0.938,0.615,nashst01
Jameer Nelson,27,ORL,NBA,2009-10,65,64,1860,317,706,231,480,86,226,98,116,26,168,194,353,48,2,139,147,818,0.449,0.481,0.381,0.51,0.845,0.54,nelsoja01
Rasho Nesterovic,33,TOR,NBA,2009-10,42,8,413,81,149,81,149,0,0,1,5,37,52,89,25,10,17,16,54,163,0.544,0.544,,0.544,0.2,0.539,nestera01
Joakim Noah,24,CHI,NBA,2009-10,64,54,1925,262,520,262,520,0,0,163,219,220,484,704,132,32,100,117,198,687,0.504,0.504,,0.504,0.744,0.557,noahjo01
Andres Nocioni,30,SAC,NBA,2009-10,75,28,1477,234,587,138,338,96,249,71,99,32,190,222,75,32,26,67,160,635,0.399,0.408,0.386,0.48,0.717,0.504,nocioan01
Steve Novak,26,LAC,NBA,2009-10,54,0,362,42,108,20,37,22,71,7,9,1,32,33,6,7,2,2,21,113,0.389,0.541,0.31,0.491,0.778,0.505,novakst01
Dirk Nowitzki,31,DAL,NBA,2009-10,81,80,3039,720,1496,669,1375,51,121,536,586,80,540,620,218,70,79,149,208,2027,0.481,0.487,0.421,0.498,0.915,0.578,nowitdi01
Patrick O'Bryant,23,TOR,NBA,2009-10,11,0,51,8,15,8,14,0,1,3,6,2,9,11,1,2,4,5,12,19,0.533,0.571,0,0.533,0.5,0.539,obryapa01
Jermaine O'Neal,31,MIA,NBA,2009-10,70,70,1991,394,745,394,743,0,2,162,225,124,362,486,92,25,95,125,212,950,0.529,0.53,0,0.529,0.72,0.563,onealje01
Shaquille O'Neal,37,CLE,NBA,2009-10,53,53,1240,262,463,262,462,0,1,112,226,93,262,355,80,15,62,105,169,636,0.566,0.567,0,0.566,0.496,0.565,onealsh01
Fabricio Oberto,34,WAS,NBA,2009-10,57,20,650,35,56,35,56,0,0,13,17,34,71,105,51,11,9,36,121,83,0.625,0.625,,0.625,0.765,0.654,obertfa01
Greg Oden,22,POR,NBA,2009-10,21,21,502,92,152,92,152,0,0,49,64,64,114,178,19,8,48,39,84,233,0.605,0.605,,0.605,0.766,0.647,odengr01
Lamar Odom,30,LAL,NBA,2009-10,82,38,2585,342,739,284,557,58,182,140,202,184,618,802,267,75,59,150,227,882,0.463,0.51,0.319,0.502,0.693,0.533,odomla01
Emeka Okafor,27,NOH,NBA,2009-10,82,82,2370,348,656,348,656,0,0,154,274,251,491,742,55,54,127,111,218,850,0.53,0.53,,0.53,0.562,0.547,okafoem01
Mehmet Okur,30,UTA,NBA,2009-10,73,73,2149,355,775,273,562,82,213,196,239,132,383,515,119,38,81,127,223,988,0.458,0.486,0.385,0.511,0.82,0.561,okurme01
Kevin Ollie,37,OKC,NBA,2009-10,25,0,263,18,45,18,44,0,1,8,8,3,22,25,20,9,0,6,16,44,0.4,0.409,0,0.4,1,0.453,ollieke01
Travis Outlaw,25,TOT,NBA,2009-10,34,6,730,110,281,70,176,40,105,49,59,33,88,121,34,18,17,32,43,309,0.391,0.398,0.381,0.463,0.831,0.503,outlatr01
Zaza Pachulia,25,ATL,NBA,2009-10,78,1,1089,120,246,120,242,0,4,93,143,117,176,293,42,37,31,58,186,333,0.488,0.496,0,0.488,0.65,0.539,pachuza01
Jannero Pargo,30,CHI,NBA,2009-10,63,5,829,132,381,94,243,38,138,42,45,9,69,78,89,29,2,50,68,344,0.346,0.387,0.275,0.396,0.933,0.429,pargoja01
Anthony Parker,34,CLE,NBA,2009-10,81,81,2289,206,475,98,214,108,261,75,95,30,201,231,157,63,18,71,151,595,0.434,0.458,0.414,0.547,0.789,0.576,parkean01
Tony Parker,27,SAS,NBA,2009-10,56,50,1728,349,716,339,682,10,34,186,246,7,128,135,317,29,8,149,96,894,0.487,0.497,0.294,0.494,0.756,0.542,parketo01
Chris Paul,24,NOH,NBA,2009-10,45,45,1712,314,637,262,510,52,127,161,190,20,171,191,480,96,8,112,118,841,0.493,0.514,0.409,0.534,0.847,0.584,paulch01
Sasha Pavlovic,26,MIN,NBA,2009-10,71,0,877,109,300,74,182,35,118,10,26,12,105,117,58,23,6,53,84,263,0.363,0.407,0.297,0.422,0.385,0.422,pavloal01
Oleksiy Pecherov,24,MIN,NBA,2009-10,44,5,447,77,188,63,136,14,52,29,32,32,92,124,11,9,14,32,55,197,0.41,0.463,0.269,0.447,0.906,0.487,pecheol01
Kendrick Perkins,25,BOS,NBA,2009-10,78,78,2154,314,522,314,519,0,3,163,280,155,440,595,80,26,132,165,219,791,0.602,0.605,0,0.602,0.582,0.613,perkike01
Morris Peterson,32,NOH,NBA,2009-10,46,39,973,116,301,54,130,62,171,33,54,17,109,126,41,25,5,27,81,327,0.385,0.415,0.363,0.488,0.611,0.503,petermo01
Johan Petro,24,DEN,NBA,2009-10,36,16,436,54,101,54,100,0,1,14,21,32,97,129,14,10,13,23,80,122,0.535,0.54,0,0.535,0.667,0.553,petrojo01
Paul Pierce,32,BOS,NBA,2009-10,71,71,2411,409,867,300,604,109,263,369,433,39,271,310,218,84,31,166,196,1296,0.472,0.497,0.414,0.535,0.852,0.613,piercpa01
Mickael Pietrus,27,ORL,NBA,2009-10,75,24,1687,233,539,117,233,116,306,69,109,39,176,215,49,53,31,69,138,651,0.432,0.502,0.379,0.54,0.633,0.555,pietrmi01
James Posey,33,NOH,NBA,2009-10,77,2,1731,126,345,45,103,81,242,66,80,32,297,329,117,42,19,51,204,399,0.365,0.437,0.335,0.483,0.825,0.525,poseyja01
Leon Powe,26,CLE,NBA,2009-10,20,2,236,21,49,21,49,0,0,37,63,19,42,61,0,6,2,11,36,79,0.429,0.429,,0.429,0.587,0.515,powele01
Josh Powell,27,LAL,NBA,2009-10,63,0,581,71,194,64,178,7,16,20,31,44,72,116,35,9,6,33,71,169,0.366,0.36,0.438,0.384,0.645,0.407,poweljo01
A.J. Price,23,IND,NBA,2009-10,56,2,865,145,354,85,180,60,174,60,75,12,76,88,106,35,3,59,53,410,0.41,0.472,0.345,0.494,0.8,0.53,priceaj01
Ronnie Price,26,UTA,NBA,2009-10,60,4,806,98,242,80,179,18,63,41,59,28,46,74,123,40,13,56,109,255,0.405,0.447,0.286,0.442,0.695,0.476,pricero01
Tayshaun Prince,29,DET,NBA,2009-10,49,49,1664,282,580,255,507,27,73,70,98,71,177,248,161,34,22,60,77,661,0.486,0.503,0.37,0.509,0.714,0.53,princta01
Joel Przybilla,30,POR,NBA,2009-10,30,9,681,45,86,45,86,0,0,33,51,72,166,238,8,8,43,39,95,123,0.523,0.523,,0.523,0.647,0.567,przybjo01
Chris Quinn,26,NJN,NBA,2009-10,25,0,223,20,56,10,24,10,32,6,6,1,15,16,29,9,1,10,15,56,0.357,0.417,0.313,0.446,1,0.477,quinnch01
Vladimir Radmanovic,29,TOT,NBA,2009-10,41,20,891,103,273,73,165,30,108,20,27,51,127,178,45,29,7,44,97,256,0.377,0.442,0.278,0.432,0.741,0.449,radmavl01
Anthony Randolph,20,GSW,NBA,2009-10,33,8,749,137,309,136,304,1,5,109,136,73,142,215,42,28,51,49,92,384,0.443,0.447,0.2,0.445,0.801,0.521,randoan01
Shavlik Randolph,26,TOT,NBA,2009-10,6,0,53,6,18,6,18,0,0,2,2,7,7,14,1,1,1,3,9,14,0.333,0.333,,0.333,1,0.371,randosh01
Zach Randolph,28,MEM,NBA,2009-10,81,81,3051,652,1336,637,1284,15,52,362,465,330,620,950,149,80,34,174,226,1681,0.488,0.496,0.288,0.494,0.778,0.546,randoza01
Theo Ratliff,36,TOT,NBA,2009-10,49,29,807,70,152,70,152,0,0,38,50,59,98,157,25,12,61,41,87,178,0.461,0.461,,0.461,0.76,0.511,ratlith01
Michael Redd,30,MIL,NBA,2009-10,18,12,492,75,213,57,153,18,60,47,66,11,43,54,39,19,2,15,24,215,0.352,0.373,0.3,0.394,0.712,0.444,reddmi01
J.J. Redick,25,ORL,NBA,2009-10,82,9,1808,243,553,132,279,111,274,191,222,17,138,155,158,28,4,63,118,788,0.439,0.473,0.405,0.54,0.86,0.606,redicjj01
Chris Richard,25,CHI,NBA,2009-10,18,0,224,15,29,15,29,0,0,7,11,19,40,59,7,8,4,14,50,37,0.517,0.517,,0.517,0.636,0.547,richach01
Jason Richardson,29,PHO,NBA,2009-10,79,76,2485,473,998,316,598,157,400,136,184,81,323,404,143,66,33,92,169,1239,0.474,0.528,0.393,0.553,0.739,0.574,richaja01
Quentin Richardson,29,MIA,NBA,2009-10,76,75,2082,242,561,100,203,142,358,52,71,64,310,374,93,70,18,62,169,678,0.431,0.493,0.397,0.558,0.732,0.572,richaqu01
Luke Ridnour,28,MIL,NBA,2009-10,82,0,1759,328,686,259,505,69,181,127,140,24,119,143,324,54,7,106,182,852,0.478,0.513,0.381,0.528,0.907,0.57,ridnolu01
Nate Robinson,25,TOT,NBA,2009-10,56,2,1115,215,493,128,270,87,223,50,67,28,82,110,163,49,5,73,116,567,0.436,0.474,0.39,0.524,0.746,0.543,robinna01
Sergio Rodriguez,23,TOT,NBA,2009-10,66,8,1048,167,351,135,260,32,91,68,93,24,65,89,212,50,5,114,84,434,0.476,0.519,0.352,0.521,0.731,0.554,rodrise01
Rajon Rondo,23,BOS,NBA,2009-10,81,81,2963,459,904,442,824,17,80,175,282,100,260,360,794,189,11,246,198,1110,0.508,0.536,0.213,0.517,0.621,0.54,rondora01
Derrick Rose,21,CHI,NBA,2009-10,78,78,2871,672,1373,656,1313,16,60,259,338,65,228,293,469,57,27,217,96,1619,0.489,0.5,0.267,0.495,0.766,0.532,rosede01
Quinton Ross,28,TOT,NBA,2009-10,52,7,562,40,111,36,90,4,21,8,14,17,32,49,12,13,6,11,69,92,0.36,0.4,0.19,0.378,0.571,0.393,rossqu01
Brandon Roy,25,POR,NBA,2009-10,65,65,2419,491,1038,418,817,73,221,343,440,73,212,285,305,61,16,129,136,1398,0.473,0.512,0.33,0.508,0.78,0.568,roybr01
Brandon Rush,24,IND,NBA,2009-10,82,64,2491,297,702,173,400,124,302,56,89,41,305,346,112,56,65,93,159,774,0.423,0.433,0.411,0.511,0.629,0.522,rushbr01
Kareem Rush,29,LAC,NBA,2009-10,7,0,58,4,11,3,8,1,3,0,0,1,5,6,4,2,3,3,8,9,0.364,0.375,0.333,0.409,,0.409,rushka01
John Salmons,30,TOT,NBA,2009-10,81,56,2824,437,991,319,682,118,309,253,305,35,235,270,223,99,26,123,166,1245,0.441,0.468,0.382,0.501,0.83,0.553,salmojo01
Brian Scalabrine,31,BOS,NBA,2009-10,52,3,472,29,85,13,36,16,49,4,6,9,39,48,27,9,4,17,59,78,0.341,0.361,0.327,0.435,0.667,0.445,scalabr01
Luis Scola,29,HOU,NBA,2009-10,82,82,2671,560,1090,559,1085,1,5,208,267,175,530,705,169,63,26,163,246,1329,0.514,0.515,0.2,0.514,0.779,0.55,scolalu01
Thabo Sefolosha,25,OKC,NBA,2009-10,82,82,2348,194,441,153,310,41,131,60,89,76,311,387,145,97,46,90,154,489,0.44,0.494,0.313,0.486,0.674,0.509,sefolth01
Ramon Sessions,23,MIN,NBA,2009-10,82,1,1732,253,555,252,540,1,15,167,233,58,156,214,258,55,5,137,137,674,0.456,0.467,0.067,0.457,0.717,0.513,sessira01
Bobby Simmons,29,NJN,NBA,2009-10,23,2,395,42,117,22,54,20,63,18,20,11,52,63,15,15,3,19,52,122,0.359,0.407,0.317,0.444,0.9,0.485,simmobo01
James Singleton,28,TOT,NBA,2009-10,57,3,977,97,254,90,217,7,37,53,62,108,168,276,31,28,43,49,113,254,0.382,0.415,0.189,0.396,0.855,0.452,singlja01
Brian Skinner,33,LAC,NBA,2009-10,16,1,123,10,25,10,25,0,0,6,8,9,18,27,0,3,4,7,20,26,0.4,0.4,,0.4,0.75,0.456,skinnbr01
Craig Smith,26,LAC,NBA,2009-10,75,2,1232,226,397,225,392,1,5,132,208,97,190,287,84,33,25,88,194,585,0.569,0.574,0.2,0.571,0.635,0.599,smithcr01
J.R. Smith,24,DEN,NBA,2009-10,75,0,2082,428,1033,270,566,158,467,142,201,28,206,234,183,99,20,139,174,1156,0.414,0.477,0.338,0.491,0.706,0.515,smithjr01
Jason Smith,23,PHI,NBA,2009-10,56,2,658,75,174,65,145,10,29,29,42,54,81,135,33,21,28,35,110,189,0.431,0.448,0.345,0.46,0.69,0.491,smithja02
Joe Smith,34,ATL,NBA,2009-10,64,1,592,77,193,76,186,1,7,39,48,66,91,157,21,6,19,22,95,194,0.399,0.409,0.143,0.402,0.813,0.453,smithjo02
Josh Smith,24,ATL,NBA,2009-10,81,81,2871,504,999,504,992,0,7,261,422,223,482,705,342,130,172,198,240,1269,0.505,0.508,0,0.505,0.618,0.536,smithjo03
Darius Songaila,31,NOH,NBA,2009-10,75,1,1410,241,488,240,482,1,6,60,74,59,173,232,70,62,14,81,206,543,0.494,0.498,0.167,0.495,0.811,0.522,songada01
Marreese Speights,22,PHI,NBA,2009-10,62,1,1016,212,444,212,439,0,5,108,145,85,167,252,36,29,34,51,152,532,0.477,0.483,0,0.477,0.745,0.524,speigma01
Jerry Stackhouse,35,MIL,NBA,2009-10,42,0,855,129,316,84,186,45,130,55,69,19,81,100,70,21,9,66,56,358,0.408,0.452,0.346,0.479,0.797,0.517,stackje01
DeShawn Stevenson,28,TOT,NBA,2009-10,64,18,883,46,163,27,76,19,87,25,35,11,80,91,56,16,6,30,74,136,0.282,0.355,0.218,0.34,0.714,0.381,stevede01
Peja Stojakovic,32,NOH,NBA,2009-10,62,55,1947,278,688,146,336,132,352,96,107,39,188,227,92,48,5,56,83,784,0.404,0.435,0.375,0.5,0.897,0.533,stojape01
Amar'e Stoudemire,27,PHO,NBA,2009-10,82,82,2838,704,1264,703,1258,1,6,487,632,230,502,732,82,52,83,213,281,1896,0.557,0.559,0.167,0.557,0.771,0.615,stoudam01
Rodney Stuckey,23,DET,NBA,2009-10,73,67,2499,449,1109,431,1030,18,79,299,359,67,214,281,348,101,12,163,205,1215,0.405,0.418,0.228,0.413,0.833,0.479,stuckro01
DaJuan Summers,22,DET,NBA,2009-10,44,0,405,46,130,31,88,15,42,27,38,14,31,45,16,8,7,16,52,134,0.354,0.352,0.357,0.412,0.711,0.457,summeda01
Jermaine Taylor,23,HOU,NBA,2009-10,31,4,303,45,119,40,97,5,22,33,46,21,25,46,16,10,3,19,15,128,0.378,0.412,0.227,0.399,0.717,0.46,tayloje02
Jeff Teague,21,ATL,NBA,2009-10,71,3,719,90,227,83,195,7,32,41,49,5,62,67,122,34,11,50,82,228,0.396,0.426,0.219,0.412,0.837,0.459,teaguje01
Sebastian Telfair,24,TOT,NBA,2009-10,43,1,659,83,201,70,145,13,56,29,37,5,40,45,126,24,5,50,71,208,0.413,0.483,0.232,0.445,0.784,0.479,telfase01
Garrett Temple,23,TOT,NBA,2009-10,27,4,334,44,101,31,64,13,37,35,50,6,25,31,21,13,6,27,42,136,0.436,0.484,0.351,0.5,0.7,0.553,templga01
Jason Terry,32,DAL,NBA,2009-10,77,12,2540,456,1041,320,668,136,373,232,268,19,121,140,292,94,17,109,142,1280,0.438,0.479,0.365,0.503,0.866,0.552,terryja01
Hasheem Thabeet,22,MEM,NBA,2009-10,68,13,883,77,131,77,131,0,0,54,93,85,158,243,11,15,89,43,162,208,0.588,0.588,,0.588,0.581,0.605,thabeha01
Etan Thomas,31,OKC,NBA,2009-10,23,1,321,31,68,31,68,0,0,13,22,18,46,64,1,4,16,18,39,75,0.456,0.456,,0.456,0.591,0.483,thomaet01
Kenny Thomas,32,SAC,NBA,2009-10,26,2,313,17,35,17,35,0,0,7,12,35,51,86,15,10,10,17,42,41,0.486,0.486,,0.486,0.583,0.509,thomake01
Kurt Thomas,37,MIL,NBA,2009-10,70,9,1049,99,208,99,208,0,0,12,15,84,207,291,47,26,46,48,159,210,0.476,0.476,,0.476,0.8,0.489,thomaku01
Tim Thomas,32,DAL,NBA,2009-10,18,1,285,49,106,33,63,16,43,21,24,13,28,41,14,10,2,14,31,135,0.462,0.524,0.372,0.538,0.875,0.579,thomati01
Tyrus Thomas,23,TOT,NBA,2009-10,54,3,1220,194,420,194,417,0,3,120,175,81,254,335,56,63,85,92,129,508,0.462,0.465,0,0.462,0.686,0.511,thomaty01
Jason Thompson,23,SAC,NBA,2009-10,75,58,2357,370,784,369,774,1,10,198,277,224,413,637,124,41,73,139,279,939,0.472,0.477,0.1,0.473,0.715,0.518,thompja02
Al Thornton,26,TOT,NBA,2009-10,75,46,2079,320,676,309,645,11,31,153,211,116,178,294,90,45,35,102,206,804,0.473,0.479,0.355,0.482,0.725,0.523,thornal01
Marcus Thornton,22,NOH,NBA,2009-10,73,17,1872,398,883,281,570,117,313,144,177,72,139,211,114,58,11,76,127,1057,0.451,0.493,0.374,0.517,0.814,0.55,thornma01
Jamaal Tinsley,31,MEM,NBA,2009-10,38,1,589,52,140,45,101,7,39,22,27,11,55,66,108,33,5,63,67,133,0.371,0.446,0.179,0.396,0.815,0.438,tinslja01
Anthony Tolliver,24,TOT,NBA,2009-10,46,29,1427,193,449,143,297,50,152,103,134,84,236,320,87,32,33,46,128,539,0.43,0.481,0.329,0.486,0.769,0.531,tollian01
Alando Tucker,25,TOT,NBA,2009-10,15,0,96,17,39,16,32,1,7,16,21,6,4,10,4,0,0,5,6,51,0.436,0.5,0.143,0.449,0.762,0.529,tuckeal02
Ronny Turiaf,27,GSW,NBA,2009-10,42,20,872,85,146,85,145,0,1,37,78,54,137,191,90,23,54,49,98,207,0.582,0.586,0,0.582,0.474,0.574,turiaro01
Hedo Turkoglu,30,TOR,NBA,2009-10,74,69,2272,276,674,168,385,108,289,175,226,42,301,343,304,55,32,125,220,835,0.409,0.436,0.374,0.49,0.774,0.54,turkohe01
Ime Udoka,32,SAC,NBA,2009-10,69,2,944,91,241,65,150,26,91,42,57,51,140,191,58,34,6,42,83,250,0.378,0.433,0.286,0.432,0.737,0.47,udokaim01
Beno Udrih,27,SAC,NBA,2009-10,79,41,2477,415,841,340,642,75,199,118,141,38,181,219,372,89,10,136,166,1023,0.493,0.53,0.377,0.538,0.837,0.566,udrihbe01
Roko Ukic,25,MIL,NBA,2009-10,13,0,97,14,30,11,18,3,12,9,11,0,3,3,12,1,0,6,6,40,0.467,0.611,0.25,0.517,0.818,0.574,ukicro01
Anderson Varejao,27,CLE,NBA,2009-10,76,7,2166,267,467,266,462,1,5,116,175,189,389,578,87,71,67,67,223,651,0.572,0.576,0.2,0.573,0.663,0.598,varejan01
Charlie Villanueva,25,DET,NBA,2009-10,78,16,1848,363,827,264,545,99,282,106,130,85,280,365,53,48,55,74,223,931,0.439,0.484,0.351,0.499,0.815,0.526,villach01
Sasha Vujacic,25,LAL,NBA,2009-10,67,1,575,66,164,41,83,25,81,28,33,25,54,79,41,20,4,17,67,185,0.402,0.494,0.309,0.479,0.848,0.518,vujacsa01
Dwyane Wade,28,MIA,NBA,2009-10,77,77,2792,719,1511,646,1268,73,243,534,702,107,266,373,501,142,82,252,181,2045,0.476,0.509,0.3,0.5,0.761,0.562,wadedw01
Henry Walker,22,TOT,NBA,2009-10,35,13,768,120,232,70,116,50,116,39,49,15,73,88,40,23,3,28,83,329,0.517,0.603,0.431,0.625,0.796,0.649,walkebi01
Ben Wallace,35,DET,NBA,2009-10,69,67,1975,158,292,158,290,0,2,65,160,245,352,597,105,86,84,64,131,381,0.541,0.545,0,0.541,0.406,0.526,wallabe01
Gerald Wallace,27,CHA,NBA,2009-10,76,76,3119,456,943,404,803,52,140,422,544,150,612,762,161,117,83,178,194,1386,0.484,0.503,0.371,0.511,0.776,0.586,wallage01
Rasheed Wallace,35,BOS,NBA,2009-10,79,13,1780,266,650,184,360,82,290,96,125,42,283,325,80,80,70,63,222,710,0.409,0.511,0.283,0.472,0.768,0.504,wallara01
Luke Walton,29,LAL,NBA,2009-10,29,0,272,30,84,23,67,7,17,2,4,12,26,38,40,10,1,12,19,69,0.357,0.343,0.412,0.399,0.5,0.402,waltolu01
Hakim Warrick,27,TOT,NBA,2009-10,76,6,1557,265,550,264,543,1,7,202,274,127,187,314,52,24,18,80,126,733,0.482,0.486,0.143,0.483,0.737,0.547,warriha01
C.J. Watson,25,GSW,NBA,2009-10,65,15,1788,247,528,202,383,45,145,128,166,28,141,169,180,103,8,69,124,667,0.468,0.527,0.31,0.51,0.771,0.555,watsocj01
Earl Watson,30,IND,NBA,2009-10,79,52,2322,223,524,170,340,53,184,120,169,54,186,240,399,104,16,175,181,619,0.426,0.5,0.288,0.476,0.71,0.517,watsoea01
Kyle Weaver,23,OKC,NBA,2009-10,12,0,144,12,33,5,14,7,19,5,6,1,17,18,11,6,6,4,13,36,0.364,0.357,0.368,0.47,0.833,0.505,weaveky01
Martell Webster,23,POR,NBA,2009-10,82,49,2005,259,639,135,307,124,332,126,155,47,221,268,62,45,40,60,153,768,0.405,0.44,0.373,0.502,0.813,0.543,webstma02
Sonny Weems,23,TOR,NBA,2009-10,69,19,1368,236,458,234,443,2,15,44,64,42,150,192,101,39,25,65,126,518,0.515,0.528,0.133,0.517,0.688,0.533,weemsso01
David West,29,NOH,NBA,2009-10,81,81,2949,619,1226,612,1199,7,27,296,342,164,441,605,239,76,60,173,233,1541,0.505,0.51,0.259,0.508,0.865,0.56,westda01
Delonte West,26,CLE,NBA,2009-10,60,3,1500,194,436,169,359,25,77,115,142,29,140,169,196,55,28,90,86,528,0.445,0.471,0.325,0.474,0.81,0.53,westde01
Mario West,25,ATL,NBA,2009-10,39,1,142,12,21,12,20,0,1,6,10,8,19,27,9,8,0,7,25,30,0.571,0.6,0,0.571,0.6,0.591,westma02
Russell Westbrook,21,OKC,NBA,2009-10,82,82,2813,485,1160,462,1056,23,104,329,422,143,258,401,652,108,34,268,204,1322,0.418,0.438,0.221,0.428,0.78,0.491,westbru01
D.J. White,23,OKC,NBA,2009-10,12,0,102,25,41,25,41,0,0,9,10,10,13,23,4,5,3,3,12,59,0.61,0.61,,0.61,0.9,0.65,whitedj01
Chris Wilcox,27,DET,NBA,2009-10,34,10,441,63,120,63,120,0,0,26,52,44,73,117,13,13,12,38,64,152,0.525,0.525,,0.525,0.5,0.532,wilcoch01
Damien Wilkins,30,MIN,NBA,2009-10,80,31,1585,165,381,147,320,18,61,103,129,72,177,249,135,66,25,76,144,451,0.433,0.459,0.295,0.457,0.798,0.515,wilkida02
Mike Wilks,30,OKC,NBA,2009-10,4,0,59,6,12,4,9,2,3,2,4,1,3,4,4,0,0,4,5,16,0.5,0.444,0.667,0.583,0.5,0.581,wilksmi01
Deron Williams,25,UTA,NBA,2009-10,76,76,2802,494,1053,398,794,96,259,335,418,50,253,303,798,96,16,252,208,1419,0.469,0.501,0.371,0.515,0.801,0.574,willide01
Jason Williams,34,ORL,NBA,2009-10,82,18,1703,189,426,105,205,84,221,31,41,7,119,126,298,53,3,87,65,493,0.444,0.512,0.38,0.542,0.756,0.555,willija02
Jawad Williams,26,CLE,NBA,2009-10,54,6,742,81,206,51,113,30,93,32,45,16,67,83,34,12,5,18,73,224,0.393,0.451,0.323,0.466,0.711,0.496,willija04
Lou Williams,23,PHI,NBA,2009-10,64,38,1912,318,677,248,471,70,206,192,233,25,162,187,268,80,15,106,110,898,0.47,0.527,0.34,0.521,0.824,0.576,willilo02
Marcus Williams,24,MEM,NBA,2009-10,62,1,872,104,271,80,190,24,81,37,55,13,80,93,161,32,1,74,43,269,0.384,0.421,0.296,0.428,0.673,0.456,willima03
Marvin Williams,23,ATL,NBA,2009-10,81,81,2468,302,664,262,532,40,132,176,215,106,310,416,93,66,46,72,160,820,0.455,0.492,0.303,0.485,0.819,0.54,willima02
Mo Williams,27,CLE,NBA,2009-10,69,68,2359,378,855,219,484,159,371,177,198,28,178,206,368,70,21,173,170,1092,0.442,0.452,0.429,0.535,0.894,0.58,willima01
Reggie Williams,23,GSW,NBA,2009-10,24,10,782,140,283,107,191,33,92,52,62,18,92,110,66,23,6,29,49,365,0.495,0.56,0.359,0.553,0.839,0.588,willire02
Sean Williams,23,NJN,NBA,2009-10,20,0,227,21,49,21,48,0,1,10,19,21,25,46,1,8,19,20,41,52,0.429,0.438,0,0.429,0.526,0.453,willise01
Shelden Williams,26,BOS,NBA,2009-10,54,0,597,63,121,63,120,0,1,75,98,47,99,146,21,13,21,30,85,201,0.521,0.525,0,0.521,0.765,0.612,willish02
Terrence Williams,22,NJN,NBA,2009-10,78,9,1764,261,651,230,551,31,100,103,144,46,302,348,223,43,10,124,126,656,0.401,0.417,0.31,0.425,0.715,0.459,willite01
Metta World Peace,30,LAL,NBA,2009-10,77,77,2605,306,740,201,444,105,296,128,186,99,232,331,234,106,21,121,165,845,0.414,0.453,0.355,0.484,0.688,0.514,artesro01
Antoine Wright,25,TOR,NBA,2009-10,67,10,1392,162,399,104,226,58,173,53,77,38,152,190,71,30,11,58,134,435,0.406,0.46,0.335,0.479,0.688,0.502,wrighan01
Dorell Wright,24,MIA,NBA,2009-10,72,1,1496,194,419,133,262,61,157,61,69,50,185,235,91,52,32,53,94,510,0.463,0.508,0.389,0.536,0.884,0.567,wrighdo01
Julian Wright,22,NOH,NBA,2009-10,68,14,871,116,232,114,226,2,6,25,41,58,86,144,41,29,18,44,45,259,0.5,0.504,0.333,0.504,0.61,0.518,wrighju01
Nick Young,24,WAS,NBA,2009-10,74,23,1421,233,558,164,388,69,170,104,130,20,82,102,48,28,8,56,147,639,0.418,0.423,0.406,0.479,0.8,0.519,youngni01
Sam Young,24,MEM,NBA,2009-10,80,1,1321,224,497,213,441,11,56,136,175,77,124,201,52,34,20,94,106,595,0.451,0.483,0.196,0.462,0.777,0.518,youngsa01
Thaddeus Young,21,PHI,NBA,2009-10,67,45,2145,382,813,334,675,48,138,114,165,130,220,350,97,81,15,126,133,926,0.47,0.495,0.348,0.499,0.691,0.523,youngth01
Jeff Adrien,24,GSW,NBA,2010-11,23,0,196,23,54,23,54,0,0,11,19,23,35,58,10,4,5,9,28,57,0.426,0.426,,0.426,0.579,0.457,adrieje01
Arron Afflalo,25,DEN,NBA,2010-11,69,69,2324,312,627,207,379,105,248,138,163,45,206,251,168,34,31,71,153,867,0.498,0.546,0.423,0.581,0.847,0.62,afflaar01
Maurice Ager,26,MIN,NBA,2010-11,4,0,29,6,11,3,7,3,4,0,0,0,2,2,1,1,0,4,4,15,0.545,0.429,0.75,0.682,,0.682,agerma01
Alexis Ajinca,22,TOT,NBA,2010-11,34,2,340,59,133,47,99,12,34,13,18,17,61,78,10,11,19,18,73,143,0.444,0.475,0.353,0.489,0.722,0.507,ajincal01
Solomon Alabi,22,TOR,NBA,2010-11,12,0,59,3,15,3,15,0,0,0,2,7,7,14,2,2,2,3,5,6,0.2,0.2,,0.2,0,0.189,alabiso01
Cole Aldrich,22,OKC,NBA,2010-11,18,0,142,8,15,8,15,0,0,2,4,13,22,35,4,5,7,8,30,18,0.533,0.533,,0.533,0.5,0.537,aldrico01
LaMarcus Aldridge,25,POR,NBA,2010-11,81,81,3211,707,1415,703,1392,4,23,351,444,278,431,709,170,82,94,153,220,1769,0.5,0.505,0.174,0.501,0.791,0.549,aldrila01
Malik Allen,32,ORL,NBA,2010-11,18,0,178,11,31,11,31,0,0,1,2,12,20,32,4,1,4,3,30,23,0.355,0.355,,0.355,0.5,0.361,allenma01
Ray Allen,35,BOS,NBA,2010-11,80,80,2890,480,978,312,600,168,378,193,219,51,223,274,219,77,16,117,147,1321,0.491,0.52,0.444,0.577,0.881,0.615,allenra02
Tony Allen,29,MEM,NBA,2010-11,72,31,1494,251,492,247,469,4,23,137,182,70,123,193,104,129,44,86,161,643,0.51,0.527,0.174,0.514,0.753,0.562,allento01
Al-Farouq Aminu,20,LAC,NBA,2010-11,81,14,1452,160,406,115,263,45,143,92,119,75,192,267,60,59,25,103,121,457,0.394,0.437,0.315,0.45,0.773,0.499,aminual01
Lou Amundson,28,GSW,NBA,2010-11,46,7,691,83,183,83,183,0,0,34,87,81,104,185,17,14,33,24,87,200,0.454,0.454,,0.454,0.391,0.452,amundlo01
Chris Andersen,32,DEN,NBA,2010-11,45,0,732,82,137,82,136,0,1,86,135,75,144,219,20,23,58,25,79,250,0.599,0.603,0,0.599,0.637,0.636,anderch01
David Andersen,30,TOT,NBA,2010-11,40,0,373,56,121,48,98,8,23,14,22,20,64,84,13,5,9,22,40,134,0.463,0.49,0.348,0.496,0.636,0.513,anderda03
James Anderson,21,SAS,NBA,2010-11,26,2,286,31,81,13,35,18,46,14,18,2,21,23,18,3,6,13,24,94,0.383,0.371,0.391,0.494,0.778,0.529,anderja01
Ryan Anderson,22,ORL,NBA,2010-11,64,14,1424,226,525,92,184,134,341,95,117,129,226,355,52,30,38,49,137,681,0.43,0.5,0.393,0.558,0.812,0.591,anderry01
Carmelo Anthony,26,TOT,NBA,2010-11,77,77,2751,684,1503,589,1252,95,251,507,605,118,445,563,221,68,46,206,224,1970,0.455,0.47,0.378,0.487,0.838,0.557,anthoca01
Joel Anthony,28,MIA,NBA,2010-11,75,11,1463,53,99,53,99,0,0,47,73,104,162,266,24,10,93,36,194,153,0.535,0.535,,0.535,0.644,0.583,anthojo01
Gilbert Arenas,29,TOT,NBA,2010-11,70,16,1796,269,734,172,407,97,327,120,153,22,167,189,274,74,21,177,188,755,0.366,0.423,0.297,0.433,0.784,0.471,arenagi01
Trevor Ariza,25,NOH,NBA,2010-11,75,75,2600,303,762,221,491,82,271,138,197,61,347,408,162,120,31,118,180,826,0.398,0.45,0.303,0.451,0.701,0.487,arizatr01
Hilton Armstrong,26,TOT,NBA,2010-11,53,2,488,37,76,35,72,2,4,16,33,42,89,131,14,18,21,28,84,92,0.487,0.486,0.5,0.5,0.485,0.508,armsthi01
Carlos Arroyo,31,TOT,NBA,2010-11,64,43,1185,120,273,89,204,31,69,39,47,20,83,103,125,21,1,60,71,310,0.44,0.436,0.449,0.496,0.83,0.528,arroyca01
Darrell Arthur,22,MEM,NBA,2010-11,80,9,1609,310,624,310,618,0,6,109,134,115,227,342,53,52,63,88,228,729,0.497,0.502,0,0.497,0.813,0.534,arthuda01
Omer Asik,24,CHI,NBA,2010-11,82,0,989,78,141,78,141,0,0,73,145,112,194,306,32,20,56,64,153,229,0.553,0.553,,0.553,0.503,0.559,asikom01
D.J. Augustin,23,CHA,NBA,2010-11,82,82,2757,399,958,288,625,111,333,269,297,38,187,225,498,54,3,155,152,1178,0.416,0.461,0.333,0.474,0.906,0.541,augusdj01
Luke Babbitt,21,POR,NBA,2010-11,24,0,137,15,55,12,39,3,16,3,9,6,24,30,6,2,2,8,15,36,0.273,0.308,0.188,0.3,0.333,0.305,babbilu01
Renaldo Balkman,26,TOT,NBA,2010-11,8,0,62,6,13,5,11,1,2,3,4,2,5,7,2,4,2,1,15,16,0.462,0.455,0.5,0.5,0.75,0.542,balkmre01
Marcus Banks,29,TOR,NBA,2010-11,3,0,22,0,2,0,2,0,0,6,8,0,1,1,3,1,0,2,4,6,0,0,,0,0.75,0.543,banksma01
Leandro Barbosa,28,TOR,NBA,2010-11,58,0,1395,294,653,222,440,72,213,109,137,14,85,99,119,50,6,84,112,769,0.45,0.505,0.338,0.505,0.796,0.539,barbole01
J.J. Barea,26,DAL,NBA,2010-11,81,2,1669,285,649,219,460,66,189,133,157,29,130,159,317,30,1,136,136,769,0.439,0.476,0.349,0.49,0.847,0.535,bareajo01
Andrea Bargnani,25,TOR,NBA,2010-11,66,66,2353,525,1173,448,950,77,223,287,350,74,269,343,119,34,46,152,160,1414,0.448,0.472,0.345,0.48,0.82,0.533,bargnan01
Matt Barnes,30,LAL,NBA,2010-11,53,0,1020,131,279,97,172,34,107,60,77,73,155,228,71,39,22,58,127,356,0.47,0.564,0.318,0.53,0.779,0.569,barnema02
Earl Barron,29,TOT,NBA,2010-11,21,7,305,32,99,32,99,0,0,15,24,32,44,76,11,8,6,16,46,79,0.323,0.323,,0.323,0.625,0.361,barroea01
Brandon Bass,25,ORL,NBA,2010-11,76,51,1980,332,645,332,643,0,2,190,233,134,290,424,57,27,52,97,159,854,0.515,0.516,0,0.515,0.815,0.571,bassbr01
Tony Battie,34,PHI,NBA,2010-11,38,0,377,45,96,43,93,2,3,8,14,17,82,99,12,5,15,12,59,100,0.469,0.462,0.667,0.479,0.571,0.489,battito01
Shane Battier,32,TOT,NBA,2010-11,82,59,2375,229,509,127,242,102,267,64,93,90,283,373,185,69,81,79,158,624,0.45,0.525,0.382,0.55,0.688,0.567,battish01
Nicolas Batum,22,POR,NBA,2010-11,80,67,2522,367,807,249,465,118,342,138,164,109,252,361,123,68,49,83,194,990,0.455,0.535,0.345,0.528,0.841,0.563,batumni01
Jerryd Bayless,22,TOT,NBA,2010-11,71,14,1496,218,517,169,371,49,146,166,206,26,139,165,266,38,5,127,149,651,0.422,0.456,0.336,0.469,0.806,0.536,bayleje01
Michael Beasley,22,MIN,NBA,2010-11,73,73,2361,561,1246,501,1082,60,164,219,291,118,291,409,158,54,52,195,222,1401,0.45,0.463,0.366,0.474,0.753,0.51,beaslmi01
Rodrigue Beaubois,22,DAL,NBA,2010-11,28,26,496,94,223,69,140,25,83,23,30,7,45,52,64,20,8,47,76,236,0.422,0.493,0.301,0.478,0.767,0.5,beaubro01
Marco Belinelli,24,NOH,NBA,2010-11,80,69,1957,302,691,168,367,134,324,98,125,17,134,151,92,38,6,77,146,836,0.437,0.458,0.414,0.534,0.784,0.56,belinma01
Charlie Bell,31,GSW,NBA,2010-11,19,0,171,12,43,6,22,6,21,2,4,6,12,18,13,6,1,6,13,32,0.279,0.273,0.286,0.349,0.5,0.357,bellch01
Raja Bell,34,UTA,NBA,2010-11,68,63,2097,191,467,123,274,68,193,91,102,31,145,176,118,56,14,63,169,541,0.409,0.449,0.352,0.482,0.892,0.528,bellra01
Mike Bibby,32,TOT,NBA,2010-11,80,68,2285,248,576,95,228,153,348,39,62,17,178,195,265,50,9,101,175,688,0.431,0.417,0.44,0.563,0.629,0.57,bibbymi01
Andris Biedrins,24,GSW,NBA,2010-11,59,55,1397,142,266,142,266,0,0,10,31,145,281,426,60,52,52,57,198,294,0.534,0.534,,0.534,0.323,0.526,biedran01
Chauncey Billups,34,TOT,NBA,2010-11,72,72,2310,339,794,193,431,146,363,384,419,25,165,190,387,71,14,177,146,1208,0.427,0.448,0.402,0.519,0.916,0.617,billuch01
DeJuan Blair,21,SAS,NBA,2010-11,81,65,1734,292,583,292,581,0,2,90,137,215,350,565,77,95,42,113,213,674,0.501,0.503,0,0.501,0.657,0.524,blairde01
Steve Blake,30,LAL,NBA,2010-11,79,0,1581,110,306,37,113,73,193,26,30,19,137,156,170,40,3,73,99,319,0.359,0.327,0.378,0.479,0.867,0.5,blakest01
Andray Blatche,24,WAS,NBA,2010-11,64,63,2172,426,957,422,939,4,18,220,283,183,343,526,144,98,51,172,182,1076,0.445,0.449,0.222,0.447,0.777,0.497,blatcan01
Eric Bledsoe,21,LAC,NBA,2010-11,81,25,1841,206,486,174,370,32,116,99,133,68,155,223,289,92,26,194,130,543,0.424,0.47,0.276,0.457,0.744,0.499,bledser01
Keith Bogans,30,CHI,NBA,2010-11,82,82,1461,124,307,34,70,90,237,21,32,19,129,148,101,38,9,41,113,359,0.404,0.486,0.38,0.55,0.656,0.559,boganke01
Andrew Bogut,26,MIL,NBA,2010-11,65,65,2297,367,742,367,738,0,4,96,217,199,521,720,131,47,168,125,217,830,0.495,0.497,0,0.495,0.442,0.496,bogutan01
Matt Bonner,30,SAS,NBA,2010-11,66,1,1432,172,371,67,141,105,230,32,43,60,179,239,60,26,21,27,110,481,0.464,0.475,0.457,0.605,0.744,0.617,bonnema01
Trevor Booker,23,WAS,NBA,2010-11,65,14,1063,139,253,139,252,0,1,68,101,98,153,251,35,29,42,38,115,346,0.549,0.552,0,0.549,0.673,0.582,booketr01
Carlos Boozer,29,CHI,NBA,2010-11,59,59,1882,431,845,431,845,0,0,171,244,130,435,565,145,45,18,149,186,1033,0.51,0.51,,0.51,0.701,0.542,boozeca01
Chris Bosh,26,MIA,NBA,2010-11,77,77,2795,524,1056,518,1031,6,25,384,471,141,500,641,144,59,49,138,172,1438,0.496,0.502,0.24,0.499,0.815,0.569,boshch01
Earl Boykins,34,MIL,NBA,2010-11,57,0,862,156,352,129,281,27,71,69,82,15,40,55,141,38,3,52,43,408,0.443,0.459,0.38,0.482,0.841,0.526,boykiea01
Craig Brackins,23,PHI,NBA,2010-11,3,0,33,4,16,4,11,0,5,0,0,2,2,4,1,1,0,0,3,8,0.25,0.364,0,0.25,,0.25,brackcr01
Avery Bradley,20,BOS,NBA,2010-11,31,0,162,23,67,23,62,0,5,6,12,4,13,17,12,9,0,16,20,52,0.343,0.371,0,0.343,0.5,0.36,bradlav01
Elton Brand,31,PHI,NBA,2010-11,81,81,2809,502,981,502,980,0,1,213,273,237,439,676,120,92,106,101,244,1217,0.512,0.512,0,0.512,0.78,0.553,brandel01
Corey Brewer,24,TOT,NBA,2010-11,69,24,1510,193,488,163,376,30,112,136,192,57,118,175,89,100,16,87,159,552,0.395,0.434,0.268,0.426,0.708,0.482,breweco01
Ronnie Brewer,25,CHI,NBA,2010-11,81,1,1781,205,427,199,400,6,27,87,133,55,207,262,140,106,22,55,82,503,0.48,0.498,0.222,0.487,0.654,0.518,brewero02
Jon Brockman,23,MIL,NBA,2010-11,63,6,677,48,94,48,94,0,0,40,59,74,110,184,18,14,3,24,119,136,0.511,0.511,,0.511,0.678,0.567,brockjo01
Aaron Brooks,26,TOT,NBA,2010-11,59,12,1284,220,587,150,351,70,236,124,140,20,58,78,233,34,3,99,115,634,0.375,0.427,0.297,0.434,0.886,0.489,brookaa01
Derrick Brown,23,TOT,NBA,2010-11,49,1,576,74,131,69,121,5,10,32,60,41,58,99,33,20,10,35,59,185,0.565,0.57,0.5,0.584,0.533,0.588,brownde04
Kwame Brown,28,CHA,NBA,2010-11,66,50,1714,194,375,194,375,0,0,136,231,147,303,450,43,26,39,69,174,524,0.517,0.517,,0.517,0.589,0.55,brownkw01
Shannon Brown,25,LAL,NBA,2010-11,82,0,1568,273,643,199,431,74,212,92,101,35,122,157,96,67,16,75,124,712,0.425,0.462,0.349,0.482,0.911,0.518,brownsh01
Kobe Bryant,32,LAL,NBA,2010-11,82,82,2779,740,1639,625,1283,115,356,483,583,83,336,419,388,99,12,243,172,2078,0.451,0.487,0.323,0.487,0.828,0.548,bryanko01
Chase Budinger,22,HOU,NBA,2010-11,78,22,1738,279,656,190,382,89,274,118,138,52,229,281,127,41,18,67,114,765,0.425,0.497,0.325,0.493,0.855,0.534,budinch01
Caron Butler,30,DAL,NBA,2010-11,29,29,867,170,378,142,313,28,65,68,88,22,96,118,46,28,8,49,59,436,0.45,0.454,0.431,0.487,0.773,0.523,butleca01
Rasual Butler,31,TOT,NBA,2010-11,47,2,770,79,237,33,101,46,136,18,27,10,67,77,27,8,15,24,37,222,0.333,0.327,0.338,0.43,0.667,0.446,butlera01
Andrew Bynum,23,LAL,NBA,2010-11,54,47,1500,237,413,237,413,0,0,138,209,170,338,508,73,19,106,74,140,612,0.574,0.574,,0.574,0.66,0.606,bynuman01
Will Bynum,28,DET,NBA,2010-11,61,5,1125,182,406,166,356,16,50,102,122,15,59,74,195,52,4,83,113,482,0.448,0.466,0.32,0.468,0.836,0.524,bynumwi01
Jose Calderon,29,TOR,NBA,2010-11,68,55,2102,262,596,205,440,57,156,88,103,30,172,202,605,81,7,148,143,669,0.44,0.466,0.365,0.487,0.854,0.522,caldejo01
Marcus Camby,36,POR,NBA,2010-11,59,51,1540,117,294,117,293,0,1,43,70,182,424,606,121,40,92,62,140,277,0.398,0.399,0,0.398,0.614,0.426,cambyma01
Derrick Caracter,22,LAL,NBA,2010-11,41,0,215,32,66,32,66,0,0,17,23,19,24,43,7,4,10,19,47,81,0.485,0.485,,0.485,0.739,0.532,caracde01
Brian Cardinal,33,DAL,NBA,2010-11,56,4,618,43,100,1,13,42,87,17,18,10,49,59,40,24,7,17,82,145,0.43,0.077,0.483,0.64,0.944,0.672,cardibr01
Rodney Carney,26,TOT,NBA,2010-11,27,1,336,46,110,29,72,17,38,18,27,13,35,48,11,12,5,16,33,127,0.418,0.403,0.447,0.495,0.667,0.521,carnero01
DeMarre Carroll,24,TOT,NBA,2010-11,12,0,50,4,12,4,12,0,0,2,2,2,6,8,4,1,1,0,5,10,0.333,0.333,,0.333,1,0.388,carrode01
Matt Carroll,30,CHA,NBA,2010-11,54,1,582,89,199,72,153,17,46,40,52,12,56,68,23,17,6,23,43,235,0.447,0.471,0.37,0.49,0.769,0.53,carroma01
Anthony Carter,35,TOT,NBA,2010-11,33,0,463,45,106,33,66,12,40,8,8,7,44,51,69,27,6,39,49,110,0.425,0.5,0.3,0.481,1,0.502,cartean01
Vince Carter,34,TOT,NBA,2010-11,73,63,2051,389,891,273,570,116,321,128,173,54,221,275,146,67,20,90,193,1022,0.437,0.479,0.361,0.502,0.74,0.528,cartevi01
Omri Casspi,22,SAC,NBA,2010-11,71,27,1702,225,546,133,299,92,247,68,101,74,233,307,74,54,13,68,115,610,0.412,0.445,0.372,0.496,0.673,0.517,casspom01
Mario Chalmers,24,MIA,NBA,2010-11,70,28,1579,155,388,72,157,83,231,54,62,12,134,146,177,76,7,91,158,447,0.399,0.459,0.359,0.506,0.871,0.538,chalmma01
Tyson Chandler,28,DAL,NBA,2010-11,74,74,2059,266,407,266,407,0,0,216,295,206,486,692,32,36,80,88,240,748,0.654,0.654,,0.654,0.732,0.697,chandty01
Wilson Chandler,23,TOT,NBA,2010-11,72,49,2401,429,953,317,633,112,320,130,161,75,333,408,120,48,94,104,199,1100,0.45,0.501,0.35,0.509,0.807,0.537,chandwi01
Josh Childress,27,PHO,NBA,2010-11,54,3,894,121,214,120,198,1,16,29,59,69,86,155,42,33,23,44,68,272,0.565,0.606,0.063,0.568,0.492,0.567,childjo01
Earl Clark,23,TOT,NBA,2010-11,42,0,464,68,158,68,153,0,5,27,47,37,64,101,9,8,18,28,45,163,0.43,0.444,0,0.43,0.574,0.456,clarkea01
Jarron Collins,32,TOT,NBA,2010-11,28,0,181,6,21,6,21,0,0,7,10,14,10,24,2,4,1,7,29,19,0.286,0.286,,0.286,0.7,0.374,collija03
Jason Collins,32,ATL,NBA,2010-11,49,28,593,34,71,33,70,1,1,27,41,30,72,102,22,9,9,26,97,96,0.479,0.471,1,0.486,0.659,0.539,collija04
Sherron Collins,23,CHA,NBA,2010-11,20,0,66,7,25,5,15,2,10,1,1,0,5,5,8,2,0,4,2,17,0.28,0.333,0.2,0.32,1,0.334,collish01
Darren Collison,23,IND,NBA,2010-11,79,79,2360,398,870,357,746,41,124,202,232,40,185,225,403,87,14,194,109,1039,0.457,0.479,0.331,0.481,0.871,0.534,collida01
Nick Collison,30,OKC,NBA,2010-11,71,2,1524,137,242,137,242,0,0,55,73,119,197,316,69,42,31,55,210,329,0.566,0.566,,0.566,0.753,0.6,collini01
Mike Conley,23,MEM,NBA,2010-11,81,81,2872,423,953,343,736,80,217,181,247,32,215,247,528,144,18,176,182,1107,0.444,0.466,0.369,0.486,0.733,0.521,conlemi01
Brian Cook,30,LAC,NBA,2010-11,40,0,447,72,170,38,91,34,79,15,24,19,77,96,15,12,11,25,75,193,0.424,0.418,0.43,0.524,0.625,0.534,cookbr01
Daequan Cook,23,OKC,NBA,2010-11,43,0,598,79,181,14,27,65,154,16,20,8,64,72,20,14,1,17,51,239,0.436,0.519,0.422,0.616,0.8,0.63,cookda02
Marcus Cousin,24,UTA,NBA,2010-11,4,0,18,2,3,2,3,0,0,0,0,0,3,3,0,0,1,1,1,4,0.667,0.667,,0.667,,0.667,cousima01
DeMarcus Cousins,20,SAC,NBA,2010-11,81,62,2309,432,1004,429,986,3,18,276,402,217,482,699,204,85,68,268,332,1143,0.43,0.435,0.167,0.432,0.687,0.484,couside01
Jamal Crawford,30,ATL,NBA,2010-11,76,0,2297,368,874,249,525,119,349,222,260,22,108,130,241,57,14,145,97,1077,0.421,0.474,0.341,0.489,0.854,0.545,crawfja01
Jordan Crawford,22,TOT,NBA,2010-11,42,18,1027,192,500,159,372,33,128,73,84,31,74,105,117,39,3,83,63,490,0.384,0.427,0.258,0.417,0.869,0.456,crawfjo02
Dante Cunningham,23,TOT,NBA,2010-11,78,18,1637,218,472,217,459,1,13,45,62,96,181,277,43,54,43,51,177,482,0.462,0.473,0.077,0.463,0.726,0.483,cunnida01
Stephen Curry,22,GSW,NBA,2010-11,74,74,2489,505,1053,354,711,151,342,212,227,52,234,286,432,109,20,226,233,1373,0.48,0.498,0.442,0.551,0.934,0.595,curryst01
Samuel Dalembert,29,SAC,NBA,2010-11,80,46,1938,268,567,268,565,0,2,108,148,212,445,657,67,36,116,132,225,644,0.473,0.474,0,0.473,0.73,0.509,dalemsa01
Erick Dampier,35,MIA,NBA,2010-11,51,22,815,52,89,52,88,0,1,24,44,53,124,177,22,14,47,32,82,128,0.584,0.591,0,0.584,0.545,0.591,dampier01
Antonio Daniels,35,PHI,NBA,2010-11,4,0,35,2,5,2,3,0,2,2,2,0,5,5,2,0,0,1,0,6,0.4,0.667,0,0.4,1,0.51,daniean01
Marquis Daniels,30,BOS,NBA,2010-11,49,0,938,114,232,110,211,4,21,39,57,24,89,113,64,39,22,38,63,271,0.491,0.521,0.19,0.5,0.684,0.527,daniema01
Baron Davis,31,TOT,NBA,2010-11,58,44,1649,289,693,208,454,81,239,101,131,35,121,156,391,78,28,146,143,760,0.417,0.458,0.339,0.475,0.771,0.506,davisba01
Ed Davis,21,TOR,NBA,2010-11,65,17,1602,215,373,215,373,0,0,71,128,168,294,462,40,39,67,48,183,501,0.576,0.576,,0.576,0.555,0.583,davised01
Glen Davis,25,BOS,NBA,2010-11,78,13,2298,359,801,357,786,2,15,195,265,101,324,425,92,78,30,85,231,915,0.448,0.454,0.133,0.449,0.736,0.499,davisgl01
Austin Daye,22,DET,NBA,2010-11,72,16,1446,193,471,124,299,69,172,82,108,64,210,274,78,39,39,59,165,537,0.41,0.415,0.401,0.483,0.759,0.518,dayeau01
Carlos Delfino,28,MIL,NBA,2010-11,49,40,1590,200,513,95,229,105,284,60,75,24,176,200,112,76,8,57,72,565,0.39,0.415,0.37,0.492,0.8,0.517,delfica01
Luol Deng,25,CHI,NBA,2010-11,82,82,3208,531,1155,416,822,115,333,253,336,116,360,476,230,78,48,156,162,1430,0.46,0.506,0.345,0.51,0.753,0.549,denglu01
DeMar DeRozan,21,TOR,NBA,2010-11,82,82,2851,539,1154,534,1102,5,52,327,402,75,240,315,148,85,31,144,217,1410,0.467,0.485,0.096,0.469,0.813,0.53,derozde01
Boris Diaw,28,CHA,NBA,2010-11,82,82,2778,381,774,303,548,78,226,84,123,105,309,414,337,74,46,166,190,924,0.492,0.553,0.345,0.543,0.683,0.558,diawbo01
Ike Diogu,27,LAC,NBA,2010-11,36,0,470,83,148,83,148,0,0,41,62,41,74,115,2,3,3,22,72,207,0.561,0.561,,0.561,0.661,0.59,dioguik01
DeSagana Diop,29,CHA,NBA,2010-11,16,0,181,8,24,8,24,0,0,4,11,12,28,40,7,4,15,11,26,20,0.333,0.333,,0.333,0.364,0.347,diopde01
Keyon Dooling,30,MIL,NBA,2010-11,80,22,1757,206,519,125,285,81,234,78,94,12,105,117,243,54,4,91,119,571,0.397,0.439,0.346,0.475,0.83,0.509,doolike01
Joey Dorsey,27,TOR,NBA,2010-11,43,9,522,52,99,52,99,0,0,31,65,79,111,190,27,24,17,39,78,135,0.525,0.525,,0.525,0.477,0.529,dorsejo01
Toney Douglas,24,NYK,NBA,2010-11,81,9,1971,314,755,171,372,143,383,85,107,65,179,244,244,89,4,89,177,856,0.416,0.46,0.373,0.511,0.794,0.534,douglto01
Chris Douglas-Roberts,24,MIL,NBA,2010-11,44,12,884,117,273,102,227,15,46,74,89,7,81,88,50,29,13,35,73,323,0.429,0.449,0.326,0.456,0.831,0.517,douglch01
Zabian Dowdell,26,PHO,NBA,2010-11,24,0,292,51,125,48,115,3,10,16,17,5,15,20,51,20,2,29,30,121,0.408,0.417,0.3,0.42,0.941,0.457,dowdeza01
Goran Dragic,24,TOT,NBA,2010-11,70,5,1234,192,441,136,286,56,155,83,133,36,106,142,204,50,10,117,125,523,0.435,0.476,0.361,0.499,0.624,0.524,dragigo01
Jared Dudley,25,PHO,NBA,2010-11,82,15,2140,300,629,195,376,105,253,162,218,111,207,318,108,87,20,77,139,867,0.477,0.519,0.415,0.56,0.743,0.598,dudleja01
Chris Duhon,28,ORL,NBA,2010-11,51,5,774,49,129,36,77,13,52,14,25,9,43,52,118,16,2,61,30,125,0.38,0.468,0.25,0.43,0.56,0.446,duhonch01
Tim Duncan,34,SAS,NBA,2010-11,76,76,2156,419,838,419,834,0,4,184,257,169,509,678,203,50,146,122,119,1022,0.5,0.502,0,0.5,0.716,0.537,duncati01
Mike Dunleavy,30,IND,NBA,2010-11,61,44,1683,240,520,138,266,102,254,100,125,28,248,276,105,40,30,69,107,682,0.462,0.519,0.402,0.56,0.8,0.593,dunlemi02
Ronald Dupree,30,TOR,NBA,2010-11,3,0,13,1,4,1,3,0,1,0,0,0,3,3,1,0,0,0,2,2,0.25,0.333,0,0.25,,0.25,duprero01
Kevin Durant,22,OKC,NBA,2010-11,78,78,3038,711,1538,566,1124,145,414,594,675,57,476,533,214,88,76,218,159,2161,0.462,0.504,0.35,0.509,0.88,0.589,duranke01
Devin Ebanks,21,LAL,NBA,2010-11,20,0,118,21,51,19,46,2,5,18,23,15,12,27,2,4,5,6,7,62,0.412,0.413,0.4,0.431,0.783,0.507,ebankde01
Wayne Ellington,23,MIN,NBA,2010-11,62,8,1181,160,397,112,276,48,121,42,53,26,82,108,72,28,3,53,85,410,0.403,0.406,0.397,0.463,0.792,0.488,ellinwa01
Monta Ellis,25,GSW,NBA,2010-11,80,80,3227,726,1611,589,1232,137,379,340,431,44,237,281,450,168,23,252,203,1929,0.451,0.478,0.361,0.493,0.789,0.536,ellismo01
Francisco Elson,34,UTA,NBA,2010-11,62,1,610,54,113,54,113,0,0,26,31,35,80,115,33,21,14,32,84,134,0.478,0.478,,0.478,0.839,0.529,elsonfr01
Melvin Ely,32,DEN,NBA,2010-11,30,2,366,28,51,28,51,0,0,13,21,27,47,74,14,4,11,14,50,69,0.549,0.549,,0.549,0.619,0.573,elyme01
Semih Erden,24,TOT,NBA,2010-11,41,8,595,62,111,62,111,0,0,39,60,37,81,118,20,15,24,34,104,163,0.559,0.559,,0.559,0.65,0.593,erdense01
Jeremy Evans,23,UTA,NBA,2010-11,49,3,463,76,115,76,114,0,1,26,37,36,61,97,24,17,17,19,50,178,0.661,0.667,0,0.661,0.703,0.678,evansje01
Maurice Evans,32,TOT,NBA,2010-11,73,24,1549,177,424,122,257,55,167,52,58,52,104,156,45,34,14,33,129,461,0.417,0.475,0.329,0.482,0.897,0.513,evansma01
Reggie Evans,30,TOR,NBA,2010-11,30,18,798,42,103,42,102,0,1,48,88,119,226,345,38,29,6,39,89,132,0.408,0.412,0,0.408,0.545,0.466,evansre01
Tyreke Evans,21,SAC,NBA,2010-11,57,53,2107,382,933,339,785,43,148,205,266,46,229,275,319,85,30,184,143,1012,0.409,0.432,0.291,0.432,0.771,0.482,evansty01
Patrick Ewing,26,NOH,NBA,2010-11,7,0,19,0,5,0,3,0,2,3,4,1,1,2,2,0,1,1,1,3,0,0,0,0,0.75,0.222,ewingpa02
Christian Eyenga,21,CLE,NBA,2010-11,44,18,947,130,306,105,215,25,91,18,28,27,96,123,35,34,28,47,78,303,0.425,0.488,0.275,0.466,0.643,0.476,eyengch01
Jordan Farmar,24,NJN,NBA,2010-11,73,18,1796,255,651,146,347,109,304,82,100,24,149,173,368,62,6,139,128,701,0.392,0.421,0.359,0.475,0.82,0.504,farmajo01
Derrick Favors,19,TOT,NBA,2010-11,78,27,1535,215,416,215,416,0,0,103,173,171,241,412,39,29,68,77,246,533,0.517,0.517,,0.517,0.595,0.542,favorde01
Raymond Felton,26,TOT,NBA,2010-11,75,54,2737,427,1005,311,676,116,329,194,241,48,221,269,625,125,11,221,150,1164,0.425,0.46,0.353,0.483,0.805,0.524,feltora01
Rudy Fernandez,25,POR,NBA,2010-11,78,3,1821,213,575,97,214,116,361,126,146,37,135,172,193,87,14,88,134,668,0.37,0.453,0.321,0.471,0.863,0.522,fernaru01
Kyrylo Fesenko,24,UTA,NBA,2010-11,53,1,456,44,100,44,99,0,1,18,46,34,74,108,18,4,16,25,90,106,0.44,0.444,0,0.44,0.391,0.441,fesenky01
Landry Fields,22,NYK,NBA,2010-11,82,81,2541,299,602,213,383,86,219,113,147,105,416,521,155,80,17,107,114,797,0.497,0.556,0.393,0.568,0.769,0.598,fieldla01
Derek Fisher,36,LAL,NBA,2010-11,82,82,2297,206,529,143,370,63,159,83,103,14,138,152,224,99,8,70,192,558,0.389,0.386,0.396,0.449,0.806,0.486,fishede01
Jonny Flynn,21,MIN,NBA,2010-11,53,8,983,108,296,77,196,31,100,32,42,12,65,77,182,34,3,113,58,279,0.365,0.393,0.31,0.417,0.762,0.444,flynnjo01
Gary Forbes,25,DEN,NBA,2010-11,63,11,791,124,273,105,215,19,58,59,87,28,88,116,49,23,6,46,77,326,0.454,0.488,0.328,0.489,0.678,0.524,forbega01
T.J. Ford,27,IND,NBA,2010-11,41,3,773,91,236,85,204,6,32,35,48,17,64,81,141,35,8,63,69,223,0.386,0.417,0.188,0.398,0.729,0.434,fordtj01
Jeff Foster,34,IND,NBA,2010-11,56,3,940,80,167,80,164,0,3,27,48,160,190,350,46,24,31,26,127,187,0.479,0.488,0,0.479,0.563,0.497,fosteje01
Randy Foye,27,LAC,NBA,2010-11,63,24,1551,206,531,135,314,71,217,133,149,13,90,103,170,47,21,95,122,616,0.388,0.43,0.327,0.455,0.893,0.516,foyera01
Channing Frye,27,PHO,NBA,2010-11,77,64,2541,358,829,187,390,171,439,89,107,65,448,513,96,46,79,73,272,976,0.432,0.479,0.39,0.535,0.832,0.557,fryech01
Dan Gadzuric,32,TOT,NBA,2010-11,42,9,463,54,129,54,128,0,1,10,27,71,64,135,14,13,29,29,91,118,0.419,0.422,0,0.419,0.37,0.419,gadzuda01
Sundiata Gaines,24,TOT,NBA,2010-11,24,0,301,42,105,33,67,9,38,18,36,13,25,38,42,16,1,27,25,111,0.4,0.493,0.237,0.443,0.5,0.459,gainesu01
Danilo Gallinari,22,TOT,NBA,2010-11,62,60,2104,265,640,162,347,103,293,337,391,59,246,305,104,51,27,83,144,970,0.414,0.467,0.352,0.495,0.862,0.597,gallida01
Francisco Garcia,29,SAC,NBA,2010-11,58,34,1386,207,475,126,251,81,224,65,76,24,109,133,71,51,49,45,126,560,0.436,0.502,0.362,0.521,0.855,0.551,garcifr01
Kevin Garnett,34,BOS,NBA,2010-11,71,71,2220,434,822,433,817,1,5,187,217,83,548,631,171,95,57,115,148,1056,0.528,0.53,0.2,0.529,0.862,0.575,garneke01
Marc Gasol,26,MEM,NBA,2010-11,81,81,2586,364,691,361,684,3,7,220,294,154,415,569,200,74,136,146,265,951,0.527,0.528,0.429,0.529,0.748,0.58,gasolma01
Pau Gasol,30,LAL,NBA,2010-11,82,82,3037,593,1120,592,1117,1,3,354,430,268,568,836,273,48,130,142,203,1541,0.529,0.53,0.333,0.53,0.823,0.589,gasolpa01
Rudy Gay,24,MEM,NBA,2010-11,54,54,2152,409,869,352,725,57,144,194,241,82,254,336,153,91,58,135,131,1069,0.471,0.486,0.396,0.503,0.805,0.548,gayru01
Alonzo Gee,23,TOT,NBA,2010-11,56,34,1118,121,264,104,213,17,51,72,92,62,120,182,38,40,18,55,94,331,0.458,0.488,0.333,0.491,0.783,0.544,geeal01
Paul George,20,IND,NBA,2010-11,61,19,1265,179,395,138,257,41,138,77,101,37,187,224,65,62,26,70,127,476,0.453,0.537,0.297,0.505,0.762,0.542,georgpa01
Daniel Gibson,24,CLE,NBA,2010-11,67,15,1865,264,660,146,367,118,293,134,163,24,153,177,201,48,21,80,154,780,0.4,0.398,0.403,0.489,0.822,0.533,gibsoda01
Taj Gibson,25,CHI,NBA,2010-11,80,19,1742,234,502,233,494,1,8,100,148,162,296,458,58,39,106,71,203,569,0.466,0.472,0.125,0.467,0.676,0.502,gibsota01
Manu Ginobili,33,SAS,NBA,2010-11,80,79,2426,441,1018,287,577,154,441,357,410,42,253,295,393,123,28,174,163,1393,0.433,0.497,0.349,0.509,0.871,0.581,ginobma01
Ryan Gomes,28,LAC,NBA,2010-11,76,62,2095,207,505,135,294,72,211,61,85,61,193,254,118,62,12,55,159,547,0.41,0.459,0.341,0.481,0.718,0.504,gomesry01
Drew Gooden,29,MIL,NBA,2010-11,35,18,860,156,362,153,342,3,20,81,102,73,165,238,47,21,18,46,98,396,0.431,0.447,0.15,0.435,0.794,0.487,goodedr01
Ben Gordon,27,DET,NBA,2010-11,82,27,2131,339,770,232,504,107,266,136,160,41,154,195,171,48,16,141,178,921,0.44,0.46,0.402,0.51,0.85,0.548,gordobe01
Eric Gordon,22,LAC,NBA,2010-11,56,56,2112,427,949,321,658,106,291,287,348,45,119,164,244,71,18,151,115,1247,0.45,0.488,0.364,0.506,0.825,0.566,gordoer01
Marcin Gortat,26,TOT,NBA,2010-11,80,14,2032,338,603,337,599,1,4,140,193,148,483,631,70,36,91,81,188,817,0.561,0.563,0.25,0.561,0.725,0.594,gortama01
Joey Graham,28,CLE,NBA,2010-11,39,8,586,82,179,73,149,9,30,29,36,8,76,84,18,6,7,28,73,202,0.458,0.49,0.3,0.483,0.806,0.518,grahajo01
Stephen Graham,28,NJN,NBA,2010-11,59,28,959,81,200,76,179,5,21,31,38,17,106,123,40,14,1,38,106,198,0.405,0.425,0.238,0.418,0.816,0.457,grahast01
Danny Granger,27,IND,NBA,2010-11,79,79,2763,535,1260,378,853,157,407,395,466,87,338,425,203,89,62,206,213,1622,0.425,0.443,0.386,0.487,0.848,0.554,grangda01
Aaron Gray,26,NOH,NBA,2010-11,41,6,531,56,99,56,99,0,0,17,34,59,112,171,16,11,12,32,96,129,0.566,0.566,,0.566,0.5,0.566,grayaa01
Danny Green,23,SAS,NBA,2010-11,8,0,92,17,35,10,16,7,19,0,0,3,12,15,2,2,1,5,7,41,0.486,0.625,0.368,0.586,,0.586,greenda02
Jeff Green,24,TOT,NBA,2010-11,75,51,2427,368,820,304,609,64,211,198,244,73,287,360,108,53,37,99,210,998,0.449,0.499,0.303,0.488,0.811,0.538,greenje02
Willie Green,29,NOH,NBA,2010-11,77,13,1674,270,609,216,454,54,155,78,100,22,139,161,74,36,13,67,143,672,0.443,0.476,0.348,0.488,0.78,0.515,greenwi01
Donte Greene,22,SAC,NBA,2010-11,69,21,1127,156,386,111,232,45,154,43,65,49,98,147,48,36,20,60,88,400,0.404,0.478,0.292,0.462,0.662,0.482,greendo01
Orien Greene,28,NJN,NBA,2010-11,3,0,5,1,2,1,2,0,0,1,2,0,0,0,1,1,0,0,0,3,0.5,0.5,,0.5,0.5,0.521,greenor01
Blake Griffin,21,LAC,NBA,2010-11,82,82,3112,696,1376,689,1352,7,24,446,695,270,719,989,312,63,45,223,252,1845,0.506,0.51,0.292,0.508,0.642,0.549,griffbl01
Hamed Haddadi,25,MEM,NBA,2010-11,31,0,168,30,58,30,57,0,1,15,23,24,44,68,5,2,13,11,29,75,0.517,0.526,0,0.517,0.652,0.55,haddaha01
Richard Hamilton,32,DET,NBA,2010-11,55,39,1498,288,671,233,527,55,144,146,172,24,102,126,171,39,4,88,95,777,0.429,0.442,0.382,0.47,0.849,0.52,hamilri01
Tyler Hansbrough,25,IND,NBA,2010-11,70,29,1535,285,613,285,611,0,2,197,253,145,221,366,41,37,15,76,160,767,0.465,0.466,0,0.465,0.779,0.529,hansbty01
Luke Harangody,23,TOT,NBA,2010-11,49,0,640,79,206,63,140,16,66,19,26,40,103,143,30,15,17,16,80,193,0.383,0.45,0.242,0.422,0.731,0.444,haranlu01
James Harden,21,OKC,NBA,2010-11,82,5,2189,298,684,185,360,113,324,289,343,42,213,255,176,92,24,106,207,998,0.436,0.514,0.349,0.518,0.843,0.598,hardeja01
Al Harrington,30,DEN,NBA,2010-11,73,3,1665,281,675,164,347,117,328,86,117,76,256,332,101,39,10,106,202,765,0.416,0.473,0.357,0.503,0.735,0.527,harrial01
Devin Harris,27,TOT,NBA,2010-11,71,70,2254,343,813,285,633,58,180,335,402,17,152,169,503,70,7,207,163,1079,0.422,0.45,0.322,0.458,0.833,0.545,harride01
Manny Harris,21,CLE,NBA,2010-11,54,15,933,108,289,74,197,34,92,71,93,36,104,140,85,31,7,63,65,321,0.374,0.376,0.37,0.433,0.763,0.486,harrima01
Mike Harris,27,HOU,NBA,2010-11,4,0,16,3,6,3,6,0,0,2,4,2,3,5,1,0,1,1,2,8,0.5,0.5,,0.5,0.5,0.515,harrimi01
Udonis Haslem,30,MIA,NBA,2010-11,13,0,345,44,86,44,86,0,0,16,20,29,77,106,6,7,3,14,39,104,0.512,0.512,,0.512,0.8,0.549,hasleud01
Spencer Hawes,22,PHI,NBA,2010-11,81,81,1718,264,568,255,531,9,37,47,88,129,336,465,121,29,71,97,201,584,0.465,0.48,0.243,0.473,0.534,0.481,hawessp01
Chuck Hayes,27,HOU,NBA,2010-11,74,63,2079,244,463,244,461,0,2,94,142,219,380,599,202,79,49,86,200,582,0.527,0.529,0,0.527,0.662,0.554,hayesch01
Gordon Hayward,20,UTA,NBA,2010-11,72,17,1218,142,293,107,219,35,74,69,97,41,98,139,81,30,19,70,106,388,0.485,0.489,0.473,0.544,0.711,0.578,haywago01
Lazar Hayward,24,MIN,NBA,2010-11,42,0,419,55,154,38,94,17,60,33,42,23,47,70,28,12,7,19,44,160,0.357,0.404,0.283,0.412,0.786,0.464,haywala01
Brendan Haywood,31,DAL,NBA,2010-11,72,8,1331,128,223,128,222,0,1,64,177,129,247,376,19,16,74,51,146,320,0.574,0.577,0,0.574,0.362,0.532,haywobr01
Luther Head,28,SAC,NBA,2010-11,36,14,586,68,164,43,100,25,64,39,50,16,44,60,70,10,9,32,43,200,0.415,0.43,0.391,0.491,0.78,0.538,headlu01
Gerald Henderson,23,CHA,NBA,2010-11,68,30,1661,259,570,252,534,7,36,128,163,49,158,207,101,50,32,64,118,653,0.454,0.472,0.194,0.461,0.785,0.509,hendege02
Xavier Henry,19,MEM,NBA,2010-11,38,16,527,65,160,63,143,2,17,33,52,9,28,37,18,11,3,13,48,165,0.406,0.441,0.118,0.413,0.635,0.451,henryxa01
Roy Hibbert,24,IND,NBA,2010-11,81,80,2244,410,890,410,886,0,4,205,275,182,428,610,166,33,142,185,256,1025,0.461,0.463,0,0.461,0.745,0.507,hibbero01
J.J. Hickson,22,CLE,NBA,2010-11,80,66,2256,429,936,429,931,0,5,247,367,217,478,695,91,48,54,173,215,1105,0.458,0.461,0,0.458,0.673,0.503,hicksjj01
Nene Hilario,28,DEN,NBA,2010-11,75,75,2291,402,654,401,649,1,5,286,402,145,426,571,149,84,73,134,238,1091,0.615,0.618,0.2,0.615,0.711,0.657,hilarne01
George Hill,24,SAS,NBA,2010-11,76,5,2148,287,633,210,429,77,204,233,270,24,175,199,193,66,21,99,153,884,0.453,0.49,0.377,0.514,0.863,0.588,hillge01
Grant Hill,38,PHO,NBA,2010-11,80,80,2409,399,825,354,711,45,114,213,257,77,261,338,200,64,35,134,184,1056,0.484,0.498,0.395,0.511,0.829,0.563,hillgr01
Jordan Hill,23,HOU,NBA,2010-11,72,11,1125,173,352,173,350,0,2,60,85,128,178,306,29,14,52,62,157,406,0.491,0.494,0,0.491,0.706,0.521,hilljo01
Kirk Hinrich,30,TOT,NBA,2010-11,72,51,2157,278,623,203,435,75,188,106,126,21,161,182,288,75,17,121,185,737,0.446,0.467,0.399,0.506,0.841,0.543,hinriki01
Jrue Holiday,20,PHI,NBA,2010-11,82,82,2901,446,999,365,777,81,222,172,209,68,264,332,531,120,29,218,203,1145,0.446,0.47,0.365,0.487,0.823,0.525,holidjr01
Ryan Hollins,26,CLE,NBA,2010-11,70,16,1182,131,219,131,219,0,0,111,163,70,116,186,26,22,42,67,199,373,0.598,0.598,,0.598,0.681,0.642,holliry01
Al Horford,24,ATL,NBA,2010-11,77,77,2704,513,921,511,917,2,4,150,188,182,536,718,266,59,80,119,193,1178,0.557,0.557,0.5,0.558,0.798,0.587,horfoal01
Eddie House,32,MIA,NBA,2010-11,56,1,978,128,321,60,146,68,175,38,40,9,83,92,62,32,3,29,68,362,0.399,0.411,0.389,0.505,0.95,0.535,houseed01
Dwight Howard,25,ORL,NBA,2010-11,78,78,2935,619,1044,619,1037,0,7,546,916,309,789,1098,107,107,186,279,258,1784,0.593,0.597,0,0.593,0.596,0.616,howardw01
Josh Howard,30,WAS,NBA,2010-11,18,10,409,58,162,51,133,7,29,29,47,18,56,74,24,13,5,20,34,152,0.358,0.383,0.241,0.38,0.617,0.416,howarjo01
Juwan Howard,37,MIA,NBA,2010-11,57,0,592,55,125,55,125,0,0,29,35,36,86,122,23,10,4,25,61,139,0.44,0.44,,0.44,0.829,0.495,howarju01
Lester Hudson,26,WAS,NBA,2010-11,11,0,73,6,24,2,9,4,15,2,4,1,4,5,17,4,1,7,10,18,0.25,0.222,0.267,0.333,0.5,0.349,hudsole01
Kris Humphries,25,NJN,NBA,2010-11,74,44,2061,307,583,307,582,0,1,127,191,225,546,771,84,33,80,103,168,741,0.527,0.527,0,0.527,0.665,0.555,humphkr01
Serge Ibaka,21,OKC,NBA,2010-11,82,44,2216,335,617,335,616,0,1,138,184,214,408,622,22,31,198,71,267,808,0.543,0.544,0,0.543,0.75,0.579,ibakase01
Andre Iguodala,27,PHI,NBA,2010-11,67,67,2469,338,759,277,578,61,181,208,300,61,326,387,422,101,38,138,109,945,0.445,0.479,0.337,0.486,0.693,0.53,iguodan01
Zydrunas Ilgauskas,35,MIA,NBA,2010-11,72,51,1145,162,319,162,318,0,1,36,46,108,179,287,26,23,58,52,185,360,0.508,0.509,0,0.508,0.783,0.531,ilgauzy01
Didier Ilunga-Mbenga,30,NOH,NBA,2010-11,41,0,330,23,49,23,49,0,0,13,18,35,51,86,6,6,27,21,52,59,0.469,0.469,,0.469,0.722,0.518,mbengdj01
Ersan Ilyasova,23,MIL,NBA,2010-11,60,34,1505,221,507,185,386,36,121,93,104,105,260,365,56,51,24,63,159,571,0.436,0.479,0.298,0.471,0.894,0.516,ilyaser01
Royal Ivey,29,OKC,NBA,2010-11,25,0,155,16,38,9,22,7,16,2,2,2,14,16,7,6,1,5,17,41,0.421,0.409,0.438,0.513,1,0.527,iveyro01
Jarrett Jack,27,TOT,NBA,2010-11,83,15,1722,260,637,227,529,33,108,182,214,20,153,173,242,54,6,110,102,735,0.408,0.429,0.306,0.434,0.85,0.503,jackja01
Darnell Jackson,25,SAC,NBA,2010-11,59,2,486,77,158,74,147,3,11,30,49,49,45,94,14,12,3,23,61,187,0.487,0.503,0.273,0.497,0.612,0.521,jacksda01
Stephen Jackson,32,CHA,NBA,2010-11,67,67,2405,435,1059,314,700,121,359,249,305,53,251,304,241,80,28,209,161,1240,0.411,0.449,0.337,0.468,0.816,0.52,jacksst02
Damion James,23,NJN,NBA,2010-11,25,9,403,46,103,46,100,0,3,18,28,17,68,85,20,16,12,25,36,110,0.447,0.46,0,0.447,0.643,0.477,jamesda01
LeBron James,26,MIA,NBA,2010-11,79,79,3063,758,1485,666,1206,92,279,503,663,80,510,590,554,124,50,284,163,2111,0.51,0.552,0.33,0.541,0.759,0.594,jamesle01
Antawn Jamison,34,CLE,NBA,2010-11,56,38,1842,374,876,283,613,91,263,171,234,86,289,375,93,50,30,77,137,1010,0.427,0.462,0.346,0.479,0.731,0.516,jamisan01
Othyus Jeffers,25,TOT,NBA,2010-11,17,1,322,31,65,30,61,1,4,30,46,25,42,67,20,17,0,14,32,93,0.477,0.492,0.25,0.485,0.652,0.546,jeffeot01
Al Jefferson,26,UTA,NBA,2010-11,82,82,2940,654,1319,654,1319,0,0,220,289,235,559,794,149,46,153,105,238,1528,0.496,0.496,,0.496,0.761,0.528,jeffeal01
Richard Jefferson,30,SAS,NBA,2010-11,81,81,2459,304,642,169,335,135,307,148,195,54,256,310,107,38,34,93,164,891,0.474,0.504,0.44,0.579,0.759,0.612,jefferi01
Jared Jeffries,29,TOT,NBA,2010-11,42,9,601,30,86,28,77,2,9,12,29,62,54,116,36,31,17,21,75,74,0.349,0.364,0.222,0.36,0.414,0.375,jeffrja01
Brandon Jennings,21,MIL,NBA,2010-11,63,61,2169,361,926,263,623,98,303,199,246,42,192,234,305,95,21,146,131,1019,0.39,0.422,0.323,0.443,0.809,0.493,jennibr01
Eugene Jeter,27,SAC,NBA,2010-11,62,1,858,106,259,100,229,6,30,37,41,9,61,70,162,29,2,51,54,255,0.409,0.437,0.2,0.421,0.902,0.46,jetereu01
Yi Jianlian,23,WAS,NBA,2010-11,63,11,1112,145,347,142,334,3,13,62,91,79,169,248,25,27,32,51,115,355,0.418,0.425,0.231,0.422,0.681,0.459,jianlyi01
Amir Johnson,23,TOR,NBA,2010-11,72,54,1853,281,495,281,494,0,1,126,160,189,272,461,81,53,88,69,263,688,0.568,0.569,0,0.568,0.788,0.608,johnsam01
Armon Johnson,21,POR,NBA,2010-11,38,0,277,46,101,41,89,5,12,13,22,11,25,36,45,5,1,38,31,110,0.455,0.461,0.417,0.48,0.591,0.497,johnsar02
Chris Johnson,25,TOT,NBA,2010-11,14,1,138,9,21,9,21,0,0,15,20,12,20,32,3,3,9,10,21,33,0.429,0.429,,0.429,0.75,0.554,johnsch03
James Johnson,23,TOT,NBA,2010-11,38,25,822,108,237,100,203,8,34,47,71,37,105,142,89,33,37,64,95,271,0.456,0.493,0.235,0.473,0.662,0.505,johnsja01
Joe Johnson,29,ATL,NBA,2010-11,72,72,2554,514,1161,425,861,89,300,195,243,59,232,291,338,47,7,146,131,1312,0.443,0.494,0.297,0.481,0.802,0.517,johnsjo02
Trey Johnson,26,TOT,NBA,2010-11,8,0,94,12,33,11,30,1,3,9,10,2,5,7,11,1,1,5,12,34,0.364,0.367,0.333,0.379,0.9,0.455,johnstr01
Wesley Johnson,23,MIN,NBA,2010-11,79,63,2069,271,682,168,393,103,289,64,92,51,189,240,148,58,54,95,163,709,0.397,0.427,0.356,0.473,0.696,0.491,johnswe01
Dahntay Jones,30,IND,NBA,2010-11,45,2,589,100,214,86,175,14,39,69,90,4,61,65,33,20,7,31,70,283,0.467,0.491,0.359,0.5,0.767,0.558,jonesda02
Dominique Jones,22,DAL,NBA,2010-11,18,0,135,14,45,14,41,0,4,14,17,6,19,25,19,5,3,10,7,42,0.311,0.341,0,0.311,0.824,0.4,jonesdo02
James Jones,30,MIA,NBA,2010-11,81,8,1549,146,346,23,59,123,287,60,72,23,137,160,43,29,19,21,129,475,0.422,0.39,0.429,0.6,0.833,0.629,jonesja02
Solomon Jones,26,IND,NBA,2010-11,39,0,528,49,121,49,120,0,1,41,62,45,68,113,30,12,22,35,94,139,0.405,0.408,0,0.405,0.661,0.469,jonesso01
DeAndre Jordan,22,LAC,NBA,2010-11,80,66,2047,234,341,234,340,0,1,98,217,207,368,575,42,41,142,101,255,566,0.686,0.688,0,0.686,0.452,0.648,jordade01
Chris Kaman,28,LAC,NBA,2010-11,32,15,838,177,376,177,376,0,0,43,57,51,174,225,46,16,48,58,75,397,0.471,0.471,,0.471,0.754,0.495,kamanch01
Jason Kapono,29,PHI,NBA,2010-11,24,2,112,7,28,6,20,1,8,1,2,3,8,11,4,2,1,2,4,16,0.25,0.3,0.125,0.268,0.5,0.277,kaponja01
Jason Kidd,37,DAL,NBA,2010-11,80,80,2653,215,596,82,205,133,391,67,77,35,316,351,655,134,29,179,119,630,0.361,0.4,0.34,0.472,0.87,0.5,kiddja01
Andrei Kirilenko,29,UTA,NBA,2010-11,64,62,1999,253,542,217,444,36,98,208,270,100,227,327,192,81,74,117,113,750,0.467,0.489,0.367,0.5,0.77,0.567,kirilan01
Linas Kleiza,26,TOR,NBA,2010-11,39,23,1032,178,406,139,275,39,131,41,65,37,140,177,40,19,7,65,99,436,0.438,0.505,0.298,0.486,0.631,0.502,kleizli01
Kyle Korver,29,CHI,NBA,2010-11,82,0,1649,242,557,122,268,120,289,77,87,12,138,150,124,35,20,60,156,681,0.434,0.455,0.415,0.542,0.885,0.572,korveky01
Kosta Koufos,21,TOT,NBA,2010-11,50,2,434,68,150,68,148,0,2,24,43,57,73,130,7,10,25,31,59,160,0.453,0.459,0,0.453,0.558,0.474,koufoko01
Nenad Krstic,27,TOT,NBA,2010-11,71,67,1571,231,452,231,452,0,0,113,146,124,211,335,27,26,25,56,184,575,0.511,0.511,,0.511,0.774,0.557,krstine01
Carl Landry,27,TOT,NBA,2010-11,76,26,2008,345,687,345,683,0,4,213,288,165,182,347,63,40,32,109,196,903,0.502,0.505,0,0.502,0.74,0.555,landrca01
Acie Law,26,TOT,NBA,2010-11,51,0,726,81,186,75,150,6,36,47,64,12,51,63,84,32,0,43,61,215,0.435,0.5,0.167,0.452,0.734,0.502,lawac01
Gani Lawal,22,PHO,NBA,2010-11,1,0,2,0,0,0,0,0,0,0,0,0,0,0,0,0,0,0,1,0,,,,,,,lawalga01
Ty Lawson,23,DEN,NBA,2010-11,80,31,2103,346,688,277,517,69,171,172,225,67,142,209,377,80,4,137,133,933,0.503,0.536,0.404,0.553,0.764,0.593,lawsoty01
Courtney Lee,25,HOU,NBA,2010-11,81,1,1723,253,576,182,402,71,174,95,120,51,158,209,100,58,18,68,102,672,0.439,0.453,0.408,0.501,0.792,0.534,leeco01
David Lee,27,GSW,NBA,2010-11,73,73,2634,496,978,495,975,1,3,210,267,217,497,714,233,74,31,170,211,1203,0.507,0.508,0.333,0.508,0.787,0.549,leeda02
Rashard Lewis,31,TOT,NBA,2010-11,57,52,1824,252,582,165,338,87,244,77,96,71,219,290,92,52,30,87,159,668,0.433,0.488,0.357,0.508,0.802,0.535,lewisra02
Jeremy Lin,22,GSW,NBA,2010-11,29,0,285,28,72,27,67,1,5,19,25,12,22,34,42,33,9,18,31,76,0.389,0.403,0.2,0.396,0.76,0.458,linje01
Shaun Livingston,25,CHA,NBA,2010-11,73,0,1261,185,397,184,393,1,4,108,125,29,120,149,164,47,29,88,109,479,0.466,0.468,0.25,0.467,0.864,0.53,livinsh01
Brook Lopez,22,NJN,NBA,2010-11,82,82,2889,644,1309,644,1308,0,1,385,489,197,291,488,129,47,120,176,240,1673,0.492,0.492,0,0.492,0.787,0.549,lopezbr01
Robin Lopez,22,PHO,NBA,2010-11,67,56,991,179,357,179,357,0,0,74,100,82,134,216,8,18,45,48,143,432,0.501,0.501,,0.501,0.74,0.539,lopezro01
Kevin Love,22,MIN,NBA,2010-11,73,73,2611,482,1026,394,815,88,211,424,499,330,782,1112,184,45,28,155,148,1476,0.47,0.483,0.417,0.513,0.85,0.593,loveke01
Kyle Lowry,24,HOU,NBA,2010-11,75,71,2563,345,809,216,466,129,343,192,251,89,220,309,500,102,23,158,207,1011,0.426,0.464,0.376,0.506,0.765,0.55,lowryky01
John Lucas III,28,CHI,NBA,2010-11,2,0,10,1,3,1,2,0,1,0,2,0,0,0,1,0,0,0,0,2,0.333,0.5,0,0.333,0,0.258,lucasjo02
Corey Maggette,31,MIL,NBA,2010-11,67,18,1401,253,559,225,481,28,78,271,325,44,197,241,84,21,5,127,175,805,0.453,0.468,0.359,0.478,0.834,0.573,maggeco01
Jamaal Magloire,32,MIA,NBA,2010-11,18,0,158,13,22,13,22,0,0,9,18,17,44,61,3,4,2,5,26,35,0.591,0.591,,0.591,0.5,0.585,magloja01
Ian Mahinmi,24,DAL,NBA,2010-11,56,0,488,55,98,55,96,0,2,63,82,43,77,120,8,14,15,25,105,173,0.561,0.573,0,0.561,0.768,0.645,mahinia01
Shawn Marion,32,DAL,NBA,2010-11,80,27,2253,434,834,429,801,5,33,126,164,168,383,551,110,68,50,130,144,999,0.52,0.536,0.152,0.523,0.768,0.551,mariosh01
Sean Marks,35,POR,NBA,2010-11,29,0,208,19,44,17,42,2,2,5,8,16,24,40,4,3,5,11,44,45,0.432,0.405,1,0.455,0.625,0.473,marksse01
Cartier Martin,26,WAS,NBA,2010-11,52,1,542,71,182,32,83,39,99,28,40,20,54,74,18,18,6,16,52,209,0.39,0.386,0.394,0.497,0.7,0.524,martica01
Kenyon Martin,33,DEN,NBA,2010-11,48,48,1233,185,362,183,353,2,9,42,72,67,230,297,109,43,35,59,136,414,0.511,0.518,0.222,0.514,0.583,0.526,martike01
Kevin Martin,27,HOU,NBA,2010-11,80,80,2603,553,1267,377,808,176,459,594,669,28,230,258,198,80,15,184,155,1876,0.436,0.467,0.383,0.506,0.888,0.601,martike02
Roger Mason,30,NYK,NBA,2010-11,26,0,319,26,77,10,33,16,44,7,10,5,38,43,20,6,2,6,25,75,0.338,0.303,0.364,0.442,0.7,0.461,masonro01
Wesley Matthews,24,POR,NBA,2010-11,82,69,2758,440,979,286,601,154,378,266,315,48,210,258,164,102,9,138,195,1300,0.449,0.476,0.407,0.528,0.844,0.582,matthwe02
Jason Maxiell,27,DET,NBA,2010-11,57,14,930,93,189,93,189,0,0,51,99,66,107,173,17,24,21,44,92,237,0.492,0.492,,0.492,0.515,0.51,maxieja01
Eric Maynor,23,OKC,NBA,2010-11,82,0,1200,134,333,97,237,37,96,43,59,25,96,121,238,35,6,77,96,348,0.402,0.409,0.385,0.458,0.729,0.485,maynoer01
O.J. Mayo,23,MEM,NBA,2010-11,71,17,1869,304,747,208,483,96,264,99,131,35,135,170,145,73,26,99,127,803,0.407,0.431,0.364,0.471,0.756,0.499,mayooj01
Luc Mbah a Moute,24,MIL,NBA,2010-11,79,52,2093,198,428,198,421,0,7,133,188,169,251,420,68,72,28,77,180,529,0.463,0.47,0,0.463,0.707,0.518,mbahalu01
Antonio McDyess,36,SAS,NBA,2010-11,73,16,1387,169,344,169,343,0,1,52,77,122,273,395,84,36,39,72,163,390,0.491,0.493,0,0.491,0.675,0.516,mcdyean01
JaVale McGee,23,WAS,NBA,2010-11,79,75,2193,332,604,332,601,0,3,134,230,223,411,634,38,41,193,102,232,798,0.55,0.552,0,0.55,0.583,0.566,mcgeeja01
Tracy McGrady,31,DET,NBA,2010-11,72,39,1686,227,514,197,426,30,88,90,129,49,202,251,252,66,34,102,101,574,0.442,0.462,0.341,0.471,0.698,0.503,mcgratr01
Dominic McGuire,25,CHA,NBA,2010-11,52,8,760,72,182,72,180,0,2,30,39,63,136,199,43,10,33,25,94,174,0.396,0.4,0,0.396,0.769,0.437,mcguido01
Josh McRoberts,23,IND,NBA,2010-11,72,51,1597,211,386,188,326,23,60,88,119,109,273,382,150,47,57,93,165,533,0.547,0.577,0.383,0.576,0.739,0.608,mcrobjo01
Jodie Meeks,23,PHI,NBA,2010-11,74,64,2062,242,570,104,222,138,348,152,170,21,150,171,78,63,4,60,97,774,0.425,0.468,0.397,0.546,0.894,0.6,meeksjo01
Pops Mensah-Bonsu,27,NOH,NBA,2010-11,7,0,35,1,3,1,3,0,0,0,0,3,8,11,2,0,0,2,11,2,0.333,0.333,,0.333,,0.333,mensapo01
C.J. Miles,23,UTA,NBA,2010-11,78,19,1969,366,899,257,560,109,339,159,196,54,201,255,135,74,38,93,221,1000,0.407,0.459,0.322,0.468,0.811,0.507,milescj01
Darko Milicic,25,MIN,NBA,2010-11,69,69,1686,271,578,271,578,0,0,64,115,133,227,360,104,54,140,151,229,606,0.469,0.469,,0.469,0.557,0.482,milicda01
Andre Miller,34,POR,NBA,2010-11,81,81,2650,388,844,384,807,4,37,249,292,97,205,302,566,114,12,197,171,1029,0.46,0.476,0.108,0.462,0.853,0.529,millean02
Brad Miller,34,HOU,NBA,2010-11,60,5,1015,132,296,92,189,40,107,78,94,44,178,222,145,28,21,54,98,382,0.446,0.487,0.374,0.514,0.83,0.566,millebr01
Mike Miller,30,MIA,NBA,2010-11,41,2,838,81,202,38,84,43,118,23,34,38,146,184,51,20,2,41,88,228,0.401,0.452,0.364,0.507,0.676,0.525,millemi01
Patty Mills,22,POR,NBA,2010-11,64,0,783,135,328,88,195,47,133,36,47,19,32,51,109,27,1,62,63,353,0.412,0.451,0.353,0.483,0.766,0.506,millspa02
Paul Millsap,25,UTA,NBA,2010-11,76,76,2605,525,988,516,965,9,23,256,338,164,415,579,187,103,69,145,272,1315,0.531,0.535,0.391,0.536,0.757,0.578,millspa01
Yao Ming,30,HOU,NBA,2010-11,5,5,91,18,37,18,37,0,0,15,16,7,20,27,4,0,8,7,13,51,0.486,0.486,,0.486,0.938,0.579,mingya01
Nazr Mohammed,33,TOT,NBA,2010-11,75,37,1280,234,448,234,447,0,1,67,112,140,228,368,23,30,56,70,184,535,0.522,0.523,0,0.522,0.598,0.538,mohamna01
Greg Monroe,20,DET,NBA,2010-11,80,48,2222,303,550,303,549,0,1,145,233,248,353,601,105,93,45,81,196,751,0.551,0.552,0,0.551,0.622,0.575,monrogr01
Jamario Moon,30,TOT,NBA,2010-11,59,20,1042,101,248,63,125,38,123,15,17,23,142,165,52,28,33,22,65,255,0.407,0.504,0.309,0.484,0.882,0.499,moonja01
Anthony Morrow,25,NJN,NBA,2010-11,58,47,1856,279,620,169,360,110,260,96,107,37,135,172,68,19,7,54,135,764,0.45,0.469,0.423,0.539,0.897,0.573,morroan01
Timofey Mozgov,24,TOT,NBA,2010-11,45,14,524,63,133,63,133,0,0,37,52,46,75,121,15,15,25,35,84,163,0.474,0.474,,0.474,0.712,0.523,mozgoti01
Byron Mullens,21,OKC,NBA,2010-11,13,0,85,9,28,9,28,0,0,7,14,6,18,24,0,2,3,8,11,25,0.321,0.321,,0.321,0.5,0.366,mulleby01
Troy Murphy,30,TOT,NBA,2010-11,35,4,466,42,114,37,81,5,33,20,30,22,91,113,23,15,3,20,47,109,0.368,0.457,0.152,0.39,0.667,0.428,murphtr01
Hamady N'Diaye,24,WAS,NBA,2010-11,16,0,80,4,5,4,5,0,0,6,12,2,5,7,0,2,5,3,18,14,0.8,0.8,,0.8,0.5,0.681,ndiayha01
Eduardo Najera,34,CHA,NBA,2010-11,31,0,372,26,72,15,38,11,34,6,11,14,30,44,20,11,6,13,52,69,0.361,0.395,0.324,0.438,0.545,0.449,najered01
Steve Nash,36,PHO,NBA,2010-11,75,75,2497,399,811,318,606,81,205,227,249,40,220,260,855,48,4,265,87,1106,0.492,0.525,0.395,0.542,0.912,0.601,nashst01
Gary Neal,26,SAS,NBA,2010-11,80,1,1685,285,632,156,324,129,308,84,104,21,175,196,96,27,4,78,148,783,0.451,0.481,0.419,0.553,0.808,0.578,nealga01
Jameer Nelson,28,ORL,NBA,2010-11,76,76,2319,374,838,255,541,119,297,130,162,37,189,226,456,75,3,194,209,997,0.446,0.471,0.401,0.517,0.802,0.548,nelsoja01
Joakim Noah,25,CHI,NBA,2010-11,48,48,1576,211,402,211,401,0,1,139,188,182,316,498,107,48,72,90,156,561,0.525,0.526,0,0.525,0.739,0.579,noahjo01
Andres Nocioni,31,PHI,NBA,2010-11,54,17,931,118,277,76,159,42,118,49,61,19,150,169,45,14,15,47,100,327,0.426,0.478,0.356,0.502,0.803,0.538,nocioan01
Steve Novak,27,TOT,NBA,2010-11,30,0,215,35,67,9,21,26,46,8,8,4,24,28,3,1,5,4,14,104,0.522,0.429,0.565,0.716,1,0.737,novakst01
Dirk Nowitzki,32,DAL,NBA,2010-11,73,73,2504,610,1179,544,1011,66,168,395,443,50,463,513,190,38,47,137,172,1681,0.517,0.538,0.393,0.545,0.892,0.612,nowitdi01
Jermaine O'Neal,32,BOS,NBA,2010-11,24,10,431,50,109,50,108,0,1,29,43,25,63,88,12,2,30,27,65,129,0.459,0.463,0,0.459,0.674,0.504,onealje01
Shaquille O'Neal,38,BOS,NBA,2010-11,37,36,752,134,201,134,201,0,0,73,131,48,130,178,26,16,42,56,120,341,0.667,0.667,,0.667,0.557,0.659,onealsh01
Fabricio Oberto,35,POR,NBA,2010-11,5,0,45,3,5,3,5,0,0,1,2,3,4,7,0,0,0,3,10,7,0.6,0.6,,0.6,0.5,0.595,obertfa01
Lamar Odom,31,LAL,NBA,2010-11,82,35,2639,473,893,405,715,68,178,166,246,175,535,710,249,47,61,139,200,1180,0.53,0.566,0.382,0.568,0.675,0.589,odomla01
Emeka Okafor,28,NOH,NBA,2010-11,72,72,2287,300,524,300,523,0,1,145,258,230,454,684,42,40,127,119,230,745,0.573,0.574,0,0.573,0.562,0.584,okafoem01
Mehmet Okur,31,UTA,NBA,2010-11,13,0,168,22,62,17,46,5,16,15,20,9,21,30,19,4,4,7,18,64,0.355,0.37,0.313,0.395,0.75,0.452,okurme01
Travis Outlaw,26,NJN,NBA,2010-11,82,55,2358,274,731,198,479,76,252,132,171,54,271,325,84,34,36,71,148,756,0.375,0.413,0.302,0.427,0.772,0.469,outlatr01
Larry Owens,28,TOT,NBA,2010-11,12,0,143,15,32,9,19,6,13,4,9,1,14,15,8,9,5,5,18,40,0.469,0.474,0.462,0.563,0.444,0.556,owensla01
Zaza Pachulia,26,ATL,NBA,2010-11,79,7,1244,107,232,107,232,0,0,135,179,119,214,333,58,34,22,69,184,349,0.461,0.461,,0.461,0.754,0.562,pachuza01
Anthony Parker,35,CLE,NBA,2010-11,72,65,2091,220,552,134,325,86,227,74,95,33,185,218,218,67,10,80,109,600,0.399,0.412,0.379,0.476,0.779,0.505,parkean01
Tony Parker,28,SAS,NBA,2010-11,78,78,2528,555,1069,530,999,25,70,233,303,30,208,238,513,90,3,200,135,1368,0.519,0.531,0.357,0.531,0.769,0.569,parketo01
Patrick Patterson,21,HOU,NBA,2010-11,52,6,868,149,267,149,265,0,2,30,42,86,114,200,41,17,37,31,77,328,0.558,0.562,0,0.558,0.714,0.574,pattepa01
Chris Paul,25,NOH,NBA,2010-11,80,80,2880,430,928,359,745,71,183,337,384,38,289,327,782,188,5,177,196,1268,0.463,0.482,0.388,0.502,0.878,0.578,paulch01
Sasha Pavlovic,27,TOT,NBA,2010-11,31,7,362,29,72,17,41,12,31,6,10,1,31,32,16,10,7,12,34,76,0.403,0.415,0.387,0.486,0.6,0.497,pavloal01
Nikola Pekovic,25,MIN,NBA,2010-11,65,11,887,136,263,136,263,0,0,87,114,90,103,193,27,18,35,91,181,359,0.517,0.517,,0.517,0.763,0.573,pekovni01
Kendrick Perkins,26,TOT,NBA,2010-11,29,24,742,67,130,67,130,0,0,40,72,62,170,232,26,9,26,56,91,174,0.515,0.515,,0.515,0.556,0.538,perkike01
Morris Peterson,33,OKC,NBA,2010-11,4,0,23,2,5,2,4,0,1,0,0,0,3,3,1,0,0,0,5,4,0.4,0.5,0,0.4,,0.4,petermo01
Johan Petro,25,NJN,NBA,2010-11,77,1,893,129,290,129,286,0,4,15,28,62,150,212,44,34,34,46,178,273,0.445,0.451,0,0.445,0.536,0.452,petrojo01
Paul Pierce,33,BOS,NBA,2010-11,80,80,2774,507,1021,396,724,111,297,386,449,34,396,430,260,80,51,171,231,1511,0.497,0.547,0.374,0.551,0.86,0.62,piercpa01
Mickael Pietrus,28,TOT,NBA,2010-11,57,4,1107,143,365,58,129,85,236,39,57,15,111,126,33,29,21,39,101,410,0.392,0.45,0.36,0.508,0.684,0.526,pietrmi01
Dexter Pittman,22,MIA,NBA,2010-11,2,0,11,1,3,1,3,0,0,0,0,1,2,3,0,0,0,2,2,2,0.333,0.333,,0.333,,0.333,pittmde01
Quincy Pondexter,22,NOH,NBA,2010-11,66,6,734,73,180,55,130,18,50,24,34,23,65,88,28,17,10,16,63,188,0.406,0.423,0.36,0.456,0.706,0.482,pondequ01
James Posey,34,IND,NBA,2010-11,49,0,839,81,241,14,29,67,212,11,15,10,137,147,34,24,6,24,103,240,0.336,0.483,0.316,0.475,0.733,0.485,poseyja01
Leon Powe,27,TOT,NBA,2010-11,30,3,328,59,119,59,117,0,2,40,72,24,39,63,7,10,4,12,44,158,0.496,0.504,0,0.496,0.556,0.524,powele01
Josh Powell,28,ATL,NBA,2010-11,54,0,653,94,208,94,207,0,1,36,45,49,86,135,22,5,5,53,78,224,0.452,0.454,0,0.452,0.8,0.492,poweljo01
A.J. Price,24,IND,NBA,2010-11,50,0,795,114,320,73,171,41,149,54,81,16,56,72,111,29,1,53,61,323,0.356,0.427,0.275,0.42,0.667,0.454,priceaj01
Ronnie Price,27,UTA,NBA,2010-11,59,0,717,74,210,54,141,20,69,29,39,22,39,61,56,42,5,55,106,197,0.352,0.383,0.29,0.4,0.744,0.434,pricero01
Tayshaun Prince,30,DET,NBA,2010-11,78,78,2562,473,1001,439,903,34,98,118,168,78,251,329,215,30,41,82,90,1098,0.473,0.486,0.347,0.49,0.702,0.511,princta01
Joel Przybilla,31,TOT,NBA,2010-11,36,9,519,25,44,25,44,0,0,14,27,37,108,145,13,5,15,29,79,64,0.568,0.568,,0.568,0.519,0.573,przybjo01
Chris Quinn,27,SAS,NBA,2010-11,41,0,292,33,91,22,54,11,37,4,8,3,22,25,42,5,1,12,29,81,0.363,0.407,0.297,0.423,0.5,0.428,quinnch01
Vladimir Radmanovic,30,GSW,NBA,2010-11,74,6,1169,137,318,67,145,70,173,30,34,64,148,212,79,44,44,57,157,374,0.431,0.462,0.405,0.541,0.882,0.562,radmavl01
Anthony Randolph,21,TOT,NBA,2010-11,40,3,590,123,264,122,260,1,4,58,86,43,117,160,33,22,24,53,62,305,0.466,0.469,0.25,0.468,0.674,0.505,randoan01
Zach Randolph,29,MEM,NBA,2010-11,75,74,2724,598,1188,590,1145,8,43,300,396,326,588,914,163,63,25,151,175,1504,0.503,0.515,0.186,0.507,0.758,0.552,randoza01
Theo Ratliff,37,LAL,NBA,2010-11,10,0,71,1,6,1,6,0,0,0,2,6,7,13,3,2,5,3,7,2,0.167,0.167,,0.167,0,0.145,ratlith01
Andy Rautins,24,NYK,NBA,2010-11,5,0,24,3,7,2,3,1,4,1,2,0,1,1,3,1,0,7,0,8,0.429,0.667,0.25,0.5,0.5,0.508,rautian01
Michael Redd,31,MIL,NBA,2010-11,10,0,134,18,45,14,28,4,17,4,4,0,8,8,12,2,1,4,4,44,0.4,0.5,0.235,0.444,1,0.47,reddmi01
J.J. Redick,26,ORL,NBA,2010-11,59,5,1513,197,447,110,228,87,219,112,128,6,107,113,102,29,3,53,80,593,0.441,0.482,0.397,0.538,0.875,0.589,redicjj01
Jason Richardson,30,TOT,NBA,2010-11,80,80,2715,472,1056,283,577,189,479,116,159,67,264,331,147,93,13,95,162,1249,0.447,0.49,0.395,0.536,0.73,0.555,richaja01
Quentin Richardson,30,ORL,NBA,2010-11,57,19,955,87,255,45,109,42,146,33,44,39,139,178,38,25,5,33,74,249,0.341,0.413,0.288,0.424,0.75,0.454,richaqu01
Luke Ridnour,29,MIN,NBA,2010-11,71,66,2159,319,681,238,497,81,184,121,137,37,162,199,384,89,10,158,146,840,0.468,0.479,0.44,0.528,0.883,0.567,ridnolu01
Nate Robinson,26,TOT,NBA,2010-11,59,11,1013,150,376,85,176,65,200,36,44,15,75,90,111,29,4,68,115,401,0.399,0.483,0.325,0.485,0.818,0.507,robinna01
Rajon Rondo,24,BOS,NBA,2010-11,68,68,2527,318,670,308,627,10,43,75,132,87,210,297,760,153,11,234,120,721,0.475,0.491,0.233,0.482,0.568,0.495,rondora01
Derrick Rose,22,CHI,NBA,2010-11,81,81,3026,711,1597,583,1212,128,385,476,555,81,249,330,623,85,51,278,136,2026,0.445,0.481,0.332,0.485,0.858,0.55,rosede01
Quinton Ross,29,NJN,NBA,2010-11,36,4,353,26,59,26,56,0,3,5,14,10,20,30,10,3,6,7,40,57,0.441,0.464,0,0.441,0.357,0.437,rossqu01
Brandon Roy,26,POR,NBA,2010-11,47,23,1310,209,523,171,409,38,114,117,138,28,93,121,129,37,12,55,76,573,0.4,0.418,0.333,0.436,0.848,0.491,roybr01
Brandon Rush,25,IND,NBA,2010-11,67,21,1754,217,515,124,292,93,223,80,106,33,184,217,62,41,35,69,107,607,0.421,0.425,0.417,0.512,0.755,0.54,rushbr01
John Salmons,31,MIL,NBA,2010-11,73,70,2554,373,898,290,679,83,219,195,240,27,239,266,252,72,28,137,157,1024,0.415,0.427,0.379,0.462,0.813,0.51,salmojo01
Samardo Samuels,22,CLE,NBA,2010-11,37,10,701,110,241,110,238,0,3,68,110,75,83,158,17,15,18,53,88,288,0.456,0.462,0,0.456,0.618,0.498,samuesa01
Larry Sanders,22,MIL,NBA,2010-11,60,12,872,116,268,116,268,0,0,28,50,59,119,178,16,22,72,38,117,260,0.433,0.433,,0.433,0.56,0.448,sandela01
Brian Scalabrine,32,CHI,NBA,2010-11,18,0,88,10,19,10,14,0,5,0,0,1,7,8,6,3,4,5,18,20,0.526,0.714,0,0.526,,0.526,scalabr01
Luis Scola,30,HOU,NBA,2010-11,74,74,2412,569,1129,569,1126,0,3,214,290,147,459,606,185,48,44,147,227,1352,0.504,0.505,0,0.504,0.738,0.538,scolalu01
Thabo Sefolosha,26,OKC,NBA,2010-11,79,79,2049,157,333,129,231,28,102,59,79,65,281,346,111,97,38,55,171,401,0.471,0.558,0.275,0.514,0.747,0.545,sefolth01
Kevin Seraphin,21,WAS,NBA,2010-11,58,1,635,66,147,66,147,0,0,22,31,80,72,152,10,17,28,42,126,154,0.449,0.449,,0.449,0.71,0.479,serapke01
Ramon Sessions,24,CLE,NBA,2010-11,81,38,2133,362,776,359,761,3,15,348,423,46,209,255,419,60,8,178,93,1075,0.466,0.472,0.2,0.468,0.823,0.559,sessira01
Mustafa Shakur,26,WAS,NBA,2010-11,22,0,159,21,59,20,49,1,10,8,15,7,15,22,25,5,3,18,15,51,0.356,0.408,0.1,0.364,0.533,0.389,shakumu01
Garret Siler,24,PHO,NBA,2010-11,21,0,101,17,31,17,31,0,0,11,22,16,12,28,3,1,4,10,20,45,0.548,0.548,,0.548,0.5,0.553,silerga01
Bobby Simmons,30,SAS,NBA,2010-11,2,0,16,0,3,0,0,0,3,0,0,0,0,0,2,0,0,0,2,0,0,,0,0,,0,simmobo01
Brian Skinner,34,MIL,NBA,2010-11,2,0,6,0,0,0,0,0,0,0,0,0,0,0,0,0,0,0,0,0,,,,,,,skinnbr01
Craig Smith,27,LAC,NBA,2010-11,48,0,586,104,188,104,183,0,5,50,68,43,74,117,31,16,7,33,84,258,0.553,0.568,0,0.553,0.735,0.592,smithcr01
Ish Smith,22,TOT,NBA,2010-11,43,3,442,43,115,40,105,3,10,12,21,7,40,47,79,18,2,34,37,101,0.374,0.381,0.3,0.387,0.571,0.406,smithis01
J.R. Smith,25,DEN,NBA,2010-11,79,6,1968,341,784,217,466,124,318,163,221,45,277,322,175,92,16,100,173,969,0.435,0.466,0.39,0.514,0.738,0.55,smithjr01
Jason Smith,24,NOH,NBA,2010-11,77,6,1102,136,307,136,305,0,2,59,70,89,152,241,36,26,32,53,150,331,0.443,0.446,0,0.443,0.843,0.49,smithja02
Joe Smith,35,TOT,NBA,2010-11,16,3,69,3,16,3,16,0,0,2,2,3,18,21,4,0,4,5,13,8,0.188,0.188,,0.188,1,0.237,smithjo02
Josh Smith,25,ATL,NBA,2010-11,77,77,2645,497,1041,446,887,51,154,229,316,134,523,657,255,99,120,197,217,1274,0.477,0.503,0.331,0.502,0.725,0.54,smithjo03
Darius Songaila,32,PHI,NBA,2010-11,10,0,71,7,15,7,15,0,0,2,4,2,8,10,2,0,0,4,16,16,0.467,0.467,,0.467,0.5,0.477,songada01
Marreese Speights,23,PHI,NBA,2010-11,64,1,734,144,291,143,287,1,4,55,73,64,146,210,30,8,19,40,120,344,0.495,0.498,0.25,0.497,0.753,0.532,speigma01
Tiago Splitter,26,SAS,NBA,2010-11,60,6,738,101,191,101,190,0,1,76,140,72,129,201,26,29,17,32,91,278,0.529,0.532,0,0.529,0.543,0.55,splitti01
Jerry Stackhouse,36,MIA,NBA,2010-11,7,1,50,3,12,2,8,1,4,5,7,1,6,7,3,0,2,2,3,12,0.25,0.25,0.25,0.292,0.714,0.398,stackje01
Lance Stephenson,20,IND,NBA,2010-11,12,0,115,13,39,13,34,0,5,11,14,1,17,18,21,4,0,16,14,37,0.333,0.382,0,0.333,0.786,0.41,stephla01
DeShawn Stevenson,29,DAL,NBA,2010-11,72,54,1158,128,330,34,81,94,249,33,43,20,86,106,77,21,5,44,71,383,0.388,0.42,0.378,0.53,0.767,0.549,stevede01
Peja Stojakovic,33,TOT,NBA,2010-11,33,13,617,100,227,43,91,57,136,23,25,14,61,75,29,13,2,17,24,280,0.441,0.473,0.419,0.566,0.92,0.588,stojape01
Amar'e Stoudemire,28,NYK,NBA,2010-11,78,78,2870,744,1482,734,1459,10,23,473,597,198,438,636,202,71,150,250,274,1971,0.502,0.503,0.435,0.505,0.792,0.565,stoudam01
Rodney Stuckey,24,DET,NBA,2010-11,70,54,2183,363,827,337,737,26,90,330,381,70,146,216,361,76,10,155,177,1082,0.439,0.457,0.289,0.455,0.866,0.544,stuckro01
DaJuan Summers,23,DET,NBA,2010-11,22,1,199,28,69,19,48,9,21,9,20,2,10,12,2,3,1,13,21,74,0.406,0.396,0.429,0.471,0.45,0.476,summeda01
Pape Sy,22,ATL,NBA,2010-11,3,0,21,2,6,2,5,0,1,3,3,2,1,3,2,1,0,3,1,7,0.333,0.4,0,0.333,1,0.478,sypa01
Jermaine Taylor,24,TOT,NBA,2010-11,34,8,483,94,196,80,151,14,45,21,28,26,36,62,32,14,5,46,39,223,0.48,0.53,0.311,0.515,0.75,0.535,tayloje02
Jeff Teague,22,ATL,NBA,2010-11,70,7,963,133,304,115,256,18,48,77,97,11,91,102,138,45,25,64,82,361,0.438,0.449,0.375,0.467,0.794,0.521,teaguje01
Sebastian Telfair,25,MIN,NBA,2010-11,37,8,711,97,241,69,163,28,78,44,60,17,37,54,111,25,3,64,64,266,0.402,0.423,0.359,0.461,0.733,0.497,telfase01
Garrett Temple,24,TOT,NBA,2010-11,24,0,230,20,68,10,31,10,37,7,17,1,22,23,32,11,6,23,24,57,0.294,0.323,0.27,0.368,0.412,0.378,templga01
Jason Terry,33,DAL,NBA,2010-11,82,10,2564,492,1091,365,740,127,351,182,214,24,129,153,334,93,13,167,140,1293,0.451,0.493,0.362,0.509,0.85,0.545,terryja01
Hasheem Thabeet,23,TOT,NBA,2010-11,47,0,373,17,40,17,40,0,0,19,35,24,51,75,4,9,16,17,76,53,0.425,0.425,,0.425,0.543,0.478,thabeha01
Etan Thomas,32,ATL,NBA,2010-11,13,0,82,10,21,10,21,0,0,12,15,6,17,23,2,1,4,5,11,32,0.476,0.476,,0.476,0.8,0.58,thomaet01
Kurt Thomas,38,CHI,NBA,2010-11,52,37,1178,95,186,94,185,1,1,20,32,75,226,301,60,32,42,42,164,211,0.511,0.508,1,0.513,0.625,0.527,thomaku01
Tyrus Thomas,24,CHA,NBA,2010-11,41,2,861,156,331,156,328,0,3,107,136,65,159,224,29,30,66,65,113,419,0.471,0.476,0,0.471,0.787,0.536,thomaty01
Jason Thompson,24,SAC,NBA,2010-11,75,39,1748,271,534,271,531,0,3,121,200,144,310,454,88,28,44,99,212,663,0.507,0.51,0,0.507,0.605,0.533,thompja02
Al Thornton,27,TOT,NBA,2010-11,71,23,1383,205,431,201,405,4,26,110,142,56,157,213,62,35,12,64,143,524,0.476,0.496,0.154,0.48,0.775,0.531,thornal01
Marcus Thornton,23,TOT,NBA,2010-11,73,23,1775,350,807,262,567,88,240,145,184,61,197,258,135,64,9,93,110,933,0.434,0.462,0.367,0.488,0.788,0.525,thornma01
Anthony Tolliver,25,MIN,NBA,2010-11,65,4,1362,141,313,94,198,47,115,105,131,92,203,295,82,28,28,49,145,434,0.45,0.475,0.409,0.526,0.802,0.585,tollian01
Ronny Turiaf,28,NYK,NBA,2010-11,64,21,1141,103,163,103,163,0,0,61,98,64,143,207,92,35,73,41,160,267,0.632,0.632,,0.632,0.622,0.648,turiaro01
Hedo Turkoglu,31,TOT,NBA,2010-11,81,72,2540,322,722,195,412,127,310,106,156,45,311,356,343,72,34,132,247,877,0.446,0.473,0.41,0.534,0.679,0.555,turkohe01
Evan Turner,22,PHI,NBA,2010-11,78,14,1797,225,529,211,485,14,44,101,125,42,264,306,159,49,14,80,138,565,0.425,0.435,0.318,0.439,0.808,0.484,turneev01
Ekpe Udoh,23,GSW,NBA,2010-11,58,18,1030,97,222,97,222,0,0,42,64,80,101,181,40,22,86,48,144,236,0.437,0.437,,0.437,0.656,0.472,udohek01
Ime Udoka,33,SAS,NBA,2010-11,20,0,130,5,21,5,13,0,8,4,8,5,14,19,13,8,1,5,14,14,0.238,0.385,0,0.238,0.5,0.285,udokaim01
Beno Udrih,28,SAC,NBA,2010-11,79,64,2734,412,824,347,642,65,182,197,228,41,224,265,386,94,9,141,181,1086,0.5,0.54,0.357,0.539,0.864,0.587,udrihbe01
Ben Uzoh,22,NJN,NBA,2010-11,42,0,438,61,144,58,136,3,8,33,56,30,31,61,69,13,8,25,29,158,0.424,0.426,0.375,0.434,0.589,0.468,uzohbe01
Anderson Varejao,28,CLE,NBA,2010-11,31,31,994,114,216,114,214,0,2,54,81,98,203,301,45,27,38,40,87,282,0.528,0.533,0,0.528,0.667,0.56,varejan01
Greivis Vasquez,24,MEM,NBA,2010-11,70,1,860,95,233,70,147,25,86,34,44,12,61,73,151,22,4,70,83,249,0.408,0.476,0.291,0.461,0.773,0.493,vasqugr01
Charlie Villanueva,26,DET,NBA,2010-11,76,11,1666,313,708,188,385,125,323,89,116,50,245,295,48,42,42,66,175,840,0.442,0.488,0.387,0.53,0.767,0.553,villach01
Sasha Vujacic,26,TOT,NBA,2010-11,67,17,1648,239,595,142,333,97,262,81,96,30,156,186,132,54,5,66,136,656,0.402,0.426,0.37,0.483,0.844,0.515,vujacsa01
Dwyane Wade,29,MIA,NBA,2010-11,76,76,2823,692,1384,629,1178,63,206,494,652,123,362,485,346,111,87,237,197,1941,0.5,0.534,0.306,0.523,0.758,0.581,wadedw01
Von Wafer,25,BOS,NBA,2010-11,58,2,553,67,159,49,92,18,67,32,38,7,42,49,35,18,5,20,39,184,0.421,0.533,0.269,0.478,0.842,0.524,wafervo01
Henry Walker,23,NYK,NBA,2010-11,61,1,784,104,236,45,83,59,153,31,44,16,106,122,34,21,6,37,81,298,0.441,0.542,0.386,0.566,0.705,0.583,walkebi01
John Wall,20,WAS,NBA,2010-11,69,64,2606,398,972,364,857,34,115,301,393,35,282,317,574,121,35,261,175,1131,0.409,0.425,0.296,0.427,0.766,0.494,walljo01
Ben Wallace,36,DET,NBA,2010-11,54,49,1238,67,149,66,147,1,2,19,57,129,221,350,72,54,54,44,81,154,0.45,0.449,0.5,0.453,0.333,0.442,wallabe01
Gerald Wallace,28,TOT,NBA,2010-11,71,63,2693,386,851,324,665,62,186,279,374,111,458,569,173,105,63,152,183,1113,0.454,0.487,0.333,0.49,0.746,0.548,wallage01
Luke Walton,30,LAL,NBA,2010-11,54,0,484,38,116,30,82,8,34,7,10,9,58,67,62,9,4,31,38,91,0.328,0.366,0.235,0.362,0.7,0.378,waltolu01
Willie Warren,21,LAC,NBA,2010-11,19,0,134,13,35,8,20,5,15,6,8,1,11,12,27,6,0,8,16,37,0.371,0.4,0.333,0.443,0.75,0.48,warrewi01
Hakim Warrick,28,PHO,NBA,2010-11,80,6,1416,228,446,227,435,1,11,212,294,88,208,296,69,32,9,79,100,669,0.511,0.522,0.091,0.512,0.721,0.581,warriha01
C.J. Watson,26,CHI,NBA,2010-11,82,1,1091,146,394,102,282,44,112,69,93,16,78,94,186,55,11,73,82,405,0.371,0.362,0.393,0.426,0.742,0.466,watsocj01
Earl Watson,31,UTA,NBA,2010-11,80,13,1567,126,307,90,200,36,107,55,82,52,130,182,278,61,17,116,146,343,0.41,0.45,0.336,0.469,0.671,0.5,watsoea01
Kyle Weaver,24,UTA,NBA,2010-11,5,0,69,9,25,6,18,3,7,7,8,2,8,10,7,2,2,7,3,28,0.36,0.333,0.429,0.42,0.875,0.491,weaveky01
Martell Webster,24,MIN,NBA,2010-11,46,1,1094,152,340,97,208,55,132,94,122,36,111,147,53,28,9,58,101,453,0.447,0.466,0.417,0.528,0.77,0.575,webstma02
Sonny Weems,24,TOR,NBA,2010-11,59,28,1413,228,513,211,452,17,61,72,94,39,114,153,104,34,2,86,87,545,0.444,0.467,0.279,0.461,0.766,0.492,weemsso01
David West,30,NOH,NBA,2010-11,70,70,2451,528,1040,526,1031,2,9,264,327,155,374,529,164,67,62,142,202,1322,0.508,0.51,0.222,0.509,0.807,0.558,westda01
Delonte West,27,BOS,NBA,2010-11,24,2,453,55,120,43,87,12,33,13,15,6,31,37,64,20,10,30,29,135,0.458,0.494,0.364,0.508,0.867,0.533,westde01
Mario West,26,NJN,NBA,2010-11,6,3,116,9,21,8,17,1,4,3,5,2,9,11,10,7,0,2,13,22,0.429,0.471,0.25,0.452,0.6,0.474,westma02
Russell Westbrook,22,OKC,NBA,2010-11,82,82,2847,614,1390,580,1287,34,103,531,631,121,258,379,670,155,30,316,207,1793,0.442,0.451,0.33,0.454,0.842,0.538,westbru01
D.J. White,24,TOT,NBA,2010-11,47,0,685,111,219,111,217,0,2,46,64,43,115,158,19,12,20,14,77,268,0.507,0.512,0,0.507,0.719,0.542,whitedj01
Hassan Whiteside,21,SAC,NBA,2010-11,1,0,2,0,0,0,0,0,0,0,0,0,0,0,0,0,0,0,2,0,,,,,,,whiteha01
Chris Wilcox,28,DET,NBA,2010-11,57,29,995,187,322,187,321,0,1,50,89,95,176,271,43,29,17,43,145,424,0.581,0.583,0,0.581,0.562,0.587,wilcoch01
Damien Wilkins,31,ATL,NBA,2010-11,52,0,676,69,137,67,127,2,10,40,56,23,67,90,41,27,9,21,72,180,0.504,0.528,0.2,0.511,0.714,0.557,wilkida02
Deron Williams,26,TOT,NBA,2010-11,65,65,2465,428,975,323,658,105,317,348,412,40,220,260,667,79,15,230,190,1309,0.439,0.491,0.331,0.493,0.845,0.566,willide01
Jason Williams,35,TOT,NBA,2010-11,27,0,295,22,67,12,29,10,38,0,0,3,27,30,52,11,1,18,8,54,0.328,0.414,0.263,0.403,,0.403,willija02
Jawad Williams,27,CLE,NBA,2010-11,26,1,391,41,126,28,81,13,45,9,12,7,41,48,22,9,3,16,34,104,0.325,0.346,0.289,0.377,0.75,0.396,willija04
Lou Williams,24,PHI,NBA,2010-11,75,0,1747,323,795,235,542,88,253,293,356,32,117,149,252,47,17,102,128,1027,0.406,0.434,0.348,0.462,0.823,0.54,willilo02
Marvin Williams,24,ATL,NBA,2010-11,65,52,1865,246,537,209,427,37,110,147,174,68,245,313,88,34,23,62,104,676,0.458,0.489,0.336,0.493,0.845,0.551,willima02
Mo Williams,28,TOT,NBA,2010-11,58,56,1788,291,730,212,486,79,244,151,177,21,132,153,380,53,10,171,150,812,0.399,0.436,0.324,0.453,0.853,0.503,willima01
Reggie Williams,24,GSW,NBA,2010-11,80,9,1626,268,572,166,331,102,241,100,134,45,171,216,121,28,3,57,124,738,0.469,0.502,0.423,0.558,0.746,0.585,willire02
Shawne Williams,24,NYK,NBA,2010-11,64,11,1323,164,385,79,173,85,212,41,49,60,179,239,47,39,51,46,164,454,0.426,0.457,0.401,0.536,0.837,0.558,willish03
Shelden Williams,27,TOT,NBA,2010-11,59,38,911,103,220,103,220,0,0,58,75,93,180,273,32,23,26,43,126,264,0.468,0.468,,0.468,0.773,0.522,willish02
Terrence Williams,23,TOT,NBA,2010-11,21,0,290,43,115,37,93,6,22,14,21,4,47,51,38,9,0,33,25,106,0.374,0.398,0.273,0.4,0.667,0.427,willite01
Metta World Peace,31,LAL,NBA,2010-11,82,82,2410,261,658,178,425,83,233,92,136,100,167,267,175,124,36,90,181,697,0.397,0.419,0.356,0.46,0.676,0.485,artesro01
Antoine Wright,26,SAC,NBA,2010-11,7,0,31,1,8,1,4,0,4,0,0,2,1,3,0,1,0,1,3,2,0.125,0.25,0,0.125,,0.125,wrighan01
Brandan Wright,23,TOT,NBA,2010-11,37,2,379,60,117,60,117,0,0,21,31,31,58,89,12,11,17,14,34,141,0.513,0.513,,0.513,0.677,0.54,wrighbr03
Dorell Wright,25,GSW,NBA,2010-11,82,82,3147,485,1146,291,630,194,516,180,228,88,343,431,242,124,63,133,171,1344,0.423,0.462,0.376,0.508,0.789,0.539,wrighdo01
Julian Wright,23,TOR,NBA,2010-11,52,6,766,82,160,80,150,2,10,22,43,47,71,118,58,39,20,43,45,188,0.513,0.533,0.2,0.519,0.512,0.525,wrighju01
Nick Young,25,WAS,NBA,2010-11,64,40,2034,412,935,307,664,105,271,186,228,26,148,174,75,45,17,90,144,1115,0.441,0.462,0.387,0.497,0.816,0.538,youngni01
Sam Young,25,MEM,NBA,2010-11,78,46,1577,233,494,216,444,17,50,89,116,40,147,187,71,68,23,61,120,572,0.472,0.486,0.34,0.489,0.767,0.525,youngsa01
Thaddeus Young,22,PHI,NBA,2010-11,82,1,2135,458,847,452,825,6,22,123,174,153,281,434,82,90,26,99,170,1045,0.541,0.548,0.273,0.544,0.707,0.566,youngth01
Jeff Adrien,25,HOU,NBA,2011-12,8,0,63,7,16,7,16,0,0,7,12,5,17,22,1,0,2,2,13,21,0.438,0.438,,0.438,0.583,0.493,adrieje01
Arron Afflalo,26,DEN,NBA,2011-12,62,62,2086,329,699,241,478,88,221,197,247,40,157,197,149,36,13,85,134,943,0.471,0.504,0.398,0.534,0.798,0.584,afflaar01
Blake Ahearn,27,UTA,NBA,2011-12,4,0,30,4,14,2,5,2,9,0,0,0,2,2,1,0,0,5,4,10,0.286,0.4,0.222,0.357,,0.357,ahearbl01
Solomon Alabi,23,TOR,NBA,2011-12,14,0,122,13,36,13,36,0,0,7,8,15,32,47,3,2,9,5,11,33,0.361,0.361,,0.361,0.875,0.418,alabiso01
Cole Aldrich,23,OKC,NBA,2011-12,26,0,173,22,42,22,42,0,0,13,14,13,35,48,3,8,16,9,22,57,0.524,0.524,,0.524,0.929,0.592,aldrico01
LaMarcus Aldridge,26,POR,NBA,2011-12,55,55,1994,483,943,481,932,2,11,223,274,150,292,442,134,51,45,111,153,1191,0.512,0.516,0.182,0.513,0.814,0.56,aldrila01
Lavoy Allen,22,PHI,NBA,2011-12,41,15,624,79,167,79,167,0,0,11,14,47,124,171,34,13,18,20,73,169,0.473,0.473,,0.473,0.786,0.488,allenla01
Ray Allen,36,BOS,NBA,2011-12,46,42,1565,226,493,120,259,106,234,97,106,14,128,142,109,49,8,68,83,655,0.458,0.463,0.453,0.566,0.915,0.607,allenra02
Tony Allen,30,MEM,NBA,2011-12,58,57,1525,210,448,202,422,8,26,140,175,98,135,233,79,104,33,94,142,568,0.469,0.479,0.308,0.478,0.8,0.541,allento01
Morris Almond,26,WAS,NBA,2011-12,4,0,67,6,17,5,14,1,3,1,3,1,7,8,2,7,0,1,6,14,0.353,0.357,0.333,0.382,0.333,0.382,almonmo01
Al-Farouq Aminu,21,NOH,NBA,2011-12,66,21,1477,150,365,137,318,13,47,86,114,95,213,308,66,59,34,91,136,399,0.411,0.431,0.277,0.429,0.754,0.481,aminual01
Lou Amundson,29,IND,NBA,2011-12,60,0,753,89,207,89,207,0,0,35,82,94,128,222,14,27,44,45,125,213,0.43,0.43,,0.43,0.427,0.438,amundlo01
Chris Andersen,33,DEN,NBA,2011-12,32,1,486,59,108,59,108,0,0,50,82,48,100,148,6,19,46,17,52,168,0.546,0.546,,0.546,0.61,0.583,anderch01
Alan Anderson,29,TOR,NBA,2011-12,17,12,461,55,142,31,81,24,61,29,34,8,26,34,26,5,3,25,35,163,0.387,0.383,0.393,0.472,0.853,0.519,anderal01
James Anderson,22,SAS,NBA,2011-12,51,2,603,66,174,47,106,19,68,39,52,16,63,79,41,8,2,30,35,190,0.379,0.443,0.279,0.434,0.75,0.483,anderja01
Ryan Anderson,23,ORL,NBA,2011-12,61,61,1964,332,757,166,335,166,422,150,171,224,247,471,54,50,26,57,146,980,0.439,0.496,0.393,0.548,0.877,0.589,anderry01
Carmelo Anthony,27,NYK,NBA,2011-12,55,55,1876,441,1025,373,822,68,203,295,367,88,256,344,200,62,24,144,156,1245,0.43,0.454,0.335,0.463,0.804,0.525,anthoca01
Joel Anthony,29,MIA,NBA,2011-12,64,51,1349,85,152,85,152,0,0,49,71,100,150,250,9,36,84,45,126,219,0.559,0.559,,0.559,0.69,0.598,anthojo01
Gilbert Arenas,30,MEM,NBA,2011-12,17,0,211,26,64,13,25,13,39,7,10,2,16,18,18,11,1,12,35,72,0.406,0.52,0.333,0.508,0.7,0.526,arenagi01
Trevor Ariza,26,NOH,NBA,2011-12,41,41,1350,168,403,139,316,29,87,79,102,41,174,215,135,69,25,76,73,444,0.417,0.44,0.333,0.453,0.775,0.496,arizatr01
Omer Asik,25,CHI,NBA,2011-12,66,2,971,79,156,79,156,0,0,47,103,127,223,350,32,30,68,68,121,205,0.506,0.506,,0.506,0.456,0.509,asikom01
D.J. Augustin,24,CHA,NBA,2011-12,48,46,1408,183,487,122,308,61,179,105,120,24,85,109,307,36,1,110,65,532,0.376,0.396,0.341,0.438,0.875,0.493,augusdj01
Gustavo Ayon,26,NOH,NBA,2011-12,54,24,1088,140,261,140,260,0,1,39,63,86,179,265,74,53,46,46,118,319,0.536,0.538,0,0.536,0.619,0.552,ayongu01
Jeff Ayres,24,IND,NBA,2011-12,20,1,106,15,36,15,36,0,0,4,7,12,21,33,4,3,2,2,16,34,0.417,0.417,,0.417,0.571,0.435,pendeje02
Kelenna Azubuike,28,DAL,NBA,2011-12,3,0,18,3,8,2,5,1,3,0,0,0,0,0,0,1,0,4,1,7,0.375,0.4,0.333,0.438,,0.438,azubuke01
Luke Babbitt,22,POR,NBA,2011-12,40,4,537,71,173,28,73,43,100,17,20,16,79,95,16,10,4,27,46,202,0.41,0.384,0.43,0.535,0.85,0.556,babbilu01
Renaldo Balkman,27,NYK,NBA,2011-12,14,0,115,16,32,14,23,2,9,8,11,6,20,26,5,4,3,6,14,42,0.5,0.609,0.222,0.531,0.727,0.57,balkmre01
Leandro Barbosa,29,TOT,NBA,2011-12,64,0,1382,271,637,206,467,65,170,101,124,33,95,128,96,56,7,94,135,708,0.425,0.441,0.382,0.476,0.815,0.512,barbole01
J.J. Barea,27,MIN,NBA,2011-12,41,11,1032,167,418,114,275,53,143,76,98,14,100,114,232,21,0,103,61,463,0.4,0.415,0.371,0.463,0.776,0.502,bareajo01
Andrea Bargnani,26,TOR,NBA,2011-12,31,31,1032,209,484,175,369,34,115,151,173,24,148,172,61,18,15,69,52,603,0.432,0.474,0.296,0.467,0.873,0.538,bargnan01
Matt Barnes,31,LAL,NBA,2011-12,63,16,1440,175,387,129,249,46,138,95,128,97,247,344,126,35,48,73,152,491,0.452,0.518,0.333,0.512,0.742,0.554,barnema02
Earl Barron,30,GSW,NBA,2011-12,2,0,9,2,4,2,4,0,0,0,0,1,0,1,0,0,0,0,5,4,0.5,0.5,,0.5,,0.5,barroea01
Brandon Bass,26,BOS,NBA,2011-12,59,39,1868,303,632,303,632,0,0,132,163,95,270,365,55,34,54,65,135,738,0.479,0.479,,0.479,0.81,0.524,bassbr01
Tony Battie,35,PHI,NBA,2011-12,27,11,295,19,51,19,50,0,1,4,4,8,59,67,16,4,6,4,26,42,0.373,0.38,0,0.373,1,0.398,battito01
Shane Battier,33,MIA,NBA,2011-12,65,10,1499,113,292,51,109,62,183,23,37,56,100,156,82,64,33,37,105,311,0.387,0.468,0.339,0.493,0.622,0.504,battish01
Nicolas Batum,23,POR,NBA,2011-12,59,34,1791,289,641,182,367,107,274,133,159,81,190,271,84,57,60,90,105,818,0.451,0.496,0.391,0.534,0.836,0.575,batumni01
Jerryd Bayless,23,TOR,NBA,2011-12,31,11,705,117,276,73,172,44,104,75,88,8,58,66,118,24,4,53,70,353,0.424,0.424,0.423,0.504,0.852,0.561,bayleje01
Michael Beasley,23,MIN,NBA,2011-12,47,7,1087,221,497,183,396,38,101,61,95,39,168,207,45,18,19,80,83,541,0.445,0.462,0.376,0.483,0.642,0.502,beaslmi01
Rodrigue Beaubois,23,DAL,NBA,2011-12,53,12,1151,188,445,150,313,38,132,58,69,19,132,151,152,56,28,70,98,472,0.422,0.479,0.288,0.465,0.841,0.496,beaubro01
Marco Belinelli,25,NOH,NBA,2011-12,66,55,1966,286,686,179,402,107,284,101,129,19,153,172,101,48,5,69,115,780,0.417,0.445,0.377,0.495,0.783,0.525,belinma01
Raja Bell,35,UTA,NBA,2011-12,34,33,796,81,174,47,87,34,87,21,25,6,43,49,38,13,2,21,78,217,0.466,0.54,0.391,0.563,0.84,0.586,bellra01
Keith Benson,23,GSW,NBA,2011-12,3,0,9,0,1,0,1,0,0,0,0,2,1,3,0,0,0,0,0,0,0,0,,0,,0,bensoke02
Mike Bibby,33,NYK,NBA,2011-12,39,4,557,35,124,8,39,27,85,6,8,5,54,59,80,21,3,20,45,103,0.282,0.205,0.318,0.391,0.75,0.404,bibbymi01
Andris Biedrins,25,GSW,NBA,2011-12,47,35,739,39,64,39,64,0,0,1,9,45,131,176,16,23,45,14,125,79,0.609,0.609,,0.609,0.111,0.581,biedran01
Chauncey Billups,35,LAC,NBA,2011-12,20,20,607,83,228,35,103,48,125,85,95,4,46,50,80,9,3,38,40,299,0.364,0.34,0.384,0.469,0.895,0.554,billuch01
Bismack Biyombo,19,CHA,NBA,2011-12,63,41,1455,129,278,129,278,0,0,69,143,113,255,368,27,20,115,71,145,327,0.464,0.464,,0.464,0.483,0.48,biyombi01
DeJuan Blair,22,SAS,NBA,2011-12,64,62,1363,269,504,269,503,0,1,73,119,154,197,351,78,59,12,92,168,611,0.534,0.535,0,0.534,0.613,0.549,blairde01
Steve Blake,31,LAL,NBA,2011-12,53,5,1237,101,268,48,110,53,158,21,27,9,76,85,175,39,2,72,75,276,0.377,0.436,0.335,0.476,0.778,0.493,blakest01
Andray Blatche,25,WAS,NBA,2011-12,26,13,626,93,245,91,238,2,7,33,49,42,108,150,28,20,17,37,54,221,0.38,0.382,0.286,0.384,0.673,0.415,blatcan01
Eric Bledsoe,22,LAC,NBA,2011-12,40,1,464,49,126,43,96,6,30,28,44,22,43,65,66,31,14,47,58,132,0.389,0.448,0.2,0.413,0.636,0.454,bledser01
Keith Bogans,31,NJN,NBA,2011-12,5,1,94,8,21,5,9,3,12,2,5,5,6,11,3,2,0,3,15,21,0.381,0.556,0.25,0.452,0.4,0.453,boganke01
Andrew Bogut,27,MIL,NBA,2011-12,12,12,364,61,136,61,135,0,1,14,23,22,78,100,31,12,24,24,36,136,0.449,0.452,0,0.449,0.609,0.465,bogutan01
Matt Bonner,31,SAS,NBA,2011-12,65,2,1326,154,350,49,100,105,250,16,21,29,185,214,61,15,21,14,68,429,0.44,0.49,0.42,0.59,0.762,0.597,bonnema01
Trevor Booker,24,WAS,NBA,2011-12,50,32,1261,181,341,180,339,1,2,56,93,119,206,325,40,48,43,58,138,419,0.531,0.531,0.5,0.532,0.602,0.549,booketr01
Carlos Boozer,30,CHI,NBA,2011-12,66,66,1948,448,842,448,841,0,1,95,137,114,450,564,125,63,24,115,168,991,0.532,0.533,0,0.532,0.693,0.549,boozeca01
Chris Bosh,27,MIA,NBA,2011-12,57,57,2007,393,807,383,772,10,35,229,279,94,358,452,103,51,45,117,128,1025,0.487,0.496,0.286,0.493,0.821,0.551,boshch01
Earl Boykins,35,HOU,NBA,2011-12,8,0,111,12,36,10,27,2,9,13,15,0,11,11,17,1,0,7,5,39,0.333,0.37,0.222,0.361,0.867,0.458,boykiea01
Craig Brackins,24,PHI,NBA,2011-12,14,1,88,9,33,6,24,3,9,1,2,5,10,15,8,0,1,4,6,22,0.273,0.25,0.333,0.318,0.5,0.325,brackcr01
Avery Bradley,21,BOS,NBA,2011-12,64,28,1368,200,402,178,348,22,54,62,78,34,81,115,87,43,12,75,109,484,0.498,0.511,0.407,0.525,0.795,0.555,bradlav01
Elton Brand,32,PHI,NBA,2011-12,60,60,1732,287,581,287,580,0,1,85,116,145,284,429,97,58,97,65,176,659,0.494,0.495,0,0.494,0.733,0.521,brandel01
Corey Brewer,25,DEN,NBA,2011-12,59,17,1287,201,463,168,336,33,127,90,130,43,107,150,88,72,17,56,113,525,0.434,0.5,0.26,0.47,0.692,0.505,breweco01
Ronnie Brewer,26,CHI,NBA,2011-12,66,43,1635,190,445,171,376,19,69,56,100,72,159,231,137,72,21,59,64,455,0.427,0.455,0.275,0.448,0.56,0.465,brewero02
Jon Brockman,24,MIL,NBA,2011-12,35,0,239,15,45,15,44,0,1,7,15,33,42,75,9,4,1,10,33,37,0.333,0.341,0,0.333,0.467,0.359,brockjo01
MarShon Brooks,23,NJN,NBA,2011-12,56,47,1648,274,640,227,490,47,150,113,148,70,130,200,131,52,15,118,116,708,0.428,0.463,0.313,0.465,0.764,0.502,brookma01
Derrick Brown,24,CHA,NBA,2011-12,65,17,1443,212,409,206,385,6,24,94,141,95,141,236,67,48,12,55,96,524,0.518,0.535,0.25,0.526,0.667,0.556,brownde04
Kwame Brown,29,GSW,NBA,2011-12,9,3,187,21,40,21,40,0,0,15,34,16,41,57,4,8,0,14,21,57,0.525,0.525,,0.525,0.441,0.519,brownkw01
Shannon Brown,26,PHO,NBA,2011-12,59,19,1400,251,598,183,410,68,188,80,99,38,119,157,69,44,15,64,66,650,0.42,0.446,0.362,0.477,0.808,0.507,brownsh01
Kobe Bryant,33,LAL,NBA,2011-12,58,58,2232,574,1336,487,1049,87,287,381,451,66,247,313,264,69,18,204,105,1616,0.43,0.464,0.303,0.462,0.845,0.527,bryanko01
Chase Budinger,23,HOU,NBA,2011-12,58,9,1298,208,471,120,252,88,219,54,70,38,179,217,74,29,7,55,65,558,0.442,0.476,0.402,0.535,0.771,0.556,budinch01
Alec Burks,20,UTA,NBA,2011-12,59,0,939,153,357,138,312,15,45,104,143,57,75,132,55,27,5,51,84,425,0.429,0.442,0.333,0.45,0.727,0.506,burksal01
Caron Butler,31,LAC,NBA,2011-12,63,63,1871,287,705,195,448,92,257,87,107,44,186,230,78,52,9,77,123,753,0.407,0.435,0.358,0.472,0.813,0.501,butleca01
Jimmy Butler,22,CHI,NBA,2011-12,42,0,359,32,79,30,68,2,11,43,56,23,33,56,14,11,5,14,20,109,0.405,0.441,0.182,0.418,0.768,0.526,butleji01
Rasual Butler,32,TOR,NBA,2011-12,34,14,453,41,133,20,56,21,77,7,12,6,60,66,19,7,5,15,39,110,0.308,0.357,0.273,0.387,0.583,0.398,butlera01
Derrick Byars,27,SAS,NBA,2011-12,2,0,37,3,11,3,5,0,6,4,4,6,5,11,1,2,0,0,2,10,0.273,0.6,0,0.273,1,0.392,byarsde01
Andrew Bynum,24,LAL,NBA,2011-12,60,60,2112,444,796,443,791,1,5,234,338,192,517,709,85,27,116,152,104,1123,0.558,0.56,0.2,0.558,0.692,0.594,bynuman01
Will Bynum,29,DET,NBA,2011-12,36,0,514,74,194,67,165,7,29,49,64,10,46,56,66,23,3,54,61,204,0.381,0.406,0.241,0.399,0.766,0.459,bynumwi01
Jose Calderon,30,TOR,NBA,2011-12,53,53,1799,218,477,159,318,59,159,60,68,19,141,160,468,47,3,104,94,555,0.457,0.5,0.371,0.519,0.882,0.547,caldejo01
Marcus Camby,37,TOT,NBA,2011-12,59,53,1352,128,287,126,282,2,5,29,64,157,373,530,107,50,85,57,126,287,0.446,0.447,0.4,0.449,0.453,0.455,cambyma01
Brian Cardinal,34,DAL,NBA,2011-12,44,0,277,14,55,4,6,10,49,5,6,4,30,34,16,8,2,8,38,43,0.255,0.667,0.204,0.345,0.833,0.373,cardibr01
DeMarre Carroll,25,TOT,NBA,2011-12,24,9,348,43,105,36,86,7,19,14,16,28,25,53,18,12,1,11,37,107,0.41,0.419,0.368,0.443,0.875,0.478,carrode01
Matt Carroll,31,CHA,NBA,2011-12,53,2,596,52,157,44,114,8,43,30,38,8,50,58,38,16,7,24,52,142,0.331,0.386,0.186,0.357,0.789,0.409,carroma01
Anthony Carter,36,TOR,NBA,2011-12,24,0,209,17,53,12,36,5,17,8,10,5,28,33,34,8,4,17,20,47,0.321,0.333,0.294,0.368,0.8,0.409,cartean01
Vince Carter,35,DAL,NBA,2011-12,61,40,1542,223,542,149,337,74,205,95,115,32,173,205,139,56,25,84,134,615,0.411,0.442,0.361,0.48,0.826,0.519,cartevi01
Omri Casspi,23,CLE,NBA,2011-12,65,35,1341,166,412,113,244,53,168,74,108,63,165,228,66,37,21,64,115,459,0.403,0.463,0.315,0.467,0.685,0.499,casspom01
Mario Chalmers,25,MIA,NBA,2011-12,64,64,1825,223,498,122,238,101,260,80,101,16,155,171,222,97,11,142,166,627,0.448,0.513,0.388,0.549,0.792,0.578,chalmma01
Tyson Chandler,29,NYK,NBA,2011-12,62,62,2061,241,355,241,353,0,2,217,315,212,400,612,56,56,89,102,186,699,0.679,0.683,0,0.679,0.689,0.708,chandty01
Wilson Chandler,24,DEN,NBA,2011-12,8,6,215,31,79,28,67,3,12,10,12,6,35,41,17,6,6,18,18,75,0.392,0.418,0.25,0.411,0.833,0.445,chandwi01
Josh Childress,28,PHO,NBA,2011-12,34,0,491,48,99,44,75,4,24,0,2,31,64,95,34,14,6,9,38,100,0.485,0.587,0.167,0.505,0,0.501,childjo01
Earl Clark,24,ORL,NBA,2011-12,45,1,559,51,139,51,139,0,0,21,29,35,89,124,18,12,32,25,72,123,0.367,0.367,,0.367,0.724,0.405,clarkea01
Norris Cole,23,MIA,NBA,2011-12,65,2,1260,177,450,156,374,21,76,66,85,21,70,91,133,44,2,105,124,441,0.393,0.417,0.276,0.417,0.776,0.452,coleno01
Jason Collins,33,ATL,NBA,2011-12,30,10,308,16,40,16,40,0,0,7,15,12,36,48,10,4,3,10,34,39,0.4,0.4,,0.4,0.467,0.418,collija04
Darren Collison,24,IND,NBA,2011-12,60,56,1878,230,523,196,429,34,94,127,153,30,157,187,287,49,14,114,101,621,0.44,0.457,0.362,0.472,0.83,0.526,collida01
Nick Collison,31,OKC,NBA,2011-12,63,0,1307,120,201,120,200,0,1,44,62,119,155,274,82,33,28,61,153,284,0.597,0.6,0,0.597,0.71,0.622,collini01
Mike Conley,24,MEM,NBA,2011-12,62,61,2174,296,684,236,525,60,159,136,158,22,134,156,404,136,11,125,133,788,0.433,0.45,0.377,0.477,0.861,0.523,conlemi01
Brian Cook,31,TOT,NBA,2011-12,32,0,276,31,98,21,48,10,50,9,10,10,53,63,10,6,5,11,48,81,0.316,0.438,0.2,0.367,0.9,0.396,cookbr01
Daequan Cook,24,OKC,NBA,2011-12,57,22,989,109,296,30,68,79,228,14,22,12,110,122,15,22,11,16,69,311,0.368,0.441,0.346,0.502,0.636,0.509,cookda02
DeMarcus Cousins,21,SAC,NBA,2011-12,64,62,1950,448,999,446,985,2,14,262,373,265,438,703,102,93,75,170,257,1160,0.448,0.453,0.143,0.449,0.702,0.499,couside01
Jamal Crawford,31,POR,NBA,2011-12,60,6,1613,283,737,203,477,80,260,191,206,16,102,118,191,55,14,111,74,837,0.384,0.426,0.308,0.438,0.927,0.506,crawfja01
Jordan Crawford,23,WAS,NBA,2011-12,64,32,1753,349,872,270,599,79,273,161,203,44,124,168,190,59,5,141,111,938,0.4,0.451,0.289,0.446,0.793,0.488,crawfjo02
Dante Cunningham,24,MEM,NBA,2011-12,64,5,1124,144,279,144,277,0,2,45,69,91,155,246,37,42,34,29,98,333,0.516,0.52,0,0.516,0.652,0.538,cunnida01
Eddy Curry,29,MIA,NBA,2011-12,14,1,83,12,26,12,26,0,0,6,8,4,8,12,1,0,2,10,17,30,0.462,0.462,,0.462,0.75,0.508,curryed01
Stephen Curry,23,GSW,NBA,2011-12,26,23,732,145,296,90,175,55,121,38,47,15,73,88,138,39,8,65,62,383,0.49,0.514,0.455,0.583,0.809,0.605,curryst01
Samuel Dalembert,30,HOU,NBA,2011-12,65,45,1446,200,395,200,394,0,1,90,113,158,298,456,33,37,111,82,162,490,0.506,0.508,0,0.506,0.796,0.551,dalemsa01
Erick Dampier,36,ATL,NBA,2011-12,15,0,83,1,8,1,8,0,0,0,0,10,15,25,4,1,4,3,9,2,0.125,0.125,,0.125,,0.125,dampier01
Marquis Daniels,31,BOS,NBA,2011-12,38,0,484,52,143,52,133,0,10,17,23,16,50,66,47,21,9,28,36,121,0.364,0.391,0,0.364,0.739,0.395,daniema01
Baron Davis,32,NYK,NBA,2011-12,29,14,595,68,184,42,99,26,85,16,24,13,43,56,135,34,3,76,61,178,0.37,0.424,0.306,0.44,0.667,0.457,davisba01
Ed Davis,22,TOR,NBA,2011-12,66,9,1534,172,335,172,334,0,1,71,106,134,304,438,60,40,63,67,156,415,0.513,0.515,0,0.513,0.67,0.544,davised01
Glen Davis,26,ORL,NBA,2011-12,61,13,1427,225,534,223,520,2,14,114,167,107,224,331,47,43,19,75,106,566,0.421,0.429,0.143,0.423,0.683,0.466,davisgl01
Josh Davis,31,MEM,NBA,2011-12,15,0,130,10,27,6,14,4,13,4,8,16,11,27,6,7,1,3,19,28,0.37,0.429,0.308,0.444,0.5,0.459,davisjo02
Eric Dawson,27,SAS,NBA,2011-12,4,0,39,7,12,7,12,0,0,1,2,5,5,10,0,1,2,3,6,15,0.583,0.583,,0.583,0.5,0.582,dawsoer01
Austin Daye,23,DET,NBA,2011-12,41,4,603,73,227,60,165,13,62,35,43,14,77,91,33,22,21,40,62,194,0.322,0.364,0.21,0.35,0.814,0.394,dayeau01
Carlos Delfino,29,MIL,NBA,2011-12,54,53,1537,182,453,96,214,86,239,38,48,20,188,208,123,79,10,66,99,488,0.402,0.449,0.36,0.497,0.792,0.515,delfica01
Luol Deng,26,CHI,NBA,2011-12,54,54,2129,311,755,232,540,79,215,127,165,77,273,350,157,56,36,96,81,828,0.412,0.43,0.367,0.464,0.77,0.5,denglu01
Justin Dentmon,26,TOT,NBA,2011-12,6,0,91,10,28,8,14,2,14,4,6,0,8,8,10,2,0,7,10,26,0.357,0.571,0.143,0.393,0.667,0.424,dentmju01
DeMar DeRozan,22,TOR,NBA,2011-12,63,63,2206,381,903,357,811,24,92,268,331,40,171,211,128,48,17,123,162,1054,0.422,0.44,0.261,0.435,0.81,0.503,derozde01
Boris Diaw,29,TOT,NBA,2011-12,57,35,1424,156,351,125,252,31,99,22,35,70,210,280,205,34,25,112,125,365,0.444,0.496,0.313,0.489,0.629,0.498,diawbo01
Ike Diogu,28,SAS,NBA,2011-12,2,0,14,0,2,0,2,0,0,2,2,0,1,1,0,0,0,1,1,2,0,0,,0,1,0.347,dioguik01
DeSagana Diop,30,CHA,NBA,2011-12,27,9,325,15,42,15,42,0,0,1,6,33,52,85,23,6,13,19,36,31,0.357,0.357,,0.357,0.167,0.347,diopde01
Keyon Dooling,31,BOS,NBA,2011-12,46,2,662,66,163,39,82,27,81,23,31,3,36,39,51,13,2,34,57,182,0.405,0.476,0.333,0.488,0.742,0.515,doolike01
Toney Douglas,25,NYK,NBA,2011-12,38,9,656,94,290,67,173,27,117,22,26,16,56,72,77,29,1,56,55,237,0.324,0.387,0.231,0.371,0.846,0.393,douglto01
Goran Dragic,25,HOU,NBA,2011-12,66,28,1752,277,600,209,398,68,202,153,190,53,115,168,351,85,10,157,166,775,0.462,0.525,0.337,0.518,0.805,0.567,dragigo01
Jared Dudley,26,PHO,NBA,2011-12,65,60,2020,312,643,232,434,80,209,119,164,95,206,301,112,49,19,72,107,823,0.485,0.535,0.383,0.547,0.726,0.575,dudleja01
Chris Duhon,29,ORL,NBA,2011-12,63,9,1226,85,203,35,84,50,119,17,21,14,88,102,151,35,9,81,71,237,0.419,0.417,0.42,0.542,0.81,0.558,duhonch01
Tim Duncan,35,SAS,NBA,2011-12,58,58,1634,361,733,361,729,0,4,173,249,110,410,520,132,38,88,97,98,895,0.492,0.495,0,0.492,0.695,0.531,duncati01
Mike Dunleavy,31,MIL,NBA,2011-12,55,3,1445,239,504,156,296,83,208,116,143,29,175,204,117,28,8,58,87,677,0.474,0.527,0.399,0.557,0.811,0.597,dunlemi02
Kevin Durant,23,OKC,NBA,2011-12,66,66,2546,643,1297,510,953,133,344,431,501,40,487,527,231,88,77,248,133,1850,0.496,0.535,0.387,0.547,0.86,0.61,duranke01
Jerome Dyson,24,NOH,NBA,2011-12,9,1,180,19,48,18,40,1,8,28,36,2,17,19,18,11,2,20,19,67,0.396,0.45,0.125,0.406,0.778,0.525,dysonje01
Devin Ebanks,22,LAL,NBA,2011-12,24,12,396,37,89,37,80,0,9,23,35,26,28,54,12,11,6,18,26,97,0.416,0.463,0,0.416,0.657,0.465,ebankde01
Wayne Ellington,24,MIN,NBA,2011-12,51,4,973,122,302,87,194,35,108,32,40,14,85,99,33,26,10,26,56,311,0.404,0.448,0.324,0.462,0.8,0.487,ellinwa01
Monta Ellis,26,TOT,NBA,2011-12,58,58,2120,450,1040,388,839,62,201,219,275,20,180,200,346,85,18,177,136,1181,0.433,0.462,0.308,0.463,0.796,0.509,ellismo01
Francisco Elson,35,PHI,NBA,2011-12,5,0,16,1,3,1,3,0,0,0,0,0,1,1,1,1,1,1,0,2,0.333,0.333,,0.333,,0.333,elsonfr01
Andre Emmett,29,NJN,NBA,2011-12,6,0,45,4,7,4,6,0,1,5,8,2,4,6,1,2,1,2,2,13,0.571,0.667,0,0.571,0.625,0.618,emmetan01
Semih Erden,25,CLE,NBA,2011-12,28,9,333,39,74,39,74,0,0,21,41,20,52,72,9,10,5,16,60,99,0.527,0.527,,0.527,0.512,0.538,erdense01
Jeremy Evans,24,UTA,NBA,2011-12,29,0,217,27,42,27,41,0,1,8,16,19,31,50,13,6,24,5,23,62,0.643,0.659,0,0.643,0.5,0.632,evansje01
Maurice Evans,33,WAS,NBA,2011-12,24,0,343,45,112,28,67,17,45,10,13,8,16,24,9,14,0,10,36,117,0.402,0.418,0.378,0.478,0.769,0.497,evansma01
Reggie Evans,31,LAC,NBA,2011-12,56,0,771,34,72,34,72,0,0,36,71,100,171,271,17,31,6,44,118,104,0.472,0.472,,0.472,0.507,0.504,evansre01
Tyreke Evans,22,SAC,NBA,2011-12,63,61,2162,408,900,388,801,20,99,201,258,64,225,289,283,84,29,171,136,1037,0.453,0.484,0.202,0.464,0.779,0.512,evansty01
Christian Eyenga,22,TOT,NBA,2011-12,7,0,102,6,25,5,22,1,3,4,8,4,10,14,5,3,5,3,7,17,0.24,0.227,0.333,0.26,0.5,0.298,eyengch01
Kenneth Faried,22,DEN,NBA,2011-12,46,39,1037,181,309,181,309,0,0,109,164,142,210,352,36,34,47,54,116,471,0.586,0.586,,0.586,0.665,0.618,farieke01
Jordan Farmar,25,NJN,NBA,2011-12,39,5,831,147,315,92,190,55,125,57,63,7,54,61,129,24,2,68,49,406,0.467,0.484,0.44,0.554,0.905,0.592,farmajo01
Derrick Favors,20,UTA,NBA,2011-12,65,9,1376,222,445,222,445,0,0,126,194,158,267,425,43,38,65,103,145,570,0.499,0.499,,0.499,0.649,0.537,favorde01
Raymond Felton,27,POR,NBA,2011-12,60,56,1906,261,642,199,439,62,203,100,124,27,122,149,390,78,10,170,122,684,0.407,0.453,0.305,0.455,0.806,0.491,feltora01
Rudy Fernandez,26,DEN,NBA,2011-12,31,1,710,99,225,59,103,40,122,30,43,9,56,65,75,31,3,40,37,268,0.44,0.573,0.328,0.529,0.698,0.549,fernaru01
Kyrylo Fesenko,25,IND,NBA,2011-12,3,0,17,2,5,2,5,0,0,4,6,2,7,9,1,2,0,0,2,8,0.4,0.4,,0.4,0.667,0.524,fesenky01
Landry Fields,23,NYK,NBA,2011-12,66,62,1894,236,513,205,392,31,121,77,137,59,219,278,169,79,17,102,99,580,0.46,0.523,0.256,0.49,0.562,0.506,fieldla01
Derek Fisher,37,TOT,NBA,2011-12,63,43,1508,129,348,94,239,35,109,57,67,12,109,121,170,51,4,73,117,350,0.371,0.393,0.321,0.421,0.851,0.464,fishede01
Jonny Flynn,22,TOT,NBA,2011-12,29,1,416,46,131,36,97,10,34,29,39,8,31,39,96,6,2,36,23,131,0.351,0.371,0.294,0.389,0.744,0.442,flynnjo01
Jeff Foote,24,NOH,NBA,2011-12,4,0,39,2,6,2,6,0,0,0,0,1,5,6,0,0,1,2,5,4,0.333,0.333,,0.333,,0.333,footeje01
Gary Forbes,26,TOR,NBA,2011-12,48,2,713,112,271,83,188,29,83,66,91,27,75,102,54,24,4,54,56,319,0.413,0.441,0.349,0.467,0.725,0.513,forbega01
T.J. Ford,28,SAS,NBA,2011-12,14,0,191,19,43,17,35,2,8,11,14,3,15,18,45,9,2,23,23,51,0.442,0.486,0.25,0.465,0.786,0.519,fordtj01
Courtney Fortson,23,TOT,NBA,2011-12,10,0,95,11,32,8,19,3,13,10,15,6,9,15,10,3,0,10,5,35,0.344,0.421,0.231,0.391,0.667,0.453,fortsco01
Jeff Foster,35,IND,NBA,2011-12,11,0,141,9,18,8,17,1,1,6,9,18,24,42,4,8,1,7,26,25,0.5,0.471,1,0.528,0.667,0.569,fosteje01
Randy Foye,28,LAC,NBA,2011-12,65,48,1682,256,644,129,315,127,329,73,85,25,113,138,146,46,24,73,130,712,0.398,0.41,0.386,0.496,0.859,0.522,foyera01
Jimmer Fredette,22,SAC,NBA,2011-12,61,7,1135,172,446,94,230,78,216,40,48,17,56,73,108,30,3,67,73,462,0.386,0.409,0.361,0.473,0.833,0.495,fredeji01
Channing Frye,28,PHO,NBA,2011-12,64,59,1669,255,613,164,350,91,263,73,82,71,308,379,88,42,70,63,176,674,0.416,0.469,0.346,0.49,0.89,0.519,fryech01
Dan Gadzuric,33,NYK,NBA,2011-12,2,0,13,0,2,0,2,0,0,0,2,1,4,5,0,1,1,1,4,0,0,0,,0,0,0,gadzuda01
Sundiata Gaines,25,NJN,NBA,2011-12,57,12,793,102,271,74,189,28,82,59,96,27,81,108,126,55,2,52,58,291,0.376,0.392,0.341,0.428,0.615,0.465,gainesu01
Danilo Gallinari,23,DEN,NBA,2011-12,43,40,1351,193,466,133,283,60,183,182,209,28,174,202,116,42,23,68,86,628,0.414,0.47,0.328,0.479,0.871,0.563,gallida01
Francisco Garcia,30,SAC,NBA,2011-12,49,3,798,86,229,48,98,38,131,24,30,11,88,99,31,36,37,22,73,234,0.376,0.49,0.29,0.459,0.8,0.483,garcifr01
Kevin Garnett,35,BOS,NBA,2011-12,60,60,1864,391,777,388,768,3,9,162,189,66,428,494,175,56,61,107,141,947,0.503,0.505,0.333,0.505,0.857,0.55,garneke01
Marc Gasol,27,MEM,NBA,2011-12,65,65,2370,357,740,356,728,1,12,237,317,120,459,579,204,62,121,121,201,952,0.482,0.489,0.083,0.483,0.748,0.541,gasolma01
Pau Gasol,31,LAL,NBA,2011-12,65,65,2430,459,917,452,890,7,27,204,261,183,495,678,237,37,88,142,127,1129,0.501,0.508,0.259,0.504,0.782,0.547,gasolpa01
Rudy Gay,25,MEM,NBA,2011-12,65,65,2422,485,1067,431,894,54,173,208,263,130,287,417,147,95,55,161,138,1232,0.455,0.482,0.312,0.48,0.791,0.521,gayru01
Alonzo Gee,24,CLE,NBA,2011-12,63,31,1827,227,551,183,414,44,137,167,212,101,221,322,113,83,17,114,149,665,0.412,0.442,0.321,0.452,0.788,0.516,geeal01
Paul George,21,IND,NBA,2011-12,66,66,1958,281,639,191,405,90,234,146,182,56,314,370,158,108,38,117,191,798,0.44,0.472,0.385,0.51,0.802,0.555,georgpa01
Daniel Gibson,25,CLE,NBA,2011-12,35,7,916,87,248,32,109,55,139,34,43,11,90,101,76,26,16,45,69,263,0.351,0.294,0.396,0.462,0.791,0.493,gibsoda01
Taj Gibson,26,CHI,NBA,2011-12,63,0,1284,200,404,200,404,0,0,84,135,135,197,332,47,27,81,60,131,484,0.495,0.495,,0.495,0.622,0.522,gibsota01
Manu Ginobili,34,SAS,NBA,2011-12,34,7,792,150,285,98,159,52,126,88,101,18,98,116,151,24,12,64,56,440,0.526,0.616,0.413,0.618,0.871,0.668,ginobma01
Mickell Gladness,25,TOT,NBA,2011-12,26,7,252,25,59,25,59,0,0,6,12,14,44,58,5,4,20,7,32,56,0.424,0.424,,0.424,0.5,0.436,gladnmi01
Ryan Gomes,29,LAC,NBA,2011-12,32,2,425,31,95,27,66,4,29,8,11,14,47,61,12,16,0,15,34,74,0.326,0.409,0.138,0.347,0.727,0.371,gomesry01
Drew Gooden,30,MIL,NBA,2011-12,56,46,1469,287,657,271,602,16,55,176,208,130,233,363,144,46,34,109,112,766,0.437,0.45,0.291,0.449,0.846,0.512,goodedr01
Ben Gordon,28,DET,NBA,2011-12,52,21,1398,234,530,171,383,63,147,117,136,14,107,121,127,34,11,115,114,648,0.442,0.446,0.429,0.501,0.86,0.549,gordobe01
Eric Gordon,23,NOH,NBA,2011-12,9,9,310,63,140,53,100,10,40,49,65,2,23,25,31,13,4,24,20,185,0.45,0.53,0.25,0.486,0.754,0.549,gordoer01
Marcin Gortat,27,PHO,NBA,2011-12,66,66,2114,427,769,427,767,0,2,163,251,185,474,659,59,48,99,90,142,1017,0.555,0.557,0,0.555,0.649,0.578,gortama01
Andrew Goudelock,23,LAL,NBA,2011-12,40,0,419,68,174,40,99,28,75,11,12,5,26,31,20,4,0,21,32,175,0.391,0.404,0.373,0.471,0.917,0.488,goudean01
Danny Granger,28,IND,NBA,2011-12,62,62,2062,391,941,268,618,123,323,254,291,79,228,307,109,62,40,110,144,1159,0.416,0.434,0.381,0.481,0.873,0.542,grangda01
Aaron Gray,27,TOR,NBA,2011-12,49,40,813,83,161,83,161,0,0,25,47,83,198,281,27,22,17,51,127,191,0.516,0.516,,0.516,0.532,0.526,grayaa01
Danny Green,24,SAS,NBA,2011-12,66,38,1522,211,477,109,243,102,234,79,100,54,174,228,86,58,46,67,107,603,0.442,0.449,0.436,0.549,0.79,0.579,greenda02
Gerald Green,26,NJN,NBA,2011-12,31,2,781,154,320,111,210,43,110,49,65,15,93,108,34,28,17,55,80,400,0.481,0.529,0.391,0.548,0.754,0.574,greenge01
Willie Green,30,ATL,NBA,2011-12,53,2,922,153,325,103,212,50,113,48,56,15,65,80,40,23,6,33,74,404,0.471,0.486,0.442,0.548,0.857,0.578,greenwi01
Donte Greene,23,SAC,NBA,2011-12,53,7,777,108,266,83,161,25,105,44,55,19,114,133,34,18,29,32,67,285,0.406,0.516,0.238,0.453,0.8,0.491,greendo01
Blake Griffin,22,LAC,NBA,2011-12,66,66,2392,561,1022,559,1006,2,16,244,468,218,499,717,210,54,48,150,216,1368,0.549,0.556,0.125,0.55,0.521,0.557,griffbl01
Hamed Haddadi,26,MEM,NBA,2011-12,35,0,206,26,48,26,47,0,1,18,26,28,43,71,8,1,26,21,43,70,0.542,0.553,0,0.542,0.692,0.589,haddaha01
Jordan Hamilton,21,DEN,NBA,2011-12,26,2,258,48,111,31,64,17,47,2,5,11,51,62,20,4,3,16,15,115,0.432,0.484,0.362,0.509,0.4,0.508,hamiljo02
Richard Hamilton,33,CHI,NBA,2011-12,28,28,697,140,310,123,264,17,46,29,37,20,46,66,84,12,1,49,56,326,0.452,0.466,0.37,0.479,0.784,0.5,hamilri01
Tyler Hansbrough,26,IND,NBA,2011-12,66,0,1442,194,479,194,478,0,1,226,278,113,177,290,30,54,9,65,159,614,0.405,0.406,0,0.405,0.813,0.511,hansbty01
Luke Harangody,24,CLE,NBA,2011-12,21,1,231,23,65,18,44,5,21,9,12,20,33,53,6,6,3,4,17,60,0.354,0.409,0.238,0.392,0.75,0.427,haranlu01
James Harden,22,OKC,NBA,2011-12,62,2,1946,309,629,195,337,114,292,312,369,30,222,252,229,62,15,137,150,1044,0.491,0.579,0.39,0.582,0.846,0.66,hardeja01
Justin Harper,22,ORL,NBA,2011-12,14,0,84,9,31,7,18,2,13,0,1,3,9,12,2,2,3,6,5,20,0.29,0.389,0.154,0.323,0,0.318,harpeju01
Josh Harrellson,22,NYK,NBA,2011-12,37,4,540,63,149,43,90,20,59,16,26,47,97,144,11,23,20,20,48,162,0.423,0.478,0.339,0.49,0.615,0.505,harrejo01
Al Harrington,31,DEN,NBA,2011-12,64,1,1761,345,773,244,470,101,303,119,176,72,318,390,88,58,12,112,181,910,0.446,0.519,0.333,0.512,0.676,0.535,harrial01
Devin Harris,28,UTA,NBA,2011-12,63,63,1741,241,542,164,329,77,213,156,209,12,100,112,316,64,13,122,136,715,0.445,0.498,0.362,0.516,0.746,0.564,harride01
Manny Harris,22,CLE,NBA,2011-12,26,5,456,60,150,48,114,12,36,41,59,11,59,70,31,13,6,27,28,173,0.4,0.421,0.333,0.44,0.695,0.492,harrima01
Terrel Harris,24,MIA,NBA,2011-12,22,1,318,29,83,21,44,8,39,14,21,18,33,51,26,9,2,25,34,80,0.349,0.477,0.205,0.398,0.667,0.434,harrite01
Tobias Harris,19,MIL,NBA,2011-12,42,9,479,79,169,73,146,6,23,44,54,30,71,101,22,13,7,31,45,208,0.467,0.5,0.261,0.485,0.815,0.54,harrito02
Udonis Haslem,31,MIA,NBA,2011-12,64,10,1589,151,357,151,357,0,0,83,102,117,353,470,42,35,24,60,142,385,0.423,0.423,,0.423,0.814,0.479,hasleud01
Spencer Hawes,23,PHI,NBA,2011-12,37,29,920,156,319,153,307,3,12,40,55,78,192,270,98,16,48,55,100,355,0.489,0.498,0.25,0.494,0.727,0.517,hawessp01
Chuck Hayes,28,SAC,NBA,2011-12,54,9,1039,73,170,73,168,0,2,26,39,72,162,234,77,36,17,50,111,172,0.429,0.435,0,0.429,0.667,0.459,hayesch01
Gordon Hayward,21,UTA,NBA,2011-12,66,58,2015,267,586,212,427,55,159,193,232,59,171,230,207,53,41,109,106,782,0.456,0.496,0.346,0.503,0.832,0.568,haywago01
Lazar Hayward,25,OKC,NBA,2011-12,26,0,141,13,38,9,24,4,14,7,12,2,14,16,4,3,1,9,18,37,0.342,0.375,0.286,0.395,0.583,0.427,haywala01
Brendan Haywood,32,DAL,NBA,2011-12,54,54,1146,118,228,118,228,0,0,45,96,139,185,324,19,24,54,46,121,281,0.518,0.518,,0.518,0.469,0.52,haywobr01
Gerald Henderson,24,CHA,NBA,2011-12,55,55,1831,332,723,321,676,11,47,155,204,64,161,225,126,49,20,100,128,830,0.459,0.475,0.234,0.467,0.76,0.511,hendege02
Xavier Henry,20,NOH,NBA,2011-12,45,0,759,90,228,83,211,7,17,52,85,24,82,106,35,26,8,35,59,239,0.395,0.393,0.412,0.41,0.612,0.45,henryxa01
Roy Hibbert,25,IND,NBA,2011-12,65,65,1937,332,668,332,667,0,1,170,239,213,359,572,108,32,128,128,195,834,0.497,0.498,0,0.497,0.711,0.539,hibbero01
J.J. Hickson,23,TOT,NBA,2011-12,54,19,1244,183,392,183,390,0,2,86,134,133,202,335,45,30,35,70,85,452,0.467,0.469,0,0.467,0.642,0.501,hicksjj01
Cory Higgins,22,CHA,NBA,2011-12,38,0,423,52,160,48,140,4,20,42,60,7,28,35,36,5,6,39,40,150,0.325,0.343,0.2,0.338,0.7,0.402,higgico01
Nene Hilario,29,TOT,NBA,2011-12,39,33,1110,211,393,211,389,0,4,113,168,63,228,291,80,42,38,96,95,535,0.537,0.542,0,0.537,0.673,0.573,hilarne01
George Hill,25,IND,NBA,2011-12,50,9,1274,168,380,114,233,54,147,91,117,31,120,151,145,42,17,52,98,481,0.442,0.489,0.367,0.513,0.778,0.557,hillge01
Grant Hill,39,PHO,NBA,2011-12,49,46,1378,201,451,187,398,14,53,83,109,29,142,171,107,41,29,65,88,499,0.446,0.47,0.264,0.461,0.761,0.5,hillgr01
Jordan Hill,24,TOT,NBA,2011-12,39,8,551,82,165,82,162,0,3,30,47,61,125,186,16,14,27,31,71,194,0.497,0.506,0,0.497,0.638,0.522,hilljo01
Kirk Hinrich,31,ATL,NBA,2011-12,48,31,1237,122,295,75,159,47,136,25,32,11,90,101,132,38,11,58,100,316,0.414,0.472,0.346,0.493,0.781,0.511,hinriki01
Darington Hobson,24,MIL,NBA,2011-12,5,0,39,2,13,2,7,0,6,0,0,0,3,3,6,0,0,2,1,4,0.154,0.286,0,0.154,,0.154,hobsoda01
Jrue Holiday,21,PHI,NBA,2011-12,65,65,2196,360,834,295,663,65,171,94,120,57,155,212,290,103,18,135,137,879,0.432,0.445,0.38,0.471,0.783,0.496,holidjr01
Ryan Hollins,27,TOT,NBA,2011-12,39,8,522,46,84,46,84,0,0,39,75,34,48,82,9,5,17,35,78,131,0.548,0.548,,0.548,0.52,0.56,holliry01
Tyler Honeycutt,21,SAC,NBA,2011-12,15,0,88,8,24,7,21,1,3,3,5,3,11,14,7,4,3,2,3,20,0.333,0.333,0.333,0.354,0.6,0.382,honeyty01
Al Horford,25,ATL,NBA,2011-12,11,11,348,57,103,57,102,0,1,22,30,26,51,77,24,10,14,16,21,136,0.553,0.559,0,0.553,0.733,0.585,horfoal01
Dennis Horner,23,NJN,NBA,2011-12,8,0,22,1,4,1,3,0,1,3,4,2,3,5,0,0,0,1,1,5,0.25,0.333,0,0.25,0.75,0.434,hornede01
Dwight Howard,26,ORL,NBA,2011-12,54,54,2070,416,726,416,719,0,7,281,572,200,585,785,104,81,116,175,159,1113,0.573,0.579,0,0.573,0.491,0.569,howardw01
Josh Howard,31,UTA,NBA,2011-12,43,18,991,144,361,135,324,9,37,75,97,39,119,158,50,32,10,53,91,372,0.399,0.417,0.243,0.411,0.773,0.461,howarjo01
Juwan Howard,38,MIA,NBA,2011-12,28,0,190,17,55,17,55,0,0,8,10,18,29,47,10,4,1,20,18,42,0.309,0.309,,0.309,0.8,0.354,howarju01
Lester Hudson,27,TOT,NBA,2011-12,16,0,334,62,162,46,98,16,64,34,41,7,39,46,36,14,3,32,26,174,0.383,0.469,0.25,0.432,0.829,0.483,hudsole01
Larry Hughes,33,ORL,NBA,2011-12,9,0,114,5,22,4,15,1,7,1,2,1,4,5,7,2,0,12,10,12,0.227,0.267,0.143,0.25,0.5,0.262,hughela01
Kris Humphries,26,NJN,NBA,2011-12,62,62,2162,323,671,323,671,0,0,209,278,233,448,681,90,50,74,119,173,855,0.481,0.481,,0.481,0.752,0.539,humphkr01
Serge Ibaka,22,OKC,NBA,2011-12,66,66,1792,262,490,261,487,1,3,78,118,193,305,498,28,33,241,79,179,603,0.535,0.536,0.333,0.536,0.661,0.556,ibakase01
Andre Iguodala,28,PHI,NBA,2011-12,62,62,2209,287,632,211,439,76,193,121,196,56,325,381,339,107,30,115,92,771,0.454,0.481,0.394,0.514,0.617,0.537,iguodan01
Ersan Ilyasova,24,MIL,NBA,2011-12,60,41,1655,294,597,243,485,51,112,143,183,196,333,529,71,42,44,76,133,782,0.492,0.501,0.455,0.535,0.781,0.577,ilyaser01
Kyrie Irving,19,CLE,NBA,2011-12,51,51,1558,350,747,277,564,73,183,171,196,44,147,191,275,54,20,160,110,944,0.469,0.491,0.399,0.517,0.872,0.566,irvinky01
Royal Ivey,30,OKC,NBA,2011-12,34,0,354,26,73,8,20,18,53,1,8,1,23,24,10,14,0,9,36,71,0.356,0.4,0.34,0.479,0.125,0.464,iveyro01
Jarrett Jack,28,NOH,NBA,2011-12,45,39,1530,266,583,227,471,39,112,129,148,23,153,176,285,31,9,106,93,700,0.456,0.482,0.348,0.49,0.872,0.54,jackja01
Reggie Jackson,21,OKC,NBA,2011-12,45,0,501,51,159,38,97,13,62,25,29,14,39,53,71,25,1,36,31,140,0.321,0.392,0.21,0.362,0.862,0.408,jacksre01
Stephen Jackson,33,TOT,NBA,2011-12,47,14,1212,159,425,110,255,49,170,94,114,22,141,163,118,54,13,103,99,461,0.374,0.431,0.288,0.432,0.825,0.485,jacksst02
Damion James,24,NJN,NBA,2011-12,7,7,170,13,35,13,34,0,1,8,12,7,26,33,3,7,7,12,17,34,0.371,0.382,0,0.371,0.667,0.422,jamesda01
LeBron James,27,MIA,NBA,2011-12,62,62,2326,621,1169,567,1020,54,149,387,502,94,398,492,387,115,50,213,96,1683,0.531,0.556,0.362,0.554,0.771,0.605,jamesle01
Mike James,36,CHI,NBA,2011-12,11,0,120,20,49,14,39,6,10,7,8,2,8,10,29,4,2,14,20,53,0.408,0.359,0.6,0.469,0.875,0.505,jamesmi01
Antawn Jamison,35,CLE,NBA,2011-12,65,65,2151,421,1044,330,777,91,267,185,271,123,285,408,131,51,43,90,164,1118,0.403,0.425,0.341,0.447,0.683,0.481,jamisan01
Al Jefferson,27,UTA,NBA,2011-12,61,61,2075,516,1048,515,1044,1,4,137,177,133,452,585,134,47,101,62,155,1170,0.492,0.493,0.25,0.493,0.774,0.52,jeffeal01
Richard Jefferson,31,TOT,NBA,2011-12,63,44,1748,203,488,90,219,113,269,59,85,26,193,219,88,37,19,50,121,578,0.416,0.411,0.42,0.532,0.694,0.55,jefferi01
Jared Jeffries,30,NYK,NBA,2011-12,39,4,729,59,144,56,128,3,16,49,72,69,83,152,26,29,25,29,89,170,0.41,0.438,0.188,0.42,0.681,0.484,jeffrja01
Charles Jenkins,22,GSW,NBA,2011-12,51,28,893,130,291,127,271,3,20,34,39,8,60,68,170,33,6,60,85,297,0.447,0.469,0.15,0.452,0.872,0.482,jenkich01
Brandon Jennings,22,MIL,NBA,2011-12,66,66,2331,469,1121,340,733,129,388,193,239,49,177,226,365,104,22,146,114,1260,0.418,0.464,0.332,0.476,0.808,0.514,jennibr01
Jonas Jerebko,24,DET,NBA,2011-12,64,13,1468,212,453,180,347,32,106,100,124,96,212,308,43,41,21,66,162,556,0.468,0.519,0.302,0.503,0.806,0.548,jerebjo01
Yi Jianlian,24,DAL,NBA,2011-12,30,0,203,31,82,28,72,3,10,14,21,12,37,49,5,7,8,14,23,79,0.378,0.389,0.3,0.396,0.667,0.433,jianlyi01
Amir Johnson,24,TOR,NBA,2011-12,64,43,1553,196,340,194,335,2,5,58,84,149,259,408,79,33,69,94,209,452,0.576,0.579,0.4,0.579,0.69,0.6,johnsam01
Armon Johnson,22,TOT,NBA,2011-12,9,0,124,20,43,19,40,1,3,6,6,1,12,13,11,5,0,6,9,47,0.465,0.475,0.333,0.477,1,0.515,johnsar02
Carldell Johnson,29,NOH,NBA,2011-12,15,0,119,11,35,7,20,4,15,1,3,1,8,9,22,8,0,7,11,27,0.314,0.35,0.267,0.371,0.333,0.372,johnsca01
Chris Johnson,26,TOT,NBA,2011-12,27,0,175,20,41,20,41,0,0,15,19,15,25,40,2,6,9,15,33,55,0.488,0.488,,0.488,0.789,0.557,johnsch03
Ivan Johnson,27,ATL,NBA,2011-12,56,0,934,141,275,139,269,2,6,72,100,65,161,226,32,43,18,69,116,356,0.513,0.517,0.333,0.516,0.72,0.558,johnsiv01
JaJuan Johnson,22,BOS,NBA,2011-12,36,0,298,54,121,54,121,0,0,6,9,20,38,58,6,5,14,14,25,114,0.446,0.446,,0.446,0.667,0.456,johnsja02
James Johnson,24,TOR,NBA,2011-12,62,40,1561,233,518,214,458,19,60,81,115,74,218,292,122,71,84,101,177,566,0.45,0.467,0.317,0.468,0.704,0.498,johnsja01
Joe Johnson,30,ATL,NBA,2011-12,60,60,2127,423,931,298,609,125,322,158,186,53,168,221,232,48,13,116,75,1129,0.454,0.489,0.388,0.521,0.849,0.557,johnsjo02
Trey Johnson,27,NOH,NBA,2011-12,11,0,61,8,14,8,14,0,0,5,5,3,9,12,4,1,0,5,10,21,0.571,0.571,,0.571,1,0.648,johnstr01
Wesley Johnson,24,MIN,NBA,2011-12,65,64,1469,158,397,105,228,53,169,24,34,24,153,177,59,35,48,60,115,393,0.398,0.461,0.314,0.465,0.706,0.477,johnswe01
Dahntay Jones,31,IND,NBA,2011-12,65,3,1052,115,281,82,204,33,77,83,99,23,94,117,63,23,11,46,119,346,0.409,0.402,0.429,0.468,0.838,0.533,jonesda02
Dominique Jones,23,DAL,NBA,2011-12,33,1,268,29,73,28,65,1,8,29,37,9,35,44,42,10,5,28,28,88,0.397,0.431,0.125,0.404,0.784,0.493,jonesdo02
James Jones,31,MIA,NBA,2011-12,51,10,666,57,150,11,36,46,114,25,30,6,43,49,19,17,9,10,45,185,0.38,0.306,0.404,0.533,0.833,0.567,jonesja02
Solomon Jones,27,TOT,NBA,2011-12,21,1,292,24,61,24,61,0,0,19,23,32,26,58,9,9,11,18,43,67,0.393,0.393,,0.393,0.826,0.471,jonesso01
DeAndre Jordan,23,LAC,NBA,2011-12,66,66,1798,206,326,206,325,0,1,74,141,202,344,546,17,30,134,74,189,486,0.632,0.634,0,0.632,0.525,0.626,jordade01
Jerome Jordan,25,NYK,NBA,2011-12,21,0,108,17,33,17,33,0,0,8,10,14,13,27,4,1,6,2,15,42,0.515,0.515,,0.515,0.8,0.561,jordaje01
Cory Joseph,20,SAS,NBA,2011-12,29,1,266,22,70,19,55,3,15,11,17,5,20,25,34,7,3,12,16,58,0.314,0.345,0.2,0.336,0.647,0.374,josepco01
Chris Kaman,29,NOH,NBA,2011-12,47,33,1372,266,597,266,597,0,0,84,107,89,275,364,101,25,77,129,106,616,0.446,0.446,,0.446,0.785,0.478,kamanch01
Enes Kanter,19,UTA,NBA,2011-12,66,0,874,117,236,117,235,0,1,70,105,107,171,278,8,18,23,54,87,304,0.496,0.498,0,0.496,0.667,0.539,kanteen01
Jason Kapono,30,LAL,NBA,2011-12,27,0,269,21,55,13,28,8,27,4,4,2,12,14,11,3,0,6,21,54,0.382,0.464,0.296,0.455,1,0.476,kaponja01
D.J. Kennedy,22,CLE,NBA,2011-12,2,0,59,5,12,3,8,2,4,0,2,1,6,7,3,2,0,3,7,12,0.417,0.375,0.5,0.5,0,0.466,kennedj01
Jason Kidd,38,DAL,NBA,2011-12,48,48,1379,99,273,20,50,79,223,22,28,15,183,198,264,82,10,91,83,299,0.363,0.4,0.354,0.507,0.786,0.524,kiddja01
Linas Kleiza,27,TOR,NBA,2011-12,49,3,1057,165,410,103,231,62,179,81,100,42,157,199,46,23,4,64,119,473,0.402,0.446,0.346,0.478,0.81,0.521,kleizli01
Brandon Knight,20,DET,NBA,2011-12,66,60,2129,319,769,214,493,105,276,104,137,33,178,211,251,49,10,171,154,847,0.415,0.434,0.38,0.483,0.759,0.511,knighbr03
Kyle Korver,30,CHI,NBA,2011-12,65,7,1469,178,412,60,141,118,271,55,66,26,133,159,112,36,15,53,110,529,0.432,0.426,0.435,0.575,0.833,0.6,korveky01
Kosta Koufos,22,DEN,NBA,2011-12,48,24,792,115,192,115,192,0,0,33,55,95,163,258,15,24,41,33,96,263,0.599,0.599,,0.599,0.6,0.608,koufoko01
Carl Landry,28,NOH,NBA,2011-12,41,8,999,182,362,182,359,0,3,147,184,78,136,214,38,13,12,64,89,511,0.503,0.507,0,0.503,0.799,0.577,landrca01
Ty Lawson,24,DEN,NBA,2011-12,61,61,2124,374,767,301,567,73,200,178,216,54,173,227,401,82,6,149,94,999,0.488,0.531,0.365,0.535,0.824,0.579,lawsoty01
Courtney Lee,26,HOU,NBA,2011-12,58,26,1757,251,580,164,363,87,217,71,86,26,133,159,88,68,22,64,106,660,0.433,0.452,0.401,0.508,0.826,0.534,leeco01
David Lee,28,GSW,NBA,2011-12,57,57,2121,464,922,464,917,0,5,219,280,171,374,545,162,54,22,149,179,1147,0.503,0.506,0,0.503,0.782,0.549,leeda02
Malcolm Lee,21,MIN,NBA,2011-12,19,0,243,23,59,21,49,2,10,14,17,9,17,26,31,8,4,17,22,62,0.39,0.429,0.2,0.407,0.824,0.466,leema01
Kawhi Leonard,20,SAS,NBA,2011-12,64,39,1534,199,404,158,295,41,109,68,88,104,223,327,70,85,24,44,88,507,0.493,0.536,0.376,0.543,0.773,0.573,leonaka01
Travis Leslie,21,LAC,NBA,2011-12,10,0,45,5,14,5,14,0,0,4,9,6,3,9,5,2,2,2,4,14,0.357,0.357,,0.357,0.444,0.39,leslitr01
Jon Leuer,22,MIL,NBA,2011-12,46,12,555,97,191,94,182,3,9,21,28,45,75,120,25,14,17,18,67,218,0.508,0.516,0.333,0.516,0.75,0.536,leuerjo01
Rashard Lewis,32,WAS,NBA,2011-12,28,15,729,85,221,69,154,16,67,31,37,34,75,109,27,23,10,32,49,217,0.385,0.448,0.239,0.421,0.838,0.457,lewisra02
DeAndre Liggins,23,ORL,NBA,2011-12,17,0,115,12,25,12,21,0,4,9,19,6,9,15,5,6,0,10,6,33,0.48,0.571,0,0.48,0.474,0.495,liggide01
Jeremy Lin,23,NYK,NBA,2011-12,35,25,940,171,383,147,308,24,75,146,183,18,89,107,216,55,9,126,78,512,0.446,0.477,0.32,0.478,0.798,0.552,linje01
Shaun Livingston,26,MIL,NBA,2011-12,58,27,1092,127,271,125,268,2,3,62,79,39,84,123,122,27,20,66,79,318,0.469,0.466,0.667,0.472,0.785,0.52,livinsh01
Brook Lopez,23,NJN,NBA,2011-12,5,5,136,38,77,38,77,0,0,20,32,8,10,18,6,1,4,6,8,96,0.494,0.494,,0.494,0.625,0.527,lopezbr01
Robin Lopez,23,PHO,NBA,2011-12,64,0,895,124,269,124,269,0,0,100,140,90,119,209,20,18,60,43,128,348,0.461,0.461,,0.461,0.714,0.526,lopezro01
Kevin Love,23,MIN,NBA,2011-12,55,55,2145,474,1059,369,777,105,282,379,460,226,508,734,111,47,28,128,152,1432,0.448,0.475,0.372,0.497,0.824,0.568,loveke01
Kyle Lowry,25,HOU,NBA,2011-12,47,38,1510,210,513,131,302,79,211,171,198,37,176,213,310,73,14,130,133,670,0.409,0.434,0.374,0.486,0.864,0.558,lowryky01
John Lucas III,29,CHI,NBA,2011-12,49,2,726,143,358,88,218,55,140,28,32,22,54,76,108,19,1,42,42,369,0.399,0.404,0.393,0.476,0.875,0.496,lucasjo02
Shelvin Mack,21,WAS,NBA,2011-12,64,0,779,88,220,76,178,12,42,42,59,12,80,92,131,28,2,48,50,230,0.4,0.427,0.286,0.427,0.712,0.468,macksh01
Vernon Macklin,25,DET,NBA,2011-12,23,0,135,19,35,19,35,0,0,8,14,14,20,34,5,4,4,3,9,46,0.543,0.543,,0.543,0.571,0.559,macklve01
Corey Maggette,32,CHA,NBA,2011-12,32,28,881,139,373,115,307,24,66,178,208,21,104,125,39,23,1,59,83,480,0.373,0.375,0.364,0.405,0.856,0.517,maggeco01
Jamaal Magloire,33,TOR,NBA,2011-12,34,1,374,17,45,17,45,0,0,7,27,25,88,113,6,4,10,22,66,41,0.378,0.378,,0.378,0.259,0.36,magloja01
Ian Mahinmi,25,DAL,NBA,2011-12,61,12,1139,130,238,130,237,0,1,94,147,108,181,289,12,38,31,50,176,354,0.546,0.549,0,0.546,0.639,0.585,mahinia01
Shawn Marion,33,DAL,NBA,2011-12,63,63,1919,288,646,268,578,20,68,74,93,145,320,465,132,67,36,98,87,670,0.446,0.464,0.294,0.461,0.796,0.488,mariosh01
Cartier Martin,27,WAS,NBA,2011-12,17,2,391,59,134,30,59,29,75,11,19,12,46,58,10,11,2,13,35,158,0.44,0.508,0.387,0.549,0.579,0.555,martica01
Kenyon Martin,34,LAC,NBA,2011-12,42,0,940,97,220,94,207,3,13,20,54,49,132,181,18,44,43,32,103,217,0.441,0.454,0.231,0.448,0.37,0.445,martike01
Kevin Martin,28,HOU,NBA,2011-12,40,40,1264,222,537,144,312,78,225,160,179,13,93,106,110,28,3,70,70,682,0.413,0.462,0.347,0.486,0.894,0.554,martike02
Roger Mason,31,WAS,NBA,2011-12,52,0,697,103,258,44,104,59,154,21,27,7,62,69,47,13,5,32,33,286,0.399,0.423,0.383,0.514,0.778,0.53,masonro01
Wesley Matthews,25,POR,NBA,2011-12,66,53,2228,314,763,185,426,129,337,147,171,56,168,224,113,96,15,73,148,904,0.412,0.434,0.383,0.496,0.86,0.539,matthwe02
Jason Maxiell,28,DET,NBA,2011-12,65,42,1466,183,383,183,381,0,2,58,106,126,207,333,41,32,50,71,151,424,0.478,0.48,0,0.478,0.547,0.493,maxieja01
Eric Maynor,24,OKC,NBA,2011-12,9,0,137,14,39,8,22,6,17,4,4,3,10,13,22,5,0,11,13,38,0.359,0.364,0.353,0.436,1,0.466,maynoer01
O.J. Mayo,24,MEM,NBA,2011-12,66,0,1771,300,736,200,461,100,275,133,172,30,180,210,169,71,23,124,137,833,0.408,0.434,0.364,0.476,0.773,0.513,mayooj01
Luc Mbah a Moute,25,MIL,NBA,2011-12,43,22,1009,133,261,132,257,1,4,66,103,77,150,227,29,40,22,39,93,333,0.51,0.514,0.25,0.511,0.641,0.544,mbahalu01
JaVale McGee,24,TOT,NBA,2011-12,61,45,1535,307,552,307,552,0,0,77,167,163,314,477,31,35,132,87,166,691,0.556,0.556,,0.556,0.461,0.552,mcgeeja01
Tracy McGrady,32,ATL,NBA,2011-12,52,0,837,101,231,86,198,15,33,56,83,23,131,154,110,16,15,53,35,273,0.437,0.434,0.455,0.47,0.675,0.51,mcgratr01
Dominic McGuire,26,GSW,NBA,2011-12,64,6,1127,94,210,94,206,0,4,39,53,73,173,246,110,44,36,56,104,227,0.448,0.456,0,0.448,0.736,0.486,mcguido01
Josh McRoberts,24,LAL,NBA,2011-12,50,6,718,56,118,53,111,3,7,23,36,61,110,171,51,15,18,31,74,138,0.475,0.477,0.429,0.487,0.639,0.516,mcrobjo01
Jodie Meeks,24,PHI,NBA,2011-12,66,50,1644,191,467,94,201,97,266,77,85,17,144,161,54,40,3,29,82,556,0.409,0.468,0.365,0.513,0.906,0.551,meeksjo01
C.J. Miles,24,UTA,NBA,2011-12,56,14,1145,177,465,131,315,46,150,108,136,27,89,116,69,46,18,53,122,508,0.381,0.416,0.307,0.43,0.794,0.484,milescj01
Darko Milicic,26,MIN,NBA,2011-12,29,23,472,59,130,59,130,0,0,16,37,35,62,97,17,9,25,32,59,134,0.454,0.454,,0.454,0.432,0.458,milicda01
Andre Miller,35,DEN,NBA,2011-12,66,7,1809,242,552,224,469,18,83,137,169,53,168,221,441,63,9,177,133,639,0.438,0.478,0.217,0.455,0.811,0.51,millean02
Brad Miller,35,MIN,NBA,2011-12,15,1,146,9,27,2,12,7,15,10,12,4,15,19,24,4,2,12,10,35,0.333,0.167,0.467,0.463,0.833,0.542,millebr01
Mike Miller,31,MIA,NBA,2011-12,39,2,752,91,209,38,92,53,117,2,5,22,106,128,42,14,6,30,58,237,0.435,0.413,0.453,0.562,0.4,0.561,millemi01
Patty Mills,23,SAS,NBA,2011-12,16,3,261,63,130,39,74,24,56,15,15,4,24,28,39,10,1,26,14,165,0.485,0.527,0.429,0.577,1,0.604,millspa02
Paul Millsap,26,UTA,NBA,2011-12,64,62,2100,426,861,419,830,7,31,202,255,180,383,563,150,118,52,112,222,1061,0.495,0.505,0.226,0.499,0.792,0.545,millspa01
Nazr Mohammed,34,OKC,NBA,2011-12,63,1,692,79,169,79,168,0,1,13,23,59,111,170,14,20,37,26,101,171,0.467,0.47,0,0.467,0.565,0.477,mohamna01
Greg Monroe,21,DET,NBA,2011-12,66,66,2082,407,781,407,780,0,1,201,272,239,398,637,152,83,46,161,180,1015,0.521,0.522,0,0.521,0.739,0.563,monrogr01
Jamario Moon,31,CHA,NBA,2011-12,8,0,123,7,24,5,14,2,10,2,2,2,20,22,5,1,5,8,5,18,0.292,0.357,0.2,0.333,1,0.362,moonja01
E'Twaun Moore,22,BOS,NBA,2011-12,38,0,331,43,113,26,68,17,45,7,7,4,29,33,34,11,3,21,33,110,0.381,0.382,0.378,0.456,1,0.474,mooreet01
Mikki Moore,36,GSW,NBA,2011-12,7,0,118,9,20,9,20,0,0,6,7,7,15,22,5,3,3,7,24,24,0.45,0.45,,0.45,0.857,0.52,mooremi01
Darius Morris,21,LAL,NBA,2011-12,19,0,169,18,42,14,33,4,9,6,9,2,14,16,21,2,0,19,16,46,0.429,0.424,0.444,0.476,0.667,0.5,morrida01
Marcus Morris,22,HOU,NBA,2011-12,17,0,126,16,54,14,37,2,17,6,8,5,11,16,3,2,2,4,12,40,0.296,0.378,0.118,0.315,0.75,0.348,morrima03
Markieff Morris,22,PHO,NBA,2011-12,63,7,1227,174,436,131,312,43,124,76,106,69,210,279,65,41,42,70,179,467,0.399,0.42,0.347,0.448,0.717,0.484,morrima02
Anthony Morrow,26,NJN,NBA,2011-12,62,18,1636,272,658,166,372,106,286,97,104,31,96,127,61,46,9,70,86,747,0.413,0.446,0.371,0.494,0.933,0.531,morroan01
Timofey Mozgov,25,DEN,NBA,2011-12,44,35,687,100,190,100,190,0,0,39,57,53,126,179,22,15,42,53,86,239,0.526,0.526,,0.526,0.684,0.556,mozgoti01
Byron Mullens,22,CHA,NBA,2011-12,65,25,1465,251,591,239,540,12,51,92,112,96,231,327,57,21,52,74,137,606,0.425,0.443,0.235,0.435,0.821,0.473,mulleby01
Troy Murphy,31,LAL,NBA,2011-12,59,0,956,77,171,49,104,28,67,6,9,40,151,191,51,15,16,26,98,188,0.45,0.471,0.418,0.532,0.667,0.537,murphtr01
Hamady N'Diaye,25,WAS,NBA,2011-12,3,0,3,0,1,0,1,0,0,0,0,0,0,0,0,0,0,0,0,0,0,0,,0,,0,ndiayha01
Eduardo Najera,35,CHA,NBA,2011-12,22,0,270,24,64,16,35,8,29,2,4,11,39,50,12,19,4,7,40,58,0.375,0.457,0.276,0.438,0.5,0.441,najered01
Steve Nash,37,PHO,NBA,2011-12,62,62,1961,295,555,240,414,55,141,127,142,26,160,186,664,38,8,229,53,772,0.532,0.58,0.39,0.581,0.894,0.625,nashst01
Gary Neal,27,SAS,NBA,2011-12,56,7,1206,212,486,129,288,83,198,50,64,12,106,118,117,27,2,60,75,557,0.436,0.448,0.419,0.522,0.781,0.542,nealga01
Jameer Nelson,29,ORL,NBA,2011-12,57,57,1706,259,606,172,375,87,231,71,88,29,152,181,325,38,5,135,130,676,0.427,0.459,0.377,0.499,0.807,0.524,nelsoja01
Joakim Noah,26,CHI,NBA,2011-12,64,64,1945,249,490,249,489,0,1,154,206,242,387,629,160,41,92,92,162,652,0.508,0.509,0,0.508,0.748,0.561,noahjo01
Andres Nocioni,32,PHI,NBA,2011-12,11,1,56,5,20,4,14,1,6,6,11,1,13,14,1,1,1,5,4,17,0.25,0.286,0.167,0.275,0.545,0.342,nocioan01
Steve Novak,28,NYK,NBA,2011-12,54,0,1020,161,337,28,55,133,282,22,26,9,95,104,12,16,9,21,59,477,0.478,0.509,0.472,0.675,0.846,0.684,novakst01
Dirk Nowitzki,33,DAL,NBA,2011-12,62,62,2079,473,1034,395,822,78,212,318,355,46,372,418,136,42,30,117,129,1342,0.457,0.481,0.368,0.495,0.896,0.564,nowitdi01
Jermaine O'Neal,33,BOS,NBA,2011-12,25,24,570,52,120,52,120,0,0,21,31,37,98,135,10,8,43,21,80,125,0.433,0.433,,0.433,0.677,0.468,onealje01
Lamar Odom,32,DAL,NBA,2011-12,50,4,1027,123,349,95,238,28,111,58,98,36,172,208,83,20,18,52,97,332,0.352,0.399,0.252,0.393,0.592,0.423,odomla01
Emeka Okafor,29,NOH,NBA,2011-12,27,27,781,114,214,114,214,0,0,38,74,70,143,213,24,16,26,37,73,266,0.533,0.533,,0.533,0.514,0.539,okafoem01
Mehmet Okur,32,NJN,NBA,2011-12,17,14,454,52,139,29,67,23,72,3,5,22,59,81,30,9,5,25,45,130,0.374,0.433,0.319,0.457,0.6,0.46,okurme01
Daniel Orton,21,ORL,NBA,2011-12,16,2,187,17,30,17,29,0,1,11,25,19,20,39,5,8,9,7,30,45,0.567,0.586,0,0.567,0.44,0.549,ortonda01
Travis Outlaw,27,SAC,NBA,2011-12,39,5,500,60,175,44,115,16,60,31,46,19,42,61,16,19,21,20,34,167,0.343,0.383,0.267,0.389,0.674,0.428,outlatr01
Larry Owens,29,NJN,NBA,2011-12,7,0,75,4,11,2,6,2,5,3,4,2,11,13,4,0,1,2,10,13,0.364,0.333,0.4,0.455,0.75,0.509,owensla01
Zaza Pachulia,27,ATL,NBA,2011-12,58,44,1640,169,339,169,339,0,0,117,158,154,303,457,79,55,29,81,172,455,0.499,0.499,,0.499,0.741,0.557,pachuza01
Jannero Pargo,32,ATL,NBA,2011-12,50,0,671,105,253,52,115,53,138,19,20,9,64,73,96,20,2,49,64,282,0.415,0.452,0.384,0.52,0.95,0.539,pargoja01
Jeremy Pargo,25,MEM,NBA,2011-12,44,5,424,50,150,40,112,10,38,16,27,12,25,37,55,15,0,46,46,126,0.333,0.357,0.263,0.367,0.593,0.389,pargoje01
Anthony Parker,36,CLE,NBA,2011-12,51,51,1280,141,326,91,188,50,138,35,56,10,128,138,120,38,7,50,65,367,0.433,0.484,0.362,0.509,0.625,0.523,parkean01
Tony Parker,29,SAS,NBA,2011-12,60,60,1923,427,890,413,829,14,61,227,284,22,149,171,463,57,5,153,75,1095,0.48,0.498,0.23,0.488,0.799,0.539,parketo01
Chandler Parsons,23,HOU,NBA,2011-12,63,57,1804,248,549,188,371,60,178,43,78,90,210,300,134,73,29,81,142,599,0.452,0.507,0.337,0.506,0.551,0.513,parsoch01
Patrick Patterson,22,HOU,NBA,2011-12,64,1,1483,225,511,225,508,0,3,40,57,112,174,286,53,27,36,49,113,490,0.44,0.443,0,0.44,0.702,0.457,pattepa01
Chris Paul,26,LAC,NBA,2011-12,60,60,2181,425,890,346,677,79,213,260,302,42,171,213,543,152,4,124,138,1189,0.478,0.511,0.371,0.522,0.861,0.581,paulch01
Sasha Pavlovic,28,BOS,NBA,2011-12,45,7,527,50,128,33,70,17,58,3,8,4,68,72,18,20,15,20,54,120,0.391,0.471,0.293,0.457,0.375,0.456,pavloal01
Nikola Pekovic,26,MIN,NBA,2011-12,47,35,1264,256,454,256,454,0,0,139,187,181,165,346,31,29,31,87,98,651,0.564,0.564,,0.564,0.743,0.607,pekovni01
Kendrick Perkins,27,OKC,NBA,2011-12,65,65,1744,128,262,128,262,0,0,73,112,120,306,426,78,25,73,118,189,329,0.489,0.489,,0.489,0.652,0.528,perkike01
Johan Petro,26,NJN,NBA,2011-12,59,10,920,109,260,108,259,1,1,31,37,68,156,224,45,21,23,38,122,250,0.419,0.417,1,0.421,0.838,0.452,petrojo01
Paul Pierce,34,BOS,NBA,2011-12,61,61,2075,394,890,294,617,100,273,293,344,37,280,317,274,70,26,173,147,1181,0.443,0.476,0.366,0.499,0.852,0.567,piercpa01
Mickael Pietrus,29,BOS,NBA,2011-12,42,6,921,104,270,43,88,61,182,20,31,18,112,130,25,21,10,33,81,289,0.385,0.489,0.335,0.498,0.645,0.509,pietrmi01
Dexter Pittman,23,MIA,NBA,2011-12,35,6,301,44,94,44,94,0,0,18,28,27,44,71,9,8,8,17,73,106,0.468,0.468,,0.468,0.643,0.498,pittmde01
Quincy Pondexter,23,MEM,NBA,2011-12,64,8,1002,108,239,86,166,22,73,33,53,55,71,126,27,27,5,30,90,271,0.452,0.518,0.301,0.498,0.623,0.517,pondequ01
A.J. Price,25,IND,NBA,2011-12,44,1,568,59,174,33,86,26,88,28,35,13,48,61,86,20,2,32,30,172,0.339,0.384,0.295,0.414,0.8,0.454,priceaj01
Ronnie Price,28,PHO,NBA,2011-12,36,8,517,49,130,36,86,13,44,20,25,18,38,56,67,34,3,46,72,131,0.377,0.419,0.295,0.427,0.8,0.465,pricero01
Tayshaun Prince,31,DET,NBA,2011-12,63,63,2087,336,798,299,694,37,104,89,115,72,209,281,153,27,32,74,77,798,0.421,0.431,0.356,0.444,0.774,0.47,princta01
Joel Przybilla,32,POR,NBA,2011-12,27,19,449,22,48,22,48,0,0,11,18,29,109,138,6,4,16,22,66,55,0.458,0.458,,0.458,0.611,0.492,przybjo01
Vladimir Radmanovic,31,ATL,NBA,2011-12,49,3,755,74,197,24,62,50,135,22,29,34,109,143,54,21,15,35,62,220,0.376,0.387,0.37,0.503,0.759,0.524,radmavl01
Anthony Randolph,22,MIN,NBA,2011-12,34,5,517,94,200,94,199,0,1,64,84,42,81,123,19,13,35,40,56,252,0.47,0.472,0,0.47,0.762,0.532,randoan01
Zach Randolph,30,MEM,NBA,2011-12,28,8,735,132,285,130,277,2,8,58,88,78,147,225,48,21,4,40,57,324,0.463,0.469,0.25,0.467,0.659,0.5,randoza01
Michael Redd,32,PHO,NBA,2011-12,51,2,770,144,360,102,228,42,132,88,111,14,63,77,33,13,0,37,29,418,0.4,0.447,0.318,0.458,0.793,0.511,reddmi01
J.J. Redick,27,ORL,NBA,2011-12,65,22,1765,248,584,136,316,112,268,143,157,18,132,150,164,27,6,68,92,751,0.425,0.43,0.418,0.521,0.911,0.575,redicjj01
Ryan Reid,25,OKC,NBA,2011-12,5,0,17,4,5,4,5,0,0,0,0,1,1,2,0,0,0,1,1,8,0.8,0.8,,0.8,,0.8,reidry01
Jason Richardson,31,ORL,NBA,2011-12,54,54,1591,243,596,141,319,102,277,41,69,36,158,194,107,53,22,60,91,629,0.408,0.442,0.368,0.493,0.594,0.502,richaja01
Quentin Richardson,31,ORL,NBA,2011-12,48,3,866,74,197,32,76,42,121,25,30,15,108,123,38,28,6,29,74,215,0.376,0.421,0.347,0.482,0.833,0.511,richaqu01
Luke Ridnour,30,MIN,NBA,2011-12,53,53,1750,242,550,193,398,49,152,106,119,19,122,141,252,56,16,96,136,639,0.44,0.485,0.322,0.485,0.891,0.53,ridnolu01
Nate Robinson,27,GSW,NBA,2011-12,51,9,1192,205,484,139,303,66,181,94,113,15,85,100,231,59,2,75,118,570,0.424,0.459,0.365,0.492,0.832,0.534,robinna01
Rajon Rondo,25,BOS,NBA,2011-12,53,53,1957,256,572,246,530,10,42,108,181,62,195,257,620,95,3,193,99,630,0.448,0.464,0.238,0.456,0.597,0.483,rondora01
Derrick Rose,23,CHI,NBA,2011-12,39,39,1375,302,695,248,522,54,173,194,239,26,105,131,307,35,28,119,52,852,0.435,0.475,0.312,0.473,0.812,0.532,rosede01
Ricky Rubio,21,MIN,NBA,2011-12,41,31,1404,139,389,107,295,32,94,126,157,21,150,171,336,91,8,131,97,436,0.357,0.363,0.34,0.398,0.803,0.476,rubiori01
Brandon Rush,26,GSW,NBA,2011-12,65,1,1717,235,469,136,250,99,219,65,82,33,218,251,88,35,58,68,64,634,0.501,0.544,0.452,0.607,0.793,0.628,rushbr01
Walker Russell,29,DET,NBA,2011-12,28,0,357,33,95,29,82,4,13,14,22,7,19,26,58,18,1,33,29,84,0.347,0.354,0.308,0.368,0.636,0.401,russewa02
John Salmons,32,SAC,NBA,2011-12,46,32,1250,141,345,108,233,33,112,29,45,20,114,134,93,37,7,45,77,344,0.409,0.464,0.295,0.457,0.644,0.471,salmojo01
Samardo Samuels,23,CLE,NBA,2011-12,54,0,825,105,231,105,231,0,0,82,117,63,117,180,20,20,20,56,113,292,0.455,0.455,,0.455,0.701,0.517,samuesa01
Larry Sanders,23,MIL,NBA,2011-12,52,0,643,84,184,84,182,0,2,18,38,62,98,160,33,32,76,43,133,186,0.457,0.462,0,0.457,0.474,0.463,sandela01
Brian Scalabrine,33,CHI,NBA,2011-12,28,0,122,14,30,13,23,1,7,3,6,8,13,21,15,5,6,9,9,32,0.467,0.565,0.143,0.483,0.5,0.49,scalabr01
Luis Scola,31,HOU,NBA,2011-12,66,66,2067,436,888,436,885,0,3,153,198,122,306,428,140,35,24,153,214,1025,0.491,0.493,0,0.491,0.773,0.526,scolalu01
Thabo Sefolosha,27,OKC,NBA,2011-12,42,42,914,67,155,36,84,31,71,38,43,21,107,128,47,37,17,40,78,203,0.432,0.429,0.437,0.532,0.884,0.584,sefolth01
Josh Selby,20,MEM,NBA,2011-12,28,0,237,25,72,23,57,2,15,11,14,2,13,15,30,7,0,29,17,63,0.347,0.404,0.133,0.361,0.786,0.403,selbyjo01
Kevin Seraphin,22,WAS,NBA,2011-12,57,21,1176,203,382,203,381,0,1,47,70,103,177,280,33,19,76,66,133,453,0.531,0.533,0,0.531,0.671,0.549,serapke01
Ramon Sessions,25,TOT,NBA,2011-12,64,23,1707,242,565,199,468,43,97,194,248,33,181,214,354,44,3,141,100,721,0.428,0.425,0.443,0.466,0.782,0.535,sessira01
Iman Shumpert,21,NYK,NBA,2011-12,59,35,1705,214,534,166,377,48,157,87,109,42,144,186,164,101,8,111,173,563,0.401,0.44,0.306,0.446,0.798,0.484,shumpim01
Xavier Silas,24,PHI,NBA,2011-12,2,0,39,4,15,3,9,1,6,2,3,2,2,4,3,0,0,3,5,11,0.267,0.333,0.167,0.3,0.667,0.337,silasxa01
Bobby Simmons,31,LAC,NBA,2011-12,28,0,418,28,90,8,30,20,60,4,7,17,38,55,11,15,3,10,41,80,0.311,0.267,0.333,0.422,0.571,0.43,simmobo01
Chris Singleton,22,WAS,NBA,2011-12,66,51,1431,116,312,72,185,44,127,30,44,43,190,233,49,70,30,38,176,306,0.372,0.389,0.346,0.442,0.682,0.462,singlch01
James Singleton,30,WAS,NBA,2011-12,12,0,262,41,75,39,66,2,9,14,15,25,56,81,15,9,8,10,27,98,0.547,0.591,0.222,0.56,0.933,0.6,singlja01
Brian Skinner,35,MEM,NBA,2011-12,1,0,4,0,1,0,1,0,0,0,0,0,0,0,0,0,0,0,1,0,0,0,,0,,0,skinnbr01
Donald Sloan,24,TOT,NBA,2011-12,33,11,669,79,198,77,173,2,25,23,30,18,49,67,105,13,3,49,37,183,0.399,0.445,0.08,0.404,0.767,0.433,sloando01
Craig Smith,28,POR,NBA,2011-12,47,0,464,59,117,59,116,0,1,38,53,33,77,110,19,16,5,24,55,156,0.504,0.509,0,0.504,0.717,0.556,smithcr01
Greg Smith,21,HOU,NBA,2011-12,8,0,69,7,11,7,11,0,0,0,0,5,15,20,1,2,5,1,17,14,0.636,0.636,,0.636,,0.636,smithgr02
Ish Smith,23,TOT,NBA,2011-12,26,1,234,31,81,28,72,3,9,7,10,7,28,35,41,15,2,13,15,72,0.383,0.389,0.333,0.401,0.7,0.422,smithis01
J.R. Smith,26,NYK,NBA,2011-12,35,1,967,165,405,98,212,67,193,39,55,29,107,136,84,54,6,46,87,436,0.407,0.462,0.347,0.49,0.709,0.508,smithjr01
Jason Smith,25,NOH,NBA,2011-12,40,29,947,181,348,180,339,1,9,33,47,72,124,196,34,21,41,40,102,396,0.52,0.531,0.111,0.522,0.702,0.537,smithja02
Jerry Smith,24,NJN,NBA,2011-12,5,0,46,3,14,2,8,1,6,0,0,2,5,7,4,5,0,0,5,7,0.214,0.25,0.167,0.25,,0.25,smithje01
Josh Smith,26,ATL,NBA,2011-12,66,66,2329,504,1101,476,992,28,109,203,322,136,496,632,257,93,115,164,172,1239,0.458,0.48,0.257,0.47,0.63,0.499,smithjo03
Nolan Smith,23,POR,NBA,2011-12,44,4,541,67,180,54,135,13,45,20,28,17,39,56,62,18,3,42,55,167,0.372,0.4,0.289,0.408,0.714,0.434,smithno01
Marreese Speights,24,MEM,NBA,2011-12,60,54,1345,221,488,221,485,0,3,84,109,133,241,374,48,21,29,74,147,526,0.453,0.456,0,0.453,0.771,0.491,speigma01
Tiago Splitter,27,SAS,NBA,2011-12,59,2,1121,212,343,212,343,0,0,125,181,93,213,306,65,21,47,87,134,549,0.618,0.618,,0.618,0.691,0.649,splitti01
Jerry Stackhouse,37,ATL,NBA,2011-12,30,0,273,37,100,24,62,13,38,21,23,6,17,23,14,10,3,13,12,108,0.37,0.387,0.342,0.435,0.913,0.49,stackje01
Lance Stephenson,21,IND,NBA,2011-12,42,1,442,47,125,43,95,4,30,8,17,12,41,53,46,21,5,36,30,106,0.376,0.453,0.133,0.392,0.471,0.4,stephla01
DeShawn Stevenson,30,NJN,NBA,2011-12,51,30,960,49,172,8,27,41,145,9,16,7,94,101,41,19,4,19,59,148,0.285,0.296,0.283,0.404,0.563,0.413,stevede01
Greg Stiemsma,26,BOS,NBA,2011-12,55,3,766,66,121,66,121,0,0,29,41,48,129,177,28,37,85,33,144,161,0.545,0.545,,0.545,0.707,0.579,stiemgr01
Julyan Stone,23,DEN,NBA,2011-12,22,2,179,13,31,11,20,2,11,8,11,5,20,25,37,8,6,11,18,36,0.419,0.55,0.182,0.452,0.727,0.502,stoneju01
Amar'e Stoudemire,29,NYK,NBA,2011-12,47,47,1543,316,654,311,633,5,21,186,243,106,261,367,52,38,45,112,138,823,0.483,0.491,0.238,0.487,0.765,0.541,stoudam01
Rodney Stuckey,25,DET,NBA,2011-12,55,48,1644,256,597,223,493,33,104,267,320,38,104,142,210,44,10,106,124,812,0.429,0.452,0.317,0.456,0.834,0.55,stuckro01
DaJuan Summers,24,NOH,NBA,2011-12,15,6,209,28,65,23,49,5,16,7,9,8,15,23,10,7,0,8,31,68,0.431,0.469,0.313,0.469,0.778,0.493,summeda01
Jeff Teague,23,ATL,NBA,2011-12,66,66,2183,320,672,269,523,51,149,140,185,21,138,159,321,106,37,134,145,831,0.476,0.514,0.342,0.514,0.757,0.551,teaguje01
Sebastian Telfair,26,PHO,NBA,2011-12,60,1,895,141,342,108,237,33,105,53,67,20,71,91,138,41,12,68,120,368,0.412,0.456,0.314,0.461,0.791,0.495,telfase01
Jason Terry,34,DAL,NBA,2011-12,63,1,2000,357,830,219,465,138,365,98,111,16,133,149,226,73,11,127,69,950,0.43,0.471,0.378,0.513,0.883,0.54,terryja01
Hasheem Thabeet,24,TOT,NBA,2011-12,20,3,139,11,21,11,21,0,0,13,20,16,26,42,0,1,10,8,20,35,0.524,0.524,,0.524,0.65,0.587,thabeha01
Isaiah Thomas,22,SAC,NBA,2011-12,65,37,1656,256,571,173,352,83,219,154,185,48,120,168,266,53,8,105,121,749,0.448,0.491,0.379,0.521,0.832,0.574,thomais02
Kurt Thomas,39,POR,NBA,2011-12,53,3,803,73,157,73,157,0,0,14,20,39,149,188,46,24,31,31,123,160,0.465,0.465,,0.465,0.7,0.483,thomaku01
Lance Thomas,23,NOH,NBA,2011-12,42,10,630,57,126,57,125,0,1,52,62,49,77,126,12,10,7,24,78,166,0.452,0.456,0,0.452,0.839,0.541,thomala01
Malcolm Thomas,23,SAS,NBA,2011-12,3,0,15,0,3,0,3,0,0,1,2,1,2,3,1,1,1,0,0,1,0,0,,0,0.5,0.129,thomama01
Tyrus Thomas,25,CHA,NBA,2011-12,54,30,1013,120,327,119,324,1,3,63,83,49,151,200,35,36,60,53,144,304,0.367,0.367,0.333,0.369,0.759,0.418,thomaty01
Trey Thompkins,21,LAC,NBA,2011-12,24,0,119,24,61,20,48,4,13,5,7,4,20,24,3,3,3,6,10,57,0.393,0.417,0.308,0.426,0.714,0.445,thomptr02
Jason Thompson,25,SAC,NBA,2011-12,64,47,1657,237,443,237,441,0,2,109,181,166,277,443,79,43,44,68,149,583,0.535,0.537,0,0.535,0.602,0.558,thompja02
Klay Thompson,21,GSW,NBA,2011-12,66,29,1608,318,718,207,450,111,268,79,91,24,137,161,133,49,20,103,155,826,0.443,0.46,0.414,0.52,0.868,0.545,thompkl01
Mychel Thompson,23,CLE,NBA,2011-12,5,3,95,7,24,3,13,4,11,0,0,0,5,5,7,2,1,5,8,18,0.292,0.231,0.364,0.375,,0.375,thompmy02
Tristan Thompson,20,CLE,NBA,2011-12,60,25,1424,194,442,194,440,0,2,106,192,187,202,389,27,27,62,81,134,494,0.439,0.441,0,0.439,0.552,0.469,thomptr01
Marcus Thornton,24,SAC,NBA,2011-12,51,51,1780,352,803,245,493,107,310,141,163,84,104,188,98,71,12,84,111,952,0.438,0.497,0.345,0.505,0.865,0.544,thornma01
Jamaal Tinsley,33,UTA,NBA,2011-12,37,1,507,57,141,47,104,10,37,13,17,6,39,45,123,17,8,52,47,137,0.404,0.452,0.27,0.44,0.765,0.461,tinslja01
Anthony Tolliver,26,MIN,NBA,2011-12,51,0,882,71,182,46,81,25,101,41,55,50,103,153,22,18,19,35,86,208,0.39,0.568,0.248,0.459,0.745,0.504,tollian01
Ronny Turiaf,29,TOT,NBA,2011-12,17,5,279,19,33,19,32,0,1,13,22,20,50,70,10,14,17,14,39,51,0.576,0.594,0,0.576,0.591,0.597,turiaro01
Hedo Turkoglu,32,ORL,NBA,2011-12,53,53,1653,209,504,118,246,91,258,67,95,24,175,199,233,45,17,142,139,576,0.415,0.48,0.353,0.505,0.705,0.528,turkohe01
Evan Turner,23,PHI,NBA,2011-12,65,20,1713,263,590,252,541,11,49,73,108,27,349,376,180,40,20,105,117,610,0.446,0.466,0.224,0.455,0.676,0.478,turneev01
Jeremy Tyler,20,GSW,NBA,2011-12,42,23,568,88,209,88,208,0,1,29,52,54,86,140,16,16,20,36,84,205,0.421,0.423,0,0.421,0.558,0.442,tylerje01
Edwin Ubiles,25,WAS,NBA,2011-12,4,0,52,5,18,4,13,1,5,3,3,2,8,10,1,1,1,1,1,14,0.278,0.308,0.2,0.306,1,0.362,ubileed01
Ekpe Udoh,24,TOT,NBA,2011-12,61,11,1290,127,295,127,293,0,2,86,114,100,154,254,57,40,102,53,174,340,0.431,0.433,0,0.431,0.754,0.493,udohek01
Beno Udrih,29,MIL,NBA,2011-12,59,0,1080,146,332,129,273,17,59,39,55,26,76,102,227,37,1,77,69,348,0.44,0.473,0.288,0.465,0.709,0.488,udrihbe01
Ben Uzoh,23,TOT,NBA,2011-12,18,8,370,35,99,35,98,0,1,11,19,19,48,67,61,17,3,19,31,81,0.354,0.357,0,0.354,0.579,0.377,uzohbe01
Anderson Varejao,29,CLE,NBA,2011-12,25,25,785,114,222,114,218,0,4,43,64,109,178,287,43,35,17,45,62,271,0.514,0.523,0,0.514,0.672,0.542,varejan01
Greivis Vasquez,25,NOH,NBA,2011-12,66,26,1706,225,523,182,388,43,135,96,117,23,150,173,359,60,8,148,126,589,0.43,0.469,0.319,0.471,0.821,0.513,vasqugr01
Jan Vesely,21,WAS,NBA,2011-12,57,20,1078,117,218,117,217,0,1,33,62,101,148,249,47,39,32,60,156,267,0.537,0.539,0,0.537,0.532,0.544,veselja01
Charlie Villanueva,27,DET,NBA,2011-12,13,0,180,35,91,20,46,15,45,6,7,9,39,48,6,7,5,7,25,91,0.385,0.435,0.333,0.467,0.857,0.484,villach01
Nikola Vucevic,21,PHI,NBA,2011-12,51,15,812,131,291,128,283,3,8,18,34,88,158,246,31,20,34,33,111,283,0.45,0.452,0.375,0.455,0.529,0.462,vucevni01
Dwyane Wade,30,MIA,NBA,2011-12,49,49,1625,416,837,401,781,15,56,235,297,73,164,237,225,82,63,129,110,1082,0.497,0.513,0.268,0.506,0.791,0.559,wadedw01
Von Wafer,26,ORL,NBA,2011-12,33,1,469,71,157,57,118,14,39,38,54,6,39,45,29,10,3,35,26,194,0.452,0.483,0.359,0.497,0.704,0.537,wafervo01
Henry Walker,24,NYK,NBA,2011-12,32,8,620,68,171,32,58,36,113,17,20,9,71,80,37,19,7,35,84,189,0.398,0.552,0.319,0.503,0.85,0.526,walkebi01
Kemba Walker,21,CHA,NBA,2011-12,66,25,1792,281,767,212,541,69,226,168,213,30,204,234,289,60,20,119,79,799,0.366,0.392,0.305,0.411,0.789,0.464,walkeke02
John Wall,21,WAS,NBA,2011-12,66,66,2386,378,894,375,852,3,42,317,402,48,252,300,530,95,57,255,137,1076,0.423,0.44,0.071,0.424,0.789,0.502,walljo01
Ben Wallace,37,DET,NBA,2011-12,62,11,980,34,86,33,82,1,4,16,47,81,188,269,43,47,51,34,60,85,0.395,0.402,0.25,0.401,0.34,0.398,wallabe01
Gerald Wallace,29,TOT,NBA,2011-12,58,58,2076,287,632,241,482,46,150,180,225,87,299,386,164,85,36,111,145,800,0.454,0.5,0.307,0.491,0.8,0.547,wallage01
Luke Walton,31,TOT,NBA,2011-12,30,0,364,24,65,17,45,7,20,0,0,13,36,49,35,5,1,27,41,55,0.369,0.378,0.35,0.423,,0.423,waltolu01
Hakim Warrick,29,PHO,NBA,2011-12,35,0,503,74,180,73,170,1,10,76,99,31,61,92,30,8,3,36,35,225,0.411,0.429,0.1,0.414,0.768,0.503,warriha01
Darryl Watkins,27,NOH,NBA,2011-12,5,0,98,7,14,7,14,0,0,9,18,8,19,27,3,5,4,8,14,23,0.5,0.5,,0.5,0.5,0.525,watkida01
C.J. Watson,27,CHI,NBA,2011-12,49,25,1159,161,437,93,264,68,173,84,104,21,84,105,200,45,8,97,103,474,0.368,0.352,0.393,0.446,0.808,0.491,watsocj01
Earl Watson,32,UTA,NBA,2011-12,50,2,1033,54,160,44,108,10,52,31,46,30,91,121,217,54,22,85,105,149,0.338,0.407,0.192,0.369,0.674,0.413,watsoea01
Martell Webster,25,MIN,NBA,2011-12,47,26,1140,115,272,78,163,37,109,57,72,42,126,168,40,31,17,46,86,324,0.423,0.479,0.339,0.491,0.792,0.533,webstma02
David West,31,IND,NBA,2011-12,66,66,1925,349,716,347,707,2,9,142,176,118,315,433,140,52,46,93,160,842,0.487,0.491,0.222,0.489,0.807,0.531,westda01
Delonte West,28,DAL,NBA,2011-12,44,33,1060,166,360,139,284,27,76,62,70,13,88,101,139,58,11,76,67,421,0.461,0.489,0.355,0.499,0.886,0.539,westde01
Russell Westbrook,23,OKC,NBA,2011-12,66,66,2331,578,1266,516,1070,62,196,340,413,96,205,301,362,112,21,239,147,1558,0.457,0.482,0.316,0.481,0.823,0.538,westbru01
D.J. White,25,CHA,NBA,2011-12,58,11,1098,174,353,173,352,1,1,43,61,50,159,209,47,17,23,43,94,392,0.493,0.491,1,0.494,0.705,0.516,whitedj01
Hassan Whiteside,22,SAC,NBA,2011-12,18,0,109,12,27,12,27,0,0,5,12,16,23,39,0,3,15,5,12,29,0.444,0.444,,0.444,0.417,0.449,whiteha01
Chris Wilcox,29,BOS,NBA,2011-12,28,4,481,64,107,64,107,0,0,24,39,38,84,122,12,11,9,30,64,152,0.598,0.598,,0.598,0.615,0.612,wilcoch01
Damien Wilkins,32,DET,NBA,2011-12,60,2,922,76,193,69,170,7,23,34,54,22,78,100,44,29,13,30,85,193,0.394,0.406,0.304,0.412,0.63,0.445,wilkida02
Deron Williams,27,NJN,NBA,2011-12,55,55,1999,391,961,276,619,115,342,257,305,23,160,183,481,67,20,219,121,1154,0.407,0.446,0.336,0.467,0.843,0.527,willide01
Derrick Williams,20,MIN,NBA,2011-12,66,15,1418,205,498,168,360,37,138,136,195,77,234,311,38,30,31,77,95,583,0.412,0.467,0.268,0.449,0.697,0.499,willide02
Elliot Williams,22,POR,NBA,2011-12,24,0,149,37,74,29,47,8,27,6,18,7,12,19,6,6,3,5,18,88,0.5,0.617,0.296,0.554,0.333,0.537,williel01
Jordan Williams,21,NJN,NBA,2011-12,43,5,635,77,152,77,152,0,0,43,66,66,90,156,11,21,15,23,61,197,0.507,0.507,,0.507,0.652,0.544,willijo03
Lou Williams,25,PHI,NBA,2011-12,64,0,1682,318,782,235,553,83,229,237,292,30,125,155,221,53,18,71,90,956,0.407,0.425,0.362,0.46,0.812,0.525,willilo02
Marvin Williams,25,ATL,NBA,2011-12,57,37,1500,203,470,145,321,58,149,115,146,76,218,294,71,47,18,39,84,579,0.432,0.452,0.389,0.494,0.788,0.542,willima02
Mo Williams,29,LAC,NBA,2011-12,52,1,1472,260,611,167,372,93,239,72,80,23,76,99,160,51,7,86,103,685,0.426,0.449,0.389,0.502,0.9,0.53,willima01
Reggie Williams,25,CHA,NBA,2011-12,33,13,747,106,255,73,148,33,107,29,40,27,66,93,60,20,3,33,34,274,0.416,0.493,0.308,0.48,0.725,0.503,willire02
Sean Williams,25,TOT,NBA,2011-12,11,0,107,14,22,14,22,0,0,12,13,13,12,25,5,4,8,10,18,40,0.636,0.636,,0.636,0.923,0.722,willise01
Shawne Williams,25,NJN,NBA,2011-12,25,6,514,42,147,21,60,21,87,8,11,20,48,68,16,10,11,13,44,113,0.286,0.35,0.241,0.357,0.727,0.372,willish03
Shelden Williams,28,NJN,NBA,2011-12,58,35,1276,96,201,96,201,0,0,76,104,141,209,350,35,47,39,66,149,268,0.478,0.478,,0.478,0.731,0.543,willish02
Terrence Williams,24,TOT,NBA,2011-12,30,0,550,85,198,69,152,16,46,27,46,13,89,102,65,20,7,43,35,213,0.429,0.454,0.348,0.47,0.587,0.488,willite01
Metta World Peace,32,LAL,NBA,2011-12,64,45,1720,183,465,127,276,56,189,71,115,71,147,218,140,69,27,69,137,493,0.394,0.46,0.296,0.454,0.617,0.478,artesro01
Brandan Wright,24,DAL,NBA,2011-12,49,0,791,144,233,144,232,0,1,52,82,62,112,174,13,22,63,21,61,340,0.618,0.621,0,0.618,0.634,0.632,wrighbr03
Chris Wright,23,GSW,NBA,2011-12,24,1,186,23,45,23,45,0,0,24,31,19,26,45,4,7,13,8,22,70,0.511,0.511,,0.511,0.774,0.597,wrighch01
Dorell Wright,26,GSW,NBA,2011-12,61,61,1650,222,526,117,234,105,292,80,98,60,218,278,94,58,26,51,97,629,0.422,0.5,0.36,0.522,0.816,0.553,wrighdo01
Nick Young,26,TOT,NBA,2011-12,62,35,1729,316,784,213,502,103,282,144,169,31,102,133,56,44,17,83,141,879,0.403,0.424,0.365,0.469,0.852,0.512,youngni01
Sam Young,26,TOT,NBA,2011-12,35,2,375,45,127,40,110,5,17,19,26,20,42,62,15,17,6,16,23,114,0.354,0.364,0.294,0.374,0.731,0.412,youngsa01
Thaddeus Young,23,PHI,NBA,2011-12,63,1,1755,348,687,347,683,1,4,111,144,137,188,325,74,64,41,55,127,808,0.507,0.508,0.25,0.507,0.771,0.538,youngth01
Quincy Acy,22,TOR,NBA,2012-13,29,0,342,42,75,41,73,1,2,31,38,30,47,77,11,13,15,17,53,116,0.56,0.562,0.5,0.567,0.816,0.632,acyqu01
Jeff Adrien,26,CHA,NBA,2012-13,52,5,713,72,168,72,166,0,2,65,100,68,128,196,36,18,27,32,80,209,0.429,0.434,0,0.429,0.65,0.493,adrieje01
Arron Afflalo,27,ORL,NBA,2012-13,64,64,2307,397,905,325,665,72,240,191,223,29,210,239,206,40,11,138,137,1057,0.439,0.489,0.3,0.478,0.857,0.527,afflaar01
Josh Akognon,26,DAL,NBA,2012-13,3,0,9,2,4,1,2,1,2,0,0,0,1,1,1,0,0,0,3,5,0.5,0.5,0.5,0.625,,0.625,akognjo01
Cole Aldrich,24,TOT,NBA,2012-13,45,0,388,44,80,44,80,0,0,12,20,30,90,120,9,5,23,23,60,100,0.55,0.55,,0.55,0.6,0.563,aldrico01
LaMarcus Aldridge,27,POR,NBA,2012-13,74,74,2790,638,1318,636,1304,2,14,282,348,175,495,670,192,62,91,143,187,1560,0.484,0.488,0.143,0.485,0.81,0.53,aldrila01
Lavoy Allen,23,PHI,NBA,2012-13,79,37,1669,206,454,206,453,0,1,43,60,159,236,395,73,24,55,55,180,455,0.454,0.455,0,0.454,0.717,0.474,allenla01
Ray Allen,37,MIA,NBA,2012-13,79,0,2035,292,651,153,319,139,332,140,158,40,177,217,135,67,15,103,129,863,0.449,0.48,0.419,0.555,0.886,0.599,allenra02
Tony Allen,31,MEM,NBA,2012-13,79,79,2109,284,638,281,614,3,24,134,187,121,242,363,98,119,44,94,211,705,0.445,0.458,0.125,0.447,0.717,0.489,allento01
Al-Farouq Aminu,22,NOH,NBA,2012-13,76,71,2066,225,474,221,455,4,19,101,137,139,446,585,103,92,51,116,153,555,0.475,0.486,0.211,0.479,0.737,0.519,aminual01
Lou Amundson,30,TOT,NBA,2012-13,39,0,372,32,81,32,81,0,0,12,36,48,58,106,11,16,12,19,53,76,0.395,0.395,,0.395,0.333,0.392,amundlo01
Chris Andersen,34,MIA,NBA,2012-13,42,0,624,71,123,69,120,2,3,63,93,57,115,172,17,16,44,24,89,207,0.577,0.575,0.667,0.585,0.677,0.631,anderch01
Alan Anderson,30,TOR,NBA,2012-13,65,2,1495,236,616,141,331,95,285,126,147,34,114,148,103,48,7,80,131,693,0.383,0.426,0.333,0.46,0.857,0.509,anderal01
James Anderson,23,TOT,NBA,2012-13,39,2,401,52,126,31,66,21,60,24,28,18,54,72,42,15,5,25,25,149,0.413,0.47,0.35,0.496,0.857,0.539,anderja01
Ryan Anderson,24,NOH,NBA,2012-13,81,22,2503,472,1115,259,558,213,557,152,180,191,328,519,97,42,31,97,179,1309,0.423,0.464,0.382,0.519,0.844,0.548,anderry01
Carmelo Anthony,28,NYK,NBA,2012-13,67,67,2482,669,1489,512,1075,157,414,425,512,134,326,460,171,52,32,175,205,1920,0.449,0.476,0.379,0.502,0.83,0.56,anthoca01
Joel Anthony,30,MIA,NBA,2012-13,62,3,566,35,68,35,68,0,0,17,28,45,70,115,13,13,42,22,49,87,0.515,0.515,,0.515,0.607,0.542,anthojo01
Trevor Ariza,27,WAS,NBA,2012-13,56,15,1471,188,451,112,242,76,209,78,95,44,222,266,113,72,20,84,72,530,0.417,0.463,0.364,0.501,0.821,0.538,arizatr01
Darrell Arthur,24,MEM,NBA,2012-13,59,3,970,162,359,157,341,5,18,33,46,68,101,169,33,24,33,43,126,362,0.451,0.46,0.278,0.458,0.717,0.477,arthuda01
Omer Asik,26,HOU,NBA,2012-13,82,82,2464,332,614,332,613,0,1,168,299,275,681,956,75,46,87,173,223,832,0.541,0.542,0,0.541,0.562,0.558,asikom01
D.J. Augustin,25,IND,NBA,2012-13,76,5,1226,103,294,36,104,67,190,83,99,20,71,91,170,34,3,68,64,356,0.35,0.346,0.353,0.464,0.838,0.527,augusdj01
Gustavo Ayon,27,TOT,NBA,2012-13,55,3,734,92,167,92,167,0,0,20,50,60,139,199,71,22,17,47,107,204,0.551,0.551,,0.551,0.4,0.54,ayongu01
Jeff Ayres,25,IND,NBA,2012-13,37,0,369,61,126,59,122,2,4,21,23,29,75,104,15,6,12,23,44,145,0.484,0.484,0.5,0.492,0.913,0.533,pendeje02
Luke Babbitt,23,POR,NBA,2012-13,62,0,730,86,234,24,56,62,178,10,13,15,122,137,29,14,5,22,82,244,0.368,0.429,0.348,0.5,0.769,0.509,babbilu01
Leandro Barbosa,30,BOS,NBA,2012-13,41,2,513,83,193,65,146,18,47,31,41,8,38,46,58,17,6,21,51,215,0.43,0.445,0.383,0.477,0.756,0.509,barbole01
J.J. Barea,28,MIN,NBA,2012-13,74,2,1713,316,758,219,478,97,280,105,134,34,173,207,294,32,0,145,131,834,0.417,0.458,0.346,0.481,0.784,0.51,bareajo01
Andrea Bargnani,27,TOR,NBA,2012-13,35,25,1003,170,426,132,303,38,123,65,77,26,102,128,38,21,23,54,64,443,0.399,0.436,0.309,0.444,0.844,0.482,bargnan01
Harrison Barnes,20,GSW,NBA,2012-13,81,81,2058,276,628,224,483,52,145,144,190,53,280,333,98,52,14,101,140,748,0.439,0.464,0.359,0.481,0.758,0.526,barneha02
Matt Barnes,32,LAC,NBA,2012-13,80,4,2058,312,675,201,350,111,325,87,117,111,255,366,123,82,63,90,233,822,0.462,0.574,0.342,0.544,0.744,0.566,barnema02
Earl Barron,31,TOT,NBA,2012-13,12,2,159,18,51,18,51,0,0,3,7,22,39,61,5,5,6,11,24,39,0.353,0.353,,0.353,0.429,0.361,barroea01
Will Barton,22,POR,NBA,2012-13,73,5,894,118,309,109,244,9,65,50,65,36,109,145,58,34,9,60,56,295,0.382,0.447,0.138,0.396,0.769,0.437,bartowi01
Brandon Bass,27,BOS,NBA,2012-13,81,69,2239,286,589,286,587,0,2,129,150,129,296,425,84,44,64,80,188,701,0.486,0.487,0,0.486,0.86,0.535,bassbr01
Shane Battier,34,MIA,NBA,2012-13,72,20,1786,152,362,16,46,136,316,32,38,37,128,165,72,41,55,34,149,472,0.42,0.348,0.43,0.608,0.842,0.623,battish01
Nicolas Batum,24,POR,NBA,2012-13,73,73,2807,352,833,187,389,165,444,178,210,97,315,412,360,91,83,190,139,1047,0.423,0.481,0.372,0.522,0.848,0.566,batumni01
Jerryd Bayless,24,MEM,NBA,2012-13,80,4,1765,260,621,189,420,71,201,102,122,22,154,176,264,59,17,120,168,693,0.419,0.45,0.353,0.476,0.836,0.514,bayleje01
Aron Baynes,26,SAS,NBA,2012-13,16,0,141,18,36,18,35,0,1,7,12,12,20,32,5,1,6,11,23,43,0.5,0.514,0,0.5,0.583,0.521,baynear01
Kent Bazemore,23,GSW,NBA,2012-13,61,0,267,43,116,33,82,10,34,27,44,5,17,22,22,17,4,18,27,123,0.371,0.402,0.294,0.414,0.614,0.454,bazemke01
Bradley Beal,19,WAS,NBA,2012-13,56,46,1745,282,687,191,451,91,236,125,159,43,168,211,137,50,29,90,113,780,0.41,0.424,0.386,0.477,0.786,0.515,bealbr01
Michael Beasley,24,PHO,NBA,2012-13,75,20,1554,310,766,265,622,45,144,94,126,52,230,282,111,31,34,144,107,759,0.405,0.426,0.313,0.434,0.746,0.462,beaslmi01
Rodrigue Beaubois,24,DAL,NBA,2012-13,45,0,549,65,176,44,104,21,72,30,38,9,48,57,84,19,4,33,54,181,0.369,0.423,0.292,0.429,0.789,0.47,beaubro01
Marco Belinelli,26,CHI,NBA,2012-13,73,27,1882,241,610,162,389,79,221,141,168,13,127,140,148,44,6,82,140,702,0.395,0.416,0.357,0.46,0.839,0.513,belinma01
Patrick Beverley,24,HOU,NBA,2012-13,41,0,713,79,189,43,93,36,96,34,41,45,64,109,117,37,21,44,83,228,0.418,0.462,0.375,0.513,0.829,0.551,beverpa01
Andris Biedrins,26,GSW,NBA,2012-13,53,9,495,10,21,10,21,0,0,4,13,34,119,153,14,15,42,14,101,24,0.476,0.476,,0.476,0.308,0.449,biedran01
Chauncey Billups,36,LAC,NBA,2012-13,22,22,418,53,132,20,42,33,90,45,48,2,30,32,49,12,1,26,25,184,0.402,0.476,0.367,0.527,0.938,0.601,billuch01
Bismack Biyombo,20,CHA,NBA,2012-13,80,65,2186,156,346,156,346,0,0,74,142,194,388,582,35,28,143,82,195,386,0.451,0.451,,0.451,0.521,0.472,biyombi01
DeJuan Blair,23,SAS,NBA,2012-13,61,16,851,142,271,142,270,0,1,44,70,66,164,230,45,37,10,49,112,328,0.524,0.526,0,0.524,0.629,0.543,blairde01
Steve Blake,32,LAL,NBA,2012-13,45,13,1175,114,270,42,99,72,171,27,35,21,111,132,173,34,6,62,83,327,0.422,0.424,0.421,0.556,0.771,0.573,blakest01
Andray Blatche,26,BRK,NBA,2012-13,82,8,1555,346,676,343,654,3,22,148,216,161,256,417,85,86,54,123,163,843,0.512,0.524,0.136,0.514,0.685,0.547,blatcan01
Eric Bledsoe,23,LAC,NBA,2012-13,76,12,1553,253,568,222,490,31,78,106,134,78,147,225,233,109,55,137,112,643,0.445,0.453,0.397,0.473,0.791,0.513,bledser01
Keith Bogans,32,BRK,NBA,2012-13,74,23,1408,108,284,24,39,84,245,11,17,16,104,120,76,28,4,49,108,311,0.38,0.615,0.343,0.528,0.647,0.533,boganke01
Andrew Bogut,28,GSW,NBA,2012-13,32,32,786,83,184,82,183,1,1,19,38,68,177,245,67,20,55,35,85,186,0.451,0.448,1,0.454,0.5,0.463,bogutan01
Matt Bonner,32,SAS,NBA,2012-13,68,4,909,112,230,59,110,53,120,11,15,25,104,129,36,17,19,16,86,288,0.487,0.536,0.442,0.602,0.733,0.609,bonnema01
Trevor Booker,25,WAS,NBA,2012-13,48,14,887,108,220,108,215,0,5,40,72,98,141,239,40,32,16,31,95,256,0.491,0.502,0,0.491,0.556,0.509,booketr01
Carlos Boozer,31,CHI,NBA,2012-13,79,79,2546,544,1140,544,1138,0,2,193,264,175,596,771,179,66,28,176,239,1281,0.477,0.478,0,0.477,0.731,0.51,boozeca01
Chris Bosh,28,MIA,NBA,2012-13,74,74,2454,485,907,464,833,21,74,241,302,131,370,501,123,66,101,128,168,1232,0.535,0.557,0.284,0.546,0.798,0.592,boshch01
Avery Bradley,22,BOS,NBA,2012-13,50,50,1435,192,478,152,352,40,126,37,49,30,81,111,104,64,19,72,129,461,0.402,0.432,0.317,0.444,0.755,0.461,bradlav01
Elton Brand,33,DAL,NBA,2012-13,72,18,1527,226,478,226,477,0,1,66,93,130,300,430,70,50,90,57,192,518,0.473,0.474,0,0.473,0.71,0.499,brandel01
Corey Brewer,26,DEN,NBA,2012-13,82,2,2003,375,883,284,576,91,307,149,216,55,180,235,124,118,23,102,154,990,0.425,0.493,0.296,0.476,0.69,0.506,breweco01
Ronnie Brewer,27,TOT,NBA,2012-13,60,34,853,70,198,47,122,23,76,16,39,42,98,140,50,43,6,18,33,179,0.354,0.385,0.303,0.412,0.41,0.416,brewero02
Aaron Brooks,28,TOT,NBA,2012-13,53,20,997,143,316,93,182,50,134,40,52,13,67,80,114,30,10,67,94,376,0.453,0.511,0.373,0.532,0.769,0.555,brookaa01
MarShon Brooks,24,BRK,NBA,2012-13,73,2,912,155,335,140,280,15,55,69,94,32,72,104,76,34,16,69,93,394,0.463,0.5,0.273,0.485,0.734,0.523,brookma01
Kwame Brown,30,PHI,NBA,2012-13,22,11,269,17,37,17,37,0,0,7,19,23,51,74,9,6,10,8,37,41,0.459,0.459,,0.459,0.368,0.452,brownkw01
Shannon Brown,27,PHO,NBA,2012-13,59,22,1402,240,571,201,430,39,141,98,125,44,105,149,108,59,15,74,92,617,0.42,0.467,0.277,0.454,0.784,0.493,brownsh01
Kobe Bryant,34,LAL,NBA,2012-13,78,78,3013,738,1595,606,1188,132,407,525,626,66,367,433,469,106,25,287,173,2133,0.463,0.51,0.324,0.504,0.839,0.57,bryanko01
Chase Budinger,24,MIN,NBA,2012-13,23,1,508,79,191,53,110,26,81,32,42,15,56,71,25,14,7,23,29,216,0.414,0.482,0.321,0.482,0.762,0.516,budinch01
Alec Burks,21,UTA,NBA,2012-13,64,0,1137,163,388,130,296,33,92,92,129,37,108,145,92,35,13,74,114,451,0.42,0.439,0.359,0.463,0.713,0.507,burksal01
Caron Butler,32,LAC,NBA,2012-13,78,78,1879,305,720,177,390,128,330,75,90,41,182,223,78,51,11,72,139,813,0.424,0.454,0.388,0.513,0.833,0.535,butleca01
Jimmy Butler,23,CHI,NBA,2012-13,82,20,2134,239,512,199,407,40,105,187,233,136,192,328,115,78,31,62,97,705,0.467,0.489,0.381,0.506,0.803,0.574,butleji01
Will Bynum,30,DET,NBA,2012-13,65,0,1219,253,540,229,464,24,76,106,131,28,69,97,231,45,5,125,128,636,0.469,0.494,0.316,0.491,0.809,0.532,bynumwi01
Jose Calderon,31,TOT,NBA,2012-13,73,58,2160,312,635,182,353,130,282,72,80,20,156,176,518,58,8,126,99,826,0.491,0.516,0.461,0.594,0.9,0.616,caldejo01
Marcus Camby,38,NYK,NBA,2012-13,24,4,250,17,53,17,53,0,0,8,19,24,56,80,14,7,14,15,28,42,0.321,0.321,,0.321,0.421,0.342,cambyma01
DeMarre Carroll,26,UTA,NBA,2012-13,66,12,1111,149,324,129,254,20,70,75,98,87,101,188,61,58,24,34,119,393,0.46,0.508,0.286,0.491,0.765,0.535,carrode01
Matt Carroll,32,CHA,NBA,2012-13,1,0,6,0,0,0,0,0,0,0,0,0,0,0,1,0,0,0,1,0,,,,,,,carroma01
Vince Carter,36,DAL,NBA,2012-13,81,3,2093,372,855,210,456,162,399,182,223,58,276,334,194,74,44,106,226,1088,0.435,0.461,0.406,0.53,0.816,0.571,cartevi01
Omri Casspi,24,CLE,NBA,2012-13,43,1,503,63,160,38,84,25,76,22,41,20,94,114,28,25,12,22,45,173,0.394,0.452,0.329,0.472,0.537,0.486,casspom01
Mario Chalmers,26,MIA,NBA,2012-13,77,77,2068,227,529,104,228,123,301,89,112,19,152,171,273,118,12,119,196,666,0.429,0.456,0.409,0.545,0.795,0.576,chalmma01
Tyson Chandler,30,NYK,NBA,2012-13,66,66,2164,255,400,255,400,0,0,179,258,269,434,703,62,42,75,87,188,689,0.638,0.638,,0.638,0.694,0.671,chandty01
Wilson Chandler,25,DEN,NBA,2012-13,43,8,1079,210,455,158,329,52,126,88,111,45,173,218,58,45,12,60,119,560,0.462,0.48,0.413,0.519,0.793,0.556,chandwi01
Josh Childress,29,BRK,NBA,2012-13,14,0,100,6,21,5,18,1,3,1,2,6,9,15,5,2,2,0,3,14,0.286,0.278,0.333,0.31,0.5,0.32,childjo01
Earl Clark,25,LAL,NBA,2012-13,59,36,1363,170,386,135,282,35,104,53,76,82,243,325,65,36,44,62,102,428,0.44,0.479,0.337,0.486,0.697,0.51,clarkea01
Victor Claver,24,POR,NBA,2012-13,49,16,812,74,189,49,102,25,87,14,30,31,88,119,43,26,12,43,75,187,0.392,0.48,0.287,0.458,0.467,0.462,clavevi01
Norris Cole,24,MIA,NBA,2012-13,80,4,1590,179,425,144,327,35,98,52,80,18,112,130,164,57,7,104,155,445,0.421,0.44,0.357,0.462,0.65,0.483,coleno01
Jason Collins,34,TOT,NBA,2012-13,38,9,384,9,29,9,29,0,0,23,32,22,38,60,8,12,10,18,85,41,0.31,0.31,,0.31,0.719,0.476,collija04
Darren Collison,25,DAL,NBA,2012-13,81,47,2372,341,724,293,588,48,136,242,275,31,188,219,415,100,8,173,139,972,0.471,0.498,0.353,0.504,0.88,0.575,collida01
Nick Collison,32,OKC,NBA,2012-13,81,2,1583,176,296,176,292,0,4,60,78,123,210,333,121,51,30,69,197,412,0.595,0.603,0,0.595,0.769,0.624,collini01
Mike Conley,25,MEM,NBA,2012-13,80,80,2757,414,940,308,647,106,293,234,282,43,182,225,487,174,24,189,171,1168,0.44,0.476,0.362,0.497,0.83,0.549,conlemi01
Will Conroy,30,MIN,NBA,2012-13,4,0,20,0,9,0,6,0,3,1,2,1,0,1,0,0,0,0,1,1,0,0,0,0,0.5,0.051,conrowi01
Daequan Cook,25,TOT,NBA,2012-13,49,1,441,51,167,25,76,26,91,9,12,7,54,61,19,8,7,15,26,137,0.305,0.329,0.286,0.383,0.75,0.398,cookda02
Chris Copeland,28,NYK,NBA,2012-13,56,13,862,182,380,123,240,59,140,63,83,34,85,119,27,16,12,50,104,486,0.479,0.513,0.421,0.557,0.759,0.583,copelch01
DeMarcus Cousins,22,SAC,NBA,2012-13,75,74,2289,482,1036,478,1014,4,22,312,423,222,524,746,199,108,55,225,269,1280,0.465,0.471,0.182,0.467,0.738,0.524,couside01
Jamal Crawford,32,LAC,NBA,2012-13,76,0,2230,445,1016,296,620,149,396,216,248,22,106,128,193,79,13,146,71,1255,0.438,0.477,0.376,0.511,0.871,0.558,crawfja01
Jordan Crawford,24,TOT,NBA,2012-13,70,14,1709,301,725,218,479,83,246,129,159,44,165,209,225,39,7,141,106,814,0.415,0.455,0.337,0.472,0.811,0.512,crawfjo02
Jae Crowder,22,DAL,NBA,2012-13,78,16,1353,141,367,78,175,63,192,47,73,35,152,187,94,63,17,49,128,392,0.384,0.446,0.328,0.47,0.644,0.491,crowdja01
Dante Cunningham,25,MIN,NBA,2012-13,80,9,2010,314,671,314,665,0,6,67,103,142,266,408,67,84,38,56,153,695,0.468,0.472,0,0.468,0.65,0.485,cunnida01
Jared Cunningham,21,DAL,NBA,2012-13,8,0,26,6,14,4,11,2,3,2,2,1,2,3,1,1,0,2,3,16,0.429,0.364,0.667,0.5,1,0.538,cunnija01
Eddy Curry,30,DAL,NBA,2012-13,2,0,25,4,8,4,8,0,0,1,4,2,2,4,0,0,0,3,7,9,0.5,0.5,,0.5,0.25,0.461,curryed01
Stephen Curry,24,GSW,NBA,2012-13,78,78,2983,626,1388,354,788,272,600,262,291,59,255,314,539,126,12,240,198,1786,0.451,0.449,0.453,0.549,0.9,0.589,curryst01
Samuel Dalembert,31,MIL,NBA,2012-13,47,23,765,137,253,136,252,1,1,38,55,105,171,276,21,17,53,51,90,313,0.542,0.54,1,0.543,0.691,0.565,dalemsa01
Marquis Daniels,32,MIL,NBA,2012-13,59,33,1085,132,351,112,279,20,72,40,54,48,102,150,65,51,10,45,77,324,0.376,0.401,0.278,0.405,0.741,0.432,daniema01
Anthony Davis,19,NOH,NBA,2012-13,64,60,1846,349,676,349,670,0,6,169,225,165,357,522,63,75,112,89,158,867,0.516,0.521,0,0.516,0.751,0.559,davisan02
Ed Davis,23,TOT,NBA,2012-13,81,28,1631,260,482,260,482,0,0,103,167,152,308,460,63,38,85,63,191,623,0.539,0.539,,0.539,0.617,0.561,davised01
Glen Davis,27,ORL,NBA,2012-13,34,33,1064,214,478,214,476,0,2,84,117,55,191,246,70,32,21,64,88,512,0.448,0.45,0,0.448,0.718,0.483,davisgl01
Austin Daye,24,TOT,NBA,2012-13,55,0,676,90,208,49,110,41,98,26,34,16,107,123,42,14,22,29,82,247,0.433,0.445,0.418,0.531,0.765,0.554,dayeau01
Nando De Colo,25,SAS,NBA,2012-13,72,6,920,105,241,74,159,31,82,35,44,23,115,138,138,41,6,81,87,276,0.436,0.465,0.378,0.5,0.795,0.53,decolna01
Carlos Delfino,30,HOU,NBA,2012-13,67,5,1689,251,620,93,199,158,421,48,56,18,202,220,135,68,9,72,114,708,0.405,0.467,0.375,0.532,0.857,0.549,delfica01
Luol Deng,27,CHI,NBA,2012-13,75,75,2903,466,1093,391,860,75,233,230,282,162,314,476,222,81,32,144,105,1237,0.426,0.455,0.322,0.461,0.816,0.508,denglu01
Justin Dentmon,27,DAL,NBA,2012-13,2,0,4,0,2,0,2,0,0,0,0,0,0,0,0,0,0,0,0,0,0,0,,0,,0,dentmju01
DeMar DeRozan,23,TOR,NBA,2012-13,82,82,3013,548,1231,514,1111,34,120,355,427,48,272,320,204,76,24,151,173,1485,0.445,0.463,0.283,0.459,0.831,0.523,derozde01
Boris Diaw,30,SAS,NBA,2012-13,75,20,1709,179,332,149,254,30,78,47,65,66,188,254,180,52,27,84,143,435,0.539,0.587,0.385,0.584,0.723,0.603,diawbo01
DeSagana Diop,31,CHA,NBA,2012-13,22,1,226,8,27,8,26,0,1,0,1,10,41,51,13,5,16,8,19,16,0.296,0.308,0,0.296,0,0.292,diopde01
Keyon Dooling,32,MEM,NBA,2012-13,7,0,82,10,21,5,9,5,12,6,7,0,1,1,8,1,0,5,8,31,0.476,0.556,0.417,0.595,0.857,0.644,doolike01
Toney Douglas,26,TOT,NBA,2012-13,71,0,1289,188,466,106,250,82,216,76,84,34,104,138,151,71,3,81,145,534,0.403,0.424,0.38,0.491,0.905,0.531,douglto01
Chris Douglas-Roberts,26,DAL,NBA,2012-13,6,0,63,5,14,5,10,0,4,7,10,0,5,5,4,2,0,1,4,17,0.357,0.5,0,0.357,0.7,0.462,douglch01
Goran Dragic,26,PHO,NBA,2012-13,77,77,2581,401,906,313,630,88,276,244,326,60,178,238,569,124,26,212,214,1134,0.443,0.497,0.319,0.491,0.748,0.54,dragigo01
Andre Drummond,19,DET,NBA,2012-13,60,10,1243,208,342,207,340,1,2,59,159,169,288,457,30,59,95,57,144,476,0.608,0.609,0.5,0.61,0.371,0.578,drumman01
Jared Dudley,27,PHO,NBA,2012-13,79,50,2170,313,669,207,398,106,271,129,162,79,166,245,203,75,8,101,128,861,0.468,0.52,0.391,0.547,0.796,0.582,dudleja01
Chris Duhon,30,LAL,NBA,2012-13,46,9,820,47,123,14,32,33,91,6,13,11,57,68,133,20,1,40,56,133,0.382,0.438,0.363,0.516,0.462,0.517,duhonch01
Tim Duncan,36,SAS,NBA,2012-13,69,69,2078,490,976,488,969,2,7,245,300,124,562,686,184,50,183,147,117,1227,0.502,0.504,0.286,0.503,0.817,0.554,duncati01
Mike Dunleavy,32,MIL,NBA,2012-13,75,3,1943,276,624,148,325,128,299,105,128,31,260,291,145,39,35,90,135,785,0.442,0.455,0.428,0.545,0.82,0.577,dunlemi02
Kevin Durant,24,OKC,NBA,2012-13,81,81,3119,731,1433,592,1099,139,334,679,750,46,594,640,374,116,105,280,143,2280,0.51,0.539,0.416,0.559,0.905,0.647,duranke01
Devin Ebanks,23,LAL,NBA,2012-13,19,3,197,24,73,18,51,6,22,11,14,10,31,41,10,3,1,11,23,65,0.329,0.353,0.273,0.37,0.786,0.411,ebankde01
Wayne Ellington,25,TOT,NBA,2012-13,78,21,1661,226,529,132,289,94,240,68,75,25,141,166,104,45,3,57,81,614,0.427,0.457,0.392,0.516,0.907,0.546,ellinwa01
Monta Ellis,27,MIL,NBA,2012-13,82,82,3076,597,1436,503,1108,94,328,289,374,45,271,316,496,169,36,254,164,1577,0.416,0.454,0.287,0.448,0.773,0.493,ellismo01
Kim English,24,DET,NBA,2012-13,41,0,407,42,112,28,62,14,50,21,29,8,29,37,26,16,3,19,46,119,0.375,0.452,0.28,0.438,0.724,0.477,engliki01
Jeremy Evans,25,UTA,NBA,2012-13,37,0,215,27,44,27,43,0,1,21,33,26,32,58,11,8,13,8,30,75,0.614,0.628,0,0.614,0.636,0.641,evansje01
Reggie Evans,32,BRK,NBA,2012-13,80,56,1967,125,261,125,261,0,0,113,222,260,628,888,43,74,13,111,199,363,0.479,0.479,,0.479,0.509,0.506,evansre01
Tyreke Evans,23,SAC,NBA,2012-13,65,61,2016,366,765,321,632,45,133,210,271,56,231,287,229,90,27,128,133,987,0.478,0.508,0.338,0.508,0.775,0.558,evansty01
Festus Ezeli,23,GSW,NBA,2012-13,78,41,1120,74,169,74,169,0,0,43,81,141,172,313,22,23,74,63,157,191,0.438,0.438,,0.438,0.531,0.467,ezelife01
Kenneth Faried,23,DEN,NBA,2012-13,80,80,2248,380,689,380,689,0,0,163,266,260,474,734,77,81,83,113,234,923,0.552,0.552,,0.552,0.613,0.573,farieke01
Derrick Favors,21,UTA,NBA,2012-13,77,8,1787,274,568,274,563,0,5,179,260,184,362,546,75,67,130,129,247,727,0.482,0.487,0,0.482,0.688,0.533,favorde01
Raymond Felton,28,NYK,NBA,2012-13,68,68,2313,377,882,284,624,93,258,101,128,51,143,194,372,94,14,155,130,948,0.427,0.455,0.36,0.48,0.789,0.505,feltora01
Landry Fields,24,TOR,NBA,2012-13,51,22,1037,102,223,100,209,2,14,34,53,59,149,208,60,32,8,42,63,240,0.457,0.478,0.143,0.462,0.642,0.487,fieldla01
Derek Fisher,38,TOT,NBA,2012-13,33,9,575,55,161,25,81,30,80,35,38,2,35,37,47,19,3,30,55,175,0.342,0.309,0.375,0.435,0.921,0.492,fishede01
Evan Fournier,20,DEN,NBA,2012-13,38,4,428,75,152,53,98,22,54,30,39,6,29,35,44,19,1,32,65,202,0.493,0.541,0.407,0.566,0.769,0.597,fournev01
Randy Foye,29,UTA,NBA,2012-13,82,72,2249,293,738,115,304,178,434,118,144,17,110,127,167,66,27,92,190,882,0.397,0.378,0.41,0.518,0.819,0.55,foyera01
Jimmer Fredette,23,SAC,NBA,2012-13,69,0,967,172,409,107,253,65,156,85,99,19,52,71,92,31,3,68,64,494,0.421,0.423,0.417,0.5,0.859,0.546,fredeji01
Joel Freeland,25,POR,NBA,2012-13,51,1,477,58,142,58,142,0,0,18,27,40,79,119,13,13,11,19,67,134,0.408,0.408,,0.408,0.667,0.435,freeljo01
Danilo Gallinari,24,DEN,NBA,2012-13,71,71,2309,364,871,229,509,135,362,286,348,65,302,367,176,64,36,111,130,1149,0.418,0.45,0.373,0.495,0.822,0.561,gallida01
Francisco Garcia,31,TOT,NBA,2012-13,58,20,1029,118,300,51,121,67,179,18,21,8,83,91,63,46,38,32,88,321,0.393,0.421,0.374,0.505,0.857,0.519,garcifr01
Kevin Garnett,36,BOS,NBA,2012-13,68,68,2022,422,850,420,834,2,16,158,201,75,455,530,159,78,62,110,154,1004,0.496,0.504,0.125,0.498,0.786,0.535,garneke01
Diante Garrett,24,PHO,NBA,2012-13,19,0,149,16,49,13,34,3,15,5,10,5,10,15,31,10,0,16,5,40,0.327,0.382,0.2,0.357,0.5,0.375,garredi02
Marc Gasol,28,MEM,NBA,2012-13,80,80,2796,429,869,428,855,1,14,268,316,184,438,622,318,80,139,157,255,1127,0.494,0.501,0.071,0.494,0.848,0.559,gasolma01
Pau Gasol,32,LAL,NBA,2012-13,49,42,1655,270,579,262,551,8,28,125,178,111,310,421,200,24,61,104,93,673,0.466,0.475,0.286,0.473,0.702,0.512,gasolpa01
Rudy Gay,26,TOT,NBA,2012-13,75,74,2687,521,1253,437,993,84,260,240,295,99,362,461,202,113,53,198,182,1366,0.416,0.44,0.323,0.449,0.814,0.494,gayru01
Alonzo Gee,25,CLE,NBA,2012-13,82,82,2541,305,744,236,525,69,219,163,205,75,245,320,133,107,29,132,199,842,0.41,0.45,0.315,0.456,0.795,0.505,geeal01
Mickael Gelabale,29,MIN,NBA,2012-13,36,13,644,72,139,56,87,16,52,21,24,32,67,99,26,16,4,16,47,181,0.518,0.644,0.308,0.576,0.875,0.605,gelabmi01
Paul George,22,IND,NBA,2012-13,79,79,2972,493,1176,323,707,170,469,221,274,88,515,603,327,143,51,233,227,1377,0.419,0.457,0.362,0.491,0.807,0.531,georgpa01
Daniel Gibson,26,CLE,NBA,2012-13,46,3,919,84,247,28,84,56,163,26,37,5,55,60,82,30,4,31,89,250,0.34,0.333,0.344,0.453,0.703,0.475,gibsoda01
Taj Gibson,27,CHI,NBA,2012-13,65,5,1459,214,441,214,437,0,4,89,131,125,220,345,61,27,90,76,166,517,0.485,0.49,0,0.485,0.679,0.518,gibsota01
Manu Ginobili,35,SAS,NBA,2012-13,60,0,1393,229,539,146,304,83,235,164,206,30,171,201,274,80,13,132,114,705,0.425,0.48,0.353,0.502,0.796,0.56,ginobma01
Drew Gooden,31,MIL,NBA,2012-13,16,0,151,20,61,19,56,1,5,11,16,13,18,31,6,5,6,9,21,52,0.328,0.339,0.2,0.336,0.688,0.382,goodedr01
Ben Gordon,29,CHA,NBA,2012-13,75,0,1560,310,760,197,468,113,292,107,127,18,112,130,141,35,16,136,134,840,0.408,0.421,0.387,0.482,0.843,0.515,gordobe01
Eric Gordon,24,NOH,NBA,2012-13,42,40,1264,235,584,179,411,56,173,187,222,10,67,77,137,45,8,117,75,713,0.402,0.436,0.324,0.45,0.842,0.523,gordoer01
Marcin Gortat,28,PHO,NBA,2012-13,61,61,1876,295,566,295,563,0,3,90,138,128,388,516,75,40,98,99,127,680,0.521,0.524,0,0.521,0.652,0.543,gortama01
Andrew Goudelock,24,LAL,NBA,2012-13,1,0,6,0,2,0,2,0,0,0,0,1,0,1,0,0,0,0,0,0,0,0,,0,,0,goudean01
Danny Granger,29,IND,NBA,2012-13,5,0,74,10,35,8,25,2,10,5,8,3,6,9,3,2,1,4,6,27,0.286,0.32,0.2,0.314,0.625,0.35,grangda01
Aaron Gray,28,TOR,NBA,2012-13,42,16,513,48,90,48,90,0,0,23,44,48,85,133,33,7,5,36,85,119,0.533,0.533,,0.533,0.523,0.544,grayaa01
Danny Green,25,SAS,NBA,2012-13,80,80,2201,297,663,120,250,177,413,67,79,36,208,244,141,92,54,94,124,838,0.448,0.48,0.429,0.581,0.848,0.6,greenda02
Draymond Green,22,GSW,NBA,2012-13,79,1,1061,84,257,70,190,14,67,45,55,58,202,260,53,42,25,51,159,227,0.327,0.368,0.209,0.354,0.818,0.404,greendr01
Gerald Green,27,IND,NBA,2012-13,60,7,1080,155,424,96,236,59,188,52,65,31,110,141,50,19,23,53,64,421,0.366,0.407,0.314,0.435,0.8,0.465,greenge01
Jeff Green,26,BOS,NBA,2012-13,81,17,2252,376,806,306,624,70,182,214,265,55,263,318,128,56,68,132,175,1036,0.467,0.49,0.385,0.51,0.808,0.561,greenje02
Willie Green,31,LAC,NBA,2012-13,72,60,1188,178,386,107,220,71,166,23,32,17,80,97,55,29,12,31,96,450,0.461,0.486,0.428,0.553,0.719,0.562,greenwi01
Blake Griffin,23,LAC,NBA,2012-13,80,80,2598,577,1072,572,1044,5,28,281,426,186,476,662,299,97,50,185,231,1440,0.538,0.548,0.179,0.541,0.66,0.572,griffbl01
Hamed Haddadi,27,TOT,NBA,2012-13,30,0,322,35,82,35,82,0,0,14,27,43,68,111,12,6,27,31,60,84,0.427,0.427,,0.427,0.519,0.447,haddaha01
Jordan Hamilton,22,DEN,NBA,2012-13,40,1,397,84,201,57,128,27,73,13,26,32,63,95,23,15,8,19,24,208,0.418,0.445,0.37,0.485,0.5,0.49,hamiljo02
Richard Hamilton,34,CHI,NBA,2012-13,50,45,1088,204,475,188,423,16,52,66,77,16,67,83,119,24,5,84,93,490,0.429,0.444,0.308,0.446,0.857,0.481,hamilri01
Ben Hansbrough,25,IND,NBA,2012-13,28,0,200,15,45,9,22,6,23,21,27,2,16,18,21,7,2,18,23,57,0.333,0.409,0.261,0.4,0.778,0.501,hansbbe01
Tyler Hansbrough,27,IND,NBA,2012-13,81,8,1366,176,407,176,404,0,3,216,300,161,212,373,36,29,18,78,152,568,0.432,0.436,0,0.432,0.72,0.527,hansbty01
James Harden,23,HOU,NBA,2012-13,78,78,2985,585,1337,406,851,179,486,674,792,62,317,379,455,142,38,295,178,2023,0.438,0.477,0.368,0.504,0.851,0.6,hardeja01
Maurice Harkless,19,ORL,NBA,2012-13,76,59,1974,260,564,228,447,32,117,73,128,122,213,335,50,88,62,69,144,625,0.461,0.51,0.274,0.489,0.57,0.504,harklma01
Josh Harrellson,23,MIA,NBA,2012-13,6,0,31,4,9,3,4,1,5,1,2,3,4,7,0,1,1,3,4,10,0.444,0.75,0.2,0.5,0.5,0.506,harrejo01
Al Harrington,32,ORL,NBA,2012-13,10,0,119,20,57,12,27,8,30,3,4,6,21,27,10,4,1,7,18,51,0.351,0.444,0.267,0.421,0.75,0.434,harrial01
Devin Harris,29,ATL,NBA,2012-13,58,34,1421,194,443,117,213,77,230,112,154,6,110,116,197,64,13,88,103,577,0.438,0.549,0.335,0.525,0.727,0.565,harride01
Terrel Harris,25,TOT,NBA,2012-13,20,0,137,4,27,4,19,0,8,7,10,4,22,26,9,2,3,17,17,15,0.148,0.211,0,0.148,0.7,0.239,harrite01
Tobias Harris,20,TOT,NBA,2012-13,55,34,1299,233,512,199,404,34,108,103,137,73,214,287,69,32,44,66,120,603,0.455,0.493,0.315,0.488,0.752,0.527,harrito02
Udonis Haslem,32,MIA,NBA,2012-13,75,59,1414,129,251,129,251,0,0,32,45,97,307,404,38,30,15,45,173,290,0.514,0.514,,0.514,0.711,0.535,hasleud01
Spencer Hawes,24,PHI,NBA,2012-13,82,40,2233,376,811,345,724,31,87,122,157,173,417,590,183,24,113,131,233,905,0.464,0.477,0.356,0.483,0.777,0.514,hawessp01
Chuck Hayes,29,SAC,NBA,2012-13,74,1,1209,84,190,84,189,0,1,30,48,113,186,299,112,31,18,44,114,198,0.442,0.444,0,0.442,0.625,0.469,hayesch01
Gordon Hayward,22,UTA,NBA,2012-13,72,27,2104,336,773,234,527,102,246,243,294,51,174,225,213,58,38,120,125,1017,0.435,0.444,0.415,0.501,0.827,0.564,haywago01
Lazar Hayward,26,MIN,NBA,2012-13,4,0,31,2,10,2,6,0,4,6,6,0,4,4,3,2,0,0,3,10,0.2,0.333,0,0.2,1,0.396,haywala01
Brendan Haywood,33,CHA,NBA,2012-13,61,17,1162,93,216,93,215,0,1,30,66,125,165,290,29,16,49,50,125,216,0.431,0.433,0,0.431,0.455,0.441,haywobr01
Gerald Henderson,25,CHA,NBA,2012-13,68,58,2133,382,855,349,755,33,100,258,313,55,195,250,177,68,34,108,149,1055,0.447,0.462,0.33,0.466,0.824,0.531,hendege02
Xavier Henry,21,NOH,NBA,2012-13,50,2,625,66,161,62,150,4,11,58,92,21,69,90,13,16,5,31,72,194,0.41,0.413,0.364,0.422,0.63,0.481,henryxa01
John Henson,22,MIL,NBA,2012-13,63,9,827,162,336,162,333,0,3,56,105,116,181,297,31,19,42,47,83,380,0.482,0.486,0,0.482,0.533,0.497,hensojo01
Roy Hibbert,26,IND,NBA,2012-13,79,79,2269,385,859,384,855,1,4,166,224,296,360,656,113,39,206,162,279,937,0.448,0.449,0.25,0.449,0.741,0.489,hibbero01
J.J. Hickson,24,POR,NBA,2012-13,80,80,2323,418,744,418,742,0,2,182,268,266,562,828,88,48,51,145,160,1018,0.562,0.563,0,0.562,0.679,0.591,hicksjj01
Cory Higgins,23,CHA,NBA,2012-13,6,0,32,6,19,5,14,1,5,1,2,1,2,3,5,3,0,0,5,14,0.316,0.357,0.2,0.342,0.5,0.352,higgico01
Nene Hilario,30,WAS,NBA,2012-13,61,49,1659,285,594,285,593,0,1,196,269,101,306,407,177,55,37,139,171,766,0.48,0.481,0,0.48,0.729,0.538,hilarne01
George Hill,26,IND,NBA,2012-13,76,76,2620,386,871,256,518,130,353,174,213,47,237,284,355,81,26,116,134,1076,0.443,0.494,0.368,0.518,0.817,0.558,hillge01
Grant Hill,40,LAC,NBA,2012-13,29,0,437,38,98,35,87,3,11,14,24,6,43,49,26,11,7,25,39,93,0.388,0.402,0.273,0.403,0.583,0.428,hillgr01
Jordan Hill,25,LAL,NBA,2012-13,29,1,458,77,155,77,153,0,2,40,61,82,84,166,13,8,19,26,55,194,0.497,0.503,0,0.497,0.656,0.533,hilljo01
Kirk Hinrich,32,CHI,NBA,2012-13,60,60,1764,159,422,88,240,71,182,70,98,16,142,158,314,63,25,99,192,459,0.377,0.367,0.39,0.461,0.714,0.493,hinriki01
Jrue Holiday,22,PHI,NBA,2012-13,78,78,2926,555,1288,464,1041,91,247,182,242,89,240,329,625,123,32,292,170,1383,0.431,0.446,0.368,0.466,0.752,0.496,holidjr01
Justin Holiday,23,PHI,NBA,2012-13,9,0,142,16,48,12,32,4,16,6,8,0,14,14,15,3,6,9,7,42,0.333,0.375,0.25,0.375,0.75,0.408,holidju01
Ryan Hollins,28,LAC,NBA,2012-13,60,0,663,70,114,70,114,0,0,66,88,50,89,139,11,6,34,44,133,206,0.614,0.614,,0.614,0.75,0.674,holliry01
Tyler Honeycutt,22,SAC,NBA,2012-13,9,0,32,3,11,3,9,0,2,2,2,3,7,10,2,0,1,5,2,8,0.273,0.333,0,0.273,1,0.337,honeyty01
Al Horford,26,ATL,NBA,2012-13,74,74,2756,576,1060,573,1054,3,6,134,208,195,562,757,240,78,78,147,163,1289,0.543,0.544,0.5,0.545,0.644,0.56,horfoal01
Dwight Howard,27,LAL,NBA,2012-13,76,76,2722,470,813,469,807,1,6,355,721,251,694,945,108,84,186,225,291,1296,0.578,0.581,0.167,0.579,0.492,0.573,howardw01
Josh Howard,32,MIN,NBA,2012-13,11,4,207,31,77,26,61,5,16,7,12,9,27,36,4,10,3,10,18,74,0.403,0.426,0.313,0.435,0.583,0.45,howarjo01
Juwan Howard,39,MIA,NBA,2012-13,7,2,51,10,19,10,19,0,0,1,1,0,8,8,6,0,0,4,9,21,0.526,0.526,,0.526,1,0.54,howarju01
Kris Humphries,27,BRK,NBA,2012-13,65,21,1191,139,310,139,308,0,2,97,123,126,239,365,32,16,33,57,127,375,0.448,0.451,0,0.448,0.789,0.515,humphkr01
Serge Ibaka,23,OKC,NBA,2012-13,80,80,2486,446,778,426,721,20,57,143,191,222,395,617,43,28,242,125,213,1055,0.573,0.591,0.351,0.586,0.749,0.612,ibakase01
Andre Iguodala,29,DEN,NBA,2012-13,80,80,2779,396,879,305,592,91,287,155,270,82,341,423,433,139,52,206,127,1038,0.451,0.515,0.317,0.502,0.574,0.52,iguodan01
Ersan Ilyasova,25,MIL,NBA,2012-13,73,54,2012,371,803,276,589,95,214,125,157,154,366,520,117,68,36,75,185,962,0.462,0.469,0.444,0.521,0.796,0.552,ilyaser01
Kyrie Irving,20,CLE,NBA,2012-13,59,59,2048,484,1070,375,791,109,279,248,290,34,182,216,350,89,21,191,146,1325,0.452,0.474,0.391,0.503,0.855,0.553,irvinky01
Royal Ivey,31,PHI,NBA,2012-13,53,5,698,62,144,25,56,37,88,9,16,16,41,57,32,23,3,20,73,170,0.431,0.446,0.42,0.559,0.563,0.563,iveyro01
Jarrett Jack,29,GSW,NBA,2012-13,79,4,2349,387,857,305,654,82,203,167,198,21,222,243,439,60,11,157,134,1023,0.452,0.466,0.404,0.499,0.843,0.542,jackja01
Reggie Jackson,22,OKC,NBA,2012-13,70,0,993,149,325,125,221,24,104,52,62,21,145,166,122,29,13,53,84,374,0.458,0.566,0.231,0.495,0.839,0.531,jacksre01
Stephen Jackson,34,SAS,NBA,2012-13,55,6,1075,123,330,77,160,46,170,49,70,22,133,155,80,37,14,77,89,341,0.373,0.481,0.271,0.442,0.7,0.473,jacksst02
Bernard James,27,DAL,NBA,2012-13,46,11,457,53,103,53,101,0,2,25,41,52,79,131,6,12,38,18,64,131,0.515,0.525,0,0.515,0.61,0.541,jamesbe01
Damion James,25,BRK,NBA,2012-13,2,0,0,0,0,0,0,0,0,0,0,0,1,1,0,0,0,0,0,0,,,,,,,jamesda01
LeBron James,28,MIA,NBA,2012-13,76,76,2877,765,1354,662,1100,103,254,403,535,97,513,610,551,129,67,226,110,2036,0.565,0.602,0.406,0.603,0.753,0.64,jamesle01
Mike James,37,DAL,NBA,2012-13,45,23,862,101,271,53,146,48,125,23,29,9,63,72,139,26,3,55,95,273,0.373,0.363,0.384,0.461,0.793,0.481,jamesmi01
Antawn Jamison,36,LAL,NBA,2012-13,76,6,1636,267,575,183,342,84,233,94,136,109,253,362,50,30,22,53,124,712,0.464,0.535,0.361,0.537,0.691,0.561,jamisan01
Al Jefferson,28,UTA,NBA,2012-13,78,78,2578,611,1236,609,1219,2,17,167,217,156,564,720,164,80,89,105,170,1391,0.494,0.5,0.118,0.495,0.77,0.522,jeffeal01
Richard Jefferson,32,GSW,NBA,2012-13,56,1,568,62,136,48,91,14,45,38,53,5,79,84,31,14,7,23,45,176,0.456,0.527,0.311,0.507,0.717,0.552,jefferi01
Jared Jeffries,31,POR,NBA,2012-13,38,0,350,16,54,16,52,0,2,12,23,26,34,60,14,6,6,17,58,44,0.296,0.308,0,0.296,0.522,0.343,jeffrja01
Charles Jenkins,23,TOT,NBA,2012-13,59,1,441,49,121,48,119,1,2,12,22,8,24,32,44,15,2,21,22,111,0.405,0.403,0.5,0.409,0.545,0.425,jenkich01
John Jenkins,21,ATL,NBA,2012-13,61,2,902,131,294,78,156,53,138,59,70,17,77,94,56,12,10,40,37,374,0.446,0.5,0.384,0.536,0.843,0.576,jenkijo01
Brandon Jennings,23,MIL,NBA,2012-13,80,80,2897,497,1247,324,786,173,461,230,281,59,187,246,521,125,10,203,155,1397,0.399,0.412,0.375,0.468,0.819,0.51,jennibr01
Jonas Jerebko,25,DET,NBA,2012-13,49,2,892,142,316,117,233,25,83,68,88,68,117,185,43,38,8,42,90,377,0.449,0.502,0.301,0.489,0.773,0.531,jerebjo01
Amir Johnson,25,TOR,NBA,2012-13,81,38,2325,336,606,331,593,5,13,136,187,227,384,611,122,81,110,117,301,813,0.554,0.558,0.385,0.559,0.727,0.591,johnsam01
Chris Johnson,22,MEM,NBA,2012-13,8,0,102,11,25,5,7,6,18,1,2,5,6,11,2,4,0,3,5,29,0.44,0.714,0.333,0.56,0.5,0.56,johnsch04
Chris Johnson,27,MIN,NBA,2012-13,30,0,284,48,75,48,75,0,0,21,34,20,40,60,8,7,28,13,49,117,0.64,0.64,,0.64,0.618,0.65,johnsch03
Ivan Johnson,28,ATL,NBA,2012-13,69,5,1035,185,356,184,343,1,13,81,131,76,190,266,46,56,14,71,131,452,0.52,0.536,0.077,0.521,0.618,0.546,johnsiv01
James Johnson,25,SAC,NBA,2012-13,54,11,878,117,283,115,262,2,21,40,67,49,96,145,58,41,50,68,99,276,0.413,0.439,0.095,0.417,0.597,0.442,johnsja01
Joe Johnson,31,BRK,NBA,2012-13,72,72,2642,445,1052,297,657,148,395,132,161,53,165,218,253,49,14,123,99,1170,0.423,0.452,0.375,0.493,0.82,0.521,johnsjo02
Orlando Johnson,23,IND,NBA,2012-13,51,0,619,72,180,36,86,36,94,23,32,20,90,110,47,11,9,29,51,203,0.4,0.419,0.383,0.5,0.719,0.523,johnsor01
Wesley Johnson,25,PHO,NBA,2012-13,50,21,953,161,396,111,241,50,155,27,35,21,102,123,34,22,18,48,56,399,0.407,0.461,0.323,0.47,0.771,0.485,johnswe01
Darius Johnson-Odom,23,LAL,NBA,2012-13,4,0,6,0,4,0,3,0,1,0,0,1,3,4,1,0,0,0,0,0,0,0,0,0,,0,johnsda03
Dahntay Jones,32,TOT,NBA,2012-13,78,19,1016,82,222,71,173,11,49,87,113,24,77,101,48,22,6,38,119,262,0.369,0.41,0.224,0.394,0.77,0.482,jonesda02
DeQuan Jones,22,ORL,NBA,2012-13,63,17,803,95,218,86,183,9,35,34,51,17,88,105,16,19,22,30,55,233,0.436,0.47,0.257,0.456,0.667,0.485,jonesde01
Dominique Jones,24,DAL,NBA,2012-13,29,3,338,40,109,39,100,1,9,35,53,18,27,45,83,14,2,38,29,116,0.367,0.39,0.111,0.372,0.66,0.438,jonesdo02
James Jones,32,MIA,NBA,2012-13,38,0,221,21,61,5,8,16,53,2,4,0,22,22,13,2,6,3,16,60,0.344,0.625,0.302,0.475,0.5,0.478,jonesja02
Kevin Jones,23,CLE,NBA,2012-13,32,0,334,43,107,43,107,0,0,9,15,38,40,78,10,9,5,8,25,95,0.402,0.402,,0.402,0.6,0.418,joneske01
Perry Jones,21,OKC,NBA,2012-13,38,1,280,39,99,39,97,0,2,10,15,12,50,62,10,5,6,15,23,88,0.394,0.402,0,0.394,0.667,0.417,jonespe01
Solomon Jones,28,NYK,NBA,2012-13,2,1,26,0,1,0,1,0,0,0,0,1,2,3,0,0,1,3,3,0,0,0,,0,,0,jonesso01
Terrence Jones,21,HOU,NBA,2012-13,19,0,276,43,94,38,75,5,19,13,17,28,37,65,15,12,19,13,21,104,0.457,0.507,0.263,0.484,0.765,0.512,joneste01
DeAndre Jordan,24,LAC,NBA,2012-13,82,82,2010,314,488,314,488,0,0,96,249,210,384,594,28,48,112,100,192,724,0.643,0.643,,0.643,0.386,0.606,jordade01
Cory Joseph,21,SAS,NBA,2012-13,28,9,388,51,110,45,89,6,21,18,21,12,40,52,53,15,4,21,25,126,0.464,0.506,0.286,0.491,0.857,0.528,josepco01
Kris Joseph,24,TOT,NBA,2012-13,10,0,54,2,14,2,11,0,3,5,8,1,6,7,1,3,0,2,3,9,0.143,0.182,0,0.143,0.625,0.257,josepkr01
Chris Kaman,30,DAL,NBA,2012-13,66,52,1363,313,617,313,616,0,1,67,85,97,275,372,51,29,52,103,141,693,0.507,0.508,0,0.507,0.788,0.529,kamanch01
Enes Kanter,20,UTA,NBA,2012-13,70,2,1078,206,379,205,378,1,1,93,117,135,169,304,31,28,32,101,116,506,0.544,0.542,1,0.545,0.795,0.588,kanteen01
Jason Kidd,39,NYK,NBA,2012-13,76,48,2043,152,409,38,84,114,325,40,48,50,273,323,249,125,25,76,125,458,0.372,0.452,0.351,0.511,0.833,0.532,kiddja01
Michael Kidd-Gilchrist,19,CHA,NBA,2012-13,78,77,2025,281,613,279,604,2,9,140,187,131,324,455,117,54,70,101,164,704,0.458,0.462,0.222,0.46,0.749,0.506,kiddgmi01
Andrei Kirilenko,31,MIN,NBA,2012-13,64,64,2034,284,560,249,440,35,120,188,250,102,260,362,177,96,62,119,82,791,0.507,0.566,0.292,0.538,0.752,0.59,kirilan01
Linas Kleiza,28,TOR,NBA,2012-13,20,3,376,48,144,28,78,20,66,32,38,10,42,52,16,4,2,14,45,148,0.333,0.359,0.303,0.403,0.842,0.46,kleizli01
Brandon Knight,21,DET,NBA,2012-13,75,75,2365,357,878,237,551,120,327,165,225,54,193,247,303,58,8,205,157,999,0.407,0.43,0.367,0.475,0.733,0.511,knighbr03
Kyle Korver,31,ATL,NBA,2012-13,74,60,2259,277,601,88,187,189,414,67,78,23,270,293,146,70,37,70,170,810,0.461,0.471,0.457,0.618,0.859,0.637,korveky01
Kosta Koufos,23,DEN,NBA,2012-13,81,81,1817,295,508,295,507,0,1,58,104,211,351,562,32,44,103,53,246,648,0.581,0.582,0,0.581,0.558,0.585,koufoko01
Viacheslav Kravtsov,25,DET,NBA,2012-13,25,0,224,33,46,33,46,0,0,11,37,24,21,45,9,5,9,14,32,77,0.717,0.717,,0.717,0.297,0.618,kravtvi01
Doron Lamb,21,TOT,NBA,2012-13,47,0,577,60,163,46,126,14,37,20,34,8,38,46,32,13,0,26,52,154,0.368,0.365,0.378,0.411,0.588,0.433,lambdo01
Jeremy Lamb,20,OKC,NBA,2012-13,23,0,147,24,68,15,38,9,30,14,14,5,13,18,5,2,2,6,13,71,0.353,0.395,0.3,0.419,1,0.479,lambje01
Carl Landry,29,GSW,NBA,2012-13,81,2,1876,325,602,324,599,1,3,223,273,180,303,483,65,35,31,115,190,874,0.54,0.541,0.333,0.541,0.817,0.605,landrca01
Ty Lawson,25,DEN,NBA,2012-13,73,71,2513,448,971,363,739,85,232,235,311,36,162,198,501,107,8,182,135,1216,0.461,0.491,0.366,0.505,0.756,0.549,lawsoty01
Courtney Lee,27,BOS,NBA,2012-13,78,39,1941,246,530,188,374,58,156,62,72,31,159,190,143,89,21,84,139,612,0.464,0.503,0.372,0.519,0.861,0.545,leeco01
David Lee,29,GSW,NBA,2012-13,79,79,2907,602,1160,602,1156,0,4,255,320,218,668,886,279,67,22,207,246,1459,0.519,0.521,0,0.519,0.797,0.561,leeda02
Malcolm Lee,22,MIN,NBA,2012-13,16,12,289,29,76,21,52,8,24,12,20,15,24,39,20,12,6,10,30,78,0.382,0.404,0.333,0.434,0.6,0.46,leema01
Kawhi Leonard,21,SAS,NBA,2012-13,58,57,1810,260,526,195,352,65,174,104,126,63,283,346,93,97,32,62,99,689,0.494,0.554,0.374,0.556,0.825,0.592,leonaka01
Meyers Leonard,20,POR,NBA,2012-13,69,9,1206,151,277,148,270,3,7,72,89,80,175,255,33,11,38,49,168,377,0.545,0.548,0.429,0.551,0.809,0.596,leoname01
Jon Leuer,23,TOT,NBA,2012-13,28,0,187,25,52,25,49,0,3,6,13,13,24,37,8,6,0,8,21,56,0.481,0.51,0,0.481,0.462,0.485,leuerjo01
Rashard Lewis,33,MIA,NBA,2012-13,55,9,792,103,249,52,118,51,131,28,45,19,102,121,30,21,14,33,67,285,0.414,0.441,0.389,0.516,0.622,0.53,lewisra02
DeAndre Liggins,24,OKC,NBA,2012-13,39,1,290,21,47,14,28,7,19,9,18,13,40,53,15,18,3,14,33,58,0.447,0.5,0.368,0.521,0.5,0.528,liggide01
Damian Lillard,22,POR,NBA,2012-13,82,82,3167,553,1288,368,785,185,503,271,321,42,215,257,531,74,19,243,172,1562,0.429,0.469,0.368,0.501,0.844,0.546,lillada01
Jeremy Lin,24,HOU,NBA,2012-13,82,82,2640,396,897,309,640,87,257,216,275,32,215,247,497,134,29,236,205,1095,0.441,0.483,0.339,0.49,0.785,0.538,linje01
Shaun Livingston,27,TOT,NBA,2012-13,66,16,1455,166,346,166,342,0,4,85,98,31,127,158,215,48,31,76,127,417,0.48,0.485,0,0.48,0.867,0.536,livinsh01
Brook Lopez,24,BRK,NBA,2012-13,74,74,2253,570,1094,570,1093,0,1,297,392,208,304,512,70,33,154,131,152,1437,0.521,0.522,0,0.521,0.758,0.567,lopezbr01
Robin Lopez,24,NOH,NBA,2012-13,82,82,2136,384,719,384,719,0,0,161,207,226,236,462,64,32,128,110,167,929,0.534,0.534,,0.534,0.778,0.573,lopezro01
Kevin Love,24,MIN,NBA,2012-13,18,18,618,105,298,85,206,20,92,100,142,64,188,252,42,13,9,39,34,330,0.352,0.413,0.217,0.386,0.704,0.458,loveke01
Kyle Lowry,26,TOR,NBA,2012-13,68,52,2020,250,623,149,344,101,279,190,239,56,265,321,435,94,24,157,218,791,0.401,0.433,0.362,0.482,0.795,0.543,lowryky01
John Lucas III,30,TOR,NBA,2012-13,63,0,827,129,334,72,183,57,151,18,25,8,57,65,105,23,1,26,50,333,0.386,0.393,0.377,0.472,0.72,0.483,lucasjo02
Scott Machado,22,HOU,NBA,2012-13,6,0,21,3,6,3,5,0,1,2,2,0,1,1,6,2,0,8,0,8,0.5,0.6,0,0.5,1,0.581,machasc01
Shelvin Mack,22,TOT,NBA,2012-13,31,3,416,58,126,40,77,18,49,9,16,3,37,40,68,15,0,34,39,143,0.46,0.519,0.367,0.532,0.563,0.537,macksh01
Corey Maggette,33,DET,NBA,2012-13,18,0,257,27,76,22,55,5,21,36,48,5,20,25,19,6,2,17,42,95,0.355,0.4,0.238,0.388,0.75,0.489,maggeco01
Ian Mahinmi,26,IND,NBA,2012-13,80,2,1322,149,329,149,327,0,2,104,171,115,196,311,27,39,66,92,201,402,0.453,0.456,0,0.453,0.608,0.497,mahinia01
Shawn Marion,34,DAL,NBA,2012-13,67,67,2010,355,690,332,617,23,73,79,101,146,379,525,163,75,47,103,111,812,0.514,0.538,0.315,0.531,0.782,0.553,mariosh01
Kendall Marshall,21,PHO,NBA,2012-13,48,3,702,56,151,33,78,23,73,8,14,4,38,42,143,22,4,57,48,143,0.371,0.423,0.315,0.447,0.571,0.455,marshke01
Cartier Martin,28,WAS,NBA,2012-13,41,3,694,96,252,38,106,58,146,20,28,11,89,100,20,19,6,32,58,270,0.381,0.358,0.397,0.496,0.714,0.511,martica01
Kenyon Martin,35,NYK,NBA,2012-13,18,11,431,56,93,56,93,0,0,17,40,34,61,95,8,16,17,16,64,129,0.602,0.602,,0.602,0.425,0.583,martike01
Kevin Martin,29,OKC,NBA,2012-13,77,0,2136,350,778,192,407,158,371,219,246,31,147,178,106,72,8,101,138,1077,0.45,0.472,0.426,0.551,0.89,0.608,martike02
Roger Mason,32,NOH,NBA,2012-13,69,13,1219,132,305,66,146,66,159,39,43,11,121,132,74,26,11,51,104,369,0.433,0.452,0.415,0.541,0.907,0.57,masonro01
Wesley Matthews,26,POR,NBA,2012-13,69,69,2403,352,808,183,383,169,425,149,187,35,156,191,174,90,18,109,172,1022,0.436,0.478,0.398,0.54,0.797,0.574,matthwe02
Jason Maxiell,29,DET,NBA,2012-13,72,71,1789,204,457,204,457,0,0,90,145,135,274,409,54,32,95,81,172,498,0.446,0.446,,0.446,0.621,0.478,maxieja01
Eric Maynor,25,TOT,NBA,2012-13,64,0,963,106,281,72,185,34,96,45,62,9,37,46,182,22,1,79,55,291,0.377,0.389,0.354,0.438,0.726,0.472,maynoer01
O.J. Mayo,25,DAL,NBA,2012-13,82,82,2913,461,1026,319,677,142,349,191,233,36,255,291,361,93,23,210,195,1255,0.449,0.471,0.407,0.519,0.82,0.556,mayooj01
Luc Mbah a Moute,26,MIL,NBA,2012-13,58,45,1326,151,377,138,340,13,37,72,126,89,167,256,55,42,14,70,82,387,0.401,0.406,0.351,0.418,0.571,0.447,mbahalu01
JaVale McGee,25,DEN,NBA,2012-13,79,0,1433,303,527,302,526,1,1,110,186,158,223,381,24,30,157,90,184,717,0.575,0.574,1,0.576,0.591,0.589,mcgeeja01
Dominic McGuire,27,TOT,NBA,2012-13,26,10,387,24,56,24,56,0,0,3,10,19,59,78,20,13,11,12,39,51,0.429,0.429,,0.429,0.3,0.422,mcguido01
Josh McRoberts,25,TOT,NBA,2012-13,67,22,1487,156,343,132,259,24,84,65,85,93,232,325,141,32,27,66,131,401,0.455,0.51,0.286,0.49,0.765,0.527,mcrobjo01
Jodie Meeks,25,LAL,NBA,2012-13,78,10,1663,205,530,83,188,122,342,86,96,37,134,171,69,58,5,52,103,618,0.387,0.441,0.357,0.502,0.896,0.54,meeksjo01
Fab Melo,22,BOS,NBA,2012-13,6,0,36,3,6,3,6,0,0,1,4,0,3,3,0,2,2,1,7,7,0.5,0.5,,0.5,0.25,0.451,melofa01
Khris Middleton,21,DET,NBA,2012-13,27,0,475,62,141,48,96,14,45,27,32,4,46,50,28,15,4,11,53,165,0.44,0.5,0.311,0.489,0.844,0.532,middlkh01
C.J. Miles,25,CLE,NBA,2012-13,65,13,1364,255,614,129,286,126,328,93,107,24,150,174,63,49,17,69,138,729,0.415,0.451,0.384,0.518,0.869,0.551,milescj01
Darko Milicic,27,BOS,NBA,2012-13,1,0,5,0,1,0,1,0,0,0,0,0,1,1,0,0,0,2,1,0,0,0,,0,,0,milicda01
Andre Miller,36,DEN,NBA,2012-13,82,11,2151,303,632,286,568,17,64,163,194,60,178,238,484,73,11,172,159,786,0.479,0.504,0.266,0.493,0.84,0.548,millean02
Darius Miller,22,NOH,NBA,2012-13,52,2,694,44,108,22,52,22,56,8,8,8,70,78,44,17,12,23,89,118,0.407,0.423,0.393,0.509,1,0.529,milleda01
Mike Miller,32,MIA,NBA,2012-13,59,17,900,100,231,27,56,73,175,8,11,18,139,157,99,21,4,35,63,281,0.433,0.482,0.417,0.591,0.727,0.596,millemi01
Quincy Miller,20,DEN,NBA,2012-13,7,0,26,4,12,4,11,0,1,1,2,1,1,2,3,1,0,1,3,9,0.333,0.364,0,0.333,0.5,0.349,millequ01
Patty Mills,24,SAS,NBA,2012-13,58,2,656,113,241,61,111,52,130,16,19,9,41,50,62,26,4,39,55,294,0.469,0.55,0.4,0.577,0.842,0.59,millspa02
Paul Millsap,27,UTA,NBA,2012-13,78,78,2375,429,875,416,836,13,39,264,356,177,377,554,201,102,80,138,232,1135,0.49,0.498,0.333,0.498,0.742,0.55,millspa01
Nazr Mohammed,35,CHI,NBA,2012-13,63,12,693,66,180,66,178,0,2,34,47,73,122,195,26,21,32,24,97,166,0.367,0.371,0,0.367,0.723,0.414,mohamna01
Greg Monroe,22,DET,NBA,2012-13,81,81,2687,514,1058,514,1054,0,4,270,392,236,541,777,281,105,55,234,190,1298,0.486,0.488,0,0.486,0.689,0.527,monrogr01
E'Twaun Moore,23,ORL,NBA,2012-13,75,21,1682,237,598,170,401,67,197,47,59,48,119,167,206,51,23,105,122,588,0.396,0.424,0.34,0.452,0.797,0.471,mooreet01
Darius Morris,22,LAL,NBA,2012-13,48,17,683,73,188,49,122,24,66,24,37,24,33,57,76,21,2,45,58,194,0.388,0.402,0.364,0.452,0.649,0.475,morrida01
Marcus Morris,23,TOT,NBA,2012-13,77,23,1524,222,526,136,293,86,233,66,117,80,197,277,62,45,20,77,160,596,0.422,0.464,0.369,0.504,0.564,0.516,morrima03
Markieff Morris,23,PHO,NBA,2012-13,82,32,1837,266,653,221,519,45,134,93,127,131,265,396,108,77,64,104,209,670,0.407,0.426,0.336,0.442,0.732,0.473,morrima02
Anthony Morrow,27,TOT,NBA,2012-13,41,1,383,64,145,48,102,16,43,20,22,11,19,30,13,13,1,8,43,164,0.441,0.471,0.372,0.497,0.909,0.53,morroan01
Donatas Motiejunas,22,HOU,NBA,2012-13,44,14,538,97,213,73,130,24,83,32,51,36,57,93,31,7,10,37,73,250,0.455,0.562,0.289,0.512,0.627,0.531,motiedo01
Arnett Moultrie,22,PHI,NBA,2012-13,47,0,542,78,134,78,134,0,0,18,28,76,69,145,10,17,10,19,43,174,0.582,0.582,,0.582,0.643,0.595,moultar01
Timofey Mozgov,26,DEN,NBA,2012-13,41,1,366,44,87,44,85,0,2,20,26,50,57,107,9,6,18,25,57,108,0.506,0.518,0,0.506,0.769,0.549,mozgoti01
Byron Mullens,23,CHA,NBA,2012-13,53,41,1428,217,563,151,355,66,208,64,99,71,266,337,81,34,32,74,110,564,0.385,0.425,0.317,0.444,0.646,0.465,mulleby01
Kevin Murphy,22,UTA,NBA,2012-13,17,0,52,7,28,6,23,1,5,0,0,0,4,4,2,1,0,3,4,15,0.25,0.261,0.2,0.268,,0.268,murphke01
Troy Murphy,32,DAL,NBA,2012-13,14,1,256,22,61,11,26,11,35,10,11,7,42,49,7,10,6,7,29,65,0.361,0.423,0.314,0.451,0.909,0.494,murphtr01
Steve Nash,38,LAL,NBA,2012-13,50,50,1627,236,475,179,345,57,130,107,116,26,116,142,333,30,5,126,70,636,0.497,0.519,0.438,0.557,0.922,0.605,nashst01
Gary Neal,28,SAS,NBA,2012-13,68,17,1484,246,597,157,346,89,251,64,74,13,130,143,129,30,2,69,93,645,0.412,0.454,0.355,0.487,0.865,0.512,nealga01
Jameer Nelson,30,ORL,NBA,2012-13,56,56,1977,306,780,185,425,121,355,89,102,23,186,209,413,71,6,154,161,822,0.392,0.435,0.341,0.47,0.873,0.498,nelsoja01
Andrew Nicholson,23,ORL,NBA,2012-13,75,28,1249,256,486,256,486,0,0,75,94,69,189,258,44,24,32,79,133,587,0.527,0.527,,0.527,0.798,0.557,nichoan01
Joakim Noah,27,CHI,NBA,2012-13,66,64,2426,303,630,303,625,0,5,178,237,260,473,733,262,78,141,176,185,784,0.481,0.485,0,0.481,0.751,0.534,noahjo01
Steve Novak,29,NYK,NBA,2012-13,81,1,1641,178,430,29,79,149,351,30,33,17,135,152,35,28,8,12,97,535,0.414,0.367,0.425,0.587,0.909,0.602,novakst01
Dirk Nowitzki,34,DAL,NBA,2012-13,53,47,1661,343,728,278,571,65,157,166,193,37,326,363,132,38,37,70,93,917,0.471,0.487,0.414,0.516,0.86,0.564,nowitdi01
Jermaine O'Neal,34,PHO,NBA,2012-13,55,4,1029,179,371,179,371,0,0,96,115,82,211,293,42,19,78,73,126,454,0.482,0.482,,0.482,0.835,0.538,onealje01
Kyle O'Quinn,22,ORL,NBA,2012-13,57,5,638,101,197,101,196,0,1,30,45,65,144,209,52,11,26,37,107,232,0.513,0.515,0,0.513,0.667,0.535,oquinky01
Lamar Odom,33,LAC,NBA,2012-13,82,2,1616,146,366,128,276,18,90,20,42,117,363,480,142,69,58,86,214,330,0.399,0.464,0.2,0.423,0.476,0.429,odomla01
Tim Ohlbrecht,24,HOU,NBA,2012-13,3,0,12,1,3,1,3,0,0,1,1,0,1,1,1,1,0,4,1,3,0.333,0.333,,0.333,1,0.436,ohlbrti01
Emeka Okafor,30,WAS,NBA,2012-13,79,77,2052,328,687,328,687,0,0,109,191,199,493,692,93,45,77,107,145,765,0.477,0.477,,0.477,0.571,0.496,okafoem01
Daniel Orton,22,OKC,NBA,2012-13,13,0,104,12,26,12,26,0,0,9,17,13,13,26,4,4,3,4,13,33,0.462,0.462,,0.462,0.529,0.493,ortonda01
Travis Outlaw,28,SAC,NBA,2012-13,38,2,444,74,177,60,127,14,50,38,52,17,44,61,21,11,8,19,35,200,0.418,0.472,0.28,0.458,0.731,0.5,outlatr01
Zaza Pachulia,28,ATL,NBA,2012-13,52,15,1134,114,241,114,238,0,3,78,103,132,204,336,79,35,12,70,128,306,0.473,0.479,0,0.473,0.757,0.534,pachuza01
Jannero Pargo,33,TOT,NBA,2012-13,32,0,507,78,212,39,96,39,116,12,13,10,25,35,67,18,3,41,42,207,0.368,0.406,0.336,0.46,0.923,0.475,pargoja01
Jeremy Pargo,26,TOT,NBA,2012-13,39,11,655,99,250,74,176,25,74,42,62,8,41,49,92,13,2,50,46,265,0.396,0.42,0.338,0.446,0.677,0.478,pargoje01
Tony Parker,30,SAS,NBA,2012-13,66,66,2174,519,995,495,927,24,68,279,330,18,180,198,499,54,6,170,92,1341,0.522,0.534,0.353,0.534,0.845,0.588,parketo01
Chandler Parsons,24,HOU,NBA,2012-13,76,76,2758,456,939,304,544,152,395,113,155,79,325,404,269,75,32,147,148,1177,0.486,0.559,0.385,0.567,0.729,0.584,parsoch01
Patrick Patterson,23,TOT,NBA,2012-13,71,41,1775,319,623,268,491,51,132,48,63,113,224,337,81,31,40,61,138,737,0.512,0.546,0.386,0.553,0.762,0.566,pattepa01
Chris Paul,27,LAC,NBA,2012-13,70,70,2335,412,856,336,624,76,232,286,323,53,209,262,678,169,10,159,143,1186,0.481,0.538,0.328,0.526,0.885,0.594,paulch01
Sasha Pavlovic,29,POR,NBA,2012-13,39,1,528,42,119,24,59,18,60,1,6,7,49,56,32,24,5,14,59,103,0.353,0.407,0.3,0.429,0.167,0.423,pavloal01
Nikola Pekovic,27,MIN,NBA,2012-13,62,62,1959,385,741,385,741,0,0,241,324,230,315,545,53,43,50,101,143,1011,0.52,0.52,,0.52,0.744,0.572,pekovni01
Kendrick Perkins,28,OKC,NBA,2012-13,78,78,1954,143,313,143,312,0,1,44,72,110,356,466,111,43,83,109,227,330,0.457,0.458,0,0.457,0.611,0.479,perkike01
Johan Petro,27,ATL,NBA,2012-13,31,8,352,48,110,47,106,1,4,11,12,33,79,112,16,10,9,24,48,108,0.436,0.443,0.25,0.441,0.917,0.468,petrojo01
Paul Pierce,35,BOS,NBA,2012-13,77,77,2575,476,1092,331,710,145,382,333,423,45,442,487,370,84,30,214,210,1430,0.436,0.466,0.38,0.502,0.787,0.559,piercpa01
Mickael Pietrus,30,TOR,NBA,2012-13,19,16,386,34,98,14,34,20,64,12,18,5,31,36,9,12,6,16,33,100,0.347,0.412,0.313,0.449,0.667,0.472,pietrmi01
Dexter Pittman,24,TOT,NBA,2012-13,11,0,32,4,11,4,11,0,0,0,3,7,5,12,0,0,0,3,8,8,0.364,0.364,,0.364,0,0.325,pittmde01
Miles Plumlee,24,IND,NBA,2012-13,14,0,55,5,21,5,21,0,0,3,4,12,10,22,2,0,3,3,5,13,0.238,0.238,,0.238,0.75,0.286,plumlmi01
Quincy Pondexter,24,MEM,NBA,2012-13,59,1,1243,128,299,68,147,60,152,59,75,43,89,132,61,35,6,42,95,375,0.428,0.463,0.395,0.528,0.787,0.565,pondequ01
A.J. Price,26,WAS,NBA,2012-13,57,22,1278,161,413,91,213,70,200,49,62,20,94,114,205,33,3,64,73,441,0.39,0.427,0.35,0.475,0.79,0.501,priceaj01
Ronnie Price,29,POR,NBA,2012-13,39,0,510,39,120,29,81,10,39,17,24,13,31,44,73,26,3,34,61,105,0.325,0.358,0.256,0.367,0.708,0.402,pricero01
Pablo Prigioni,35,NYK,NBA,2012-13,78,18,1263,100,220,47,86,53,134,22,25,41,102,143,236,69,2,86,127,275,0.455,0.547,0.396,0.575,0.88,0.595,prigipa01
Tayshaun Prince,32,TOT,NBA,2012-13,82,81,2631,359,820,321,726,38,94,96,130,72,292,364,196,48,25,89,86,852,0.438,0.442,0.404,0.461,0.738,0.486,princta01
Joel Przybilla,33,MIL,NBA,2012-13,12,1,68,1,4,1,4,0,0,0,2,5,16,21,4,1,2,4,10,2,0.25,0.25,,0.25,0,0.205,przybjo01
Chris Quinn,29,CLE,NBA,2012-13,7,0,78,4,16,4,11,0,5,2,2,1,1,2,9,3,0,6,4,10,0.25,0.364,0,0.25,1,0.296,quinnch01
Vladimir Radmanovic,32,CHI,NBA,2012-13,25,0,144,13,43,8,16,5,27,2,3,10,18,28,8,8,4,7,29,33,0.302,0.5,0.185,0.36,0.667,0.372,radmavl01
Anthony Randolph,23,DEN,NBA,2012-13,39,0,329,56,114,56,106,0,8,31,45,29,66,95,12,19,21,37,41,143,0.491,0.528,0,0.491,0.689,0.534,randoan01
Shavlik Randolph,29,BOS,NBA,2012-13,16,0,198,28,48,28,48,0,0,11,27,28,42,70,4,8,7,10,38,67,0.583,0.583,,0.583,0.407,0.559,randosh01
Zach Randolph,31,MEM,NBA,2012-13,76,75,2607,471,1024,469,1001,2,23,225,300,310,544,854,108,61,31,150,180,1169,0.46,0.469,0.087,0.461,0.75,0.506,randoza01
J.J. Redick,28,TOT,NBA,2012-13,78,13,2379,382,880,217,429,165,451,171,190,17,154,171,296,38,9,138,117,1100,0.434,0.506,0.366,0.528,0.9,0.571,redicjj01
Jason Richardson,32,PHI,NBA,2012-13,33,33,936,135,336,78,169,57,167,20,33,19,108,127,51,40,15,26,57,347,0.402,0.462,0.341,0.487,0.606,0.495,richaja01
Quentin Richardson,32,NYK,NBA,2012-13,1,0,29,1,11,0,7,1,4,2,2,5,5,10,1,0,0,2,1,5,0.091,0,0.25,0.136,1,0.21,richaqu01
Luke Ridnour,31,MIN,NBA,2012-13,82,82,2474,367,811,301,599,66,212,139,164,41,165,206,311,82,15,130,187,939,0.453,0.503,0.311,0.493,0.848,0.532,ridnolu01
Austin Rivers,20,NOH,NBA,2012-13,61,26,1418,145,390,117,304,28,86,59,108,16,93,109,127,26,9,74,122,377,0.372,0.385,0.326,0.408,0.546,0.431,riverau01
Brian Roberts,27,NOH,NBA,2012-13,78,5,1324,213,511,154,358,59,153,70,77,17,80,97,219,37,3,71,108,555,0.417,0.43,0.386,0.475,0.909,0.509,roberbr01
Nate Robinson,28,CHI,NBA,2012-13,82,23,2086,399,921,258,573,141,348,135,169,29,155,184,358,85,10,144,207,1074,0.433,0.45,0.405,0.51,0.799,0.54,robinna01
Thomas Robinson,21,TOT,NBA,2012-13,70,0,1056,138,321,138,320,0,1,57,109,122,193,315,46,41,26,88,124,333,0.43,0.431,0,0.43,0.523,0.451,robinth01
Rajon Rondo,26,BOS,NBA,2012-13,38,38,1423,225,465,213,415,12,50,60,93,43,169,212,420,70,9,148,96,522,0.484,0.513,0.24,0.497,0.645,0.516,rondora01
Terrence Ross,21,TOR,NBA,2012-13,73,2,1239,186,457,121,261,65,196,30,42,35,109,144,53,43,14,48,122,467,0.407,0.464,0.332,0.478,0.714,0.491,rosste01
Brandon Roy,28,MIN,NBA,2012-13,5,5,122,11,35,11,26,0,9,7,10,3,11,14,23,3,0,7,5,29,0.314,0.423,0,0.314,0.7,0.368,roybr01
Ricky Rubio,22,MIN,NBA,2012-13,57,47,1691,185,514,158,422,27,92,211,264,44,185,229,418,137,5,172,143,608,0.36,0.374,0.293,0.386,0.799,0.482,rubiori01
Brandon Rush,27,GSW,NBA,2012-13,2,0,25,6,9,6,7,0,2,2,3,0,1,1,2,0,0,3,5,14,0.667,0.857,0,0.667,0.667,0.678,rushbr01
Robert Sacre,23,LAL,NBA,2012-13,32,3,203,18,48,18,48,0,0,7,11,9,25,34,6,0,10,10,38,43,0.375,0.375,,0.375,0.636,0.407,sacrero01
John Salmons,33,SAC,NBA,2012-13,76,72,2278,244,612,145,345,99,267,85,110,33,174,207,226,51,25,85,143,672,0.399,0.42,0.371,0.48,0.773,0.509,salmojo01
Samardo Samuels,24,CLE,NBA,2012-13,18,1,196,22,60,22,59,0,1,14,24,10,18,28,8,3,3,6,30,58,0.367,0.373,0,0.367,0.583,0.411,samuesa01
Larry Sanders,24,MIL,NBA,2012-13,71,55,1937,306,605,306,603,0,2,84,136,224,448,672,83,53,201,87,233,696,0.506,0.507,0,0.506,0.618,0.523,sandela01
Luis Scola,32,PHO,NBA,2012-13,82,67,2184,432,915,429,899,3,16,181,230,158,383,541,182,67,35,126,257,1048,0.472,0.477,0.188,0.474,0.787,0.516,scolalu01
Mike Scott,24,ATL,NBA,2012-13,40,1,376,70,147,70,146,0,1,43,56,39,71,110,12,4,2,21,32,183,0.476,0.479,0,0.476,0.768,0.533,scottmi01
Thabo Sefolosha,28,OKC,NBA,2012-13,81,81,2229,224,466,116,208,108,258,57,69,58,259,317,125,103,44,64,177,613,0.481,0.558,0.419,0.597,0.826,0.617,sefolth01
Josh Selby,21,MEM,NBA,2012-13,10,0,59,6,22,5,16,1,6,7,11,0,5,5,4,2,0,7,7,20,0.273,0.313,0.167,0.295,0.636,0.373,selbyjo01
Kevin Seraphin,23,WAS,NBA,2012-13,79,8,1721,330,716,330,716,0,0,61,88,107,239,346,57,24,59,130,211,721,0.461,0.461,,0.461,0.693,0.478,serapke01
Ramon Sessions,26,CHA,NBA,2012-13,61,0,1652,276,676,243,569,33,107,291,347,27,142,169,230,48,7,104,91,876,0.408,0.427,0.308,0.433,0.839,0.529,sessira01
Tornike Shengelia,21,BRK,NBA,2012-13,19,0,93,10,23,9,21,1,2,9,16,9,14,23,3,3,1,11,11,30,0.435,0.429,0.5,0.457,0.563,0.499,shengto01
Iman Shumpert,22,NYK,NBA,2012-13,45,45,996,109,275,58,148,51,127,36,47,31,105,136,75,43,7,37,99,305,0.396,0.392,0.402,0.489,0.766,0.516,shumpim01
Alexey Shved,24,MIN,NBA,2012-13,77,16,1840,236,635,151,347,85,288,108,150,41,134,175,286,54,27,147,117,665,0.372,0.435,0.295,0.439,0.72,0.474,shvedal01
Henry Sims,22,NOH,NBA,2012-13,2,0,5,2,3,2,3,0,0,0,0,2,0,2,0,0,0,1,1,4,0.667,0.667,,0.667,,0.667,simshe01
Kyle Singler,24,DET,NBA,2012-13,82,74,2293,275,642,205,442,70,200,100,124,109,221,330,77,57,37,98,217,720,0.428,0.464,0.35,0.483,0.806,0.517,singlky01
Chris Singleton,23,WAS,NBA,2012-13,57,11,924,92,241,85,205,7,36,40,70,51,133,184,37,38,24,45,124,231,0.382,0.415,0.194,0.396,0.571,0.425,singlch01
Donald Sloan,25,TOT,NBA,2012-13,23,0,263,27,78,20,59,7,19,20,25,3,25,28,38,5,0,14,17,81,0.346,0.339,0.368,0.391,0.8,0.455,sloando01
Greg Smith,22,HOU,NBA,2012-13,70,10,1110,170,274,170,273,0,1,81,130,111,210,321,25,18,40,41,175,421,0.62,0.623,0,0.62,0.623,0.636,smithgr02
Ish Smith,24,TOT,NBA,2012-13,52,3,516,56,159,48,132,8,27,3,7,12,49,61,87,21,9,37,26,123,0.352,0.364,0.296,0.377,0.429,0.379,smithis01
J.R. Smith,27,NYK,NBA,2012-13,80,0,2678,527,1249,372,813,155,436,237,311,64,361,425,218,100,24,134,226,1446,0.422,0.458,0.356,0.484,0.762,0.522,smithjr01
Jason Smith,26,NOH,NBA,2012-13,51,0,876,167,341,167,337,0,4,86,102,64,122,186,34,15,45,55,123,420,0.49,0.496,0,0.49,0.843,0.544,smithja02
Josh Smith,27,ATL,NBA,2012-13,76,76,2683,550,1182,489,981,61,201,166,321,133,506,639,321,94,136,226,175,1327,0.465,0.498,0.303,0.491,0.517,0.501,smithjo03
Nolan Smith,24,POR,NBA,2012-13,40,0,288,42,114,36,86,6,28,20,28,7,20,27,35,7,1,29,26,110,0.368,0.419,0.214,0.395,0.714,0.435,smithno01
Marreese Speights,25,TOT,NBA,2012-13,79,3,1300,260,584,257,574,3,10,135,175,146,240,386,47,24,53,80,175,658,0.445,0.448,0.3,0.448,0.771,0.498,speigma01
Tiago Splitter,28,SAS,NBA,2012-13,81,58,1997,315,563,315,561,0,2,208,285,144,371,515,130,63,64,100,161,838,0.56,0.561,0,0.56,0.73,0.609,splitti01
Jerry Stackhouse,38,BRK,NBA,2012-13,37,0,544,66,172,36,83,30,89,20,23,5,28,33,35,7,4,24,31,182,0.384,0.434,0.337,0.471,0.87,0.5,stackje01
Lance Stephenson,22,IND,NBA,2012-13,78,72,2278,275,598,213,410,62,188,75,115,47,257,304,223,81,16,109,162,687,0.46,0.52,0.33,0.512,0.652,0.53,stephla01
DeShawn Stevenson,31,ATL,NBA,2012-13,56,31,1158,98,262,22,53,76,209,12,23,18,104,122,52,29,6,23,69,284,0.374,0.415,0.364,0.519,0.522,0.522,stevede01
Greg Stiemsma,27,MIN,NBA,2012-13,76,19,1209,127,278,127,278,0,0,53,69,61,200,261,30,44,90,59,184,307,0.457,0.457,,0.457,0.768,0.498,stiemgr01
Julyan Stone,24,DEN,NBA,2012-13,4,0,28,2,2,2,2,0,0,3,4,2,1,3,2,1,0,2,4,7,1,1,,1,0.75,0.931,stoneju01
Amar'e Stoudemire,30,NYK,NBA,2012-13,29,0,682,154,267,154,267,0,0,105,130,60,85,145,13,10,21,50,89,413,0.577,0.577,,0.577,0.808,0.637,stoudam01
Rodney Stuckey,26,DET,NBA,2012-13,76,24,2171,304,748,249,566,55,182,213,272,43,169,212,270,51,17,134,127,876,0.406,0.44,0.302,0.443,0.783,0.505,stuckro01
Jared Sullinger,20,BOS,NBA,2012-13,45,5,892,111,225,110,220,1,5,47,63,92,172,264,35,22,22,29,154,270,0.493,0.5,0.2,0.496,0.746,0.534,sullija01
DaJuan Summers,25,LAC,NBA,2012-13,2,0,7,1,4,1,4,0,0,0,0,0,2,2,1,0,0,0,0,2,0.25,0.25,,0.25,,0.25,summeda01
Jeffery Taylor,23,CHA,NBA,2012-13,77,29,1507,172,399,119,245,53,154,75,103,51,99,150,63,47,15,48,136,472,0.431,0.486,0.344,0.497,0.728,0.531,tayloje03
Tyshawn Taylor,22,BRK,NBA,2012-13,38,0,221,32,87,26,74,6,13,15,27,2,16,18,21,13,0,25,25,85,0.368,0.351,0.462,0.402,0.556,0.43,tayloty01
Jeff Teague,24,ATL,NBA,2012-13,80,78,2628,439,974,350,726,89,248,199,226,25,155,180,579,117,28,230,181,1166,0.451,0.482,0.359,0.496,0.881,0.543,teaguje01
Marquis Teague,19,CHI,NBA,2012-13,48,0,392,43,113,39,90,4,23,9,16,3,41,44,63,9,7,35,47,99,0.381,0.433,0.174,0.398,0.563,0.412,teaguma01
Mirza Teletovic,27,BRK,NBA,2012-13,53,0,499,71,185,34,77,37,108,9,11,33,62,95,23,13,8,20,53,188,0.384,0.442,0.343,0.484,0.818,0.495,teletmi01
Sebastian Telfair,27,TOT,NBA,2012-13,59,2,980,112,309,59,159,53,150,54,69,13,71,84,153,37,11,64,104,331,0.362,0.371,0.353,0.448,0.783,0.488,telfase01
Garrett Temple,26,WAS,NBA,2012-13,51,36,1156,105,258,79,178,26,80,26,37,29,94,123,115,50,17,61,94,262,0.407,0.444,0.325,0.457,0.703,0.478,templga01
Jason Terry,35,BOS,NBA,2012-13,79,24,2124,281,648,158,317,123,331,114,131,19,140,159,198,66,11,102,110,799,0.434,0.498,0.372,0.529,0.87,0.566,terryja01
Hasheem Thabeet,25,OKC,NBA,2012-13,66,4,770,64,106,64,106,0,0,32,53,69,126,195,11,30,60,41,148,160,0.604,0.604,,0.604,0.604,0.619,thabeha01
Isaiah Thomas,23,SAC,NBA,2012-13,79,62,2122,366,832,251,511,115,321,253,287,29,132,161,316,67,3,140,167,1100,0.44,0.491,0.358,0.509,0.882,0.574,thomais02
Kurt Thomas,40,NYK,NBA,2012-13,39,17,392,45,83,44,82,1,1,6,13,24,65,89,21,10,16,8,52,97,0.542,0.537,1,0.548,0.462,0.547,thomaku01
Lance Thomas,24,NOH,NBA,2012-13,59,9,646,53,106,53,106,0,0,43,59,44,71,115,17,11,7,14,78,149,0.5,0.5,,0.5,0.729,0.565,thomala01
Malcolm Thomas,24,TOT,NBA,2012-13,12,0,57,5,10,5,10,0,0,5,8,5,11,16,4,2,2,3,8,15,0.5,0.5,,0.5,0.625,0.555,thomama01
Tyrus Thomas,26,CHA,NBA,2012-13,26,2,360,48,136,45,128,3,8,26,31,16,44,60,19,14,15,17,51,125,0.353,0.352,0.375,0.364,0.839,0.418,thomaty01
Jason Thompson,26,SAC,NBA,2012-13,82,81,2285,374,745,374,742,0,3,143,206,172,377,549,84,48,61,101,227,891,0.502,0.504,0,0.502,0.694,0.533,thompja02
Klay Thompson,22,GSW,NBA,2012-13,82,82,2936,508,1205,297,679,211,526,132,157,32,274,306,183,86,45,157,237,1359,0.422,0.437,0.401,0.509,0.841,0.533,thompkl01
Tristan Thompson,21,CLE,NBA,2012-13,82,82,2564,390,799,390,796,0,3,177,291,306,467,773,108,60,71,123,234,957,0.488,0.49,0,0.488,0.608,0.516,thomptr01
Marcus Thornton,25,SAC,NBA,2012-13,72,8,1726,332,774,191,395,141,379,111,126,50,131,181,91,61,4,68,105,916,0.429,0.484,0.372,0.52,0.881,0.552,thornma01
Jamaal Tinsley,34,UTA,NBA,2012-13,66,32,1221,86,234,47,107,39,127,18,26,17,98,115,290,64,14,106,106,229,0.368,0.439,0.307,0.451,0.692,0.467,tinslja01
Anthony Tolliver,27,ATL,NBA,2012-13,62,11,963,82,216,37,83,45,133,44,51,31,124,155,32,15,12,36,66,253,0.38,0.446,0.338,0.484,0.863,0.531,tollian01
P.J. Tucker,27,PHO,NBA,2012-13,79,45,1910,210,444,188,374,22,70,64,86,132,218,350,109,62,19,67,145,506,0.473,0.503,0.314,0.498,0.744,0.525,tuckepj01
Ronny Turiaf,30,LAC,NBA,2012-13,65,0,701,49,97,49,97,0,0,23,63,45,107,152,35,19,35,29,80,121,0.505,0.505,,0.505,0.365,0.485,turiaro01
Hedo Turkoglu,33,ORL,NBA,2012-13,11,1,189,14,53,13,29,1,24,3,6,4,22,26,23,7,1,12,11,32,0.264,0.448,0.042,0.274,0.5,0.288,turkohe01
Evan Turner,24,PHI,NBA,2012-13,82,82,2892,441,1053,383,894,58,159,154,208,56,461,517,354,71,17,187,197,1094,0.419,0.428,0.365,0.446,0.74,0.478,turneev01
Jeremy Tyler,21,TOT,NBA,2012-13,21,0,68,9,24,9,24,0,0,4,6,6,14,20,1,1,2,6,10,22,0.375,0.375,,0.375,0.667,0.413,tylerje01
Ekpe Udoh,25,MIL,NBA,2012-13,76,9,1312,117,269,117,268,0,1,89,119,113,138,251,43,39,85,43,139,323,0.435,0.437,0,0.435,0.748,0.503,udohek01
Beno Udrih,30,TOT,NBA,2012-13,66,9,1457,210,476,176,374,34,102,84,103,34,107,141,302,41,3,108,90,538,0.441,0.471,0.333,0.477,0.816,0.516,udrihbe01
Jonas Valanciunas,20,TOR,NBA,2012-13,62,57,1482,204,366,204,366,0,0,146,185,121,251,372,45,17,78,94,188,554,0.557,0.557,,0.557,0.789,0.619,valanjo01
Anderson Varejao,30,CLE,NBA,2012-13,25,25,901,138,289,138,284,0,5,77,102,138,223,361,84,37,14,44,68,353,0.478,0.486,0,0.478,0.755,0.529,varejan01
Jarvis Varnado,24,TOT,NBA,2012-13,13,0,58,3,7,3,7,0,0,2,4,2,7,9,3,1,2,6,10,8,0.429,0.429,,0.429,0.5,0.457,varnaja01
Greivis Vasquez,26,NOH,NBA,2012-13,78,78,2685,438,1012,355,769,83,243,124,154,43,294,337,704,66,6,247,190,1083,0.433,0.462,0.342,0.474,0.805,0.502,vasqugr01
Jan Vesely,22,WAS,NBA,2012-13,51,4,601,57,114,57,113,0,1,12,39,43,79,122,28,15,17,27,107,126,0.5,0.504,0,0.5,0.308,0.48,veselja01
Charlie Villanueva,28,DET,NBA,2012-13,69,0,1092,175,464,85,205,90,259,27,49,49,192,241,54,31,39,39,96,467,0.377,0.415,0.347,0.474,0.551,0.481,villach01
Nikola Vucevic,22,ORL,NBA,2012-13,77,77,2559,461,889,461,886,0,3,86,126,273,644,917,143,61,79,141,218,1008,0.519,0.52,0,0.519,0.683,0.534,vucevni01
Dwyane Wade,31,MIA,NBA,2012-13,69,69,2391,569,1093,552,1027,17,66,308,425,86,258,344,352,128,56,194,140,1463,0.521,0.537,0.258,0.528,0.725,0.571,wadedw01
Dion Waiters,21,CLE,NBA,2012-13,61,48,1756,336,815,273,612,63,203,159,213,22,127,149,183,59,16,121,113,894,0.412,0.446,0.31,0.451,0.746,0.492,waitedi01
Kemba Walker,22,CHA,NBA,2012-13,82,82,2859,526,1244,419,912,107,332,296,371,60,223,283,471,160,31,200,153,1455,0.423,0.459,0.322,0.466,0.798,0.517,walkeke02
John Wall,22,WAS,NBA,2012-13,49,42,1602,324,735,312,690,12,45,246,306,35,161,196,373,65,37,157,117,906,0.441,0.452,0.267,0.449,0.804,0.521,walljo01
Gerald Wallace,30,BRK,NBA,2012-13,69,68,2076,182,458,136,295,46,163,121,190,69,250,319,181,97,46,110,118,531,0.397,0.461,0.282,0.448,0.637,0.49,wallage01
Rasheed Wallace,38,NYK,NBA,2012-13,21,0,296,55,142,33,73,22,69,14,20,11,72,83,6,13,15,10,40,146,0.387,0.452,0.319,0.465,0.7,0.484,wallara01
Luke Walton,32,CLE,NBA,2012-13,50,0,857,71,181,51,114,20,67,10,20,38,107,145,166,42,13,60,98,172,0.392,0.447,0.299,0.448,0.5,0.453,waltolu01
Hakim Warrick,30,TOT,NBA,2012-13,28,14,489,67,165,67,162,0,3,60,88,21,68,89,25,13,6,29,37,194,0.406,0.414,0,0.406,0.682,0.476,warriha01
C.J. Watson,28,BRK,NBA,2012-13,80,8,1521,192,459,104,245,88,214,71,91,38,107,145,161,66,12,69,123,543,0.418,0.424,0.411,0.514,0.78,0.544,watsocj01
Earl Watson,33,UTA,NBA,2012-13,48,4,829,37,120,32,92,5,28,17,25,23,64,87,190,40,8,69,94,96,0.308,0.348,0.179,0.329,0.68,0.366,watsoea01
Maalik Wayns,21,TOT,NBA,2012-13,27,1,202,26,88,19,57,7,31,17,19,1,6,7,27,6,0,15,26,76,0.295,0.333,0.226,0.335,0.895,0.394,waynsma01
Martell Webster,26,WAS,NBA,2012-13,76,62,2200,281,636,142,307,139,329,168,198,53,241,294,143,49,17,90,166,869,0.442,0.463,0.422,0.551,0.848,0.601,webstma02
David West,32,IND,NBA,2012-13,73,73,2435,502,1009,498,990,4,19,242,315,145,418,563,213,74,69,157,149,1250,0.498,0.503,0.211,0.5,0.768,0.545,westda01
Russell Westbrook,24,OKC,NBA,2012-13,82,82,2861,673,1535,576,1235,97,300,460,575,111,317,428,607,145,24,273,189,1903,0.438,0.466,0.323,0.47,0.8,0.532,westbru01
D.J. White,26,BOS,NBA,2012-13,12,0,86,12,23,12,23,0,0,5,9,4,9,13,4,1,6,2,5,29,0.522,0.522,,0.522,0.556,0.538,whitedj01
James White,30,NYK,NBA,2012-13,57,16,435,50,116,36,75,14,41,11,19,5,43,48,29,13,4,17,44,125,0.431,0.48,0.341,0.491,0.579,0.503,whiteja02
Chris Wilcox,30,BOS,NBA,2012-13,61,7,830,110,153,110,152,0,1,39,58,55,125,180,22,32,28,34,125,259,0.719,0.724,0,0.719,0.672,0.725,wilcoch01
Damien Wilkins,33,PHI,NBA,2012-13,61,21,1095,145,316,128,265,17,51,81,109,32,73,105,91,37,18,49,98,388,0.459,0.483,0.333,0.486,0.743,0.533,wilkida02
Deron Williams,28,BRK,NBA,2012-13,78,78,2842,495,1124,326,677,169,447,317,369,29,203,232,604,75,30,218,194,1476,0.44,0.482,0.378,0.516,0.859,0.574,willide01
Derrick Williams,21,MIN,NBA,2012-13,78,56,1916,338,786,273,590,65,196,192,272,96,334,430,46,44,37,101,127,933,0.43,0.463,0.332,0.471,0.706,0.515,willide02
Lou Williams,26,ATL,NBA,2012-13,39,9,1119,187,443,115,247,72,196,105,121,8,72,80,139,44,10,74,55,551,0.422,0.466,0.367,0.503,0.868,0.555,willilo02
Marvin Williams,26,UTA,NBA,2012-13,73,51,1727,199,470,145,304,54,166,77,99,55,208,263,77,37,38,60,98,529,0.423,0.477,0.325,0.481,0.778,0.515,willima02
Mo Williams,30,UTA,NBA,2012-13,46,46,1418,229,533,170,379,59,154,75,85,24,86,110,285,46,9,125,105,592,0.43,0.449,0.383,0.485,0.882,0.519,willima01
Reggie Williams,26,CHA,NBA,2012-13,40,0,380,57,132,35,60,22,72,10,21,8,43,51,39,12,1,19,19,146,0.432,0.583,0.306,0.515,0.476,0.517,willire02
Terrence Williams,25,BOS,NBA,2012-13,24,0,318,48,97,43,82,5,15,9,21,4,40,44,38,11,2,22,13,110,0.495,0.524,0.333,0.521,0.429,0.518,willite01
Metta World Peace,33,LAL,NBA,2012-13,75,66,2530,332,824,191,412,141,412,124,169,101,271,372,112,122,42,98,198,929,0.403,0.464,0.342,0.488,0.734,0.517,artesro01
Brandan Wright,25,DAL,NBA,2012-13,64,16,1149,241,404,241,401,0,3,59,96,85,175,260,38,26,76,34,78,541,0.597,0.601,0,0.597,0.615,0.606,wrighbr03
Chris Wright,23,DAL,NBA,2012-13,3,0,4,1,2,1,2,0,0,0,0,0,0,0,0,0,0,1,0,2,0.5,0.5,,0.5,,0.5,wrighch02
Dorell Wright,27,PHI,NBA,2012-13,79,8,1783,237,599,102,238,135,361,120,141,42,260,302,150,62,35,64,98,729,0.396,0.429,0.374,0.508,0.851,0.551,wrighdo01
Tony Wroten,19,MEM,NBA,2012-13,35,0,272,33,86,29,70,4,16,21,29,13,15,28,43,8,4,29,34,91,0.384,0.414,0.25,0.407,0.724,0.461,wroteto01
Nick Young,27,PHI,NBA,2012-13,59,17,1411,224,542,149,332,75,210,105,128,24,106,130,84,36,14,50,84,628,0.413,0.449,0.357,0.482,0.82,0.525,youngni01
Sam Young,27,IND,NBA,2012-13,56,3,693,58,148,42,96,16,52,23,43,26,97,123,42,15,8,33,62,155,0.392,0.438,0.308,0.446,0.535,0.464,youngsa01
Thaddeus Young,24,PHI,NBA,2012-13,76,76,2629,509,958,508,950,1,8,108,188,182,389,571,125,133,55,90,191,1127,0.531,0.535,0.125,0.532,0.574,0.541,youngth01
Luke Zeller,25,PHO,NBA,2012-13,16,0,58,9,26,8,21,1,5,0,0,1,9,10,3,0,0,0,5,19,0.346,0.381,0.2,0.365,,0.365,zellelu01
Tyler Zeller,23,CLE,NBA,2012-13,77,55,2033,245,559,245,555,0,4,120,157,159,279,438,96,35,70,95,251,610,0.438,0.441,0,0.438,0.764,0.486,zellety01
Quincy Acy,23,TOT,NBA,2013-14,63,0,847,66,141,62,126,4,15,35,53,72,144,216,28,23,26,30,122,171,0.468,0.492,0.267,0.482,0.66,0.52,acyqu01
Steven Adams,20,OKC,NBA,2013-14,81,20,1197,93,185,93,185,0,0,79,136,142,190,332,43,40,57,71,203,265,0.503,0.503,,0.503,0.581,0.541,adamsst01
Jeff Adrien,27,TOT,NBA,2013-14,53,12,961,143,275,143,275,0,0,76,119,102,204,306,38,24,36,39,108,362,0.52,0.52,,0.52,0.639,0.553,adrieje01
Arron Afflalo,28,ORL,NBA,2013-14,73,73,2552,464,1011,336,711,128,300,274,336,32,230,262,248,35,3,146,136,1330,0.459,0.473,0.427,0.522,0.815,0.574,afflaar01
Alexis Ajinca,25,NOP,NBA,2013-14,56,30,951,136,249,136,248,0,1,56,67,94,183,277,40,23,46,63,187,328,0.546,0.548,0,0.546,0.836,0.589,ajincal01
Cole Aldrich,25,NYK,NBA,2013-14,46,2,330,33,61,33,61,0,0,26,30,37,92,129,14,8,30,18,40,92,0.541,0.541,,0.541,0.867,0.62,aldrico01
LaMarcus Aldridge,28,POR,NBA,2013-14,69,69,2498,652,1423,649,1408,3,15,296,360,166,599,765,178,63,68,123,147,1603,0.458,0.461,0.2,0.459,0.822,0.507,aldrila01
Lavoy Allen,24,TOT,NBA,2013-14,65,2,1072,134,300,132,287,2,13,33,50,119,192,311,71,24,33,44,126,303,0.447,0.46,0.154,0.45,0.66,0.47,allenla01
Ray Allen,38,MIA,NBA,2013-14,73,9,1936,240,543,124,234,116,309,105,116,23,182,205,143,54,8,84,115,701,0.442,0.53,0.375,0.549,0.905,0.59,allenra02
Tony Allen,32,MEM,NBA,2013-14,55,28,1278,204,413,193,366,11,47,76,121,79,129,208,94,90,19,90,121,495,0.494,0.527,0.234,0.507,0.628,0.531,allento01
Al-Farouq Aminu,23,NOP,NBA,2013-14,80,65,2045,234,494,221,446,13,48,91,137,129,367,496,114,82,38,88,147,572,0.474,0.496,0.271,0.487,0.664,0.516,aminual01
Lou Amundson,31,TOT,NBA,2013-14,19,0,185,16,32,16,32,0,0,6,24,28,27,55,6,9,11,14,49,38,0.5,0.5,,0.5,0.25,0.446,amundlo01
Chris Andersen,35,MIA,NBA,2013-14,72,0,1396,177,275,174,263,3,12,120,169,129,250,379,19,32,97,53,162,477,0.644,0.662,0.25,0.649,0.71,0.683,anderch01
Alan Anderson,31,BRK,NBA,2013-14,78,26,1773,194,485,110,237,84,248,92,118,40,135,175,81,48,11,62,147,564,0.4,0.464,0.339,0.487,0.78,0.525,anderal01
James Anderson,24,PHI,NBA,2013-14,80,62,2309,309,717,194,366,115,351,77,106,59,241,300,149,74,28,106,154,810,0.431,0.53,0.328,0.511,0.726,0.53,anderja01
Ryan Anderson,25,NOP,NBA,2013-14,22,14,795,155,354,88,190,67,164,59,62,66,76,142,17,10,7,20,47,436,0.438,0.463,0.409,0.532,0.952,0.572,anderry01
Giannis Antetokounmpo,19,MIL,NBA,2013-14,77,23,1897,173,418,132,300,41,118,138,202,78,261,339,150,60,61,122,173,525,0.414,0.44,0.347,0.463,0.683,0.518,antetgi01
Carmelo Anthony,29,NYK,NBA,2013-14,77,77,2982,743,1643,576,1228,167,415,459,541,145,477,622,242,95,51,198,224,2112,0.452,0.469,0.402,0.503,0.848,0.561,anthoca01
Joel Anthony,31,TOT,NBA,2013-14,33,0,186,12,32,12,32,0,0,4,8,15,23,38,2,3,12,3,17,28,0.375,0.375,,0.375,0.5,0.394,anthojo01
Pero Antic,31,ATL,NBA,2013-14,50,26,925,123,294,67,123,56,171,50,66,57,152,209,58,19,12,55,126,352,0.418,0.545,0.327,0.514,0.758,0.545,anticpe01
Trevor Ariza,28,WAS,NBA,2013-14,77,77,2723,389,853,209,411,180,442,149,193,99,376,475,191,126,20,132,179,1107,0.456,0.509,0.407,0.562,0.772,0.59,arizatr01
Hilton Armstrong,29,GSW,NBA,2013-14,15,1,97,9,19,9,19,0,0,7,16,19,28,47,5,4,4,6,11,25,0.474,0.474,,0.474,0.438,0.48,armsthi01
Darrell Arthur,25,DEN,NBA,2013-14,68,1,1161,162,410,138,346,24,64,53,62,52,158,210,61,39,47,58,185,401,0.395,0.399,0.375,0.424,0.855,0.459,arthuda01
Omer Asik,27,HOU,NBA,2013-14,48,19,968,101,190,101,190,0,0,78,126,101,277,378,25,14,37,59,92,280,0.532,0.532,,0.532,0.619,0.57,asikom01
D.J. Augustin,26,TOT,NBA,2013-14,71,9,1939,298,718,165,386,133,332,201,227,15,115,130,313,53,3,125,147,930,0.415,0.427,0.401,0.508,0.885,0.569,augusdj01
Gustavo Ayon,28,ATL,NBA,2013-14,26,14,429,52,102,52,102,0,0,8,20,42,83,125,28,25,10,29,47,112,0.51,0.51,,0.51,0.4,0.505,ayongu01
Jeff Ayres,26,SAS,NBA,2013-14,73,10,952,101,174,101,174,0,0,38,55,89,169,258,60,13,25,63,146,240,0.58,0.58,,0.58,0.691,0.605,pendeje02
Chris Babb,23,BOS,NBA,2013-14,14,0,132,8,30,2,3,6,27,0,0,4,13,17,3,6,0,3,13,22,0.267,0.667,0.222,0.367,,0.367,babbch01
Luke Babbitt,24,NOP,NBA,2013-14,27,2,473,60,154,24,59,36,95,14,18,18,70,88,29,7,11,15,52,170,0.39,0.407,0.379,0.506,0.778,0.525,babbilu01
Leandro Barbosa,31,PHO,NBA,2013-14,20,0,368,56,131,49,106,7,25,31,39,5,32,37,32,7,4,19,30,150,0.427,0.462,0.28,0.454,0.795,0.506,barbole01
J.J. Barea,29,MIN,NBA,2013-14,79,1,1471,254,656,181,425,73,231,79,100,16,138,154,303,26,0,125,129,660,0.387,0.426,0.316,0.443,0.79,0.471,bareajo01
Andrea Bargnani,28,NYK,NBA,2013-14,42,39,1257,222,502,192,394,30,108,84,102,69,153,222,45,14,52,58,100,558,0.442,0.487,0.278,0.472,0.824,0.51,bargnan01
Harrison Barnes,21,GSW,NBA,2013-14,78,24,2204,271,679,205,489,66,190,130,181,66,245,311,116,65,20,84,158,738,0.399,0.419,0.347,0.448,0.718,0.486,barneha02
Matt Barnes,33,LAC,NBA,2013-14,63,40,1735,231,527,134,244,97,283,66,90,60,232,292,125,56,28,85,185,625,0.438,0.549,0.343,0.53,0.733,0.552,barnema02
Will Barton,23,POR,NBA,2013-14,41,0,387,65,156,55,123,10,33,26,32,16,58,74,33,9,7,18,31,166,0.417,0.447,0.303,0.449,0.813,0.488,bartowi01
Brandon Bass,28,BOS,NBA,2013-14,82,73,2266,352,725,350,719,2,6,205,239,161,309,470,87,36,71,102,190,911,0.486,0.487,0.333,0.487,0.858,0.549,bassbr01
Shane Battier,35,MIA,NBA,2013-14,73,56,1468,105,275,32,65,73,210,15,23,34,104,138,63,50,39,21,124,298,0.382,0.492,0.348,0.515,0.652,0.523,battish01
Nicolas Batum,25,POR,NBA,2013-14,82,82,2956,381,819,236,417,145,402,163,203,116,495,611,420,75,57,208,156,1070,0.465,0.566,0.361,0.554,0.803,0.589,batumni01
Jerryd Bayless,25,TOT,NBA,2013-14,72,19,1686,248,617,172,405,76,212,94,118,22,123,145,194,60,9,82,161,666,0.402,0.425,0.358,0.464,0.797,0.498,bayleje01
Aron Baynes,27,SAS,NBA,2013-14,53,4,491,71,163,71,163,0,0,19,21,57,88,145,34,2,5,36,77,161,0.436,0.436,,0.436,0.905,0.467,baynear01
Kent Bazemore,24,TOT,NBA,2013-14,67,15,911,147,343,104,215,43,128,66,109,10,107,117,91,43,13,79,102,403,0.429,0.484,0.336,0.491,0.606,0.515,bazemke01
Bradley Beal,20,WAS,NBA,2013-14,73,73,2530,481,1149,343,806,138,343,149,189,54,219,273,243,71,18,128,153,1249,0.419,0.426,0.402,0.479,0.788,0.507,bealbr01
Michael Beasley,25,MIA,NBA,2013-14,55,2,831,177,355,156,301,21,54,61,79,31,141,172,42,23,21,57,93,436,0.499,0.518,0.389,0.528,0.772,0.559,beaslmi01
Marco Belinelli,27,SAS,NBA,2013-14,80,25,2016,337,695,211,402,126,293,111,131,18,208,226,179,50,7,95,130,911,0.485,0.525,0.43,0.576,0.847,0.605,belinma01
Anthony Bennett,20,CLE,NBA,2013-14,52,0,663,80,225,67,172,13,53,44,69,49,106,155,17,21,8,47,93,217,0.356,0.39,0.245,0.384,0.638,0.425,bennean01
Patrick Beverley,25,HOU,NBA,2013-14,56,55,1751,199,481,107,226,92,255,83,102,72,124,196,151,77,23,66,174,573,0.414,0.473,0.361,0.509,0.814,0.545,beverpa01
Andris Biedrins,27,UTA,NBA,2013-14,6,0,45,1,1,1,1,0,0,1,6,2,15,17,0,0,0,2,6,3,1,1,,1,0.167,0.412,biedran01
Chauncey Billups,37,DET,NBA,2013-14,19,7,309,24,79,10,31,14,48,10,12,4,24,28,42,8,1,25,25,72,0.304,0.323,0.292,0.392,0.833,0.427,billuch01
Bismack Biyombo,21,CHA,NBA,2013-14,77,9,1072,88,144,88,144,0,0,46,89,105,261,366,8,7,86,40,124,222,0.611,0.611,,0.611,0.517,0.606,biyombi01
DeJuan Blair,24,DAL,NBA,2013-14,78,13,1214,210,393,210,391,0,2,77,121,139,229,368,70,60,21,77,192,497,0.534,0.537,0,0.534,0.636,0.557,blairde01
Steve Blake,33,TOT,NBA,2013-14,55,28,1498,133,353,54,143,79,210,33,43,13,146,159,307,54,8,102,85,378,0.377,0.378,0.376,0.489,0.767,0.508,blakest01
Andray Blatche,27,BRK,NBA,2013-14,73,7,1618,321,674,306,620,15,54,164,221,120,270,390,112,75,38,110,166,821,0.476,0.494,0.278,0.487,0.742,0.532,blatcan01
Eric Bledsoe,24,PHO,NBA,2013-14,43,40,1416,265,556,215,416,50,140,183,237,27,175,202,235,69,14,143,99,763,0.477,0.517,0.357,0.522,0.772,0.578,bledser01
Vander Blue,21,BOS,NBA,2013-14,3,0,15,2,4,2,3,0,1,1,5,0,3,3,1,0,0,2,1,5,0.5,0.667,0,0.5,0.2,0.403,blueva01
Keith Bogans,33,BOS,NBA,2013-14,6,0,55,3,6,0,0,3,6,3,3,0,3,3,3,1,0,1,2,12,0.5,,0.5,0.75,1,0.82,boganke01
Andrew Bogut,29,GSW,NBA,2013-14,67,67,1769,235,375,235,375,0,0,22,64,182,489,671,112,47,121,97,210,492,0.627,0.627,,0.627,0.344,0.61,bogutan01
Matt Bonner,33,SAS,NBA,2013-14,61,0,690,73,164,31,66,42,98,9,12,16,114,130,31,15,11,16,49,197,0.445,0.47,0.429,0.573,0.75,0.582,bonnema01
Trevor Booker,26,WAS,NBA,2013-14,72,45,1553,222,403,222,401,0,2,47,76,149,230,379,64,41,45,58,131,491,0.551,0.554,0,0.551,0.618,0.563,booketr01
Carlos Boozer,32,CHI,NBA,2013-14,76,76,2141,447,980,447,978,0,2,148,193,137,495,632,118,53,22,154,216,1042,0.456,0.457,0,0.456,0.767,0.489,boozeca01
Chris Bosh,29,MIA,NBA,2013-14,79,79,2531,492,953,418,735,74,218,223,272,98,424,522,87,80,78,125,192,1281,0.516,0.569,0.339,0.555,0.82,0.597,boshch01
Avery Bradley,23,BOS,NBA,2013-14,60,58,1855,361,825,282,625,79,200,90,112,48,178,226,85,63,11,96,145,891,0.438,0.451,0.395,0.485,0.804,0.51,bradlav01
Elton Brand,34,ATL,NBA,2013-14,73,15,1414,179,332,179,330,0,2,61,94,97,264,361,74,40,88,60,192,419,0.539,0.542,0,0.539,0.649,0.561,brandel01
Corey Brewer,27,MIN,NBA,2013-14,81,81,2609,388,807,329,596,59,211,163,227,63,144,207,135,151,30,105,210,998,0.481,0.552,0.28,0.517,0.718,0.55,breweco01
Ronnie Brewer,28,TOT,NBA,2013-14,24,3,160,3,15,2,7,1,8,0,2,2,12,14,10,6,1,2,4,7,0.2,0.286,0.125,0.233,0,0.22,brewero02
Aaron Brooks,29,TOT,NBA,2013-14,72,12,1557,233,581,137,333,96,248,83,95,43,97,140,233,52,13,117,146,645,0.401,0.411,0.387,0.484,0.874,0.518,brookaa01
MarShon Brooks,25,TOT,NBA,2013-14,35,0,316,57,125,44,100,13,25,32,44,10,44,54,25,14,4,24,21,159,0.456,0.44,0.52,0.508,0.727,0.551,brookma01
Lorenzo Brown,23,PHI,NBA,2013-14,26,0,224,26,86,23,56,3,30,9,13,8,20,28,41,13,3,16,19,64,0.302,0.411,0.1,0.32,0.692,0.349,brownlo01
Shannon Brown,28,TOT,NBA,2013-14,29,1,251,24,66,24,64,0,2,15,21,7,21,28,9,13,0,18,24,63,0.364,0.375,0,0.364,0.714,0.419,brownsh01
Kobe Bryant,35,LAL,NBA,2013-14,6,6,177,31,73,28,57,3,16,18,21,2,24,26,38,7,1,34,9,83,0.425,0.491,0.188,0.445,0.857,0.505,bryanko01
Chase Budinger,25,MIN,NBA,2013-14,41,8,751,100,254,58,134,42,120,32,39,19,84,103,31,19,2,24,58,274,0.394,0.433,0.35,0.476,0.821,0.505,budinch01
Reggie Bullock,22,LAC,NBA,2013-14,43,0,395,43,121,21,48,22,73,7,9,11,43,54,12,9,1,13,26,115,0.355,0.438,0.301,0.446,0.778,0.46,bullore01
Trey Burke,21,UTA,NBA,2013-14,70,68,2262,341,897,230,561,111,336,102,113,37,171,208,396,42,6,131,145,895,0.38,0.41,0.33,0.442,0.903,0.473,burketr01
Alec Burks,22,UTA,NBA,2013-14,78,12,2193,380,831,330,688,50,143,279,373,59,198,257,212,69,14,149,190,1089,0.457,0.48,0.35,0.487,0.748,0.547,burksal01
Caron Butler,33,TOT,NBA,2013-14,56,13,1419,213,540,115,291,98,249,63,75,21,208,229,82,47,17,60,120,587,0.394,0.395,0.394,0.485,0.84,0.512,butleca01
Jimmy Butler,24,CHI,NBA,2013-14,67,67,2591,275,693,207,453,68,240,260,338,87,243,330,175,127,36,102,106,878,0.397,0.457,0.283,0.446,0.769,0.522,butleji01
Rasual Butler,34,IND,NBA,2013-14,50,2,378,51,110,25,48,26,62,8,14,6,35,41,17,7,9,11,30,136,0.464,0.521,0.419,0.582,0.571,0.585,butlera01
Dwight Buycks,24,TOR,NBA,2013-14,14,0,146,15,48,10,31,5,17,8,9,4,19,23,10,8,0,10,11,43,0.313,0.323,0.294,0.365,0.889,0.414,buyckdw01
Andrew Bynum,26,TOT,NBA,2013-14,26,19,516,94,225,94,225,0,0,37,49,53,92,145,29,6,29,34,31,225,0.418,0.418,,0.418,0.755,0.456,bynuman01
Will Bynum,31,DET,NBA,2013-14,56,3,1054,184,430,164,368,20,62,97,121,24,75,99,216,39,7,103,121,485,0.428,0.446,0.323,0.451,0.802,0.502,bynumwi01
Nick Calathes,24,MEM,NBA,2013-14,71,7,1173,142,311,123,250,19,61,44,72,23,114,137,207,66,8,101,117,347,0.457,0.492,0.311,0.487,0.611,0.506,calatni01
Jose Calderon,32,DAL,NBA,2013-14,81,81,2468,341,748,150,323,191,425,52,63,29,163,192,377,69,11,103,136,925,0.456,0.464,0.449,0.584,0.825,0.596,caldejo01
Kentavious Caldwell-Pope,20,DET,NBA,2013-14,80,41,1583,182,460,123,275,59,185,47,61,38,118,156,55,75,12,28,145,470,0.396,0.447,0.319,0.46,0.77,0.483,caldwke01
Isaiah Canaan,22,HOU,NBA,2013-14,22,0,252,31,87,13,32,18,55,21,29,7,17,24,22,8,4,21,25,101,0.356,0.406,0.327,0.46,0.724,0.506,canaais01
DeMarre Carroll,27,ATL,NBA,2013-14,73,73,2341,302,642,205,374,97,268,109,141,107,296,403,134,108,21,79,188,810,0.47,0.548,0.362,0.546,0.773,0.575,carrode01
Vince Carter,37,DAL,NBA,2013-14,81,0,1973,330,811,184,440,146,371,161,196,67,217,284,212,61,35,108,209,967,0.407,0.418,0.394,0.497,0.821,0.539,cartevi01
Michael Carter-Williams,22,PHI,NBA,2013-14,70,70,2414,427,1054,372,846,55,208,258,367,101,336,437,441,130,43,247,213,1167,0.405,0.44,0.264,0.431,0.703,0.48,cartemi01
Omri Casspi,25,HOU,NBA,2013-14,71,2,1283,173,410,112,234,61,176,83,122,55,205,260,88,44,14,72,100,490,0.422,0.479,0.347,0.496,0.68,0.528,casspom01
Mario Chalmers,27,MIA,NBA,2013-14,73,73,2178,254,560,167,334,87,226,121,163,41,173,214,357,119,16,162,210,716,0.454,0.5,0.385,0.531,0.742,0.567,chalmma01
Tyson Chandler,31,NYK,NBA,2013-14,55,55,1662,191,322,191,321,0,1,98,155,159,370,529,59,36,63,71,145,480,0.593,0.595,0,0.593,0.632,0.615,chandty01
Wilson Chandler,26,DEN,NBA,2013-14,62,55,1927,307,738,185,387,122,351,110,152,58,236,294,114,46,31,79,193,846,0.416,0.478,0.348,0.499,0.724,0.526,chandwi01
Josh Childress,30,NOP,NBA,2013-14,4,0,24,0,0,0,0,0,0,0,0,0,3,3,2,1,0,1,1,0,,,,,,,childjo01
Dionte Christmas,27,PHO,NBA,2013-14,31,0,198,22,62,13,31,9,31,18,24,13,25,38,8,2,3,6,19,71,0.355,0.419,0.29,0.427,0.75,0.489,chrisdi01
Earl Clark,26,TOT,NBA,2013-14,54,17,768,97,261,56,139,41,122,22,34,22,121,143,18,17,25,31,67,257,0.372,0.403,0.336,0.45,0.647,0.466,clarkea01
Ian Clark,22,UTA,NBA,2013-14,23,0,172,26,67,15,36,11,31,5,7,3,16,19,15,8,2,14,24,68,0.388,0.417,0.355,0.47,0.714,0.485,clarkia01
Victor Claver,25,POR,NBA,2013-14,21,0,184,17,42,14,24,3,18,10,11,9,30,39,12,3,3,11,16,47,0.405,0.583,0.167,0.44,0.909,0.502,clavevi01
Norris Cole,25,MIA,NBA,2013-14,82,6,2014,207,500,147,326,60,174,53,68,17,143,160,248,77,5,127,156,527,0.414,0.451,0.345,0.474,0.779,0.497,coleno01
Jason Collins,35,BRK,NBA,2013-14,22,1,172,11,24,11,21,0,3,3,4,7,12,19,4,8,1,7,30,25,0.458,0.524,0,0.458,0.75,0.485,collija04
Darren Collison,26,LAC,NBA,2013-14,80,35,2069,324,694,253,505,71,189,192,224,47,141,188,297,93,15,132,150,911,0.467,0.501,0.376,0.518,0.857,0.575,collida01
Nick Collison,33,OKC,NBA,2013-14,81,0,1353,134,241,130,224,4,17,66,93,116,177,293,104,30,28,71,187,338,0.556,0.58,0.235,0.564,0.71,0.599,collini01
Mike Conley,26,MEM,NBA,2013-14,73,73,2446,463,1030,358,739,105,291,225,276,41,172,213,441,110,13,150,141,1256,0.45,0.484,0.361,0.5,0.815,0.545,conlemi01
Chris Copeland,29,IND,NBA,2013-14,41,0,265,55,117,22,38,33,79,10,14,7,25,32,18,3,7,14,38,153,0.47,0.579,0.418,0.611,0.714,0.621,copelch01
DeMarcus Cousins,23,SAC,NBA,2013-14,71,71,2298,591,1191,591,1184,0,7,432,595,218,613,831,207,109,91,251,270,1614,0.496,0.499,0,0.496,0.726,0.555,couside01
Robert Covington,23,HOU,NBA,2013-14,7,0,34,6,14,2,3,4,11,0,0,2,3,5,0,2,0,1,3,16,0.429,0.667,0.364,0.571,,0.571,covinro01
Allen Crabbe,21,POR,NBA,2013-14,15,0,100,12,33,6,19,6,14,3,4,1,8,9,6,2,1,3,10,33,0.364,0.316,0.429,0.455,0.75,0.475,crabbal01
Jamal Crawford,33,LAC,NBA,2013-14,69,24,2094,421,1011,260,565,161,446,279,322,34,124,158,223,59,12,135,120,1282,0.416,0.46,0.361,0.496,0.866,0.556,crawfja01
Jordan Crawford,25,TOT,NBA,2013-14,81,35,1859,327,788,237,503,90,285,146,169,28,155,183,281,47,5,134,120,890,0.415,0.471,0.316,0.472,0.864,0.516,crawfjo02
Jae Crowder,23,DAL,NBA,2013-14,78,8,1254,130,296,80,145,50,151,46,61,46,148,194,60,59,21,41,100,356,0.439,0.552,0.331,0.524,0.754,0.551,crowdja01
Dante Cunningham,26,MIN,NBA,2013-14,81,7,1635,236,509,236,504,0,5,38,67,112,218,330,83,62,58,42,146,510,0.464,0.468,0,0.464,0.567,0.474,cunnida01
Jared Cunningham,22,TOT,NBA,2013-14,13,0,80,6,21,5,14,1,7,13,16,1,5,6,8,3,0,2,16,26,0.286,0.357,0.143,0.31,0.813,0.464,cunnija01
Seth Curry,23,TOT,NBA,2013-14,2,0,13,1,3,0,2,1,1,0,0,0,1,1,0,2,0,0,0,3,0.333,0,1,0.5,,0.5,curryse01
Stephen Curry,25,GSW,NBA,2013-14,78,78,2846,652,1383,391,768,261,615,308,348,46,288,334,666,128,14,294,194,1873,0.471,0.509,0.424,0.566,0.885,0.61,curryst01
Samuel Dalembert,32,DAL,NBA,2013-14,80,68,1614,214,377,214,376,0,1,101,137,200,341,541,38,41,94,90,210,529,0.568,0.569,0,0.568,0.737,0.605,dalemsa01
Troy Daniels,22,HOU,NBA,2013-14,5,1,75,15,31,3,6,12,25,0,0,0,4,4,5,0,0,3,6,42,0.484,0.5,0.48,0.677,,0.677,danietr01
Luigi Datome,26,DET,NBA,2013-14,34,0,238,34,97,27,58,7,39,8,10,14,32,46,11,6,1,11,20,83,0.351,0.466,0.179,0.387,0.8,0.409,datomlu01
Brandon Davies,22,PHI,NBA,2013-14,51,0,575,54,128,52,118,2,10,34,53,38,71,109,28,24,8,35,92,144,0.422,0.441,0.2,0.43,0.642,0.476,daviebr01
Anthony Davis,20,NOP,NBA,2013-14,67,66,2358,522,1005,520,996,2,9,348,440,207,466,673,105,89,189,109,200,1394,0.519,0.522,0.222,0.52,0.791,0.582,davisan02
Ed Davis,24,MEM,NBA,2013-14,63,4,956,155,290,155,290,0,0,47,89,92,168,260,27,17,43,40,114,357,0.534,0.534,,0.534,0.528,0.542,davised01
Glen Davis,28,TOT,NBA,2013-14,68,44,1662,271,593,267,582,4,11,95,137,108,243,351,77,58,29,76,159,641,0.457,0.459,0.364,0.46,0.693,0.491,davisgl01
Austin Daye,25,TOT,NBA,2013-14,22,1,148,24,68,12,31,12,37,6,10,5,22,27,8,4,4,5,18,66,0.353,0.387,0.324,0.441,0.6,0.456,dayeau01
Nando De Colo,26,TOT,NBA,2013-14,47,3,494,64,153,46,100,18,53,31,35,14,59,73,65,22,6,35,48,177,0.418,0.46,0.34,0.477,0.886,0.526,decolna01
Dewayne Dedmon,24,TOT,NBA,2013-14,31,6,390,38,83,38,83,0,0,21,32,38,89,127,5,7,22,18,66,97,0.458,0.458,,0.458,0.656,0.5,dedmode01
Matthew Dellavedova,23,CLE,NBA,2013-14,72,4,1271,122,296,65,141,57,155,38,48,29,94,123,187,33,5,60,121,339,0.412,0.461,0.368,0.508,0.792,0.534,dellama01
Luol Deng,28,TOT,NBA,2013-14,63,63,2213,371,860,314,671,57,189,212,268,99,262,361,183,62,9,114,111,1011,0.431,0.468,0.302,0.465,0.791,0.517,denglu01
DeMar DeRozan,24,TOR,NBA,2013-14,79,79,3017,604,1407,540,1197,64,210,519,630,51,292,343,313,86,28,176,197,1791,0.429,0.451,0.305,0.452,0.824,0.532,derozde01
Boris Diaw,31,SAS,NBA,2013-14,79,24,1974,302,580,257,468,45,112,68,92,74,252,326,222,44,32,121,140,717,0.521,0.549,0.402,0.559,0.739,0.578,diawbo01
Gorgui Dieng,24,MIN,NBA,2013-14,60,15,818,113,227,112,226,1,1,59,93,103,197,300,39,30,50,54,108,286,0.498,0.496,1,0.5,0.634,0.534,dienggo01
Toney Douglas,27,TOT,NBA,2013-14,51,17,675,73,190,42,88,31,102,25,34,18,69,87,68,19,5,34,81,202,0.384,0.477,0.304,0.466,0.735,0.493,douglto01
Chris Douglas-Roberts,27,CHA,NBA,2013-14,49,8,1016,111,252,60,120,51,132,66,82,16,103,119,51,29,16,36,61,339,0.44,0.5,0.386,0.542,0.805,0.588,douglch01
Goran Dragic,27,PHO,NBA,2013-14,76,75,2668,552,1093,430,794,122,299,316,416,69,176,245,447,104,22,213,206,1542,0.505,0.542,0.408,0.561,0.76,0.604,dragigo01
Andre Drummond,20,DET,NBA,2013-14,81,81,2619,479,769,479,767,0,2,137,328,440,631,1071,35,101,131,110,273,1095,0.623,0.625,0,0.623,0.418,0.599,drumman01
Jared Dudley,28,LAC,NBA,2013-14,74,43,1729,196,447,115,222,81,225,38,58,36,124,160,104,41,10,56,146,511,0.438,0.518,0.36,0.529,0.655,0.541,dudleja01
Tim Duncan,37,SAS,NBA,2013-14,74,74,2158,444,906,444,901,0,5,231,316,158,563,721,220,43,139,159,134,1119,0.49,0.493,0,0.49,0.731,0.535,duncati01
Mike Dunleavy,33,CHI,NBA,2013-14,82,61,2584,333,774,210,450,123,324,140,164,46,299,345,186,64,46,108,163,929,0.43,0.467,0.38,0.51,0.854,0.549,dunlemi02
Kevin Durant,25,OKC,NBA,2013-14,81,81,3122,849,1688,657,1197,192,491,703,805,58,540,598,445,103,59,285,174,2593,0.503,0.549,0.391,0.56,0.873,0.635,duranke01
Shane Edwards,26,CLE,NBA,2013-14,2,0,12,1,3,1,3,0,0,0,0,1,1,2,0,0,0,1,1,2,0.333,0.333,,0.333,,0.333,edwarsh01
Wayne Ellington,26,DAL,NBA,2013-14,45,1,393,55,126,30,67,25,59,10,11,8,35,43,19,16,2,11,33,145,0.437,0.448,0.424,0.536,0.909,0.554,ellinwa01
Monta Ellis,28,DAL,NBA,2013-14,82,82,3023,576,1278,507,1069,69,209,339,430,38,257,295,471,141,23,264,197,1560,0.451,0.474,0.33,0.478,0.788,0.532,ellismo01
Melvin Ely,35,NOP,NBA,2013-14,2,0,27,3,6,3,6,0,0,0,0,0,1,1,0,0,1,0,5,6,0.5,0.5,,0.5,,0.5,elyme01
Jeremy Evans,26,UTA,NBA,2013-14,66,4,1209,175,332,175,330,0,2,51,75,120,190,310,44,42,46,40,139,401,0.527,0.53,0,0.527,0.68,0.549,evansje01
Reggie Evans,33,TOT,NBA,2013-14,54,20,899,71,150,71,150,0,0,72,130,115,219,334,21,37,3,58,119,214,0.473,0.473,,0.473,0.554,0.516,evansre01
Tyreke Evans,24,NOP,NBA,2013-14,72,22,2028,391,897,370,802,21,95,239,310,76,265,341,363,84,21,175,155,1042,0.436,0.461,0.221,0.448,0.771,0.504,evansty01
Kenneth Faried,24,DEN,NBA,2013-14,80,77,2178,447,820,447,817,0,3,202,311,238,446,684,96,70,69,135,193,1096,0.545,0.547,0,0.545,0.65,0.573,farieke01
Jordan Farmar,27,LAL,NBA,2013-14,41,5,912,151,364,81,204,70,160,44,59,20,84,104,199,38,8,95,65,416,0.415,0.397,0.438,0.511,0.746,0.533,farmajo01
Vitor Faverani,25,BOS,NBA,2013-14,37,8,488,64,147,52,107,12,40,24,37,42,86,128,16,14,27,41,74,164,0.435,0.486,0.3,0.476,0.649,0.502,favervi01
Derrick Favors,22,UTA,NBA,2013-14,73,73,2201,390,747,390,746,0,1,190,284,199,438,637,91,75,108,129,236,970,0.522,0.523,0,0.522,0.669,0.556,favorde01
Carrick Felix,23,CLE,NBA,2013-14,7,0,38,7,14,5,9,2,5,3,4,1,5,6,4,0,0,4,4,19,0.5,0.556,0.4,0.571,0.75,0.603,felixca01
Raymond Felton,29,NYK,NBA,2013-14,65,65,2017,240,608,178,413,62,195,88,122,54,143,197,365,78,27,129,157,630,0.395,0.431,0.318,0.446,0.721,0.476,feltora01
Landry Fields,25,TOR,NBA,2013-14,30,2,322,27,67,27,62,0,5,14,22,15,44,59,20,10,3,11,25,68,0.403,0.435,0,0.403,0.636,0.443,fieldla01
Derek Fisher,39,OKC,NBA,2013-14,81,0,1428,141,361,53,132,88,229,55,71,12,110,122,117,70,3,49,157,425,0.391,0.402,0.384,0.512,0.775,0.542,fishede01
Evan Fournier,21,DEN,NBA,2013-14,76,4,1503,228,544,139,307,89,237,93,123,34,168,202,112,34,7,100,179,638,0.419,0.453,0.376,0.501,0.756,0.533,fournev01
Randy Foye,30,DEN,NBA,2013-14,81,78,2485,361,875,172,377,189,498,157,185,36,196,232,287,67,39,145,205,1068,0.413,0.456,0.38,0.521,0.849,0.558,foyera01
Jamaal Franklin,22,MEM,NBA,2013-14,21,0,161,16,39,11,28,5,11,2,2,4,19,23,6,4,2,11,23,39,0.41,0.393,0.455,0.474,1,0.489,frankja01
Jimmer Fredette,24,TOT,NBA,2013-14,49,0,519,107,227,67,143,40,84,19,21,8,44,52,64,14,3,48,35,273,0.471,0.469,0.476,0.559,0.905,0.578,fredeji01
Joel Freeland,26,POR,NBA,2013-14,52,0,727,77,162,77,160,0,2,20,29,88,120,208,36,10,22,32,95,174,0.475,0.481,0,0.475,0.69,0.498,freeljo01
Channing Frye,30,PHO,NBA,2013-14,82,82,2312,336,778,176,346,160,432,78,95,73,343,416,98,60,63,89,245,910,0.432,0.509,0.37,0.535,0.821,0.555,fryech01
Francisco Garcia,32,HOU,NBA,2013-14,55,4,1083,118,294,49,101,69,193,10,19,21,101,122,63,27,33,30,120,315,0.401,0.485,0.358,0.519,0.526,0.521,garcifr01
Kevin Garnett,37,BRK,NBA,2013-14,54,54,1109,157,356,157,353,0,3,38,47,60,298,358,82,43,40,69,123,352,0.441,0.445,0,0.441,0.809,0.467,garneke01
Diante Garrett,25,UTA,NBA,2013-14,71,0,1048,101,265,65,169,36,96,10,12,11,86,97,120,41,5,75,75,248,0.381,0.385,0.375,0.449,0.833,0.459,garredi02
Marc Gasol,29,MEM,NBA,2013-14,59,59,1970,336,711,334,700,2,11,185,241,84,340,424,215,59,76,111,150,859,0.473,0.477,0.182,0.474,0.768,0.526,gasolma01
Pau Gasol,33,LAL,NBA,2013-14,60,60,1884,425,885,421,871,4,14,187,254,124,456,580,201,27,92,141,124,1041,0.48,0.483,0.286,0.482,0.736,0.522,gasolpa01
Rudy Gay,27,TOT,NBA,2013-14,73,73,2531,537,1179,472,982,65,197,318,387,113,324,437,209,95,56,224,171,1457,0.455,0.481,0.33,0.483,0.822,0.54,gayru01
Alonzo Gee,26,CLE,NBA,2013-14,65,24,1020,98,236,79,178,19,58,43,61,35,114,149,47,39,15,44,96,258,0.415,0.444,0.328,0.456,0.705,0.491,geeal01
Paul George,23,IND,NBA,2013-14,80,80,2898,577,1362,395,862,182,500,401,464,64,478,542,283,151,22,224,198,1737,0.424,0.458,0.364,0.49,0.864,0.555,georgpa01
Taj Gibson,28,CHI,NBA,2013-14,82,8,2351,429,896,429,889,0,7,211,281,200,358,558,91,41,112,150,207,1069,0.479,0.483,0,0.479,0.751,0.524,gibsota01
Manu Ginobili,36,SAS,NBA,2013-14,68,3,1550,294,627,204,369,90,258,160,188,30,172,202,293,70,17,139,128,838,0.469,0.553,0.349,0.541,0.851,0.59,ginobma01
Rudy Gobert,21,UTA,NBA,2013-14,45,0,434,36,74,36,74,0,0,32,65,51,104,155,7,8,41,32,57,104,0.486,0.486,,0.486,0.492,0.507,goberru01
Ryan Gomes,31,OKC,NBA,2013-14,5,0,34,3,8,3,6,0,2,0,0,0,4,4,1,0,0,1,5,6,0.375,0.5,0,0.375,,0.375,gomesry01
Drew Gooden,32,WAS,NBA,2013-14,22,0,395,76,143,69,126,7,17,24,27,37,77,114,15,10,7,17,53,183,0.531,0.548,0.412,0.556,0.889,0.591,goodedr01
Archie Goodwin,19,PHO,NBA,2013-14,52,0,533,76,167,71,131,5,36,37,55,25,62,87,20,20,11,44,45,194,0.455,0.542,0.139,0.47,0.673,0.507,goodwar01
Ben Gordon,30,CHA,NBA,2013-14,19,0,279,37,108,29,79,8,29,17,21,3,24,27,21,10,2,21,18,99,0.343,0.367,0.276,0.38,0.81,0.422,gordobe01
Eric Gordon,25,NOP,NBA,2013-14,64,64,2057,356,817,255,559,101,258,175,223,30,135,165,208,74,12,134,114,988,0.436,0.456,0.391,0.498,0.785,0.54,gordoer01
Marcin Gortat,29,WAS,NBA,2013-14,81,80,2655,455,840,454,839,1,1,157,229,202,565,767,138,41,121,126,201,1068,0.542,0.541,1,0.542,0.686,0.568,gortama01
Danny Granger,30,TOT,NBA,2013-14,41,2,847,116,307,73,179,43,128,63,67,31,102,133,41,12,17,46,62,338,0.378,0.408,0.336,0.448,0.94,0.502,grangda01
Aaron Gray,29,TOT,NBA,2013-14,37,6,355,27,61,27,60,0,1,11,20,42,69,111,22,10,8,31,64,65,0.443,0.45,0,0.443,0.55,0.466,grayaa01
Danny Green,26,SAS,NBA,2013-14,68,59,1651,218,505,86,187,132,318,50,63,25,204,229,104,65,61,76,107,618,0.432,0.46,0.415,0.562,0.794,0.58,greenda02
Draymond Green,23,GSW,NBA,2013-14,82,12,1797,187,459,132,294,55,165,82,123,86,323,409,152,102,72,91,231,511,0.407,0.449,0.333,0.467,0.667,0.498,greendr01
Gerald Green,28,PHO,NBA,2013-14,82,48,2330,448,1006,244,496,204,510,195,230,48,227,275,122,70,42,145,220,1295,0.445,0.492,0.4,0.547,0.848,0.585,greenge01
Jeff Green,27,BOS,NBA,2013-14,82,82,2805,482,1171,347,775,135,396,283,356,54,326,380,138,57,47,165,180,1382,0.412,0.448,0.341,0.469,0.795,0.52,greenje02
Willie Green,32,LAC,NBA,2013-14,55,9,869,102,271,61,150,41,121,28,34,12,66,78,50,22,11,34,96,273,0.376,0.407,0.339,0.452,0.824,0.477,greenwi01
Blake Griffin,24,LAC,NBA,2013-14,80,80,2863,718,1359,706,1315,12,44,482,674,192,565,757,309,92,51,224,265,1930,0.528,0.537,0.273,0.533,0.715,0.583,griffbl01
Jorge Gutierrez,25,BRK,NBA,2013-14,15,2,244,25,54,22,42,3,12,9,12,3,19,22,30,10,1,14,37,62,0.463,0.524,0.25,0.491,0.75,0.523,gutiejo01
Jordan Hamilton,23,TOT,NBA,2013-14,60,12,1019,147,376,77,178,70,198,40,51,32,162,194,52,44,20,46,67,404,0.391,0.433,0.354,0.484,0.784,0.507,hamiljo02
Justin Hamilton,23,TOT,NBA,2013-14,8,0,72,9,20,6,11,3,9,5,5,4,3,7,0,5,0,4,8,26,0.45,0.545,0.333,0.525,1,0.586,hamilju01
Tyler Hansbrough,28,TOR,NBA,2013-14,64,4,978,93,196,93,194,0,2,126,185,120,167,287,17,28,19,47,132,312,0.474,0.479,0,0.474,0.681,0.562,hansbty01
Tim Hardaway,21,NYK,NBA,2013-14,81,1,1875,294,687,164,329,130,358,106,128,19,102,121,66,44,7,47,144,824,0.428,0.498,0.363,0.523,0.828,0.554,hardati02
James Harden,24,HOU,NBA,2013-14,73,73,2777,549,1205,372,722,177,483,576,665,61,283,344,446,115,29,265,177,1851,0.456,0.515,0.366,0.529,0.866,0.618,hardeja01
Maurice Harkless,20,ORL,NBA,2013-14,80,41,1950,224,483,165,329,59,154,85,143,69,195,264,80,97,50,86,140,592,0.464,0.502,0.383,0.525,0.594,0.542,harklma01
Josh Harrellson,24,DET,NBA,2013-14,32,0,317,38,82,26,51,12,31,5,7,30,46,76,15,6,15,10,44,93,0.463,0.51,0.387,0.537,0.714,0.547,harrejo01
Al Harrington,33,WAS,NBA,2013-14,34,0,511,82,207,48,107,34,100,27,35,15,65,80,28,14,0,34,72,225,0.396,0.449,0.34,0.478,0.771,0.506,harrial01
Devin Harris,30,DAL,NBA,2013-14,40,0,818,96,254,65,153,31,101,92,115,8,77,85,178,28,2,59,72,315,0.378,0.425,0.307,0.439,0.8,0.517,harride01
Elias Harris,24,LAL,NBA,2013-14,2,0,11,0,1,0,1,0,0,0,0,1,0,1,1,1,0,0,0,0,0,0,,0,,0,harriel01
Manny Harris,24,LAL,NBA,2013-14,9,0,180,28,70,21,50,7,20,10,12,7,27,34,11,4,1,9,10,73,0.4,0.42,0.35,0.45,0.833,0.485,harrima01
Mike Harris,30,UTA,NBA,2013-14,20,0,225,29,61,29,59,0,2,26,27,15,18,33,5,16,7,11,36,84,0.475,0.492,0,0.475,0.963,0.576,harrimi01
Tobias Harris,21,ORL,NBA,2013-14,61,36,1850,332,716,300,590,32,126,197,244,88,336,424,82,41,24,78,143,893,0.464,0.508,0.254,0.486,0.807,0.542,harrito02
Udonis Haslem,33,MIA,NBA,2013-14,46,18,653,74,146,74,146,0,0,25,44,42,133,175,13,11,15,24,79,173,0.507,0.507,,0.507,0.568,0.523,hasleud01
Spencer Hawes,25,TOT,NBA,2013-14,80,78,2470,403,883,275,575,128,308,119,152,131,529,660,240,44,94,173,237,1053,0.456,0.478,0.416,0.529,0.783,0.554,hawessp01
Chuck Hayes,30,TOT,NBA,2013-14,61,1,754,56,130,56,129,0,1,20,25,69,141,210,35,34,12,33,95,132,0.431,0.434,0,0.431,0.8,0.468,hayesch01
Gordon Hayward,23,UTA,NBA,2013-14,77,77,2800,426,1032,341,752,85,280,311,381,62,329,391,400,110,40,212,155,1248,0.413,0.453,0.304,0.454,0.816,0.52,haywago01
Gerald Henderson,26,CHA,NBA,2013-14,77,77,2461,403,930,363,815,40,115,235,309,31,279,310,199,51,32,113,159,1081,0.433,0.445,0.348,0.455,0.761,0.507,hendege02
Xavier Henry,22,LAL,NBA,2013-14,43,5,908,144,345,116,264,28,81,116,177,25,89,114,51,44,7,57,79,432,0.417,0.439,0.346,0.458,0.655,0.511,henryxa01
John Henson,23,MIL,NBA,2013-14,70,23,1856,344,639,344,638,0,1,91,177,171,326,497,113,41,116,114,185,779,0.538,0.539,0,0.538,0.514,0.543,hensojo01
Roy Hibbert,27,IND,NBA,2013-14,81,81,2409,331,754,329,749,2,5,207,269,202,336,538,91,29,182,148,269,871,0.439,0.439,0.4,0.44,0.77,0.499,hibbero01
J.J. Hickson,25,DEN,NBA,2013-14,69,52,1859,332,654,332,646,0,8,150,290,206,426,632,96,47,51,128,177,814,0.508,0.514,0,0.508,0.517,0.521,hicksjj01
Nene Hilario,31,WAS,NBA,2013-14,53,37,1560,299,594,298,589,1,5,155,266,65,229,294,153,64,47,117,164,754,0.503,0.506,0.2,0.504,0.583,0.53,hilarne01
George Hill,27,IND,NBA,2013-14,76,76,2434,272,616,177,356,95,260,142,176,53,230,283,265,75,23,92,158,781,0.442,0.497,0.365,0.519,0.807,0.563,hillge01
Jordan Hill,26,LAL,NBA,2013-14,72,32,1500,286,521,286,520,0,1,124,181,194,341,535,54,29,64,75,172,696,0.549,0.55,0,0.549,0.685,0.579,hilljo01
Solomon Hill,22,IND,NBA,2013-14,28,0,226,17,40,10,17,7,23,6,7,9,32,41,12,5,2,13,19,47,0.425,0.588,0.304,0.513,0.857,0.545,hillso01
Kirk Hinrich,33,CHI,NBA,2013-14,73,61,2116,243,619,158,377,85,242,95,125,31,161,192,286,80,26,120,203,666,0.393,0.419,0.351,0.461,0.76,0.494,hinriki01
Jrue Holiday,23,NOP,NBA,2013-14,34,34,1143,203,454,173,377,30,77,51,63,28,114,142,268,56,12,105,92,487,0.447,0.459,0.39,0.48,0.81,0.505,holidjr01
Ryan Hollins,29,LAC,NBA,2013-14,61,0,482,53,72,53,72,0,0,35,56,31,59,90,8,9,31,29,87,141,0.736,0.736,,0.736,0.625,0.73,holliry01
Scotty Hopson,24,CLE,NBA,2013-14,2,0,7,0,4,0,2,0,2,1,2,0,0,0,1,1,0,0,0,1,0,0,0,0,0.5,0.102,hopsosc01
Al Horford,27,ATL,NBA,2013-14,29,29,958,238,420,234,409,4,11,58,85,66,178,244,76,27,44,64,56,538,0.567,0.572,0.364,0.571,0.682,0.588,horfoal01
Dwight Howard,28,HOU,NBA,2013-14,71,71,2396,473,800,471,793,2,7,349,638,231,635,866,131,60,128,229,240,1297,0.591,0.594,0.286,0.593,0.547,0.6,howardw01
Robbie Hummel,24,MIN,NBA,2013-14,53,5,655,67,177,35,88,32,89,15,16,35,97,132,23,16,2,10,57,181,0.379,0.398,0.36,0.469,0.938,0.492,hummero01
Kris Humphries,28,BOS,NBA,2013-14,69,30,1376,231,461,231,459,0,2,117,144,127,282,409,67,31,61,64,136,579,0.501,0.503,0,0.501,0.813,0.552,humphkr01
Serge Ibaka,24,OKC,NBA,2013-14,81,81,2666,524,978,501,918,23,60,156,199,224,485,709,85,39,219,123,233,1227,0.536,0.546,0.383,0.548,0.784,0.576,ibakase01
Andre Iguodala,30,GSW,NBA,2013-14,63,63,2040,220,458,158,283,62,175,86,132,53,240,293,263,95,18,100,103,588,0.48,0.558,0.354,0.548,0.652,0.57,iguodan01
Ersan Ilyasova,26,MIL,NBA,2013-14,55,47,1478,237,579,200,448,37,131,107,130,107,235,342,72,46,8,61,135,618,0.409,0.446,0.282,0.441,0.823,0.486,ilyaser01
Kyrie Irving,21,CLE,NBA,2013-14,71,71,2496,532,1237,409,893,123,344,291,338,52,207,259,433,108,23,190,163,1478,0.43,0.458,0.358,0.48,0.861,0.533,irvinky01
Royal Ivey,32,OKC,NBA,2013-14,2,0,5,0,2,0,1,0,1,0,0,0,1,1,0,0,0,0,1,0,0,0,0,0,,0,iveyro01
Jarrett Jack,30,CLE,NBA,2013-14,80,31,2252,286,698,223,513,63,185,125,149,22,201,223,324,56,22,133,133,760,0.41,0.435,0.341,0.455,0.839,0.498,jackja01
Reggie Jackson,23,OKC,NBA,2013-14,80,36,2277,403,916,320,671,83,245,158,177,43,270,313,331,85,9,168,142,1047,0.44,0.477,0.339,0.485,0.893,0.527,jacksre01
Stephen Jackson,35,LAC,NBA,2013-14,9,0,107,6,26,5,12,1,14,2,4,2,8,10,5,6,1,6,11,15,0.231,0.417,0.071,0.25,0.5,0.27,jacksst02
Bernard James,28,DAL,NBA,2013-14,30,0,146,11,23,11,22,0,1,6,11,15,27,42,3,3,8,10,24,28,0.478,0.5,0,0.478,0.545,0.503,jamesbe01
Damion James,26,SAS,NBA,2013-14,5,1,50,2,9,2,7,0,2,2,2,1,11,12,3,0,1,1,3,6,0.222,0.286,0,0.222,1,0.304,jamesda01
LeBron James,29,MIA,NBA,2013-14,77,77,2902,767,1353,651,1047,116,306,439,585,81,452,533,488,121,26,270,126,2089,0.567,0.622,0.379,0.61,0.75,0.649,jamesle01
Mike James,38,CHI,NBA,2013-14,11,0,77,5,21,4,16,1,5,0,2,0,7,7,17,2,0,5,11,11,0.238,0.25,0.2,0.262,0,0.251,jamesmi01
Antawn Jamison,37,LAC,NBA,2013-14,22,0,248,29,92,21,51,8,41,18,25,9,46,55,7,9,3,7,29,84,0.315,0.412,0.195,0.359,0.72,0.408,jamisan01
Othyus Jeffers,28,TOT,NBA,2013-14,6,1,47,3,6,3,4,0,2,3,4,1,8,9,1,0,0,1,3,9,0.5,0.75,0,0.5,0.75,0.58,jeffeot01
Al Jefferson,29,CHA,NBA,2013-14,73,73,2553,700,1376,697,1361,3,15,191,277,156,636,792,155,67,79,124,176,1594,0.509,0.512,0.2,0.51,0.69,0.532,jeffeal01
Richard Jefferson,33,UTA,NBA,2013-14,82,78,2213,294,654,171,353,123,301,120,162,18,201,219,130,56,14,94,168,831,0.45,0.484,0.409,0.544,0.741,0.573,jefferi01
John Jenkins,22,ATL,NBA,2013-14,13,0,158,16,42,12,24,4,18,4,4,3,19,22,11,1,1,11,11,40,0.381,0.5,0.222,0.429,1,0.457,jenkijo01
Brandon Jennings,24,DET,NBA,2013-14,80,79,2728,423,1135,269,678,154,457,241,321,59,185,244,609,101,8,215,157,1241,0.373,0.397,0.337,0.441,0.751,0.486,jennibr01
Jonas Jerebko,26,DET,NBA,2013-14,64,0,741,98,208,67,134,31,74,43,59,51,124,175,39,21,6,43,85,270,0.471,0.5,0.419,0.546,0.729,0.577,jerebjo01
Amir Johnson,26,TOR,NBA,2013-14,77,72,2214,344,612,324,546,20,66,91,143,172,333,505,115,56,88,123,271,799,0.562,0.593,0.303,0.578,0.636,0.592,johnsam01
Chris Johnson,23,BOS,NBA,2013-14,40,0,789,85,214,42,87,43,127,37,43,31,66,97,31,27,4,22,63,250,0.397,0.483,0.339,0.498,0.86,0.537,johnsch04
James Johnson,26,MEM,NBA,2013-14,52,4,956,143,308,121,221,22,87,76,90,60,106,166,111,42,57,66,102,384,0.464,0.548,0.253,0.5,0.844,0.552,johnsja01
Joe Johnson,32,BRK,NBA,2013-14,79,79,2575,462,1018,300,614,162,404,159,195,48,222,270,216,47,10,120,129,1245,0.454,0.489,0.401,0.533,0.815,0.564,johnsjo02
Orlando Johnson,24,TOT,NBA,2013-14,45,0,392,36,113,27,66,9,47,19,26,9,46,55,20,6,2,15,26,100,0.319,0.409,0.191,0.358,0.731,0.402,johnsor01
Wesley Johnson,26,LAL,NBA,2013-14,79,62,2240,277,651,177,380,100,271,61,77,70,278,348,124,86,77,90,207,715,0.425,0.466,0.369,0.502,0.792,0.522,johnswe01
Darius Johnson-Odom,24,PHI,NBA,2013-14,3,0,15,0,7,0,4,0,3,0,2,0,2,2,1,1,0,2,3,0,0,0,0,0,0,0,johnsda03
James Jones,33,MIA,NBA,2013-14,20,6,236,31,68,3,14,28,54,7,11,2,21,23,9,3,4,4,6,97,0.456,0.214,0.519,0.662,0.636,0.666,jonesja02
Perry Jones,22,OKC,NBA,2013-14,62,7,764,83,181,61,120,22,61,28,42,28,86,114,26,14,19,21,62,216,0.459,0.508,0.361,0.519,0.667,0.541,jonespe01
Solomon Jones,29,ORL,NBA,2013-14,11,0,85,6,17,6,17,0,0,2,4,8,8,16,2,2,2,2,12,14,0.353,0.353,,0.353,0.5,0.373,jonesso01
Terrence Jones,22,HOU,NBA,2013-14,76,71,2078,386,712,355,611,31,101,118,195,162,366,528,87,53,99,71,139,921,0.542,0.581,0.307,0.564,0.605,0.577,joneste01
DeAndre Jordan,25,LAC,NBA,2013-14,82,82,2870,348,515,348,515,0,0,160,374,331,783,1114,74,80,203,123,264,856,0.676,0.676,,0.676,0.428,0.63,jordade01
Cory Joseph,22,SAS,NBA,2013-14,68,19,936,126,265,114,227,12,38,79,96,32,75,107,114,35,14,43,84,343,0.475,0.502,0.316,0.498,0.823,0.558,josepco01
Chris Kaman,31,LAL,NBA,2013-14,39,13,736,176,346,176,343,0,3,52,68,54,175,229,58,11,40,74,93,404,0.509,0.513,0,0.509,0.765,0.537,kamanch01
Enes Kanter,21,UTA,NBA,2013-14,80,37,2138,419,853,419,852,0,1,149,204,222,376,598,75,28,42,144,230,987,0.491,0.492,0,0.491,0.73,0.523,kanteen01
Sergey Karasev,20,CLE,NBA,2013-14,22,1,156,12,35,8,16,4,19,9,10,0,16,16,6,3,1,11,22,37,0.343,0.5,0.211,0.4,0.9,0.47,karasse01
Ryan Kelly,22,LAL,NBA,2013-14,59,25,1312,157,371,109,229,48,142,110,135,42,177,219,95,32,45,47,147,472,0.423,0.476,0.338,0.488,0.815,0.548,kellyry01
Michael Kidd-Gilchrist,20,CHA,NBA,2013-14,62,62,1502,167,353,166,344,1,9,113,184,109,215,324,52,43,39,60,145,448,0.473,0.483,0.111,0.475,0.614,0.516,kiddgmi01
Andrei Kirilenko,32,BRK,NBA,2013-14,45,4,857,82,160,81,155,1,5,61,119,55,91,146,72,40,19,54,65,226,0.513,0.523,0.2,0.516,0.513,0.532,kirilan01
Brandon Knight,22,MIL,NBA,2013-14,72,69,2400,461,1092,351,754,110,338,259,323,46,209,255,352,69,17,188,146,1291,0.422,0.466,0.325,0.473,0.802,0.523,knighbr03
Kyle Korver,32,ATL,NBA,2013-14,71,71,2408,289,609,104,217,185,392,87,94,22,260,282,208,70,24,102,147,850,0.475,0.479,0.472,0.626,0.926,0.653,korveky01
Kosta Koufos,24,MEM,NBA,2013-14,80,22,1349,227,459,227,459,0,0,60,93,160,258,418,39,32,71,67,182,514,0.495,0.495,,0.495,0.645,0.514,koufoko01
Viacheslav Kravtsov,26,PHO,NBA,2013-14,20,0,59,8,15,8,15,0,0,4,8,9,8,17,1,0,1,6,7,20,0.533,0.533,,0.533,0.5,0.54,kravtvi01
Ognjen Kuzmic,23,GSW,NBA,2013-14,21,0,92,5,13,5,13,0,0,5,11,10,11,21,2,3,4,10,17,15,0.385,0.385,,0.385,0.455,0.42,kuzmiog01
Doron Lamb,22,ORL,NBA,2013-14,53,0,695,63,160,27,70,36,90,29,36,8,41,49,43,11,1,27,54,191,0.394,0.386,0.4,0.506,0.806,0.543,lambdo01
Jeremy Lamb,21,OKC,NBA,2013-14,78,0,1538,263,609,175,362,88,247,51,64,27,162,189,115,56,26,61,143,665,0.432,0.483,0.356,0.504,0.797,0.522,lambje01
Carl Landry,30,SAC,NBA,2013-14,18,1,233,31,60,31,60,0,0,14,17,15,42,57,5,3,1,9,34,76,0.517,0.517,,0.517,0.824,0.563,landrca01
Shane Larkin,21,DAL,NBA,2013-14,48,0,489,52,137,40,99,12,38,16,25,11,31,42,71,26,1,39,46,132,0.38,0.404,0.316,0.423,0.64,0.446,larkish01
Ty Lawson,26,DEN,NBA,2013-14,62,61,2222,347,806,275,604,72,202,324,406,40,175,215,543,100,10,200,113,1090,0.431,0.455,0.356,0.475,0.798,0.554,lawsoty01
Ricky Ledo,21,DAL,NBA,2013-14,11,0,33,6,17,3,9,3,8,4,4,0,2,2,2,1,0,2,2,19,0.353,0.333,0.375,0.441,1,0.506,ledori01
Courtney Lee,28,TOT,NBA,2013-14,79,47,1973,295,614,223,420,72,194,99,112,29,158,187,115,65,28,73,127,761,0.48,0.531,0.371,0.539,0.884,0.574,leeco01
David Lee,30,GSW,NBA,2013-14,69,67,2288,513,981,513,980,0,1,231,296,182,461,643,147,48,26,152,206,1257,0.523,0.523,0,0.523,0.78,0.566,leeda02
Alex Len,20,PHO,NBA,2013-14,42,3,362,33,78,33,78,0,0,20,31,39,60,99,4,4,18,26,68,86,0.423,0.423,,0.423,0.645,0.469,lenal01
Kawhi Leonard,22,SAS,NBA,2013-14,66,65,1923,337,645,268,463,69,182,101,126,76,336,412,133,114,50,80,127,844,0.522,0.579,0.379,0.576,0.802,0.602,leonaka01
Meyers Leonard,21,POR,NBA,2013-14,40,0,355,41,91,41,85,0,6,16,21,26,85,111,18,7,5,15,76,98,0.451,0.482,0,0.451,0.762,0.489,leoname01
Jon Leuer,24,MEM,NBA,2013-14,49,0,642,121,246,98,197,23,49,37,47,37,121,158,20,18,13,27,63,302,0.492,0.497,0.469,0.539,0.787,0.566,leuerjo01
Rashard Lewis,34,MIA,NBA,2013-14,60,6,971,98,236,52,102,46,134,26,33,24,86,110,57,53,8,35,90,268,0.415,0.51,0.343,0.513,0.788,0.535,lewisra02
DeAndre Liggins,25,MIA,NBA,2013-14,1,0,1,1,1,1,1,0,0,0,0,1,0,1,0,0,0,0,0,2,1,1,,1,,1,liggide01
Damian Lillard,23,POR,NBA,2013-14,82,82,2937,553,1304,335,750,218,554,371,426,35,253,288,457,64,22,193,197,1695,0.424,0.447,0.394,0.508,0.871,0.568,lillada01
Jeremy Lin,25,HOU,NBA,2013-14,71,33,2054,295,662,213,433,82,229,218,265,34,153,187,294,68,27,176,166,890,0.446,0.492,0.358,0.508,0.823,0.572,linje01
Shaun Livingston,28,BRK,NBA,2013-14,76,54,1974,235,487,234,481,1,6,158,191,67,179,246,245,93,31,105,172,629,0.483,0.486,0.167,0.484,0.827,0.551,livinsh01
Brook Lopez,25,BRK,NBA,2013-14,17,17,533,129,229,129,228,0,1,94,115,39,63,102,16,9,30,28,52,352,0.563,0.566,0,0.563,0.817,0.629,lopezbr01
Robin Lopez,25,POR,NBA,2013-14,82,82,2603,355,644,355,643,0,1,198,242,326,374,700,73,25,139,84,196,908,0.551,0.552,0,0.551,0.818,0.605,lopezro01
Kevin Love,25,MIN,NBA,2013-14,77,77,2797,650,1421,460,916,190,505,520,633,224,739,963,341,59,35,196,136,2010,0.457,0.502,0.376,0.524,0.821,0.591,loveke01
Kyle Lowry,27,TOR,NBA,2013-14,79,79,2862,457,1080,267,580,190,500,313,385,88,281,369,586,121,15,194,267,1417,0.423,0.46,0.38,0.511,0.813,0.567,lowryky01
John Lucas III,31,UTA,NBA,2013-14,42,6,591,62,190,37,106,25,84,10,16,12,27,39,42,14,0,22,41,159,0.326,0.349,0.298,0.392,0.625,0.403,lucasjo02
Shelvin Mack,23,ATL,NBA,2013-14,73,11,1490,209,501,147,317,62,184,64,74,21,139,160,271,50,2,89,100,544,0.417,0.464,0.337,0.479,0.865,0.51,macksh01
Ian Mahinmi,27,IND,NBA,2013-14,77,1,1248,91,189,91,188,0,1,90,145,107,150,257,24,41,72,58,207,272,0.481,0.484,0,0.481,0.621,0.538,mahinia01
Shawn Marion,35,DAL,NBA,2013-14,76,76,2409,341,708,283,546,58,162,51,65,132,365,497,124,90,37,95,125,791,0.482,0.518,0.358,0.523,0.785,0.537,mariosh01
Kendall Marshall,22,LAL,NBA,2013-14,54,45,1564,170,419,99,241,71,178,19,36,15,140,155,477,48,4,150,76,430,0.406,0.411,0.399,0.49,0.528,0.494,marshke01
Cartier Martin,29,TOT,NBA,2013-14,59,6,870,111,264,52,113,59,151,48,65,13,97,110,33,27,7,34,71,329,0.42,0.46,0.391,0.532,0.738,0.562,martica01
Kenyon Martin,36,NYK,NBA,2013-14,32,15,633,63,123,63,122,0,1,11,19,36,98,134,50,25,27,26,85,137,0.512,0.516,0,0.512,0.579,0.521,martike01
Kevin Martin,30,MIN,NBA,2013-14,68,68,2177,440,1023,325,726,115,297,303,340,34,169,203,121,66,6,106,123,1298,0.43,0.448,0.387,0.486,0.891,0.553,martike02
Roger Mason,33,MIA,NBA,2013-14,25,2,260,25,67,8,19,17,48,7,7,1,21,22,19,6,1,9,26,74,0.373,0.421,0.354,0.5,1,0.528,masonro01
Wesley Matthews,27,POR,NBA,2013-14,82,82,2780,445,1009,244,498,201,511,252,301,51,238,289,197,76,14,110,176,1343,0.441,0.49,0.393,0.541,0.837,0.588,matthwe02
Jason Maxiell,30,ORL,NBA,2013-14,34,13,488,47,105,47,105,0,0,15,31,28,58,86,9,8,20,14,47,109,0.448,0.448,,0.448,0.484,0.459,maxieja01
Eric Maynor,26,TOT,NBA,2013-14,31,0,327,32,101,20,64,12,37,6,11,9,30,39,52,9,3,29,17,82,0.317,0.313,0.324,0.376,0.545,0.387,maynoer01
O.J. Mayo,26,MIL,NBA,2013-14,52,23,1346,224,550,140,323,84,227,76,88,24,100,124,113,28,13,95,111,608,0.407,0.433,0.37,0.484,0.864,0.516,mayooj01
Luc Mbah a Moute,27,TOT,NBA,2013-14,64,7,1003,87,193,83,176,4,17,46,67,56,90,146,36,30,14,40,68,224,0.451,0.472,0.235,0.461,0.687,0.503,mbahalu01
Ray McCallum,22,SAC,NBA,2013-14,45,10,897,113,300,91,241,22,59,32,43,18,61,79,120,22,9,39,69,280,0.377,0.378,0.373,0.413,0.744,0.439,mccalra01
CJ McCollum,22,POR,NBA,2013-14,38,0,476,74,178,44,98,30,80,23,34,7,41,48,27,14,2,35,53,201,0.416,0.449,0.375,0.5,0.676,0.521,mccolcj01
JaVale McGee,26,DEN,NBA,2013-14,5,5,79,17,38,17,38,0,0,1,1,10,7,17,2,1,7,8,16,35,0.447,0.447,,0.447,1,0.455,mcgeeja01
Ben McLemore,20,SAC,NBA,2013-14,82,55,2187,255,679,160,382,95,297,115,143,53,182,235,82,45,18,96,201,720,0.376,0.419,0.32,0.446,0.804,0.485,mclembe01
Josh McRoberts,26,CHA,NBA,2013-14,78,78,2360,247,566,142,275,105,291,62,85,85,288,373,333,58,46,83,189,661,0.436,0.516,0.361,0.529,0.729,0.548,mcrobjo01
Jodie Meeks,26,LAL,NBA,2013-14,77,70,2556,413,892,251,488,162,404,221,258,30,164,194,138,111,4,111,119,1209,0.463,0.514,0.401,0.554,0.857,0.601,meeksjo01
Gal Mekel,25,DAL,NBA,2013-14,31,1,292,30,86,25,66,5,20,8,12,5,22,27,63,4,1,31,31,73,0.349,0.379,0.25,0.378,0.667,0.4,mekelga01
Khris Middleton,22,MIL,NBA,2013-14,82,64,2460,376,854,256,564,120,290,118,137,60,250,310,169,83,20,123,243,990,0.44,0.454,0.414,0.511,0.861,0.541,middlkh01
C.J. Miles,26,CLE,NBA,2013-14,51,34,984,178,409,95,198,83,211,64,75,18,85,103,52,46,15,44,103,503,0.435,0.48,0.393,0.537,0.853,0.569,milescj01
Andre Miller,37,TOT,NBA,2013-14,58,2,982,106,231,95,210,11,21,60,77,28,102,130,197,34,9,61,75,283,0.459,0.452,0.524,0.483,0.779,0.534,millean02
Darius Miller,23,NOP,NBA,2013-14,45,7,723,73,166,48,89,25,77,29,36,9,43,52,43,24,9,22,88,200,0.44,0.539,0.325,0.515,0.806,0.55,milleda01
Mike Miller,33,MEM,NBA,2013-14,82,4,1707,213,443,106,210,107,233,46,56,30,177,207,130,26,5,77,95,579,0.481,0.505,0.459,0.602,0.821,0.619,millemi01
Quincy Miller,21,DEN,NBA,2013-14,52,16,789,94,256,64,162,30,94,39,55,36,111,147,26,22,32,48,70,257,0.367,0.395,0.319,0.426,0.709,0.459,millequ01
Patty Mills,25,SAS,NBA,2013-14,81,2,1527,309,666,174,348,135,318,73,82,34,135,169,149,68,9,63,114,826,0.464,0.5,0.425,0.565,0.89,0.588,millspa02
Paul Millsap,28,ATL,NBA,2013-14,74,73,2482,483,1047,407,835,76,212,286,391,154,473,627,232,129,78,185,210,1328,0.461,0.487,0.358,0.498,0.731,0.545,millspa01
Tony Mitchell,24,MIL,NBA,2013-14,3,0,10,3,5,3,4,0,1,0,0,1,0,1,1,1,0,0,0,6,0.6,0.75,0,0.6,,0.6,mitchto03
Tony Mitchell,21,DET,NBA,2013-14,21,0,79,5,12,4,11,1,1,11,19,15,11,26,2,6,3,4,9,22,0.417,0.364,1,0.458,0.579,0.54,mitchto02
Nazr Mohammed,36,CHI,NBA,2013-14,80,1,562,54,126,54,126,0,0,16,30,66,109,175,20,14,30,37,77,124,0.429,0.429,,0.429,0.533,0.445,mohamna01
Greg Monroe,23,DET,NBA,2013-14,82,82,2690,504,1015,504,1014,0,1,241,367,256,504,760,171,91,47,166,205,1249,0.497,0.497,0,0.497,0.657,0.531,monrogr01
E'Twaun Moore,24,ORL,NBA,2013-14,79,3,1506,195,456,138,295,57,161,52,68,29,107,136,112,60,13,55,106,499,0.428,0.468,0.354,0.49,0.765,0.513,mooreet01
Darius Morris,23,TOT,NBA,2013-14,27,0,313,39,96,27,58,12,38,17,26,7,19,26,44,13,0,27,33,107,0.406,0.466,0.316,0.469,0.654,0.498,morrida01
Marcus Morris,24,PHO,NBA,2013-14,82,1,1800,288,651,189,391,99,260,121,159,84,235,319,88,72,18,95,157,796,0.442,0.483,0.381,0.518,0.761,0.552,morrima03
Markieff Morris,24,PHO,NBA,2013-14,81,0,2153,411,845,377,737,34,108,259,327,139,346,485,144,68,51,147,232,1115,0.486,0.512,0.315,0.507,0.792,0.564,morrima02
Anthony Morrow,28,NOP,NBA,2013-14,76,9,1426,238,520,150,325,88,195,72,87,29,111,140,59,38,12,51,102,636,0.458,0.462,0.451,0.542,0.828,0.57,morroan01
Donatas Motiejunas,23,HOU,NBA,2013-14,62,3,952,131,296,110,212,21,84,58,96,60,165,225,34,20,21,49,132,341,0.443,0.519,0.25,0.478,0.604,0.504,motiedo01
Arnett Moultrie,23,PHI,NBA,2013-14,12,2,187,16,38,16,38,0,0,4,5,11,24,35,2,8,4,7,22,36,0.421,0.421,,0.421,0.8,0.448,moultar01
Timofey Mozgov,27,DEN,NBA,2013-14,82,30,1770,285,545,281,521,4,24,196,260,171,357,528,62,27,100,122,213,770,0.523,0.539,0.167,0.527,0.754,0.584,mozgoti01
Shabazz Muhammad,21,MIN,NBA,2013-14,37,0,290,57,124,54,113,3,11,26,40,24,29,53,6,8,1,16,24,143,0.46,0.478,0.273,0.472,0.65,0.505,muhamsh01
Byron Mullens,24,TOT,NBA,2013-14,45,0,414,73,165,40,76,33,89,10,20,24,68,92,14,15,11,27,64,189,0.442,0.526,0.371,0.542,0.5,0.544,mulleby01
Erik Murphy,23,CHI,NBA,2013-14,24,0,62,3,13,3,10,0,3,0,0,2,6,8,2,0,4,2,7,6,0.231,0.3,0,0.231,,0.231,murpher01
Toure' Murry,24,NYK,NBA,2013-14,51,0,373,56,129,51,117,5,12,23,39,13,31,44,49,19,1,34,46,140,0.434,0.436,0.417,0.453,0.59,0.479,murryto01
Mike Muscala,22,ATL,NBA,2013-14,20,0,215,31,73,31,70,0,3,14,14,17,35,52,7,3,10,12,29,76,0.425,0.443,0,0.425,1,0.48,muscami01
Hamady N'Diaye,27,SAC,NBA,2013-14,14,0,74,3,9,3,9,0,0,0,1,5,13,18,3,0,4,3,15,6,0.333,0.333,,0.333,0,0.318,ndiayha01
Steve Nash,39,LAL,NBA,2013-14,15,10,313,36,94,28,70,8,24,22,24,4,25,29,86,7,2,31,18,102,0.383,0.4,0.333,0.426,0.917,0.488,nashst01
Gary Neal,29,TOT,NBA,2013-14,52,3,1114,193,471,125,291,68,180,94,105,10,80,90,83,18,0,64,65,548,0.41,0.43,0.378,0.482,0.895,0.53,nealga01
Nemanja Nedovic,22,GSW,NBA,2013-14,24,0,142,8,39,5,21,3,18,7,8,3,12,15,13,0,1,13,13,26,0.205,0.238,0.167,0.244,0.875,0.306,nedovne01
Jameer Nelson,31,ORL,NBA,2013-14,68,68,2179,294,747,158,356,136,391,96,112,29,202,231,476,52,5,166,146,820,0.394,0.444,0.348,0.485,0.857,0.515,nelsoja01
Andrew Nicholson,24,ORL,NBA,2013-14,76,5,1174,180,420,152,331,28,89,47,57,53,202,255,25,18,23,51,150,435,0.429,0.459,0.315,0.462,0.825,0.489,nichoan01
Joakim Noah,28,CHI,NBA,2013-14,80,80,2820,380,800,380,798,0,2,247,335,282,618,900,431,99,121,194,245,1007,0.475,0.476,0,0.475,0.737,0.531,noahjo01
Steve Novak,30,TOR,NBA,2013-14,54,1,540,60,146,8,24,52,122,6,6,8,50,58,13,12,4,5,44,178,0.411,0.333,0.426,0.589,1,0.599,novakst01
Dirk Nowitzki,35,DAL,NBA,2013-14,80,80,2628,633,1273,502,944,131,329,338,376,40,458,498,216,73,45,117,165,1735,0.497,0.532,0.398,0.549,0.899,0.603,nowitdi01
James Nunnally,23,TOT,NBA,2013-14,13,0,165,15,46,7,21,8,25,6,9,1,18,19,8,6,2,7,11,44,0.326,0.333,0.32,0.413,0.667,0.44,nunnaja01
Jermaine O'Neal,35,GSW,NBA,2013-14,44,13,883,125,248,125,248,0,0,99,132,85,157,242,25,14,40,52,102,349,0.504,0.504,,0.504,0.75,0.57,onealje01
Kyle O'Quinn,23,ORL,NBA,2013-14,69,19,1188,186,371,186,368,0,3,57,83,100,264,364,78,39,88,78,165,429,0.501,0.505,0,0.501,0.687,0.526,oquinky01
Greg Oden,26,MIA,NBA,2013-14,23,6,212,27,49,27,49,0,0,13,23,23,31,54,1,7,13,12,52,67,0.551,0.551,,0.551,0.565,0.567,odengr01
Victor Oladipo,21,ORL,NBA,2013-14,80,44,2487,392,936,318,710,74,226,248,318,43,286,329,327,129,37,256,210,1106,0.419,0.448,0.327,0.458,0.78,0.514,oladivi01
Kelly Olynyk,22,BOS,NBA,2013-14,70,9,1400,234,502,194,388,40,114,99,122,140,225,365,109,35,27,106,227,607,0.466,0.5,0.351,0.506,0.811,0.546,olynyke01
Arinze Onuaku,26,TOT,NBA,2013-14,5,0,30,1,5,1,5,0,0,1,2,2,6,8,3,0,0,1,3,3,0.2,0.2,,0.2,0.5,0.255,onuakar01
Daniel Orton,23,PHI,NBA,2013-14,22,4,251,21,47,21,47,0,0,23,30,16,45,61,15,6,16,18,38,65,0.447,0.447,,0.447,0.767,0.54,ortonda01
Travis Outlaw,29,SAC,NBA,2013-14,63,4,1065,130,326,89,209,41,117,42,52,36,132,168,48,20,19,26,94,343,0.399,0.426,0.35,0.462,0.808,0.492,outlatr01
Zaza Pachulia,29,MIL,NBA,2013-14,53,43,1325,149,349,149,348,0,1,110,130,141,192,333,136,45,14,92,124,408,0.427,0.428,0,0.427,0.846,0.502,pachuza01
Jannero Pargo,34,CHA,NBA,2013-14,29,0,242,52,118,28,58,24,60,8,11,1,19,20,52,14,1,26,17,136,0.441,0.483,0.4,0.542,0.727,0.554,pargoja01
Tony Parker,31,SAS,NBA,2013-14,68,68,1997,456,914,431,847,25,67,197,243,17,138,155,388,36,9,151,86,1134,0.499,0.509,0.373,0.513,0.811,0.555,parketo01
Chandler Parsons,25,HOU,NBA,2013-14,74,74,2783,466,987,336,636,130,351,164,221,69,340,409,298,88,29,144,168,1226,0.472,0.528,0.37,0.538,0.742,0.565,parsoch01
Patrick Patterson,24,TOT,NBA,2013-14,65,13,1533,225,489,170,338,55,151,50,71,117,225,342,78,55,37,65,159,555,0.46,0.503,0.364,0.516,0.704,0.533,pattepa01
Chris Paul,28,LAC,NBA,2013-14,62,62,2171,406,870,328,658,78,212,295,345,38,230,268,663,154,4,145,157,1185,0.467,0.498,0.368,0.511,0.855,0.58,paulch01
Nikola Pekovic,28,MIN,NBA,2013-14,54,54,1663,379,701,379,701,0,0,186,249,206,262,468,50,30,23,84,129,944,0.541,0.541,,0.541,0.747,0.582,pekovni01
Kendrick Perkins,29,OKC,NBA,2013-14,62,62,1207,87,193,87,192,0,1,37,67,82,223,305,67,26,32,90,177,211,0.451,0.453,0,0.451,0.552,0.474,perkike01
Paul Pierce,36,BRK,NBA,2013-14,75,68,2098,321,712,209,412,112,300,256,310,26,322,348,178,86,31,153,190,1010,0.451,0.507,0.373,0.529,0.826,0.595,piercpa01
Dexter Pittman,25,ATL,NBA,2013-14,2,0,3,0,1,0,1,0,0,0,2,3,0,3,0,0,0,0,0,0,0,0,,0,0,0,pittmde01
Mason Plumlee,23,BRK,NBA,2013-14,70,22,1275,199,302,199,299,0,3,122,195,99,209,308,60,49,55,77,171,520,0.659,0.666,0,0.659,0.626,0.67,plumlma01
Miles Plumlee,25,PHO,NBA,2013-14,80,79,1964,286,553,286,553,0,0,74,132,198,428,626,43,50,90,111,185,646,0.517,0.517,,0.517,0.561,0.529,plumlmi01
Quincy Pondexter,25,MEM,NBA,2013-14,15,2,270,31,79,20,45,11,34,21,26,10,16,26,20,5,1,15,18,94,0.392,0.444,0.324,0.462,0.808,0.52,pondequ01
Otto Porter,20,WAS,NBA,2013-14,37,0,319,33,91,29,70,4,21,8,12,21,36,57,10,8,1,14,26,78,0.363,0.414,0.19,0.385,0.667,0.405,porteot01
Josh Powell,31,HOU,NBA,2013-14,1,0,19,2,6,2,6,0,0,0,0,0,5,5,0,0,1,1,1,4,0.333,0.333,,0.333,,0.333,poweljo01
Phil Pressey,22,BOS,NBA,2013-14,75,11,1132,78,253,50,147,28,106,29,45,20,85,105,241,68,5,87,97,213,0.308,0.34,0.264,0.364,0.644,0.39,pressph01
A.J. Price,27,MIN,NBA,2013-14,28,0,99,19,46,13,24,6,22,0,2,1,9,10,13,1,0,7,5,44,0.413,0.542,0.273,0.478,0,0.469,priceaj01
Ronnie Price,30,ORL,NBA,2013-14,31,2,377,28,92,19,49,9,43,9,13,8,35,43,66,25,2,26,50,74,0.304,0.388,0.209,0.353,0.692,0.379,pricero01
Pablo Prigioni,36,NYK,NBA,2013-14,66,27,1283,88,191,23,51,65,140,11,12,36,93,129,228,67,2,60,132,252,0.461,0.451,0.464,0.631,0.917,0.642,prigipa01
Tayshaun Prince,33,MEM,NBA,2013-14,76,76,1948,200,492,180,423,20,69,34,60,32,202,234,119,39,19,41,63,454,0.407,0.426,0.29,0.427,0.567,0.438,princta01
Miroslav Raduljica,26,MIL,NBA,2013-14,48,2,465,68,126,68,126,0,0,45,55,54,54,108,23,7,13,28,84,181,0.54,0.54,,0.54,0.818,0.603,radulmi01
Anthony Randolph,24,DEN,NBA,2013-14,43,5,527,68,176,50,115,18,61,52,69,20,102,122,32,26,19,39,64,206,0.386,0.435,0.295,0.438,0.754,0.499,randoan01
Shavlik Randolph,30,PHO,NBA,2013-14,14,0,95,7,14,7,14,0,0,6,11,7,18,25,1,3,1,5,15,20,0.5,0.5,,0.5,0.545,0.531,randosh01
Zach Randolph,32,MEM,NBA,2013-14,79,79,2705,560,1198,558,1178,2,20,250,337,265,530,795,200,54,23,183,210,1372,0.467,0.474,0.1,0.468,0.742,0.51,randoza01
J.J. Redick,29,LAC,NBA,2013-14,35,34,987,181,398,108,213,73,185,97,106,9,65,74,78,28,3,42,65,532,0.455,0.507,0.395,0.546,0.915,0.598,redicjj01
Glen Rice,23,WAS,NBA,2013-14,11,1,109,11,37,6,20,5,17,5,7,4,16,20,7,6,1,9,7,32,0.297,0.3,0.294,0.365,0.714,0.399,ricegl02
Luke Ridnour,32,TOT,NBA,2013-14,61,14,1141,126,327,89,219,37,108,17,26,23,74,97,176,32,8,66,92,306,0.385,0.406,0.343,0.442,0.654,0.452,ridnolu01
Austin Rivers,21,NOP,NBA,2013-14,69,4,1339,192,474,156,375,36,99,110,173,26,103,129,160,45,9,77,134,530,0.405,0.416,0.364,0.443,0.636,0.482,riverau01
Andre Roberson,22,OKC,NBA,2013-14,40,16,399,33,68,31,55,2,13,7,10,36,58,94,15,19,10,19,74,75,0.485,0.564,0.154,0.5,0.7,0.518,roberan03
Brian Roberts,28,NOP,NBA,2013-14,72,42,1667,244,581,180,403,64,178,125,133,17,119,136,234,43,7,95,132,677,0.42,0.447,0.36,0.475,0.94,0.529,roberbr01
Nate Robinson,29,DEN,NBA,2013-14,44,1,866,164,383,106,229,58,154,71,85,21,60,81,112,36,4,58,92,457,0.428,0.463,0.377,0.504,0.835,0.544,robinna01
Thomas Robinson,22,POR,NBA,2013-14,70,0,873,141,293,141,292,0,1,57,101,105,202,307,34,23,20,57,131,339,0.481,0.483,0,0.481,0.564,0.502,robinth01
Rajon Rondo,27,BOS,NBA,2013-14,30,30,998,141,350,115,260,26,90,42,67,22,142,164,294,40,2,99,65,350,0.403,0.442,0.289,0.44,0.627,0.461,rondora01
Derrick Rose,25,CHI,NBA,2013-14,10,10,311,58,164,42,117,16,47,27,32,9,23,32,43,5,1,34,15,159,0.354,0.359,0.34,0.402,0.844,0.446,rosede01
Terrence Ross,22,TOR,NBA,2013-14,81,62,2159,318,751,157,343,161,408,82,98,43,209,252,79,64,27,88,183,879,0.423,0.458,0.395,0.531,0.837,0.553,rosste01
Ricky Rubio,23,MIN,NBA,2013-14,82,82,2638,255,670,211,537,44,133,227,283,61,281,342,704,191,11,221,218,781,0.381,0.393,0.331,0.413,0.802,0.491,rubiori01
Brandon Rush,28,UTA,NBA,2013-14,38,0,418,30,90,14,43,16,47,3,5,5,39,44,24,5,9,20,31,79,0.333,0.326,0.34,0.422,0.6,0.428,rushbr01
Robert Sacre,24,LAL,NBA,2013-14,65,13,1089,143,300,143,300,0,0,64,94,82,172,254,51,24,47,44,134,350,0.477,0.477,,0.477,0.681,0.513,sacrero01
John Salmons,34,TOT,NBA,2013-14,78,8,1726,150,413,87,250,63,163,40,52,20,143,163,147,47,19,54,124,403,0.363,0.348,0.387,0.439,0.769,0.462,salmojo01
Larry Sanders,25,MIL,NBA,2013-14,23,20,584,76,162,76,161,0,1,26,55,60,105,165,19,18,40,26,74,178,0.469,0.472,0,0.469,0.473,0.478,sandela01
Dennis Schroder,20,ATL,NBA,2013-14,49,0,641,72,188,62,146,10,42,29,43,5,55,60,93,17,0,61,54,183,0.383,0.425,0.238,0.41,0.674,0.442,schrode01
Luis Scola,33,IND,NBA,2013-14,82,2,1399,263,560,262,553,1,7,99,136,86,305,391,81,26,16,108,164,626,0.47,0.474,0.143,0.471,0.728,0.505,scolalu01
Mike Scott,25,ATL,NBA,2013-14,80,6,1482,301,628,239,428,62,200,103,132,62,222,284,75,30,7,79,121,767,0.479,0.558,0.31,0.529,0.78,0.559,scottmi01
Thabo Sefolosha,29,OKC,NBA,2013-14,61,61,1584,141,340,93,188,48,152,53,69,50,170,220,94,79,17,55,90,383,0.415,0.495,0.316,0.485,0.768,0.517,sefolth01
Kevin Seraphin,24,WAS,NBA,2013-14,53,1,578,111,220,111,220,0,0,27,31,53,75,128,17,3,26,41,103,249,0.505,0.505,,0.505,0.871,0.533,serapke01
Ramon Sessions,27,TOT,NBA,2013-14,83,19,2214,330,769,295,645,35,124,326,404,38,165,203,340,49,9,148,90,1021,0.429,0.457,0.282,0.452,0.807,0.539,sessira01
Mustafa Shakur,29,OKC,NBA,2013-14,3,0,11,0,3,0,2,0,1,1,2,0,0,0,4,0,0,2,2,1,0,0,0,0,0.5,0.129,shakumu01
Tornike Shengelia,22,TOT,NBA,2013-14,26,0,154,13,28,13,22,0,6,3,8,4,12,16,14,3,1,12,18,29,0.464,0.591,0,0.464,0.375,0.46,shengto01
Iman Shumpert,23,NYK,NBA,2013-14,74,58,1962,183,484,107,256,76,228,53,71,81,227,308,129,92,13,79,209,495,0.378,0.418,0.333,0.457,0.746,0.48,shumpim01
Alexey Shved,25,MIN,NBA,2013-14,63,0,664,76,237,46,135,30,102,68,90,21,60,81,68,26,16,48,36,250,0.321,0.341,0.294,0.384,0.756,0.452,shvedal01
Henry Sims,23,TOT,NBA,2013-14,46,25,875,130,274,130,273,0,1,90,121,104,133,237,52,28,20,41,116,350,0.474,0.476,0,0.474,0.744,0.535,simshe01
Kyle Singler,25,DET,NBA,2013-14,82,36,2337,269,602,175,356,94,246,152,184,116,187,303,75,61,38,79,211,784,0.447,0.492,0.382,0.525,0.826,0.574,singlky01
Chris Singleton,24,WAS,NBA,2013-14,25,0,250,25,67,18,48,7,19,18,25,18,37,55,6,9,3,17,25,75,0.373,0.375,0.368,0.425,0.72,0.481,singlch01
Peyton Siva,23,DET,NBA,2013-14,24,0,224,18,57,11,32,7,25,11,15,2,12,14,34,9,1,18,27,54,0.316,0.344,0.28,0.377,0.733,0.425,sivape01
Donald Sloan,26,IND,NBA,2013-14,48,1,392,44,117,34,75,10,42,12,20,4,40,44,50,10,1,22,19,110,0.376,0.453,0.238,0.419,0.6,0.437,sloando01
Chris Smith,26,NYK,NBA,2013-14,2,0,2,0,0,0,0,0,0,0,0,0,0,0,0,0,0,0,0,0,,,,,,,smithch05
Greg Smith,23,HOU,NBA,2013-14,11,0,100,18,28,18,28,0,0,2,5,11,16,27,0,1,2,5,17,38,0.643,0.643,,0.643,0.4,0.629,smithgr02
Ish Smith,25,PHO,NBA,2013-14,70,1,1006,119,281,118,258,1,23,22,39,31,98,129,179,49,13,65,66,261,0.423,0.457,0.043,0.425,0.564,0.438,smithis01
J.R. Smith,28,NYK,NBA,2013-14,74,37,2421,396,955,207,475,189,480,90,138,35,261,296,219,65,20,108,196,1071,0.415,0.436,0.394,0.514,0.652,0.527,smithjr01
Jason Smith,27,NOP,NBA,2013-14,31,27,830,131,282,131,282,0,0,39,50,51,130,181,29,11,29,28,100,301,0.465,0.465,,0.465,0.78,0.495,smithja02
Josh Smith,28,DET,NBA,2013-14,77,76,2730,517,1233,447,968,70,265,160,301,102,418,520,252,105,110,199,197,1264,0.419,0.462,0.264,0.448,0.532,0.463,smithjo03
Tony Snell,22,CHI,NBA,2013-14,77,12,1231,129,336,72,158,57,178,31,41,19,105,124,68,29,15,44,84,346,0.384,0.456,0.32,0.469,0.756,0.489,snellto01
James Southerland,23,TOT,NBA,2013-14,4,0,30,5,15,2,9,3,6,1,2,0,8,8,0,1,2,1,3,14,0.333,0.222,0.5,0.433,0.5,0.441,southja01
Marreese Speights,26,GSW,NBA,2013-14,79,3,982,195,442,187,411,8,31,110,134,101,189,290,32,10,34,66,148,508,0.441,0.455,0.258,0.45,0.821,0.507,speigma01
Tiago Splitter,29,SAS,NBA,2013-14,59,50,1271,181,346,181,343,0,3,121,173,123,240,363,90,29,31,75,117,483,0.523,0.528,0,0.523,0.699,0.572,splitti01
D.J. Stephens,23,MIL,NBA,2013-14,3,0,15,3,7,3,7,0,0,1,1,1,4,5,0,0,0,0,0,7,0.429,0.429,,0.429,1,0.47,stephdj01
Lance Stephenson,23,IND,NBA,2013-14,78,78,2752,427,870,341,626,86,244,140,197,95,463,558,359,54,7,210,195,1080,0.491,0.545,0.352,0.54,0.711,0.564,stephla01
Greg Stiemsma,28,NOP,NBA,2013-14,55,20,1007,70,122,70,121,0,1,19,32,72,154,226,36,35,57,44,169,159,0.574,0.579,0,0.574,0.594,0.584,stiemgr01
Julyan Stone,25,TOR,NBA,2013-14,21,0,120,7,17,5,9,2,8,2,3,2,18,20,12,3,0,5,13,18,0.412,0.556,0.25,0.471,0.667,0.491,stoneju01
Amar'e Stoudemire,31,NYK,NBA,2013-14,65,21,1466,311,558,311,558,0,0,150,203,112,208,320,34,23,37,91,159,772,0.557,0.557,,0.557,0.739,0.596,stoudam01
Rodney Stuckey,27,DET,NBA,2013-14,73,5,1950,372,853,348,765,24,88,244,292,39,130,169,152,54,10,125,131,1012,0.436,0.455,0.273,0.45,0.836,0.516,stuckro01
Jared Sullinger,21,BOS,NBA,2013-14,74,44,2041,384,899,328,691,56,208,158,203,241,360,601,118,35,49,119,251,982,0.427,0.475,0.269,0.458,0.778,0.497,sullija01
Jeffery Taylor,24,CHA,NBA,2013-14,26,8,629,82,218,64,151,18,67,26,47,15,45,60,22,13,5,25,62,208,0.376,0.424,0.269,0.417,0.553,0.436,tayloje03
Tyshawn Taylor,23,BRK,NBA,2013-14,23,3,270,31,91,28,79,3,12,24,30,3,12,15,36,12,1,31,29,89,0.341,0.354,0.25,0.357,0.8,0.427,tayloty01
Jeff Teague,25,ATL,NBA,2013-14,79,79,2542,456,1040,382,815,74,225,318,376,34,174,208,528,89,17,232,158,1304,0.438,0.469,0.329,0.474,0.846,0.541,teaguje01
Marquis Teague,20,TOT,NBA,2013-14,40,3,443,38,119,33,101,5,18,26,35,1,39,40,58,10,5,39,46,107,0.319,0.327,0.278,0.34,0.743,0.398,teaguma01
Mirza Teletovic,28,BRK,NBA,2013-14,72,7,1396,221,529,85,180,136,349,44,62,60,206,266,57,29,23,54,143,622,0.418,0.472,0.39,0.546,0.71,0.559,teletmi01
Garrett Temple,27,WAS,NBA,2013-14,75,0,638,51,141,45,112,6,29,30,43,21,47,68,72,35,11,42,72,138,0.362,0.402,0.207,0.383,0.698,0.431,templga01
Jason Terry,36,BRK,NBA,2013-14,35,0,570,55,152,16,49,39,103,10,15,4,33,37,56,13,0,27,48,159,0.362,0.327,0.379,0.49,0.667,0.501,terryja01
Hasheem Thabeet,26,OKC,NBA,2013-14,23,0,192,13,23,13,23,0,0,1,5,9,31,40,1,4,9,14,47,27,0.565,0.565,,0.565,0.2,0.536,thabeha01
Adonis Thomas,20,TOT,NBA,2013-14,6,1,37,6,14,5,9,1,5,1,1,0,3,3,3,0,0,1,6,14,0.429,0.556,0.2,0.464,1,0.485,thomaad01
Isaiah Thomas,24,SAC,NBA,2013-14,72,54,2497,496,1096,369,732,127,364,346,407,47,163,210,454,93,8,213,185,1465,0.453,0.504,0.349,0.51,0.85,0.574,thomais02
Lance Thomas,25,NOP,NBA,2013-14,5,0,42,2,9,2,9,0,0,2,4,2,5,7,3,0,0,2,4,6,0.222,0.222,,0.222,0.5,0.279,thomala01
Malcolm Thomas,25,TOT,NBA,2013-14,8,0,63,7,16,6,12,1,4,0,2,5,16,21,2,0,3,9,5,15,0.438,0.5,0.25,0.469,0,0.444,thomama01
Hollis Thompson,22,PHI,NBA,2013-14,77,41,1742,171,372,104,205,67,167,52,73,73,174,247,73,53,12,60,144,461,0.46,0.507,0.401,0.55,0.712,0.57,thompho01
Jason Thompson,27,SAC,NBA,2013-14,82,61,2007,251,496,251,496,0,0,84,145,153,374,527,53,32,56,95,251,586,0.506,0.506,,0.506,0.579,0.523,thompja02
Klay Thompson,23,GSW,NBA,2013-14,81,81,2868,559,1259,336,724,223,535,147,185,38,211,249,181,74,37,135,234,1488,0.444,0.464,0.417,0.533,0.795,0.555,thompkl01
Tristan Thompson,22,CLE,NBA,2013-14,82,82,2594,363,761,363,760,0,1,235,339,269,485,754,72,42,35,108,188,961,0.477,0.478,0,0.477,0.693,0.528,thomptr01
Marcus Thornton,26,TOT,NBA,2013-14,72,27,1741,252,639,143,323,109,316,90,112,57,141,198,77,58,11,67,110,703,0.394,0.443,0.345,0.48,0.804,0.511,thornma01
Jamaal Tinsley,35,UTA,NBA,2013-14,8,5,110,4,20,3,5,1,15,0,0,2,9,11,23,2,0,9,10,9,0.2,0.6,0.067,0.225,,0.225,tinslja01
Anthony Tolliver,28,CHA,NBA,2013-14,64,9,1298,129,307,27,60,102,247,33,41,33,135,168,42,19,15,23,82,393,0.42,0.45,0.413,0.586,0.805,0.605,tollian01
P.J. Tucker,28,PHO,NBA,2013-14,81,81,2490,265,615,191,424,74,191,156,201,161,368,529,141,110,23,102,204,760,0.431,0.45,0.387,0.491,0.776,0.54,tuckepj01
Ronny Turiaf,31,MIN,NBA,2013-14,31,10,606,64,107,64,107,0,0,21,50,55,119,174,24,8,50,24,65,149,0.598,0.598,,0.598,0.42,0.578,turiaro01
Hedo Turkoglu,34,LAC,NBA,2013-14,38,0,392,42,109,20,59,22,50,9,18,11,78,89,33,19,10,16,50,115,0.385,0.339,0.44,0.486,0.5,0.492,turkohe01
Evan Turner,25,TOT,NBA,2013-14,81,56,2457,434,1021,384,865,50,156,213,262,62,346,408,262,67,7,189,195,1131,0.425,0.444,0.321,0.45,0.813,0.498,turneev01
Jeremy Tyler,22,NYK,NBA,2013-14,41,0,398,60,116,60,116,0,0,26,48,38,71,109,8,6,20,26,70,146,0.517,0.517,,0.517,0.542,0.532,tylerje01
Ekpe Udoh,26,MIL,NBA,2013-14,42,14,804,57,143,57,143,0,0,30,47,61,87,148,31,15,44,38,96,144,0.399,0.399,,0.399,0.638,0.44,udohek01
Beno Udrih,31,TOT,NBA,2013-14,41,12,643,78,178,59,136,19,42,25,30,10,49,59,116,23,4,47,50,200,0.438,0.434,0.452,0.492,0.833,0.523,udrihbe01
Jonas Valanciunas,21,TOR,NBA,2013-14,81,81,2282,359,676,359,675,0,1,198,260,226,488,714,57,24,71,136,249,916,0.531,0.532,0,0.531,0.762,0.579,valanjo01
Anderson Varejao,31,CLE,NBA,2013-14,65,29,1800,227,459,227,452,0,7,92,135,187,442,629,140,69,39,72,164,546,0.495,0.502,0,0.495,0.681,0.527,varejan01
Jarvis Varnado,25,TOT,NBA,2013-14,24,0,339,36,60,36,60,0,0,27,52,19,44,63,13,10,29,10,62,99,0.6,0.6,,0.6,0.519,0.597,varnaja01
Greivis Vasquez,27,TOT,NBA,2013-14,79,23,1779,277,658,168,369,109,289,95,108,20,153,173,323,31,5,128,143,758,0.421,0.455,0.377,0.504,0.88,0.537,vasqugr01
Jan Vesely,23,TOT,NBA,2013-14,54,1,776,89,173,89,173,0,0,19,56,81,110,191,21,53,35,36,121,197,0.514,0.514,,0.514,0.339,0.498,veselja01
Charlie Villanueva,29,DET,NBA,2013-14,20,0,180,35,92,21,36,14,56,8,14,6,28,34,6,4,5,7,16,92,0.38,0.583,0.25,0.457,0.571,0.469,villach01
Nikola Vucevic,23,ORL,NBA,2013-14,57,57,1812,353,696,353,696,0,0,105,137,185,441,626,104,60,47,112,169,811,0.507,0.507,,0.507,0.766,0.536,vucevni01
Sasha Vujacic,29,LAC,NBA,2013-14,2,0,10,2,5,1,3,1,2,0,0,0,3,3,0,1,0,3,1,5,0.4,0.333,0.5,0.5,,0.5,vujacsa01
Dwyane Wade,32,MIA,NBA,2013-14,54,53,1775,415,761,406,729,9,32,189,258,60,181,241,252,79,29,161,106,1028,0.545,0.557,0.281,0.551,0.733,0.588,wadedw01
Dion Waiters,22,CLE,NBA,2013-14,70,24,2072,430,993,338,743,92,250,161,235,32,163,195,209,63,17,154,153,1113,0.433,0.455,0.368,0.479,0.685,0.508,waitedi01
Kemba Walker,23,CHA,NBA,2013-14,73,73,2614,449,1143,340,816,109,327,282,337,39,267,306,447,86,32,169,128,1289,0.393,0.417,0.333,0.441,0.837,0.499,walkeke02
John Wall,23,WAS,NBA,2013-14,82,82,2980,579,1337,471,1029,108,308,317,394,38,295,333,721,149,40,295,219,1583,0.433,0.458,0.351,0.473,0.805,0.524,walljo01
Gerald Wallace,31,BOS,NBA,2013-14,58,16,1416,116,230,97,166,19,64,47,101,36,176,212,143,73,14,97,79,298,0.504,0.584,0.297,0.546,0.465,0.543,wallage01
Casper Ware,24,PHI,NBA,2013-14,9,0,116,18,42,11,21,7,21,5,6,0,9,9,10,8,0,5,11,48,0.429,0.524,0.333,0.512,0.833,0.538,wareca01
C.J. Watson,29,IND,NBA,2013-14,63,5,1193,146,334,93,189,53,145,69,88,19,82,101,107,60,8,60,66,414,0.437,0.492,0.366,0.516,0.784,0.555,watsocj01
Earl Watson,34,POR,NBA,2013-14,24,0,161,3,11,1,4,2,7,4,4,5,10,15,28,5,1,17,33,12,0.273,0.25,0.286,0.364,1,0.47,watsoea01
Maalik Wayns,22,LAC,NBA,2013-14,2,0,9,1,2,1,2,0,0,0,0,0,2,2,2,2,0,0,4,2,0.5,0.5,,0.5,,0.5,waynsma01
Martell Webster,27,WAS,NBA,2013-14,78,13,2157,254,587,108,215,146,372,105,125,38,184,222,97,41,15,58,150,759,0.433,0.502,0.392,0.557,0.84,0.591,webstma02
David West,33,IND,NBA,2013-14,80,80,2472,458,939,454,924,4,15,198,251,120,422,542,223,61,74,133,186,1118,0.488,0.491,0.267,0.49,0.789,0.533,westda01
Russell Westbrook,25,OKC,NBA,2013-14,46,46,1412,346,791,278,577,68,214,242,293,55,208,263,319,88,7,177,104,1002,0.437,0.482,0.318,0.48,0.826,0.545,westbru01
D.J. White,27,CHA,NBA,2013-14,2,0,10,0,1,0,1,0,0,0,0,0,2,2,0,1,0,0,1,0,0,0,,0,,0,whitedj01
Royce White,22,SAC,NBA,2013-14,3,0,9,0,1,0,1,0,0,0,0,0,0,0,0,0,0,0,2,0,0,0,,0,,0,whitero03
Deron Williams,29,BRK,NBA,2013-14,64,58,2059,322,716,224,448,98,268,173,216,15,153,168,392,93,13,143,148,915,0.45,0.5,0.366,0.518,0.801,0.564,willide01
Derrick Williams,22,TOT,NBA,2013-14,78,15,1820,206,482,180,383,26,99,186,259,71,252,323,56,48,20,76,114,624,0.427,0.47,0.263,0.454,0.718,0.524,willide02
Elliot Williams,24,PHI,NBA,2013-14,67,2,1157,140,337,103,212,37,125,87,119,30,100,130,72,35,3,68,126,404,0.415,0.486,0.296,0.47,0.731,0.519,williel01
Lou Williams,27,ATL,NBA,2013-14,60,7,1445,197,493,118,262,79,231,152,179,10,114,124,210,45,4,92,65,625,0.4,0.45,0.342,0.48,0.849,0.547,willilo02
Marvin Williams,27,UTA,NBA,2013-14,66,50,1674,231,526,147,292,84,234,57,73,82,252,334,78,54,31,53,151,603,0.439,0.503,0.359,0.519,0.781,0.54,willima02
Mo Williams,31,POR,NBA,2013-14,74,0,1834,280,672,197,447,83,225,78,89,42,111,153,321,55,10,149,197,721,0.417,0.441,0.369,0.478,0.876,0.507,willima01
Reggie Williams,27,OKC,NBA,2013-14,3,0,17,5,9,4,6,1,3,0,0,0,0,0,1,1,0,2,1,11,0.556,0.667,0.333,0.611,,0.611,willire02
Shawne Williams,27,LAL,NBA,2013-14,36,13,751,73,192,31,63,42,129,14,20,25,142,167,30,19,30,21,93,202,0.38,0.492,0.326,0.49,0.7,0.503,willish03
Jeff Withey,23,NOP,NBA,2013-14,58,4,684,69,129,69,128,0,1,52,73,49,101,150,26,15,50,20,73,190,0.535,0.539,0,0.535,0.712,0.59,witheje01
Nate Wolters,22,MIL,NBA,2013-14,58,31,1309,170,389,152,327,18,62,59,90,33,116,149,187,35,15,57,67,417,0.437,0.465,0.29,0.46,0.656,0.486,woltena01
Metta World Peace,34,NYK,NBA,2013-14,29,1,388,56,141,39,87,17,54,10,16,18,41,59,17,24,8,19,44,139,0.397,0.448,0.315,0.457,0.625,0.469,artesro01
Brandan Wright,26,DAL,NBA,2013-14,58,0,1077,224,331,224,331,0,0,77,106,102,142,244,31,32,55,35,94,525,0.677,0.677,,0.677,0.726,0.695,wrighbr03
Chris Wright,25,MIL,NBA,2013-14,8,0,126,21,35,21,34,0,1,6,15,10,10,20,5,7,5,5,17,48,0.6,0.618,0,0.6,0.4,0.577,wrighch01
Dorell Wright,28,POR,NBA,2013-14,68,13,984,111,297,42,95,69,202,52,69,29,162,191,64,23,16,39,62,343,0.374,0.442,0.342,0.49,0.754,0.524,wrighdo01
Tony Wroten,20,PHI,NBA,2013-14,72,16,1765,345,808,305,620,40,188,209,326,69,159,228,217,78,16,204,151,939,0.427,0.492,0.213,0.452,0.641,0.493,wroteto01
Nick Young,28,LAL,NBA,2013-14,64,9,1810,387,889,252,539,135,350,235,285,29,137,166,95,46,12,95,156,1144,0.435,0.468,0.386,0.511,0.825,0.564,youngni01
Thaddeus Young,25,PHI,NBA,2013-14,79,78,2718,582,1283,492,991,90,292,163,229,166,310,476,182,167,36,165,213,1417,0.454,0.496,0.308,0.489,0.712,0.512,youngth01
Cody Zeller,21,CHA,NBA,2013-14,82,3,1416,172,404,172,403,0,1,146,200,118,235,353,92,40,41,87,170,490,0.426,0.427,0,0.426,0.73,0.498,zelleco01
Tyler Zeller,24,CLE,NBA,2013-14,70,9,1049,156,290,156,289,0,1,87,121,103,179,282,36,18,38,60,137,399,0.538,0.54,0,0.538,0.719,0.581,zellety01
Quincy Acy,24,NYK,NBA,2014-15,68,22,1287,152,331,134,271,18,60,76,97,79,222,301,68,27,22,60,147,398,0.459,0.494,0.3,0.486,0.784,0.533,acyqu01
Jordan Adams,20,MEM,NBA,2014-15,30,0,248,35,86,25,61,10,25,14,23,9,19,28,16,16,7,14,24,94,0.407,0.41,0.4,0.465,0.609,0.489,adamsjo01
Steven Adams,21,OKC,NBA,2014-15,70,67,1771,217,399,217,397,0,2,103,205,199,324,523,66,38,86,99,222,537,0.544,0.547,0,0.544,0.502,0.549,adamsst01
Jeff Adrien,28,MIN,NBA,2014-15,17,0,215,19,44,19,44,0,0,22,38,23,54,77,15,4,9,9,30,60,0.432,0.432,,0.432,0.579,0.494,adrieje01
Arron Afflalo,29,TOT,NBA,2014-15,78,72,2502,375,884,257,551,118,333,167,198,27,220,247,129,41,7,116,167,1035,0.424,0.466,0.354,0.491,0.843,0.533,afflaar01
Alexis Ajinca,26,NOP,NBA,2014-15,68,8,957,181,329,181,329,0,0,81,99,104,211,315,47,21,51,69,151,443,0.55,0.55,,0.55,0.818,0.595,ajincal01
Furkan Aldemir,23,PHI,NBA,2014-15,41,9,540,40,78,40,73,0,5,13,27,78,98,176,28,17,16,17,96,93,0.513,0.548,0,0.513,0.481,0.517,aldemfu01
Cole Aldrich,26,NYK,NBA,2014-15,61,16,976,144,301,144,301,0,0,50,64,101,237,338,75,37,65,59,122,338,0.478,0.478,,0.478,0.781,0.513,aldrico01
LaMarcus Aldridge,29,POR,NBA,2014-15,71,71,2512,659,1415,622,1310,37,105,306,362,177,549,726,124,48,68,122,125,1661,0.466,0.475,0.352,0.479,0.845,0.528,aldrila01
Lavoy Allen,25,IND,NBA,2014-15,63,0,1070,141,299,141,299,0,0,33,47,123,200,323,73,15,42,40,102,315,0.472,0.472,,0.472,0.702,0.493,allenla01
Tony Allen,33,MEM,NBA,2014-15,63,41,1648,225,455,215,426,10,29,79,126,103,177,280,86,129,30,86,166,539,0.495,0.505,0.345,0.505,0.627,0.528,allento01
Al-Farouq Aminu,24,DAL,NBA,2014-15,74,3,1366,147,357,113,233,34,124,84,118,114,228,342,59,70,62,55,137,412,0.412,0.485,0.274,0.459,0.712,0.504,aminual01
Lou Amundson,32,TOT,NBA,2014-15,53,35,937,109,255,109,254,0,1,41,87,94,174,268,70,22,52,62,126,259,0.427,0.429,0,0.427,0.471,0.442,amundlo01
Chris Andersen,36,MIA,NBA,2014-15,60,20,1132,120,207,116,194,4,13,76,114,76,223,299,43,26,61,40,88,320,0.58,0.598,0.308,0.589,0.667,0.622,anderch01
Alan Anderson,32,BRK,NBA,2014-15,74,19,1744,195,440,122,230,73,210,82,101,31,173,204,83,56,5,60,148,545,0.443,0.53,0.348,0.526,0.812,0.563,anderal01
Kyle Anderson,21,SAS,NBA,2014-15,33,8,358,31,89,28,78,3,11,9,14,5,67,72,28,15,7,10,28,74,0.348,0.359,0.273,0.365,0.643,0.389,anderky01
Ryan Anderson,26,NOP,NBA,2014-15,61,5,1675,291,729,169,370,122,359,129,151,108,187,295,55,33,20,62,113,833,0.399,0.457,0.34,0.483,0.854,0.524,anderry01
Giannis Antetokounmpo,20,MIL,NBA,2014-15,81,71,2541,383,780,376,736,7,44,257,347,100,442,542,207,73,85,173,254,1030,0.491,0.511,0.159,0.496,0.741,0.552,antetgi01
Carmelo Anthony,30,NYK,NBA,2014-15,40,40,1428,358,806,297,627,61,179,189,237,72,192,264,122,40,17,89,87,966,0.444,0.474,0.341,0.482,0.797,0.531,anthoca01
Joel Anthony,32,DET,NBA,2014-15,49,0,406,36,62,36,62,0,0,15,22,32,61,93,5,12,49,12,55,87,0.581,0.581,,0.581,0.682,0.607,anthojo01
Pero Antic,32,ATL,NBA,2014-15,63,3,1037,108,296,56,123,52,173,88,123,58,131,189,49,18,14,49,132,356,0.365,0.455,0.301,0.453,0.715,0.508,anticpe01
Trevor Ariza,29,HOU,NBA,2014-15,82,82,2930,366,910,172,355,194,555,122,143,77,382,459,209,152,17,141,186,1048,0.402,0.485,0.35,0.509,0.853,0.539,arizatr01
Darrell Arthur,26,DEN,NBA,2014-15,58,4,988,155,384,129,274,26,110,46,59,53,118,171,57,48,26,47,146,382,0.404,0.471,0.236,0.438,0.78,0.466,arthuda01
Omer Asik,28,NOP,NBA,2014-15,76,76,1982,213,412,213,412,0,0,131,225,244,504,748,72,29,54,95,144,557,0.517,0.517,,0.517,0.582,0.545,asikom01
D.J. Augustin,27,TOT,NBA,2014-15,82,14,1964,258,647,175,401,83,246,178,205,20,141,161,353,49,3,145,93,777,0.399,0.436,0.337,0.463,0.868,0.527,augusdj01
Jeff Ayres,27,SAS,NBA,2014-15,51,0,383,55,95,55,95,0,0,27,36,37,80,117,14,8,8,26,60,137,0.579,0.579,,0.579,0.75,0.618,pendeje02
Luke Babbitt,25,NOP,NBA,2014-15,63,19,830,92,192,33,77,59,115,13,19,12,99,111,24,17,11,26,63,256,0.479,0.429,0.513,0.633,0.684,0.639,babbilu01
Cameron Bairstow,24,CHI,NBA,2014-15,18,1,64,3,14,3,14,0,0,4,5,6,2,8,1,2,1,3,8,10,0.214,0.214,,0.214,0.8,0.309,bairsca01
Leandro Barbosa,32,GSW,NBA,2014-15,66,1,982,183,386,140,274,43,112,58,74,23,68,91,99,41,8,44,87,467,0.474,0.511,0.384,0.53,0.784,0.558,barbole01
J.J. Barea,30,DAL,NBA,2014-15,77,10,1362,225,536,171,369,54,167,76,94,23,111,134,263,33,1,70,104,580,0.42,0.463,0.323,0.47,0.809,0.502,bareajo01
Andrea Bargnani,29,NYK,NBA,2014-15,29,22,785,164,361,149,320,15,41,87,107,32,95,127,46,2,27,42,53,430,0.454,0.466,0.366,0.475,0.813,0.527,bargnan01
Harrison Barnes,22,GSW,NBA,2014-15,82,82,2318,316,656,229,441,87,215,108,150,117,336,453,116,61,19,71,146,827,0.482,0.519,0.405,0.548,0.72,0.573,barneha02
Matt Barnes,34,LAC,NBA,2014-15,76,74,2271,277,624,141,248,136,376,74,95,51,251,302,114,67,50,87,240,764,0.444,0.569,0.362,0.553,0.779,0.574,barnema02
Earl Barron,33,PHO,NBA,2014-15,16,1,143,12,39,10,35,2,4,6,12,14,14,28,5,4,2,5,26,32,0.308,0.286,0.5,0.333,0.5,0.361,barroea01
Will Barton,24,TOT,NBA,2014-15,58,0,983,150,353,127,268,23,85,74,94,26,136,162,81,48,19,61,70,397,0.425,0.474,0.271,0.458,0.787,0.503,bartowi01
Brandon Bass,29,BOS,NBA,2014-15,82,43,1929,344,683,335,651,9,32,169,214,139,259,398,104,41,32,83,140,866,0.504,0.515,0.281,0.51,0.79,0.557,bassbr01
Nicolas Batum,26,POR,NBA,2014-15,71,71,2380,240,600,140,291,100,309,84,98,62,354,416,341,78,40,132,106,664,0.4,0.481,0.324,0.483,0.857,0.516,batumni01
Jerryd Bayless,26,MIL,NBA,2014-15,77,4,1717,220,516,183,396,37,120,121,137,22,189,211,233,59,12,133,163,598,0.426,0.462,0.308,0.462,0.883,0.519,bayleje01
Aron Baynes,28,SAS,NBA,2014-15,70,17,1122,185,327,184,323,1,4,90,104,109,209,318,35,16,22,65,162,461,0.566,0.57,0.25,0.567,0.865,0.618,baynear01
Kent Bazemore,25,ATL,NBA,2014-15,75,10,1324,141,331,93,199,48,132,60,100,21,201,222,78,52,33,73,127,390,0.426,0.467,0.364,0.498,0.6,0.52,bazemke01
Bradley Beal,21,WAS,NBA,2014-15,63,59,2107,363,851,257,592,106,259,130,166,57,184,241,194,76,18,123,136,962,0.427,0.434,0.409,0.489,0.783,0.521,bealbr01
Michael Beasley,26,MIA,NBA,2014-15,24,1,505,92,212,84,178,8,34,20,26,12,77,89,32,15,13,37,66,212,0.434,0.472,0.235,0.453,0.769,0.474,beaslmi01
Marco Belinelli,28,SAS,NBA,2014-15,62,9,1388,199,470,113,240,86,230,84,99,26,131,157,94,31,3,61,85,568,0.423,0.471,0.374,0.515,0.848,0.553,belinma01
Jerrelle Benimon,23,UTA,NBA,2014-15,2,0,3,0,0,0,0,0,0,0,0,1,2,3,0,0,0,1,0,0,,,,,,,benimje01
Anthony Bennett,21,MIN,NBA,2014-15,57,3,894,125,297,118,274,7,23,41,64,52,164,216,48,27,16,36,87,298,0.421,0.431,0.304,0.433,0.641,0.458,bennean01
Patrick Beverley,26,HOU,NBA,2014-15,56,55,1727,204,532,89,209,115,323,45,60,67,170,237,192,59,23,83,182,568,0.383,0.426,0.356,0.492,0.75,0.509,beverpa01
Sim Bhullar,22,SAC,NBA,2014-15,3,0,3,1,2,1,2,0,0,0,0,0,1,1,1,0,1,0,0,2,0.5,0.5,,0.5,,0.5,bhullsi01
Bismack Biyombo,22,CHO,NBA,2014-15,64,21,1243,101,186,101,186,0,0,102,175,159,248,407,16,18,99,52,140,304,0.543,0.543,,0.543,0.583,0.578,biyombi01
Tarik Black,23,TOT,NBA,2014-15,63,39,1196,157,273,157,272,0,1,65,118,142,226,368,42,19,24,48,158,379,0.575,0.577,0,0.575,0.551,0.583,blackta01
DeJuan Blair,25,WAS,NBA,2014-15,29,0,180,26,57,26,57,0,0,4,6,16,40,56,3,7,1,13,41,56,0.456,0.456,,0.456,0.667,0.469,blairde01
Steve Blake,34,POR,NBA,2014-15,81,0,1529,122,327,45,108,77,219,29,41,16,121,137,288,41,5,104,118,350,0.373,0.417,0.352,0.491,0.707,0.507,blakest01
Eric Bledsoe,25,PHO,NBA,2014-15,81,81,2800,468,1046,380,774,88,272,353,441,72,351,423,493,127,45,274,189,1377,0.447,0.491,0.324,0.489,0.8,0.555,bledser01
Vander Blue,22,LAL,NBA,2014-15,2,1,74,9,30,7,20,2,10,2,5,2,7,9,8,3,0,6,4,22,0.3,0.35,0.2,0.333,0.4,0.342,blueva01
Bojan Bogdanovic,25,BRK,NBA,2014-15,78,28,1854,261,576,170,320,91,256,87,106,50,163,213,68,34,9,78,104,700,0.453,0.531,0.355,0.532,0.821,0.562,bogdabo02
Andrew Bogut,30,GSW,NBA,2014-15,67,65,1583,200,355,200,355,0,0,22,42,141,402,543,180,39,113,106,188,422,0.563,0.563,,0.563,0.524,0.565,bogutan01
Matt Bonner,34,SAS,NBA,2014-15,72,19,935,94,230,48,104,46,126,30,37,29,86,115,47,10,12,11,65,264,0.409,0.462,0.365,0.509,0.811,0.536,bonnema01
Trevor Booker,27,UTA,NBA,2014-15,79,5,1564,226,464,197,380,29,84,86,148,139,258,397,83,43,41,88,144,567,0.487,0.518,0.345,0.518,0.581,0.536,booketr01
Carlos Boozer,33,LAL,NBA,2014-15,71,26,1692,371,743,371,743,0,0,94,150,111,371,482,95,41,12,92,184,836,0.499,0.499,,0.499,0.627,0.517,boozeca01
Chris Bosh,30,MIA,NBA,2014-15,44,44,1556,343,745,280,577,63,168,179,232,46,264,310,95,41,25,95,69,928,0.46,0.485,0.375,0.503,0.772,0.548,boshch01
Avery Bradley,24,BOS,NBA,2014-15,77,77,2428,434,1012,310,660,124,352,79,100,46,195,241,135,82,15,109,177,1071,0.429,0.47,0.352,0.49,0.79,0.507,bradlav01
Elton Brand,35,ATL,NBA,2014-15,36,4,486,42,95,42,94,0,1,12,23,28,72,100,22,17,25,18,54,96,0.442,0.447,0,0.442,0.522,0.457,brandel01
Corey Brewer,28,TOT,NBA,2014-15,80,17,2087,343,805,280,570,63,235,168,226,80,217,297,173,114,19,131,173,917,0.426,0.491,0.268,0.465,0.743,0.507,breweco01
Aaron Brooks,30,CHI,NBA,2014-15,82,21,1885,344,817,223,504,121,313,145,174,32,134,166,261,54,15,157,189,954,0.421,0.442,0.387,0.495,0.833,0.534,brookaa01
Jabari Brown,22,LAL,NBA,2014-15,19,5,568,70,170,47,108,23,62,64,85,3,33,36,40,12,2,32,33,227,0.412,0.435,0.371,0.479,0.753,0.547,brownja01
Lorenzo Brown,24,MIN,NBA,2014-15,29,7,549,52,122,46,94,6,28,12,19,14,56,70,90,28,6,30,49,122,0.426,0.489,0.214,0.451,0.632,0.468,brownlo01
Markel Brown,23,BRK,NBA,2014-15,47,29,781,76,210,59,146,17,64,47,57,16,91,107,39,31,12,27,57,216,0.362,0.404,0.266,0.402,0.825,0.459,brownma02
Shannon Brown,29,MIA,NBA,2014-15,5,2,89,7,19,4,12,3,7,3,4,0,1,1,3,4,0,4,8,20,0.368,0.333,0.429,0.447,0.75,0.482,brownsh01
Kobe Bryant,36,LAL,NBA,2014-15,35,35,1207,266,713,212,529,54,184,196,241,26,173,199,197,47,7,128,65,782,0.373,0.401,0.293,0.411,0.813,0.477,bryanko01
Chase Budinger,26,MIN,NBA,2014-15,67,4,1286,169,390,117,247,52,143,67,81,33,165,198,64,44,10,49,72,457,0.433,0.474,0.364,0.5,0.827,0.537,budinch01
Reggie Bullock,23,TOT,NBA,2014-15,36,2,338,24,70,9,24,15,46,6,9,1,49,50,8,10,4,8,19,69,0.343,0.375,0.326,0.45,0.667,0.466,bullore01
Trey Burke,22,UTA,NBA,2014-15,76,43,2288,370,1005,246,615,124,390,109,145,31,173,204,328,65,15,124,119,973,0.368,0.4,0.318,0.43,0.752,0.455,burketr01
Alec Burks,23,UTA,NBA,2014-15,27,27,899,121,300,95,232,26,68,106,129,19,95,114,82,17,5,52,64,374,0.403,0.409,0.382,0.447,0.822,0.524,burksal01
Caron Butler,34,DET,NBA,2014-15,78,21,1623,161,396,78,177,83,219,55,61,21,175,196,79,43,4,49,120,460,0.407,0.441,0.379,0.511,0.902,0.544,butleca01
Jimmy Butler,25,CHI,NBA,2014-15,65,65,2513,421,912,348,719,73,193,386,463,114,265,379,212,114,36,93,108,1301,0.462,0.484,0.378,0.502,0.834,0.583,butleji01
Rasual Butler,35,WAS,NBA,2014-15,75,1,1505,218,517,127,282,91,235,53,67,27,170,197,63,29,22,48,98,580,0.422,0.45,0.387,0.51,0.791,0.531,butlera01
Dwight Buycks,25,LAL,NBA,2014-15,6,0,123,18,40,11,29,7,11,9,10,2,10,12,14,3,0,12,3,52,0.45,0.379,0.636,0.538,0.9,0.586,buyckdw01
Will Bynum,32,WAS,NBA,2014-15,7,0,67,10,31,10,22,0,9,2,4,2,4,6,18,1,1,8,9,22,0.323,0.455,0,0.323,0.5,0.336,bynumwi01
Bruno Caboclo,19,TOR,NBA,2014-15,8,0,23,4,12,2,9,2,3,0,0,1,1,2,0,0,1,4,3,10,0.333,0.222,0.667,0.417,,0.417,cabocbr01
Nick Calathes,25,MEM,NBA,2014-15,58,0,838,104,247,93,204,11,43,24,45,19,87,106,146,63,5,61,100,243,0.421,0.456,0.256,0.443,0.533,0.455,calatni01
Jose Calderon,33,NYK,NBA,2014-15,42,42,1270,147,354,88,212,59,142,29,32,19,105,124,198,31,0,75,76,382,0.415,0.415,0.415,0.499,0.906,0.519,caldejo01
Kentavious Caldwell-Pope,21,DET,NBA,2014-15,82,82,2587,390,972,237,528,153,444,110,158,46,209,255,109,93,18,94,161,1043,0.401,0.449,0.345,0.48,0.696,0.501,caldwke01
Isaiah Canaan,23,TOT,NBA,2014-15,47,21,938,146,378,55,132,91,246,49,60,18,69,87,98,29,3,62,83,432,0.386,0.417,0.37,0.507,0.817,0.534,canaais01
Clint Capela,20,HOU,NBA,2014-15,12,0,90,14,29,14,29,0,0,4,23,10,26,36,2,1,9,5,14,32,0.483,0.483,,0.483,0.174,0.409,capelca01
DeMarre Carroll,28,ATL,NBA,2014-15,70,69,2189,318,653,198,349,120,304,127,181,99,273,372,118,94,17,75,154,883,0.487,0.567,0.395,0.579,0.702,0.603,carrode01
Vince Carter,38,MEM,NBA,2014-15,66,1,1091,135,406,66,174,69,232,45,57,27,106,133,79,43,14,43,102,384,0.333,0.379,0.297,0.417,0.789,0.445,cartevi01
Michael Carter-Williams,23,TOT,NBA,2014-15,66,63,2149,364,919,328,766,36,153,202,291,64,289,353,442,111,30,253,167,966,0.396,0.428,0.235,0.416,0.694,0.461,cartemi01
Omri Casspi,26,SAC,NBA,2014-15,67,19,1416,209,427,174,340,35,87,140,191,54,206,260,102,31,9,88,107,593,0.489,0.512,0.402,0.53,0.733,0.58,casspom01
Mario Chalmers,28,MIA,NBA,2014-15,80,37,2368,267,663,194,415,73,248,206,266,24,182,206,307,122,10,173,251,813,0.403,0.467,0.294,0.458,0.774,0.521,chalmma01
Tyson Chandler,32,DAL,NBA,2014-15,75,75,2286,293,440,293,440,0,0,185,257,294,570,864,84,42,91,105,169,771,0.666,0.666,,0.666,0.72,0.697,chandty01
Wilson Chandler,27,DEN,NBA,2014-15,78,75,2471,418,975,279,569,139,406,110,142,96,379,475,134,58,29,110,231,1085,0.429,0.49,0.342,0.5,0.775,0.523,chandwi01
Will Cherry,23,CLE,NBA,2014-15,8,0,69,5,19,3,10,2,9,3,6,1,4,5,8,6,1,4,10,15,0.263,0.3,0.222,0.316,0.5,0.347,cherrwi01
Patrick Christopher,26,UTA,NBA,2014-15,4,1,29,3,12,3,8,0,4,0,0,2,4,6,0,1,0,1,6,6,0.25,0.375,0,0.25,,0.25,chrispa01
Earl Clark,27,BRK,NBA,2014-15,10,0,93,11,30,7,16,4,14,1,4,1,22,23,3,3,4,6,12,27,0.367,0.438,0.286,0.433,0.25,0.425,clarkea01
Ian Clark,23,TOT,NBA,2014-15,30,0,192,19,55,9,25,10,30,9,9,4,12,16,12,9,3,9,20,57,0.345,0.36,0.333,0.436,1,0.483,clarkia01
Jordan Clarkson,22,LAL,NBA,2014-15,59,38,1476,267,596,229,475,38,121,131,158,56,135,191,206,51,12,96,109,703,0.448,0.482,0.314,0.48,0.829,0.528,clarkjo01
Victor Claver,26,POR,NBA,2014-15,10,0,76,9,20,3,9,6,11,0,0,3,17,20,1,1,1,4,12,24,0.45,0.333,0.545,0.6,,0.6,clavevi01
Norris Cole,26,TOT,NBA,2014-15,75,25,1831,230,558,175,382,55,176,58,81,13,146,159,255,57,15,99,124,573,0.412,0.458,0.313,0.461,0.716,0.483,coleno01
Darren Collison,27,SAC,NBA,2014-15,45,45,1565,260,550,200,389,60,161,145,184,19,124,143,252,67,14,112,95,725,0.473,0.514,0.373,0.527,0.788,0.575,collida01
Nick Collison,34,OKC,NBA,2014-15,66,2,1101,106,253,90,193,16,60,45,65,90,160,250,90,35,25,45,156,273,0.419,0.466,0.267,0.451,0.692,0.485,collini01
Mike Conley,27,MEM,NBA,2014-15,70,70,2225,393,882,286,605,107,277,214,249,29,180,209,375,89,14,156,139,1107,0.446,0.473,0.386,0.506,0.859,0.558,conlemi01
Jack Cooley,23,UTA,NBA,2014-15,16,0,87,9,22,9,22,0,0,9,21,10,15,25,1,6,3,3,23,27,0.409,0.409,,0.409,0.429,0.432,cooleja01
Chris Copeland,30,IND,NBA,2014-15,50,12,828,112,310,60,143,52,167,33,45,23,88,111,51,11,11,59,78,309,0.361,0.42,0.311,0.445,0.733,0.468,copelch01
Bryce Cotton,22,UTA,NBA,2014-15,15,0,159,29,69,22,49,7,20,15,18,3,15,18,15,4,0,12,6,80,0.42,0.449,0.35,0.471,0.833,0.52,cottobr01
DeMarcus Cousins,24,SAC,NBA,2014-15,59,59,2013,498,1066,496,1058,2,8,423,541,185,562,747,210,90,103,254,241,1421,0.467,0.469,0.25,0.468,0.782,0.545,couside01
Robert Covington,24,PHI,NBA,2014-15,70,49,1956,299,756,132,310,167,446,178,217,65,251,316,105,97,31,128,189,943,0.396,0.426,0.374,0.506,0.82,0.554,covinro01
Allen Crabbe,22,POR,NBA,2014-15,51,9,683,63,153,33,68,30,85,12,16,7,66,73,39,19,15,15,74,168,0.412,0.485,0.353,0.51,0.75,0.525,crabbal01
Jamal Crawford,34,LAC,NBA,2014-15,64,4,1703,332,839,213,475,119,364,227,252,18,106,124,158,59,14,92,108,1010,0.396,0.448,0.327,0.467,0.901,0.532,crawfja01
Jae Crowder,24,TOT,NBA,2014-15,82,17,1647,229,545,168,337,61,208,109,141,72,221,293,94,72,25,49,137,628,0.42,0.499,0.293,0.476,0.773,0.517,crowdja01
Dante Cunningham,27,NOP,NBA,2014-15,66,27,1652,155,339,154,329,1,10,29,47,70,186,256,50,46,37,35,101,340,0.457,0.468,0.1,0.459,0.617,0.473,cunnida01
Jared Cunningham,23,LAC,NBA,2014-15,19,0,89,12,33,8,20,4,13,7,13,1,8,9,10,3,0,7,12,35,0.364,0.4,0.308,0.424,0.538,0.452,cunnija01
Seth Curry,24,PHO,NBA,2014-15,2,0,8,0,3,0,2,0,1,0,0,0,2,2,1,0,0,0,2,0,0,0,0,0,,0,curryse01
Stephen Curry,26,GSW,NBA,2014-15,80,80,2613,653,1341,367,695,286,646,308,337,56,285,341,619,163,16,249,158,1900,0.487,0.528,0.443,0.594,0.914,0.638,curryst01
Samuel Dalembert,33,NYK,NBA,2014-15,32,21,544,57,130,57,130,0,0,14,20,53,115,168,29,14,41,39,70,128,0.438,0.438,,0.438,0.7,0.461,dalemsa01
Troy Daniels,23,TOT,NBA,2014-15,47,0,397,61,165,18,47,43,118,11,13,8,25,33,22,6,1,20,40,176,0.37,0.383,0.364,0.5,0.846,0.515,danietr01
Luigi Datome,27,TOT,NBA,2014-15,21,1,209,43,89,25,49,18,40,1,1,3,26,29,9,2,7,9,15,105,0.483,0.51,0.45,0.584,1,0.587,datomlu01
Brandon Davies,23,TOT,NBA,2014-15,27,6,423,55,137,47,103,8,34,24,37,38,45,83,30,18,7,29,59,142,0.401,0.456,0.235,0.431,0.649,0.463,daviebr01
Anthony Davis,21,NOP,NBA,2014-15,68,68,2455,642,1199,641,1187,1,12,371,461,173,523,696,149,100,200,95,141,1656,0.535,0.54,0.083,0.536,0.805,0.591,davisan02
Ed Davis,25,LAL,NBA,2014-15,79,24,1840,282,469,282,469,0,0,92,189,230,370,600,94,49,98,58,202,656,0.601,0.601,,0.601,0.487,0.594,davised01
Glen Davis,29,LAC,NBA,2014-15,74,0,904,117,255,117,251,0,4,60,95,43,126,169,39,41,21,39,132,294,0.459,0.466,0,0.459,0.632,0.495,davisgl01
Andre Dawkins,23,MIA,NBA,2014-15,4,0,22,1,6,0,0,1,6,0,0,0,2,2,1,0,0,1,3,3,0.167,,0.167,0.25,,0.25,dawkian01
Austin Daye,26,TOT,NBA,2014-15,34,4,344,50,141,26,70,24,71,5,6,10,65,75,17,12,5,23,39,129,0.355,0.371,0.338,0.44,0.833,0.449,dayeau01
Dewayne Dedmon,25,ORL,NBA,2014-15,59,15,845,91,162,91,161,0,1,34,64,118,177,295,9,16,50,51,141,216,0.562,0.565,0,0.562,0.531,0.568,dedmode01
Matthew Dellavedova,24,CLE,NBA,2014-15,67,13,1380,111,307,43,140,68,167,29,38,37,89,126,204,24,2,61,152,319,0.362,0.307,0.407,0.472,0.763,0.493,dellama01
Luol Deng,29,MIA,NBA,2014-15,72,72,2421,369,787,291,567,78,220,191,251,103,273,376,139,65,22,108,109,1007,0.469,0.513,0.355,0.518,0.761,0.561,denglu01
DeMar DeRozan,25,TOR,NBA,2014-15,60,60,2100,409,990,384,902,25,88,361,434,41,236,277,210,73,11,137,122,1204,0.413,0.426,0.284,0.426,0.832,0.51,derozde01
Boris Diaw,32,SAS,NBA,2014-15,81,15,1984,291,632,237,463,54,169,72,93,78,270,348,233,36,23,126,148,708,0.46,0.512,0.32,0.503,0.774,0.526,diawbo01
Gorgui Dieng,25,MIN,NBA,2014-15,73,49,2193,259,512,258,506,1,6,191,244,223,386,609,146,71,126,126,188,710,0.506,0.51,0.167,0.507,0.783,0.573,dienggo01
Spencer Dinwiddie,21,DET,NBA,2014-15,34,1,455,51,169,39,104,12,65,31,34,4,44,48,104,19,6,33,53,145,0.302,0.375,0.185,0.337,0.912,0.394,dinwisp01
Joey Dorsey,31,HOU,NBA,2014-15,69,17,854,80,145,80,144,0,1,24,83,103,176,279,25,40,25,41,157,184,0.552,0.556,0,0.552,0.289,0.507,dorsejo01
Toney Douglas,28,NOP,NBA,2014-15,12,0,177,19,51,14,33,5,18,8,13,2,20,22,24,11,4,10,20,51,0.373,0.424,0.278,0.422,0.615,0.45,douglto01
Chris Douglas-Roberts,28,LAC,NBA,2014-15,12,0,103,5,21,4,14,1,7,8,8,1,11,12,4,1,0,0,14,19,0.238,0.286,0.143,0.262,1,0.387,douglch01
Goran Dragic,28,TOT,NBA,2014-15,78,78,2640,502,1002,412,743,90,259,181,234,81,193,274,350,78,15,173,195,1275,0.501,0.555,0.347,0.546,0.774,0.577,dragigo01
Zoran Dragic,25,TOT,NBA,2014-15,16,1,75,11,30,8,16,3,14,3,5,5,3,8,5,2,0,5,6,28,0.367,0.5,0.214,0.417,0.6,0.435,dragizo01
Larry Drew,24,PHI,NBA,2014-15,12,1,219,20,58,16,32,4,26,2,3,1,14,15,45,6,0,25,13,46,0.345,0.5,0.154,0.379,0.667,0.388,drewla02
Andre Drummond,21,DET,NBA,2014-15,82,82,2502,494,961,494,959,0,2,142,365,437,667,1104,55,73,153,120,285,1130,0.514,0.515,0,0.514,0.389,0.504,drumman01
Jared Dudley,29,MIL,NBA,2014-15,72,22,1717,198,423,124,231,74,192,48,67,45,175,220,130,72,11,62,113,518,0.468,0.537,0.385,0.556,0.716,0.572,dudleja01
Tim Duncan,38,SAS,NBA,2014-15,77,77,2227,419,819,417,812,2,7,230,311,170,534,704,230,63,151,131,165,1070,0.512,0.514,0.286,0.513,0.74,0.56,duncati01
Mike Dunleavy,34,CHI,NBA,2014-15,63,63,1838,209,481,102,218,107,263,70,87,28,220,248,114,39,21,60,123,595,0.435,0.468,0.407,0.546,0.805,0.573,dunlemi02
Kevin Durant,26,OKC,NBA,2014-15,27,27,913,238,467,174,308,64,159,146,171,16,162,178,110,24,25,74,40,686,0.51,0.565,0.403,0.578,0.854,0.633,duranke01
Cleanthony Early,23,NYK,NBA,2014-15,39,7,647,76,214,54,130,22,84,36,48,22,75,97,36,24,12,40,57,210,0.355,0.415,0.262,0.407,0.75,0.447,earlycl01
Wayne Ellington,27,LAL,NBA,2014-15,65,36,1675,254,617,164,374,90,243,52,64,31,179,210,105,33,2,50,77,650,0.412,0.439,0.37,0.485,0.813,0.504,ellinwa01
Monta Ellis,29,DAL,NBA,2014-15,80,80,2699,602,1354,521,1070,81,284,228,303,34,156,190,329,148,25,198,197,1513,0.445,0.487,0.285,0.475,0.752,0.509,ellismo01
James Ennis,24,MIA,NBA,2014-15,62,3,1051,101,247,70,152,31,95,79,94,51,125,176,48,25,17,39,89,312,0.409,0.461,0.326,0.472,0.84,0.541,ennisja01
Tyler Ennis,20,TOT,NBA,2014-15,33,1,411,52,144,40,101,12,43,5,7,7,28,35,73,18,5,42,36,121,0.361,0.396,0.279,0.403,0.714,0.411,ennisty01
Jeremy Evans,27,UTA,NBA,2014-15,38,0,266,32,58,30,53,2,5,24,29,26,45,71,13,11,12,5,29,90,0.552,0.566,0.4,0.569,0.828,0.636,evansje01
Reggie Evans,34,SAC,NBA,2014-15,47,7,764,58,137,58,135,0,2,60,97,97,202,299,32,22,5,45,91,176,0.423,0.43,0,0.423,0.619,0.49,evansre01
Tyreke Evans,25,NOP,NBA,2014-15,79,76,2690,521,1165,452,938,69,227,202,291,82,334,416,521,100,37,246,198,1313,0.447,0.482,0.304,0.477,0.694,0.508,evansty01
Dante Exum,19,UTA,NBA,2014-15,82,41,1817,145,416,62,152,83,264,20,32,27,104,131,198,41,14,118,147,393,0.349,0.408,0.314,0.448,0.625,0.457,exumda01
Festus Ezeli,25,GSW,NBA,2014-15,46,7,504,76,139,76,139,0,0,49,78,60,95,155,9,7,42,32,77,201,0.547,0.547,,0.547,0.628,0.58,ezelife01
Kenneth Faried,25,DEN,NBA,2014-15,75,71,2086,373,736,372,728,1,8,199,288,242,426,668,89,62,57,118,211,946,0.507,0.511,0.125,0.507,0.691,0.548,farieke01
Jordan Farmar,28,LAC,NBA,2014-15,36,0,529,61,158,26,61,35,97,10,11,8,34,42,67,20,5,32,52,167,0.386,0.426,0.361,0.497,0.909,0.513,farmajo01
Derrick Favors,23,UTA,NBA,2014-15,74,74,2280,482,918,481,912,1,6,222,332,196,411,607,112,60,123,121,210,1187,0.525,0.527,0.167,0.526,0.669,0.558,favorde01
Raymond Felton,30,DAL,NBA,2014-15,29,3,281,43,106,33,72,10,34,12,15,2,24,26,41,11,4,18,17,108,0.406,0.458,0.294,0.453,0.8,0.48,feltora01
Landry Fields,26,TOR,NBA,2014-15,26,9,216,20,41,19,39,1,2,5,6,10,16,26,15,11,0,8,9,46,0.488,0.487,0.5,0.5,0.833,0.527,fieldla01
Evan Fournier,22,ORL,NBA,2014-15,58,32,1661,253,575,168,350,85,225,107,147,28,125,153,120,40,2,82,116,698,0.44,0.48,0.378,0.514,0.728,0.546,fournev01
Randy Foye,31,DEN,NBA,2014-15,50,21,1087,148,402,54,139,94,263,45,55,9,76,85,119,34,11,60,97,435,0.368,0.388,0.357,0.485,0.818,0.51,foyera01
Jamaal Franklin,23,DEN,NBA,2014-15,3,0,13,1,2,0,0,1,2,0,0,1,1,2,3,0,1,3,4,3,0.5,,0.5,0.75,,0.75,frankja01
Tim Frazier,24,TOT,NBA,2014-15,11,3,239,21,61,16,44,5,17,10,21,6,22,28,60,8,0,25,26,57,0.344,0.364,0.294,0.385,0.476,0.406,fraziti01
Jimmer Fredette,25,NOP,NBA,2014-15,50,0,509,63,166,54,118,9,48,43,45,8,32,40,58,15,2,33,43,178,0.38,0.458,0.188,0.407,0.956,0.479,fredeji01
Joel Freeland,27,POR,NBA,2014-15,48,8,617,74,151,74,151,0,0,21,25,62,129,191,16,9,23,23,93,169,0.49,0.49,,0.49,0.84,0.522,freeljo01
Channing Frye,31,ORL,NBA,2014-15,75,51,1870,191,487,55,141,136,346,31,35,27,266,293,94,47,39,78,191,549,0.392,0.39,0.393,0.532,0.886,0.546,fryech01
Danilo Gallinari,26,DEN,NBA,2014-15,59,27,1426,228,568,121,267,107,301,171,191,31,187,218,83,47,20,57,94,734,0.401,0.453,0.355,0.496,0.895,0.563,gallida01
Langston Galloway,23,NYK,NBA,2014-15,45,41,1457,204,511,142,335,62,176,63,78,37,153,190,150,52,12,61,129,533,0.399,0.424,0.352,0.46,0.808,0.489,gallola01
Francisco Garcia,33,HOU,NBA,2014-15,14,0,200,17,63,7,18,10,45,1,4,3,14,17,15,9,5,10,20,45,0.27,0.389,0.222,0.349,0.25,0.347,garcifr01
Kevin Garnett,38,TOT,NBA,2014-15,47,47,952,143,306,142,299,1,7,36,45,48,263,311,77,46,17,46,109,323,0.467,0.475,0.143,0.469,0.8,0.496,garneke01
Marc Gasol,30,MEM,NBA,2014-15,81,81,2687,530,1072,527,1055,3,17,350,440,115,515,630,307,70,131,176,208,1413,0.494,0.5,0.176,0.496,0.795,0.558,gasolma01
Pau Gasol,34,CHI,NBA,2014-15,78,78,2681,570,1153,558,1127,12,26,294,366,220,699,919,210,25,147,158,147,1446,0.494,0.495,0.462,0.5,0.803,0.55,gasolpa01
Rudy Gay,28,SAC,NBA,2014-15,68,67,2408,508,1116,429,896,79,220,337,393,98,301,399,250,71,41,183,157,1432,0.455,0.479,0.359,0.491,0.858,0.556,gayru01
Alonzo Gee,27,TOT,NBA,2014-15,54,2,662,87,186,74,151,13,35,54,77,37,57,94,25,35,7,33,58,241,0.468,0.49,0.371,0.503,0.701,0.548,geeal01
Paul George,24,IND,NBA,2014-15,6,0,91,18,49,9,27,9,22,8,11,4,18,22,6,5,1,12,11,53,0.367,0.333,0.409,0.459,0.727,0.492,georgpa01
Taj Gibson,29,CHI,NBA,2014-15,62,17,1692,254,506,254,506,0,0,132,184,162,234,396,71,36,75,77,162,640,0.502,0.502,,0.502,0.717,0.545,gibsota01
Manu Ginobili,37,SAS,NBA,2014-15,70,0,1587,251,589,162,331,89,258,147,204,28,183,211,293,67,20,154,138,738,0.426,0.489,0.345,0.502,0.721,0.544,ginobma01
Rudy Gobert,22,UTA,NBA,2014-15,82,37,2158,258,427,258,425,0,2,170,273,265,510,775,109,64,189,111,175,686,0.604,0.607,0,0.604,0.623,0.627,goberru01
Drew Gooden,33,WAS,NBA,2014-15,51,7,864,110,276,87,217,23,59,34,44,72,151,223,49,21,9,28,91,277,0.399,0.401,0.39,0.44,0.773,0.469,goodedr01
Archie Goodwin,20,PHO,NBA,2014-15,41,2,535,79,201,67,160,12,41,61,83,27,47,74,44,18,9,48,55,231,0.393,0.419,0.293,0.423,0.735,0.486,goodwar01
Aaron Gordon,19,ORL,NBA,2014-15,47,8,797,93,208,80,160,13,48,44,61,46,123,169,33,21,22,38,83,243,0.447,0.5,0.271,0.478,0.721,0.517,gordoaa01
Ben Gordon,31,ORL,NBA,2014-15,56,0,790,129,295,94,198,35,97,56,67,6,57,63,50,14,1,55,60,349,0.437,0.475,0.361,0.497,0.836,0.538,gordobe01
Drew Gordon,24,PHI,NBA,2014-15,9,0,71,8,19,8,16,0,3,1,2,7,11,18,2,1,0,8,7,17,0.421,0.5,0,0.421,0.5,0.428,gordodr01
Eric Gordon,26,NOP,NBA,2014-15,61,60,2018,285,694,144,379,141,315,107,133,28,131,159,229,50,14,122,145,818,0.411,0.38,0.448,0.512,0.805,0.544,gordoer01
Marcin Gortat,30,WAS,NBA,2014-15,82,82,2453,439,775,439,772,0,3,123,175,180,537,717,97,49,110,100,191,1001,0.566,0.569,0,0.566,0.703,0.587,gortama01
Danny Granger,31,MIA,NBA,2014-15,30,6,613,65,162,35,78,30,84,28,37,20,60,80,17,13,6,24,67,188,0.401,0.449,0.357,0.494,0.757,0.527,grangda01
Jerami Grant,20,PHI,NBA,2014-15,65,11,1377,124,352,75,196,49,156,114,193,49,149,198,79,40,68,85,144,411,0.352,0.383,0.314,0.422,0.591,0.47,grantje01
Danny Green,27,SAS,NBA,2014-15,81,80,2312,322,738,131,281,191,457,111,127,54,289,343,158,101,87,93,163,946,0.436,0.466,0.418,0.566,0.874,0.596,greenda02
Draymond Green,24,GSW,NBA,2014-15,79,79,2490,339,765,228,436,111,329,132,200,114,533,647,291,123,99,133,253,921,0.443,0.523,0.337,0.516,0.66,0.54,greendr01
Erick Green,23,DEN,NBA,2014-15,43,1,410,61,162,47,115,14,47,10,12,7,24,31,39,12,0,14,26,146,0.377,0.409,0.298,0.42,0.833,0.436,greener01
Gerald Green,29,PHO,NBA,2014-15,74,4,1446,324,778,187,391,137,387,99,120,33,153,186,91,42,12,104,145,884,0.416,0.478,0.354,0.504,0.825,0.532,greenge01
JaMychal Green,24,TOT,NBA,2014-15,24,1,164,27,47,27,41,0,6,8,10,19,26,45,4,5,5,14,25,62,0.574,0.659,0,0.574,0.8,0.603,greenja01
Jeff Green,28,TOT,NBA,2014-15,78,70,2454,416,967,319,675,97,292,239,287,64,264,328,134,53,34,108,147,1168,0.43,0.473,0.332,0.48,0.833,0.534,greenje02
Willie Green,33,ORL,NBA,2014-15,52,2,951,118,306,76,185,42,121,28,34,14,65,79,68,26,5,48,81,306,0.386,0.411,0.347,0.454,0.824,0.477,greenwi01
Blake Griffin,25,LAC,NBA,2014-15,67,67,2356,574,1144,564,1119,10,25,311,427,126,382,508,354,63,35,152,196,1469,0.502,0.504,0.4,0.506,0.728,0.551,griffbl01
Jorge Gutierrez,26,TOT,NBA,2014-15,20,1,175,22,41,22,38,0,3,9,13,5,20,25,22,6,0,12,25,53,0.537,0.579,0,0.537,0.692,0.567,gutiejo01
P.J. Hairston,22,CHO,NBA,2014-15,45,2,687,87,269,38,106,49,163,31,36,22,70,92,21,21,13,22,61,254,0.323,0.358,0.301,0.414,0.861,0.446,hairspj02
Jordan Hamilton,24,LAC,NBA,2014-15,14,2,122,14,35,4,14,10,21,0,0,2,14,16,7,2,0,4,14,38,0.4,0.286,0.476,0.543,,0.543,hamiljo02
Justin Hamilton,24,TOT,NBA,2014-15,41,14,712,85,178,75,147,10,31,39,47,57,77,134,36,27,30,26,70,219,0.478,0.51,0.323,0.506,0.83,0.551,hamilju01
Tyler Hansbrough,29,TOR,NBA,2014-15,74,8,1058,86,165,85,158,1,7,97,139,106,159,265,21,30,15,20,141,270,0.521,0.538,0.143,0.524,0.698,0.597,hansbty01
Tim Hardaway,22,NYK,NBA,2014-15,70,30,1681,279,717,158,363,121,354,125,156,12,144,156,127,20,14,82,119,804,0.389,0.435,0.342,0.474,0.801,0.512,hardati02
James Harden,25,HOU,NBA,2014-15,81,81,2981,647,1470,439,915,208,555,715,824,75,384,459,565,154,60,321,208,2217,0.44,0.48,0.375,0.511,0.868,0.605,hardeja01
Maurice Harkless,21,ORL,NBA,2014-15,45,4,674,63,158,53,102,10,56,22,41,38,68,106,25,32,9,27,66,158,0.399,0.52,0.179,0.43,0.537,0.449,harklma01
Devin Harris,31,DAL,NBA,2014-15,76,3,1685,219,524,124,258,95,266,132,162,13,122,135,237,78,14,85,147,665,0.418,0.481,0.357,0.509,0.815,0.559,harride01
Gary Harris,20,DEN,NBA,2014-15,55,6,719,66,217,45,114,21,103,35,47,21,43,64,29,39,7,38,71,188,0.304,0.395,0.204,0.353,0.745,0.395,harriga01
Joe Harris,23,CLE,NBA,2014-15,51,1,493,48,120,17,36,31,84,9,15,7,34,41,26,7,2,27,62,136,0.4,0.472,0.369,0.529,0.6,0.537,harrijo01
Tobias Harris,22,ORL,NBA,2014-15,68,63,2369,442,949,355,710,87,239,193,245,73,357,430,124,69,36,115,134,1164,0.466,0.5,0.364,0.512,0.788,0.551,harrito02
Udonis Haslem,34,MIA,NBA,2014-15,62,25,995,107,239,105,229,2,10,45,64,71,187,258,46,21,13,41,113,261,0.448,0.459,0.2,0.452,0.703,0.488,hasleud01
Spencer Hawes,26,LAC,NBA,2014-15,73,15,1274,163,415,108,239,55,176,44,68,30,228,258,88,24,53,61,173,425,0.393,0.452,0.313,0.459,0.647,0.478,hawessp01
Chuck Hayes,31,TOR,NBA,2014-15,29,0,255,22,46,22,46,0,0,6,11,18,33,51,20,10,4,8,37,50,0.478,0.478,,0.478,0.545,0.492,hayesch01
Gordon Hayward,24,UTA,NBA,2014-15,76,76,2618,484,1087,364,757,120,330,375,462,54,319,373,313,108,30,206,131,1463,0.445,0.481,0.364,0.5,0.812,0.567,haywago01
Brendan Haywood,35,CLE,NBA,2014-15,22,1,119,14,30,14,30,0,0,7,13,6,23,29,2,2,10,10,17,35,0.467,0.467,,0.467,0.538,0.49,haywobr01
Gerald Henderson,27,CHO,NBA,2014-15,80,72,2315,370,847,325,711,45,136,184,217,36,237,273,206,51,22,110,135,969,0.437,0.457,0.331,0.463,0.848,0.514,hendege02
Xavier Henry,23,LAL,NBA,2014-15,9,0,86,3,13,3,13,0,0,14,24,2,2,4,3,3,0,3,6,20,0.231,0.231,,0.231,0.583,0.424,henryxa01
John Henson,24,MIL,NBA,2014-15,67,11,1228,196,346,196,346,0,0,78,137,124,188,312,59,28,135,87,152,470,0.566,0.566,,0.566,0.569,0.578,hensojo01
Roy Hibbert,28,IND,NBA,2014-15,76,76,1926,317,710,317,708,0,2,168,204,156,384,540,84,18,125,107,216,802,0.446,0.448,0,0.446,0.824,0.501,hibbero01
J.J. Hickson,26,DEN,NBA,2014-15,73,8,1411,218,459,218,457,0,2,116,201,150,302,452,57,36,35,96,136,552,0.475,0.477,0,0.475,0.577,0.504,hicksjj01
Nene Hilario,32,WAS,NBA,2014-15,67,58,1693,307,601,306,596,1,5,122,202,84,261,345,123,66,22,124,180,737,0.511,0.513,0.2,0.512,0.604,0.534,hilarne01
George Hill,28,IND,NBA,2014-15,43,36,1267,255,535,186,342,69,193,113,143,25,154,179,220,44,14,69,111,692,0.477,0.544,0.358,0.541,0.79,0.579,hillge01
Jordan Hill,27,LAL,NBA,2014-15,70,57,1874,357,777,354,766,3,11,124,168,174,382,556,103,34,52,106,164,841,0.459,0.462,0.273,0.461,0.738,0.494,hilljo01
Solomon Hill,23,IND,NBA,2014-15,82,78,2381,251,634,183,426,68,208,159,193,70,244,314,184,66,18,115,177,729,0.396,0.43,0.327,0.45,0.824,0.507,hillso01
Kirk Hinrich,34,CHI,NBA,2014-15,66,22,1610,142,381,84,213,58,168,35,50,20,101,121,148,46,14,73,144,377,0.373,0.394,0.345,0.449,0.7,0.468,hinriki01
Jrue Holiday,24,NOP,NBA,2014-15,40,37,1303,238,534,187,399,51,135,65,76,32,103,135,274,63,23,91,110,592,0.446,0.469,0.378,0.493,0.855,0.522,holidjr01
Justin Holiday,25,GSW,NBA,2014-15,59,4,657,91,235,56,126,35,109,37,45,12,61,73,48,40,12,29,54,254,0.387,0.444,0.321,0.462,0.822,0.498,holidju01
Ryan Hollins,30,SAC,NBA,2014-15,46,9,441,53,82,53,82,0,0,31,54,36,67,103,14,6,19,25,65,137,0.646,0.646,,0.646,0.574,0.648,holliry01
Rodney Hood,22,UTA,NBA,2014-15,50,21,1064,155,374,93,204,62,170,61,80,9,108,117,83,30,12,45,119,433,0.414,0.456,0.365,0.497,0.763,0.529,hoodro01
Al Horford,28,ATL,NBA,2014-15,76,76,2318,519,965,508,929,11,36,107,141,131,413,544,244,68,98,100,121,1156,0.538,0.547,0.306,0.544,0.759,0.563,horfoal01
Dwight Howard,29,HOU,NBA,2014-15,41,41,1223,251,423,250,421,1,2,143,271,110,321,431,50,28,53,115,137,646,0.593,0.594,0.5,0.595,0.528,0.596,howardw01
Lester Hudson,30,LAC,NBA,2014-15,5,0,56,6,14,3,8,3,6,3,4,1,7,8,5,6,1,3,4,18,0.429,0.375,0.5,0.536,0.75,0.571,hudsole01
Robbie Hummel,25,MIN,NBA,2014-15,45,4,742,79,172,63,121,16,51,24,29,31,103,134,27,16,9,18,86,198,0.459,0.521,0.314,0.506,0.828,0.536,hummero01
Kris Humphries,29,WAS,NBA,2014-15,64,17,1345,211,446,211,439,0,7,87,117,118,298,416,57,34,25,46,130,509,0.473,0.481,0,0.473,0.744,0.512,humphkr01
Serge Ibaka,25,OKC,NBA,2014-15,64,64,2116,374,786,297,581,77,205,92,110,135,364,499,55,30,155,97,194,917,0.476,0.511,0.376,0.525,0.836,0.549,ibakase01
Andre Iguodala,31,GSW,NBA,2014-15,77,0,2069,231,496,157,284,74,212,68,114,44,213,257,228,89,25,88,100,604,0.466,0.553,0.349,0.54,0.596,0.553,iguodan01
Ersan Ilyasova,27,MIL,NBA,2014-15,58,36,1319,263,557,189,367,74,190,69,107,80,197,277,56,36,19,45,149,669,0.472,0.515,0.389,0.539,0.645,0.554,ilyaser01
Joe Ingles,27,UTA,NBA,2014-15,79,32,1673,147,354,75,152,72,202,30,40,22,153,175,182,72,10,98,124,396,0.415,0.493,0.356,0.517,0.75,0.533,inglejo01
Kyrie Irving,22,CLE,NBA,2014-15,75,75,2730,578,1235,421,857,157,378,315,365,55,182,237,389,114,20,186,146,1628,0.468,0.491,0.415,0.532,0.863,0.583,irvinky01
Jarrett Jack,31,BRK,NBA,2014-15,80,27,2241,359,817,320,671,39,146,200,227,19,226,245,373,75,13,191,143,957,0.439,0.477,0.267,0.463,0.881,0.522,jackja01
Reggie Jackson,24,TOT,NBA,2014-15,77,40,2268,432,996,360,755,72,241,181,218,56,271,327,462,62,9,186,167,1117,0.434,0.477,0.299,0.47,0.83,0.511,jacksre01
Bernard James,29,DAL,NBA,2014-15,16,2,158,12,27,12,27,0,0,20,23,18,21,39,4,2,15,6,17,44,0.444,0.444,,0.444,0.87,0.593,jamesbe01
LeBron James,30,CLE,NBA,2014-15,69,69,2493,624,1279,504,940,120,339,375,528,51,365,416,511,109,49,272,135,1743,0.488,0.536,0.354,0.535,0.71,0.577,jamesle01
Al Jefferson,30,CHO,NBA,2014-15,65,61,1992,486,1010,484,1005,2,5,108,165,99,449,548,113,47,84,68,139,1082,0.481,0.482,0.4,0.482,0.655,0.5,jeffeal01
Cory Jefferson,24,BRK,NBA,2014-15,50,1,531,75,167,73,152,2,15,31,54,47,98,145,16,10,21,20,61,183,0.449,0.48,0.133,0.455,0.574,0.48,jeffeco01
Richard Jefferson,34,DAL,NBA,2014-15,74,18,1244,144,324,78,169,66,155,78,114,25,158,183,61,32,11,52,115,432,0.444,0.462,0.426,0.546,0.684,0.577,jefferi01
John Jenkins,23,ATL,NBA,2014-15,24,3,297,49,99,28,47,21,52,16,19,2,37,39,13,10,0,8,15,135,0.495,0.596,0.404,0.601,0.842,0.629,jenkijo01
Brandon Jennings,25,DET,NBA,2014-15,41,41,1173,218,543,142,332,76,211,120,143,21,83,104,272,44,4,90,64,632,0.401,0.428,0.36,0.471,0.839,0.522,jennibr01
Jonas Jerebko,27,TOT,NBA,2014-15,75,0,1230,169,379,115,239,54,140,56,66,93,189,282,71,46,18,44,135,448,0.446,0.481,0.386,0.517,0.848,0.549,jerebjo01
Grant Jerrett,21,TOT,NBA,2014-15,8,0,51,7,26,6,11,1,15,1,1,2,7,9,3,2,2,3,11,16,0.269,0.545,0.067,0.288,1,0.303,jerregr01
Amir Johnson,27,TOR,NBA,2014-15,75,72,1979,298,519,279,473,19,46,79,129,159,297,456,117,44,59,110,225,694,0.574,0.59,0.413,0.592,0.612,0.603,johnsam01
Chris Johnson,24,TOT,NBA,2014-15,29,2,526,62,154,34,59,28,95,14,16,8,47,55,15,26,7,15,44,166,0.403,0.576,0.295,0.494,0.875,0.515,johnsch04
James Johnson,27,TOR,NBA,2014-15,70,17,1370,238,404,227,353,11,51,67,102,61,196,257,95,54,70,79,155,554,0.589,0.643,0.216,0.603,0.657,0.617,johnsja01
Joe Johnson,33,BRK,NBA,2014-15,80,80,2791,446,1025,325,688,121,337,141,176,53,331,384,292,59,14,137,120,1154,0.435,0.472,0.359,0.494,0.801,0.523,johnsjo02
Nick Johnson,22,HOU,NBA,2014-15,28,0,262,26,75,21,54,5,21,17,25,13,26,39,11,7,3,19,34,74,0.347,0.389,0.238,0.38,0.68,0.43,johnsni01
Tyler Johnson,22,MIA,NBA,2014-15,32,2,603,70,167,52,119,18,48,32,47,14,67,81,42,33,9,30,42,190,0.419,0.437,0.375,0.473,0.681,0.506,johnsty01
Wesley Johnson,27,LAL,NBA,2014-15,76,59,2245,286,691,195,432,91,259,90,112,67,252,319,124,59,45,87,162,753,0.414,0.451,0.351,0.48,0.804,0.509,johnswe01
Dahntay Jones,34,LAC,NBA,2014-15,33,0,123,6,21,6,17,0,4,9,11,1,10,11,2,3,0,1,23,21,0.286,0.353,0,0.286,0.818,0.406,jonesda02
James Jones,34,CLE,NBA,2014-15,57,2,669,74,201,11,26,63,175,39,46,9,53,62,24,13,8,13,67,250,0.368,0.423,0.36,0.525,0.848,0.565,jonesja02
Perry Jones,23,OKC,NBA,2014-15,43,13,631,73,184,59,124,14,60,24,37,6,70,76,18,17,8,24,50,184,0.397,0.476,0.233,0.435,0.649,0.459,jonespe01
Terrence Jones,23,HOU,NBA,2014-15,33,24,889,158,299,145,262,13,37,57,94,78,142,220,36,18,59,37,78,386,0.528,0.553,0.351,0.55,0.606,0.567,joneste01
DeAndre Jordan,26,LAC,NBA,2014-15,82,82,2820,379,534,378,530,1,4,187,471,397,829,1226,61,81,183,109,245,946,0.71,0.713,0.25,0.711,0.397,0.638,jordade01
Jerome Jordan,28,BRK,NBA,2014-15,44,0,383,50,94,50,94,0,0,38,44,52,53,105,13,8,15,22,58,138,0.532,0.532,,0.532,0.864,0.609,jordaje01
Cory Joseph,23,SAS,NBA,2014-15,79,14,1444,207,411,191,367,16,44,105,143,44,148,192,188,46,17,67,105,535,0.504,0.52,0.364,0.523,0.734,0.564,josepco01
Chris Kaman,32,POR,NBA,2014-15,74,13,1398,283,549,283,549,0,0,72,102,149,335,484,65,18,54,108,140,638,0.515,0.515,,0.515,0.706,0.537,kamanch01
Enes Kanter,22,TOT,NBA,2014-15,75,74,2135,482,928,466,883,16,45,183,234,277,394,671,55,36,29,145,189,1163,0.519,0.528,0.356,0.528,0.782,0.564,kanteen01
Sergey Karasev,21,BRK,NBA,2014-15,33,16,555,54,134,38,80,16,54,29,38,22,44,66,46,23,1,24,45,153,0.403,0.475,0.296,0.463,0.763,0.508,karasse01
Ryan Kelly,23,LAL,NBA,2014-15,52,34,1233,104,309,59,175,45,134,79,95,13,133,146,92,30,24,37,118,332,0.337,0.337,0.336,0.409,0.832,0.473,kellyry01
Michael Kidd-Gilchrist,21,CHO,NBA,2014-15,55,52,1587,224,482,224,482,0,0,150,214,109,307,416,77,30,38,63,115,598,0.465,0.465,,0.465,0.701,0.519,kiddgmi01
Sean Kilpatrick,25,MIN,NBA,2014-15,4,0,72,7,20,3,7,4,13,4,4,1,5,6,4,3,0,2,3,22,0.35,0.429,0.308,0.45,1,0.506,kilpase01
Andrei Kirilenko,33,BRK,NBA,2014-15,7,0,36,0,5,0,5,0,0,3,4,2,6,8,1,1,0,1,1,3,0,0,,0,0.75,0.222,kirilan01
Alex Kirk,23,CLE,NBA,2014-15,5,0,14,1,4,1,4,0,0,2,2,1,0,1,1,0,0,0,1,4,0.25,0.25,,0.25,1,0.41,kirkal01
Brandon Knight,23,TOT,NBA,2014-15,63,61,2035,375,888,250,567,125,321,195,223,28,216,244,330,90,10,189,114,1070,0.422,0.441,0.389,0.493,0.874,0.543,knighbr03
Kyle Korver,33,ATL,NBA,2014-15,75,75,2418,292,600,71,151,221,449,106,118,15,289,304,196,52,42,107,140,911,0.487,0.47,0.492,0.671,0.898,0.699,korveky01
Kosta Koufos,25,MEM,NBA,2014-15,81,3,1348,182,358,182,358,0,0,55,85,121,305,426,37,29,63,69,148,419,0.508,0.508,,0.508,0.647,0.53,koufoko01
Ognjen Kuzmic,24,GSW,NBA,2014-15,16,0,72,8,12,8,12,0,0,4,4,7,10,17,6,2,1,5,13,20,0.667,0.667,,0.667,1,0.727,kuzmiog01
Jeremy Lamb,22,OKC,NBA,2014-15,47,8,633,104,250,66,139,38,111,49,55,8,99,107,44,21,6,27,52,295,0.416,0.475,0.342,0.492,0.891,0.538,lambje01
Carl Landry,31,SAC,NBA,2014-15,70,15,1192,190,369,190,369,0,0,123,150,99,169,268,26,15,17,54,132,503,0.515,0.515,,0.515,0.82,0.578,landrca01
Shane Larkin,22,NYK,NBA,2014-15,76,22,1865,187,432,152,316,35,116,61,78,29,147,176,226,93,9,83,150,470,0.433,0.481,0.302,0.473,0.782,0.504,larkish01
Joffrey Lauvergne,23,DEN,NBA,2014-15,24,1,268,36,89,33,73,3,16,18,28,27,50,77,13,8,10,22,43,93,0.404,0.452,0.188,0.421,0.643,0.459,lauvejo01
Zach LaVine,19,MIN,NBA,2014-15,77,40,1902,286,677,229,510,57,167,149,177,27,187,214,276,54,10,193,158,778,0.422,0.449,0.341,0.465,0.842,0.515,lavinza01
Ty Lawson,27,DEN,NBA,2014-15,75,75,2665,404,926,334,721,70,205,265,363,42,192,234,720,92,9,185,128,1143,0.436,0.463,0.341,0.474,0.73,0.526,lawsoty01
Ricky Ledo,22,TOT,NBA,2014-15,17,0,244,32,96,22,69,10,27,16,22,16,20,36,19,6,1,26,21,90,0.333,0.319,0.37,0.385,0.727,0.426,ledori01
Courtney Lee,29,MEM,NBA,2014-15,77,74,2354,288,643,198,419,90,224,111,129,21,157,178,151,75,12,78,129,777,0.448,0.473,0.402,0.518,0.86,0.555,leeco01
David Lee,31,GSW,NBA,2014-15,49,4,904,160,313,160,311,0,2,68,104,81,176,257,85,31,26,49,83,388,0.511,0.514,0,0.511,0.654,0.541,leeda02
Malcolm Lee,24,PHI,NBA,2014-15,1,0,2,0,1,0,1,0,0,0,0,0,0,0,0,0,0,0,0,0,0,0,,0,,0,leema01
Alex Len,21,PHO,NBA,2014-15,69,44,1518,179,353,178,350,1,3,73,104,142,312,454,32,34,105,74,213,432,0.507,0.509,0.333,0.508,0.702,0.542,lenal01
Kawhi Leonard,23,SAS,NBA,2014-15,64,64,2033,394,822,327,630,67,192,202,252,85,376,461,161,148,48,97,128,1057,0.479,0.519,0.349,0.52,0.802,0.567,leonaka01
Meyers Leonard,22,POR,NBA,2014-15,55,7,847,125,245,78,133,47,112,30,32,46,204,250,32,10,14,39,113,327,0.51,0.586,0.42,0.606,0.938,0.631,leoname01
Jon Leuer,25,MEM,NBA,2014-15,63,6,824,121,273,114,244,7,29,37,59,50,157,207,46,17,9,35,86,286,0.443,0.467,0.241,0.456,0.627,0.478,leuerjo01
Damian Lillard,24,POR,NBA,2014-15,82,82,2925,590,1360,394,788,196,572,344,398,49,329,378,507,97,21,222,164,1720,0.434,0.5,0.343,0.506,0.864,0.56,lillada01
Jeremy Lin,26,LAL,NBA,2014-15,74,30,1907,277,654,212,478,65,176,213,268,26,170,196,339,82,32,166,189,832,0.424,0.444,0.369,0.473,0.795,0.539,linje01
Shaun Livingston,29,GSW,NBA,2014-15,78,2,1468,198,396,198,394,0,2,65,91,43,140,183,259,49,20,102,110,461,0.5,0.503,0,0.5,0.714,0.529,livinsh01
Brook Lopez,26,BRK,NBA,2014-15,72,44,2100,506,987,505,977,1,10,223,274,214,321,535,50,43,126,104,206,1236,0.513,0.517,0.1,0.513,0.814,0.558,lopezbr01
Robin Lopez,26,POR,NBA,2014-15,59,59,1638,234,437,234,436,0,1,98,127,190,204,394,55,16,84,73,122,566,0.535,0.537,0,0.535,0.772,0.574,lopezro01
Kevin Love,26,CLE,NBA,2014-15,75,75,2532,413,952,269,560,144,392,258,321,142,589,731,168,51,39,122,140,1228,0.434,0.48,0.367,0.509,0.804,0.562,loveke01
Kyle Lowry,28,TOR,NBA,2014-15,70,70,2414,430,1043,298,652,132,391,252,312,54,274,328,473,109,13,173,212,1244,0.412,0.457,0.338,0.476,0.808,0.527,lowryky01
John Lucas III,32,DET,NBA,2014-15,21,0,272,42,104,33,75,9,29,5,5,4,12,16,60,8,0,16,18,98,0.404,0.44,0.31,0.447,1,0.461,lucasjo02
Kalin Lucas,25,MEM,NBA,2014-15,1,0,6,0,1,0,1,0,0,0,0,0,0,0,0,1,0,0,1,0,0,0,,0,,0,lucaska01
Shelvin Mack,24,ATL,NBA,2014-15,55,0,833,117,292,77,165,40,127,25,31,8,71,79,155,30,2,49,32,299,0.401,0.467,0.315,0.469,0.806,0.489,macksh01
Ian Mahinmi,28,IND,NBA,2014-15,61,6,1146,117,212,117,212,0,0,31,102,105,251,356,33,30,46,59,172,265,0.552,0.552,,0.552,0.304,0.516,mahinia01
Devyn Marble,22,ORL,NBA,2014-15,16,7,208,14,44,10,22,4,22,5,16,5,26,31,17,9,2,9,14,37,0.318,0.455,0.182,0.364,0.313,0.362,marblde01
Shawn Marion,36,CLE,NBA,2014-15,57,24,1101,119,267,107,221,12,46,26,34,64,138,202,51,27,27,33,58,276,0.446,0.484,0.261,0.468,0.765,0.489,mariosh01
Kendall Marshall,23,MIL,NBA,2014-15,28,3,417,46,101,28,55,18,46,8,9,2,26,28,86,21,0,35,26,118,0.455,0.509,0.391,0.545,0.889,0.562,marshke01
Cartier Martin,30,DET,NBA,2014-15,23,0,198,15,53,9,20,6,33,0,0,0,20,20,11,3,1,5,20,36,0.283,0.45,0.182,0.34,,0.34,martica01
Kenyon Martin,37,MIL,NBA,2014-15,11,0,104,9,22,9,22,0,0,2,2,6,13,19,5,5,6,3,13,20,0.409,0.409,,0.409,1,0.437,martike01
Kevin Martin,31,MIN,NBA,2014-15,39,36,1302,267,625,192,434,75,191,170,193,19,123,142,89,33,1,76,76,779,0.427,0.442,0.393,0.487,0.881,0.549,martike02
Wesley Matthews,28,POR,NBA,2014-15,60,60,2024,337,752,164,307,173,445,109,145,38,184,222,139,77,10,81,132,956,0.448,0.534,0.389,0.563,0.752,0.586,matthwe02
Jason Maxiell,31,CHO,NBA,2014-15,61,0,878,81,192,81,192,0,0,41,71,86,117,203,19,18,44,29,96,203,0.422,0.422,,0.422,0.577,0.455,maxieja01
O.J. Mayo,27,MIL,NBA,2014-15,71,15,1697,296,701,197,424,99,277,115,139,30,157,187,197,57,18,128,165,806,0.422,0.465,0.357,0.493,0.827,0.529,mayooj01
Luc Mbah a Moute,28,PHI,NBA,2014-15,67,61,1916,251,636,189,434,62,202,96,163,82,246,328,106,81,21,99,104,660,0.395,0.435,0.307,0.443,0.589,0.466,mbahalu01
James Michael McAdoo,22,GSW,NBA,2014-15,15,0,137,24,44,24,44,0,0,14,25,15,22,37,2,5,9,6,21,62,0.545,0.545,,0.545,0.56,0.564,mcadoja01
Ray McCallum,23,SAC,NBA,2014-15,68,30,1436,206,470,172,359,34,111,57,84,52,128,180,188,45,11,85,92,503,0.438,0.479,0.306,0.474,0.679,0.496,mccalra01
CJ McCollum,23,POR,NBA,2014-15,62,3,973,159,365,104,226,55,139,51,73,14,77,91,64,43,8,48,81,424,0.436,0.46,0.396,0.511,0.699,0.534,mccolcj01
K.J. McDaniels,21,TOT,NBA,2014-15,62,15,1352,172,434,129,284,43,150,100,133,65,135,200,72,44,70,105,126,487,0.396,0.454,0.287,0.446,0.752,0.494,mcdankj01
Doug McDermott,23,CHI,NBA,2014-15,36,0,321,43,107,30,66,13,41,10,15,6,37,43,6,4,1,17,29,109,0.402,0.455,0.317,0.463,0.667,0.48,mcderdo01
Mitch McGary,22,OKC,NBA,2014-15,32,2,485,88,165,88,163,0,2,25,40,53,112,165,14,16,16,31,72,201,0.533,0.54,0,0.533,0.625,0.55,mcgarmi01
JaVale McGee,27,TOT,NBA,2014-15,23,0,256,42,79,42,79,0,0,22,33,18,43,61,3,2,20,18,30,106,0.532,0.532,,0.532,0.667,0.567,mcgeeja01
Ben McLemore,21,SAC,NBA,2014-15,82,82,2670,363,831,223,440,140,391,130,160,31,210,241,140,77,19,138,219,996,0.437,0.507,0.358,0.521,0.813,0.552,mclembe01
Jerel McNeal,27,PHO,NBA,2014-15,6,0,36,3,11,2,9,1,2,2,2,0,3,3,2,3,1,5,5,9,0.273,0.222,0.5,0.318,1,0.379,mcneaje01
Josh McRoberts,27,MIA,NBA,2014-15,17,4,296,28,53,20,34,8,19,8,13,7,38,45,33,12,3,22,41,72,0.528,0.588,0.421,0.604,0.615,0.613,mcrobjo01
Jodie Meeks,27,DET,NBA,2014-15,60,0,1462,222,534,148,322,74,212,145,160,12,92,104,79,59,6,57,76,663,0.416,0.46,0.349,0.485,0.906,0.548,meeksjo01
Gal Mekel,26,NOP,NBA,2014-15,4,0,43,3,20,3,17,0,3,0,0,0,1,1,13,2,0,2,1,6,0.15,0.176,0,0.15,,0.15,mekelga01
Khris Middleton,23,MIL,NBA,2014-15,79,58,2378,406,869,297,601,109,268,134,156,48,299,347,182,122,11,113,183,1055,0.467,0.494,0.407,0.53,0.859,0.563,middlkh01
C.J. Miles,27,IND,NBA,2014-15,70,40,1841,329,827,175,381,154,446,130,161,18,196,214,75,60,26,73,132,942,0.398,0.459,0.345,0.491,0.807,0.525,milescj01
Andre Miller,38,TOT,NBA,2014-15,81,0,1253,145,290,138,256,7,34,58,77,37,116,153,284,32,6,104,103,355,0.5,0.539,0.206,0.512,0.753,0.548,millean02
Darius Miller,24,NOP,NBA,2014-15,5,1,43,1,7,1,6,0,1,0,0,0,1,1,2,1,0,1,8,2,0.143,0.167,0,0.143,,0.143,milleda01
Mike Miller,34,CLE,NBA,2014-15,52,15,701,37,114,5,16,32,98,3,4,4,87,91,46,14,4,23,74,109,0.325,0.313,0.327,0.465,0.75,0.471,millemi01
Quincy Miller,22,TOT,NBA,2014-15,10,0,119,9,38,6,20,3,18,8,11,4,16,20,8,7,5,5,9,29,0.237,0.3,0.167,0.276,0.727,0.338,millequ01
Patty Mills,26,SAS,NBA,2014-15,51,0,801,128,336,66,154,62,182,33,40,21,54,75,87,28,2,35,58,351,0.381,0.429,0.341,0.473,0.825,0.496,millspa02
Elijah Millsap,27,UTA,NBA,2014-15,47,5,924,81,238,53,148,28,90,58,86,28,122,150,58,56,16,67,124,248,0.34,0.358,0.311,0.399,0.674,0.45,millsel01
Paul Millsap,29,ATL,NBA,2014-15,73,73,2390,443,930,366,714,77,216,255,337,139,431,570,223,130,69,166,201,1218,0.476,0.513,0.356,0.518,0.757,0.565,millspa01
Nikola Mirotic,23,CHI,NBA,2014-15,82,3,1654,253,624,154,311,99,313,228,284,63,341,404,97,54,54,89,172,833,0.405,0.495,0.316,0.485,0.803,0.556,mirotni01
Nazr Mohammed,37,CHI,NBA,2014-15,23,0,128,13,30,13,30,0,0,1,3,11,27,38,3,4,5,7,16,27,0.433,0.433,,0.433,0.333,0.431,mohamna01
Greg Monroe,24,DET,NBA,2014-15,69,57,2137,423,853,423,853,0,0,252,336,229,475,704,142,78,34,149,148,1098,0.496,0.496,,0.496,0.75,0.549,monrogr01
E'Twaun Moore,25,CHI,NBA,2014-15,56,0,504,62,139,49,101,13,38,12,20,12,34,46,33,20,6,14,45,149,0.446,0.485,0.342,0.493,0.6,0.504,mooreet01
Eric Moreland,23,SAC,NBA,2014-15,3,0,2,1,1,1,1,0,0,0,0,0,1,1,0,0,0,0,1,2,1,1,,1,,1,moreler01
Darius Morris,24,BRK,NBA,2014-15,38,0,299,36,106,29,73,7,33,4,9,7,20,27,48,9,0,21,20,83,0.34,0.397,0.212,0.373,0.444,0.377,morrida01
Marcus Morris,25,PHO,NBA,2014-15,81,35,2045,331,763,219,450,112,313,71,113,73,312,385,133,63,16,73,188,845,0.434,0.487,0.358,0.507,0.628,0.52,morrima03
Markieff Morris,25,PHO,NBA,2014-15,82,82,2581,512,1100,455,921,57,179,177,232,110,396,506,192,101,39,170,245,1258,0.465,0.494,0.318,0.491,0.763,0.523,morrima02
Anthony Morrow,29,OKC,NBA,2014-15,74,0,1806,285,615,144,290,141,325,79,89,40,155,195,60,54,11,38,135,790,0.463,0.497,0.434,0.578,0.888,0.604,morroan01
Donatas Motiejunas,24,HOU,NBA,2014-15,71,62,2037,353,700,304,567,49,133,100,166,137,284,421,130,56,34,123,203,855,0.504,0.536,0.368,0.539,0.602,0.553,motiedo01
Timofey Mozgov,28,TOT,NBA,2014-15,81,80,2045,314,566,312,560,2,6,155,216,203,388,591,55,33,97,116,227,785,0.555,0.557,0.333,0.557,0.718,0.594,mozgoti01
Shabazz Muhammad,22,MIN,NBA,2014-15,38,13,866,194,397,174,346,20,51,104,145,63,91,154,44,18,7,35,49,512,0.489,0.503,0.392,0.514,0.717,0.556,muhamsh01
Toure' Murry,25,TOT,NBA,2014-15,5,0,18,2,5,2,5,0,0,2,2,1,0,1,1,1,0,4,2,6,0.4,0.4,,0.4,1,0.51,murryto01
Mike Muscala,23,ATL,NBA,2014-15,40,8,502,83,151,74,129,9,22,22,25,52,67,119,25,16,19,21,52,197,0.55,0.574,0.409,0.579,0.88,0.608,muscami01
Shabazz Napier,23,MIA,NBA,2014-15,51,10,1012,87,228,44,110,43,118,44,56,17,96,113,130,40,4,81,76,261,0.382,0.4,0.364,0.476,0.786,0.517,napiesh01
Gary Neal,30,TOT,NBA,2014-15,54,1,1193,188,503,138,339,50,164,117,135,14,115,129,100,23,1,65,88,543,0.374,0.407,0.305,0.423,0.867,0.483,nealga01
Jameer Nelson,32,TOT,NBA,2014-15,63,29,1407,205,504,116,246,89,258,24,36,33,113,146,253,47,6,109,136,523,0.407,0.472,0.345,0.495,0.667,0.503,nelsoja01
Andrew Nicholson,25,ORL,NBA,2014-15,40,3,492,83,190,70,149,13,41,15,25,17,65,82,22,6,12,24,51,194,0.437,0.47,0.317,0.471,0.6,0.483,nichoan01
Joakim Noah,29,CHI,NBA,2014-15,67,67,2049,190,427,190,425,0,2,105,174,219,427,646,312,48,74,123,203,485,0.445,0.447,0,0.445,0.603,0.482,noahjo01
Nerlens Noel,20,PHI,NBA,2014-15,75,71,2311,302,653,302,653,0,0,140,230,185,426,611,128,133,142,146,208,744,0.462,0.462,,0.462,0.609,0.493,noelne01
Lucas Nogueira,22,TOR,NBA,2014-15,6,0,23,2,8,2,8,0,0,2,4,2,9,11,1,2,0,2,6,6,0.25,0.25,,0.25,0.5,0.307,noguelu01
Steve Novak,31,TOT,NBA,2014-15,35,0,197,22,56,3,8,19,48,0,2,2,20,22,11,0,2,5,23,63,0.393,0.375,0.396,0.563,0,0.554,novakst01
Dirk Nowitzki,36,DAL,NBA,2014-15,77,77,2282,487,1062,383,788,104,274,255,289,44,413,457,143,39,33,82,160,1333,0.459,0.486,0.38,0.508,0.882,0.56,nowitdi01
Jusuf Nurkic,20,DEN,NBA,2014-15,62,27,1103,171,383,171,381,0,2,84,132,125,257,382,50,52,68,86,207,426,0.446,0.449,0,0.446,0.636,0.483,nurkiju01
Johnny O'Bryant,21,MIL,NBA,2014-15,34,15,368,44,120,44,120,0,0,12,27,26,38,64,17,5,4,25,44,100,0.367,0.367,,0.367,0.444,0.379,obryajo01
Kyle O'Quinn,24,ORL,NBA,2014-15,51,17,824,119,242,107,199,12,43,44,57,46,153,199,59,31,39,55,110,294,0.492,0.538,0.279,0.517,0.772,0.55,oquinky01
Victor Oladipo,22,ORL,NBA,2014-15,72,71,2573,473,1086,389,838,84,248,262,320,51,251,302,295,120,19,204,187,1292,0.436,0.464,0.339,0.474,0.819,0.527,oladivi01
Kelly Olynyk,23,BOS,NBA,2014-15,64,13,1423,251,528,190,353,61,175,93,136,92,211,303,109,64,39,98,213,656,0.475,0.538,0.349,0.533,0.684,0.558,olynyke01
Arinze Onuaku,27,MIN,NBA,2014-15,6,1,68,12,14,12,14,0,0,3,8,7,14,21,4,1,3,2,6,27,0.857,0.857,,0.857,0.375,0.771,onuakar01
Zaza Pachulia,30,MIL,NBA,2014-15,73,45,1730,240,529,240,526,0,3,126,160,197,303,500,178,80,21,133,170,606,0.454,0.456,0,0.454,0.788,0.506,pachuza01
Kostas Papanikolaou,24,HOU,NBA,2014-15,43,1,795,69,197,38,91,31,106,13,18,39,79,118,85,29,13,55,71,182,0.35,0.418,0.292,0.429,0.722,0.444,papanko01
Jannero Pargo,35,CHO,NBA,2014-15,9,0,73,15,35,6,13,9,22,2,2,0,3,3,8,0,0,3,8,41,0.429,0.462,0.409,0.557,1,0.571,pargoja01
Jabari Parker,19,MIL,NBA,2014-15,25,25,738,129,263,125,247,4,16,46,66,50,88,138,42,31,5,47,42,308,0.49,0.506,0.25,0.498,0.697,0.527,parkeja01
Tony Parker,32,SAS,NBA,2014-15,68,68,1953,404,832,366,743,38,89,130,166,15,114,129,335,44,2,146,108,976,0.486,0.493,0.427,0.508,0.783,0.539,parketo01
Chandler Parsons,26,DAL,NBA,2014-15,66,66,2186,383,829,251,482,132,347,139,193,64,259,323,161,69,19,96,140,1037,0.462,0.521,0.38,0.542,0.72,0.567,parsoch01
Patrick Patterson,25,TOR,NBA,2014-15,81,4,2156,240,535,135,252,105,283,63,80,127,306,433,155,60,44,54,149,648,0.449,0.536,0.371,0.547,0.788,0.568,pattepa01
Chris Paul,29,LAC,NBA,2014-15,82,82,2857,568,1170,429,821,139,349,289,321,52,324,376,838,156,15,190,203,1564,0.485,0.523,0.398,0.545,0.9,0.596,paulch01
Adreian Payne,23,TOT,NBA,2014-15,32,22,739,91,220,90,211,1,9,30,46,48,114,162,30,19,9,44,88,213,0.414,0.427,0.111,0.416,0.652,0.443,paynead01
Elfrid Payton,20,ORL,NBA,2014-15,82,63,2489,301,708,290,666,11,42,118,214,107,242,349,533,142,20,203,193,731,0.425,0.435,0.262,0.433,0.551,0.456,paytoel01
Nikola Pekovic,29,MIN,NBA,2014-15,31,29,815,139,328,139,328,0,0,108,129,89,145,234,27,19,12,42,59,386,0.424,0.424,,0.424,0.837,0.502,pekovni01
Kendrick Perkins,30,TOT,NBA,2014-15,68,3,1148,102,227,102,226,0,1,42,83,91,229,320,51,16,42,95,162,246,0.449,0.451,0,0.449,0.506,0.467,perkike01
Paul Pierce,37,WAS,NBA,2014-15,73,73,1914,293,656,175,353,118,303,164,210,45,249,294,144,46,24,92,160,868,0.447,0.496,0.389,0.537,0.781,0.58,piercpa01
Mason Plumlee,24,BRK,NBA,2014-15,82,45,1743,280,489,280,486,0,3,157,317,175,337,512,74,65,63,106,207,717,0.573,0.576,0,0.573,0.495,0.57,plumlma01
Miles Plumlee,26,TOT,NBA,2014-15,73,28,1194,136,254,136,254,0,0,22,46,112,208,320,34,41,66,51,111,294,0.535,0.535,,0.535,0.478,0.536,plumlmi01
Quincy Pondexter,26,TOT,NBA,2014-15,75,30,1793,188,447,97,203,91,244,71,96,53,142,195,94,19,24,51,150,538,0.421,0.478,0.373,0.522,0.74,0.55,pondequ01
Otto Porter,21,WAS,NBA,2014-15,74,13,1432,176,391,141,287,35,104,58,79,70,151,221,65,44,30,52,97,445,0.45,0.491,0.337,0.495,0.734,0.523,porteot01
Dwight Powell,23,TOT,NBA,2014-15,29,0,236,31,67,28,56,3,11,25,33,18,32,50,9,9,6,11,40,90,0.463,0.5,0.273,0.485,0.758,0.552,poweldw01
Phil Pressey,23,BOS,NBA,2014-15,50,0,600,64,174,48,109,16,65,33,49,13,67,80,117,30,6,41,54,177,0.368,0.44,0.246,0.414,0.673,0.453,pressph01
A.J. Price,28,TOT,NBA,2014-15,26,0,324,51,137,36,80,15,57,16,24,6,26,32,46,7,0,14,15,133,0.372,0.45,0.263,0.427,0.667,0.451,priceaj01
Ronnie Price,31,LAL,NBA,2014-15,43,20,982,77,223,46,114,31,109,36,45,19,50,69,165,67,4,52,118,221,0.345,0.404,0.284,0.415,0.8,0.455,pricero01
Pablo Prigioni,37,TOT,NBA,2014-15,67,3,1197,91,228,34,62,57,166,35,41,30,89,119,171,79,1,62,88,274,0.399,0.548,0.343,0.524,0.854,0.557,prigipa01
Tayshaun Prince,34,TOT,NBA,2014-15,58,16,1397,177,402,146,335,31,67,49,65,52,158,210,93,29,16,35,55,434,0.44,0.436,0.463,0.479,0.754,0.504,princta01
Miroslav Raduljica,27,MIN,NBA,2014-15,5,0,23,3,8,3,8,0,0,2,2,2,3,5,0,1,0,2,8,8,0.375,0.375,,0.375,1,0.45,radulmi01
Julius Randle,20,LAL,NBA,2014-15,1,0,14,1,3,1,3,0,0,0,2,0,0,0,0,0,0,1,1,2,0.333,0.333,,0.333,0,0.258,randlju01
Shavlik Randolph,31,TOT,NBA,2014-15,21,0,126,9,35,9,30,0,5,6,12,16,22,38,4,5,3,3,16,24,0.257,0.3,0,0.257,0.5,0.298,randosh01
Zach Randolph,33,MEM,NBA,2014-15,71,71,2304,454,932,447,912,7,20,228,298,225,522,747,153,69,14,156,175,1143,0.487,0.49,0.35,0.491,0.765,0.538,randoza01
J.J. Redick,30,LAC,NBA,2014-15,78,78,2409,447,938,247,480,200,458,183,203,22,145,167,137,39,8,95,134,1277,0.477,0.515,0.437,0.583,0.901,0.622,redicjj01
Glen Rice,24,WAS,NBA,2014-15,5,0,43,3,15,2,8,1,7,4,6,2,2,4,2,0,0,2,11,11,0.2,0.25,0.143,0.233,0.667,0.312,ricegl02
Jason Richardson,34,PHI,NBA,2014-15,19,15,416,62,178,31,82,31,96,17,22,13,53,66,38,13,3,16,28,172,0.348,0.378,0.323,0.435,0.773,0.458,richaja01
Luke Ridnour,33,ORL,NBA,2014-15,47,0,683,75,176,55,113,20,63,18,21,8,60,68,96,20,4,38,67,188,0.426,0.487,0.317,0.483,0.857,0.507,ridnolu01
Austin Rivers,22,TOT,NBA,2014-15,76,5,1563,203,496,164,365,39,131,85,126,27,125,152,155,48,14,65,146,530,0.409,0.449,0.298,0.449,0.675,0.481,riverau01
Andre Roberson,23,OKC,NBA,2014-15,67,65,1286,92,201,71,116,21,85,23,48,60,195,255,70,53,29,46,141,228,0.458,0.612,0.247,0.51,0.479,0.513,roberan03
Brian Roberts,29,CHO,NBA,2014-15,72,10,1330,176,452,114,259,62,193,66,74,13,96,109,162,33,6,57,75,480,0.389,0.44,0.321,0.458,0.892,0.495,roberbr01
Glenn Robinson,21,TOT,NBA,2014-15,35,1,261,26,67,21,48,5,19,16,24,15,24,39,11,6,1,11,15,73,0.388,0.438,0.263,0.425,0.667,0.471,robingl02
Nate Robinson,30,TOT,NBA,2014-15,42,1,591,88,255,57,143,31,112,31,46,17,33,50,97,20,3,30,76,238,0.345,0.399,0.277,0.406,0.674,0.432,robinna01
Thomas Robinson,23,TOT,NBA,2014-15,54,4,798,126,260,126,258,0,2,56,106,95,208,303,33,32,20,59,104,308,0.485,0.488,0,0.485,0.528,0.502,robinth01
Rajon Rondo,28,TOT,NBA,2014-15,68,68,2018,275,645,248,559,27,86,31,78,73,300,373,538,91,7,210,153,608,0.426,0.444,0.314,0.447,0.397,0.448,rondora01
Derrick Rose,26,CHI,NBA,2014-15,51,51,1530,338,835,262,564,76,271,152,187,35,126,161,251,36,16,161,63,904,0.405,0.465,0.28,0.45,0.813,0.493,rosede01
Terrence Ross,23,TOR,NBA,2014-15,82,61,2092,309,753,164,363,145,390,44,56,32,194,226,86,53,25,69,136,807,0.41,0.452,0.372,0.507,0.786,0.519,rosste01
Ricky Rubio,24,MIN,NBA,2014-15,22,22,692,78,219,65,168,13,51,57,71,19,106,125,193,38,1,64,59,226,0.356,0.387,0.255,0.386,0.803,0.452,rubiori01
Damjan Rudez,28,IND,NBA,2014-15,68,2,1047,119,263,50,93,69,170,16,23,8,39,47,53,16,5,47,79,323,0.452,0.538,0.406,0.584,0.696,0.591,rudezda01
Brandon Rush,29,GSW,NBA,2014-15,33,0,271,11,54,8,27,3,27,5,11,4,37,41,12,5,12,11,27,30,0.204,0.296,0.111,0.231,0.455,0.255,rushbr01
Robert Sacre,25,LAL,NBA,2014-15,67,18,1133,126,306,126,305,0,1,55,82,89,144,233,55,28,43,36,121,307,0.412,0.413,0,0.412,0.671,0.449,sacrero01
John Salmons,35,NOP,NBA,2014-15,21,0,270,16,48,8,22,8,26,2,4,4,17,21,13,9,4,5,25,42,0.333,0.364,0.308,0.417,0.5,0.422,salmojo01
JaKarr Sampson,21,PHI,NBA,2014-15,74,32,1131,146,346,115,219,31,127,63,94,35,128,163,77,38,26,76,135,386,0.422,0.525,0.244,0.467,0.67,0.498,sampsja02
Larry Sanders,26,MIL,NBA,2014-15,27,26,586,86,172,86,172,0,0,24,48,67,99,166,23,26,39,28,104,196,0.5,0.5,,0.5,0.5,0.507,sandela01
Dennis Schroder,21,ATL,NBA,2014-15,77,10,1516,284,665,232,517,52,148,148,179,29,135,164,317,49,4,150,127,768,0.427,0.449,0.351,0.466,0.827,0.516,schrode01
Luis Scola,34,IND,NBA,2014-15,81,16,1659,300,642,295,622,5,20,158,226,138,388,526,105,47,18,94,192,763,0.467,0.474,0.25,0.471,0.699,0.515,scolalu01
Mike Scott,26,ATL,NBA,2014-15,68,0,1123,201,453,135,261,66,192,61,77,45,154,199,75,25,3,39,83,529,0.444,0.517,0.344,0.517,0.792,0.543,scottmi01
Thabo Sefolosha,30,ATL,NBA,2014-15,52,7,976,104,249,79,171,25,78,45,58,53,170,223,75,53,21,38,67,278,0.418,0.462,0.321,0.468,0.776,0.506,sefolth01
Kevin Seraphin,25,WAS,NBA,2014-15,79,0,1235,231,450,231,448,0,2,58,82,87,201,288,59,10,59,98,197,520,0.513,0.516,0,0.513,0.707,0.535,serapke01
Ramon Sessions,28,TOT,NBA,2014-15,64,10,1188,125,334,106,274,19,60,133,173,23,121,144,182,29,0,86,73,402,0.374,0.387,0.317,0.403,0.769,0.49,sessira01
Iman Shumpert,24,TOT,NBA,2014-15,62,25,1545,193,471,126,275,67,196,43,64,55,169,224,135,81,16,91,138,496,0.41,0.458,0.342,0.481,0.672,0.497,shumpim01
Alexey Shved,26,TOT,NBA,2014-15,42,9,767,133,335,86,196,47,139,121,150,23,76,99,106,30,6,48,48,434,0.397,0.439,0.338,0.467,0.807,0.541,shvedal01
Henry Sims,24,PHI,NBA,2014-15,73,32,1399,238,502,234,480,4,22,106,137,121,238,359,79,39,30,99,135,586,0.474,0.488,0.182,0.478,0.774,0.521,simshe01
Kyle Singler,26,TOT,NBA,2014-15,80,58,1743,172,446,76,205,96,241,40,52,33,161,194,85,47,21,55,153,480,0.386,0.371,0.398,0.493,0.769,0.512,singlky01
Donald Sloan,27,IND,NBA,2014-15,53,21,1107,145,355,104,224,41,131,60,77,12,131,143,190,23,0,65,47,391,0.408,0.464,0.313,0.466,0.779,0.503,sloando01
Marcus Smart,20,BOS,NBA,2014-15,67,38,1808,175,477,84,205,91,272,82,127,61,161,222,208,99,18,90,176,523,0.367,0.41,0.335,0.462,0.646,0.491,smartma01
Greg Smith,24,DAL,NBA,2014-15,42,2,363,30,49,30,49,0,0,20,39,26,53,79,9,7,11,11,53,80,0.612,0.612,,0.612,0.513,0.605,smithgr02
Ish Smith,26,TOT,NBA,2014-15,55,14,832,143,367,125,307,18,60,34,57,15,85,100,180,36,6,78,50,338,0.39,0.407,0.3,0.414,0.596,0.431,smithis01
J.R. Smith,29,TOT,NBA,2014-15,70,51,2080,315,755,152,329,163,426,54,72,30,188,218,195,82,22,97,163,847,0.417,0.462,0.383,0.525,0.75,0.538,smithjr01
Jason Smith,28,NYK,NBA,2014-15,82,31,1785,257,592,242,550,15,42,127,153,98,226,324,140,32,44,104,205,656,0.434,0.44,0.357,0.447,0.83,0.497,smithja02
Josh Smith,29,TOT,NBA,2014-15,83,35,2300,414,987,342,759,72,228,127,255,152,378,530,277,87,116,206,228,1027,0.419,0.451,0.316,0.456,0.498,0.467,smithjo03
Russ Smith,23,TOT,NBA,2014-15,12,0,65,8,25,6,14,2,11,12,13,1,5,6,8,3,0,12,13,30,0.32,0.429,0.182,0.36,0.923,0.488,smithru01
Tony Snell,23,CHI,NBA,2014-15,72,22,1412,159,371,86,174,73,197,44,55,31,145,176,62,32,11,48,86,435,0.429,0.494,0.371,0.527,0.8,0.55,snellto01
Marreese Speights,27,GSW,NBA,2014-15,76,9,1207,318,646,313,628,5,18,150,178,109,216,325,72,20,34,82,189,791,0.492,0.498,0.278,0.496,0.843,0.546,speigma01
Tiago Splitter,30,SAS,NBA,2014-15,52,35,1030,169,303,169,303,0,0,90,120,91,161,252,78,35,37,60,103,428,0.558,0.558,,0.558,0.75,0.601,splitti01
Nik Stauskas,21,SAC,NBA,2014-15,73,1,1127,108,296,60,147,48,149,55,64,11,77,88,67,20,17,40,92,319,0.365,0.408,0.322,0.446,0.859,0.492,stausni01
Lance Stephenson,24,CHO,NBA,2014-15,61,25,1573,207,550,189,445,18,105,69,110,39,238,277,240,38,8,128,134,501,0.376,0.425,0.171,0.393,0.627,0.419,stephla01
Greg Stiemsma,29,TOR,NBA,2014-15,17,0,66,6,8,6,8,0,0,2,4,9,6,15,3,2,0,7,15,14,0.75,0.75,,0.75,0.5,0.717,stiemgr01
David Stockton,23,SAC,NBA,2014-15,3,0,33,2,6,1,4,1,2,3,6,0,2,2,9,2,0,4,1,8,0.333,0.25,0.5,0.417,0.5,0.463,stockda01
Jarnell Stokes,21,MEM,NBA,2014-15,19,2,126,21,37,21,37,0,0,15,28,16,18,34,4,5,5,7,25,57,0.568,0.568,,0.568,0.536,0.578,stokeja01
Amar'e Stoudemire,32,TOT,NBA,2014-15,59,15,1245,273,490,273,486,0,4,134,186,110,219,329,45,29,38,78,161,680,0.557,0.562,0,0.557,0.72,0.595,stoudam01
Rodney Stuckey,28,IND,NBA,2014-15,71,36,1874,332,754,277,613,55,141,177,216,36,212,248,219,56,10,118,131,896,0.44,0.452,0.39,0.477,0.819,0.528,stuckro01
Jared Sullinger,22,BOS,NBA,2014-15,58,49,1566,311,708,259,524,52,184,96,129,147,294,441,134,44,42,78,153,770,0.439,0.494,0.283,0.476,0.744,0.503,sullija01
Jeffery Taylor,25,CHO,NBA,2014-15,29,13,430,45,114,34,78,11,36,26,41,14,39,53,22,12,1,19,36,127,0.395,0.436,0.306,0.443,0.634,0.481,tayloje03
Jeff Teague,26,ATL,NBA,2014-15,73,72,2228,408,887,337,680,71,207,275,319,30,154,184,513,125,31,205,139,1162,0.46,0.496,0.343,0.5,0.862,0.566,teaguje01
Mirza Teletovic,29,BRK,NBA,2014-15,40,4,892,122,319,60,126,62,193,33,46,27,167,194,46,14,16,53,74,339,0.382,0.476,0.321,0.48,0.717,0.5,teletmi01
Sebastian Telfair,29,OKC,NBA,2014-15,16,1,327,46,125,28,65,18,60,24,34,2,28,30,45,10,0,18,29,134,0.368,0.431,0.3,0.44,0.706,0.479,telfase01
Garrett Temple,28,WAS,NBA,2014-15,52,18,735,68,170,35,82,33,88,35,48,24,66,90,56,42,9,34,76,204,0.4,0.427,0.375,0.497,0.729,0.534,templga01
Jason Terry,37,HOU,NBA,2014-15,77,18,1641,188,446,62,123,126,323,39,48,15,106,121,147,66,19,74,116,541,0.422,0.504,0.39,0.563,0.813,0.579,terryja01
Isaiah Thomas,25,TOT,NBA,2014-15,67,1,1726,335,797,206,451,129,346,302,348,33,120,153,284,57,5,143,150,1101,0.42,0.457,0.373,0.501,0.868,0.579,thomais02
Lance Thomas,26,TOT,NBA,2014-15,62,37,1490,182,442,175,420,7,22,72,99,65,130,195,69,37,8,74,101,443,0.412,0.417,0.318,0.42,0.727,0.456,thomala01
Malcolm Thomas,26,PHI,NBA,2014-15,17,0,194,18,40,18,33,0,7,9,13,16,40,56,7,3,1,13,17,45,0.45,0.545,0,0.45,0.692,0.492,thomama01
Tyrus Thomas,28,MEM,NBA,2014-15,2,0,7,1,1,1,1,0,0,2,2,0,0,0,1,0,0,0,0,4,1,1,,1,1,1.064,thomaty01
Hollis Thompson,23,PHI,NBA,2014-15,71,23,1776,224,543,109,256,115,287,63,89,53,145,198,85,57,26,66,141,626,0.413,0.426,0.401,0.518,0.708,0.538,thompho01
Jason Thompson,28,SAC,NBA,2014-15,81,63,1991,201,428,201,427,0,1,89,143,139,391,530,85,33,57,84,239,491,0.47,0.471,0,0.47,0.622,0.5,thompja02
Klay Thompson,24,GSW,NBA,2014-15,77,77,2455,602,1299,363,754,239,545,225,256,27,220,247,222,87,60,149,122,1668,0.463,0.481,0.439,0.555,0.879,0.591,thompkl01
Tristan Thompson,23,CLE,NBA,2014-15,82,15,2194,267,488,267,488,0,0,159,248,274,383,657,39,34,61,83,189,693,0.547,0.547,,0.547,0.641,0.58,thomptr01
Marcus Thornton,27,TOT,NBA,2014-15,48,0,721,140,345,86,202,54,143,46,56,23,63,86,36,27,7,27,38,380,0.406,0.426,0.378,0.484,0.821,0.514,thornma01
Anthony Tolliver,29,TOT,NBA,2014-15,76,11,1432,161,393,55,103,106,290,54,69,51,185,236,59,24,16,51,137,482,0.41,0.534,0.366,0.545,0.783,0.569,tollian01
P.J. Tucker,29,PHO,NBA,2014-15,78,63,2383,261,596,174,344,87,252,104,143,114,388,502,122,107,23,96,179,713,0.438,0.506,0.345,0.511,0.727,0.541,tuckepj01
Ronny Turiaf,32,MIN,NBA,2014-15,2,0,19,0,0,0,0,0,0,0,0,0,1,1,2,0,0,0,0,0,,,,,,,turiaro01
Hedo Turkoglu,35,LAC,NBA,2014-15,62,2,705,83,188,23,49,60,139,6,11,5,94,99,37,19,7,29,66,232,0.441,0.469,0.432,0.601,0.545,0.602,turkohe01
Evan Turner,26,BOS,NBA,2014-15,82,57,2260,320,746,287,627,33,119,106,141,40,377,417,449,83,19,198,180,779,0.429,0.458,0.277,0.451,0.752,0.482,turneev01
Ekpe Udoh,27,LAC,NBA,2014-15,33,0,128,11,24,11,24,0,0,7,9,7,19,26,8,8,7,7,20,29,0.458,0.458,,0.458,0.778,0.519,udohek01
Beno Udrih,32,MEM,NBA,2014-15,79,12,1494,246,505,220,408,26,97,87,102,20,123,143,220,46,8,89,88,605,0.487,0.539,0.268,0.513,0.853,0.55,udrihbe01
Jonas Valanciunas,22,TOR,NBA,2014-15,80,80,2096,373,652,373,651,0,1,217,276,215,478,693,39,33,95,109,222,963,0.572,0.573,0,0.572,0.786,0.623,valanjo01
Anderson Varejao,32,CLE,NBA,2014-15,26,26,636,111,200,111,198,0,2,33,45,57,113,170,35,19,16,35,58,255,0.555,0.561,0,0.555,0.733,0.58,varejan01
Greivis Vasquez,28,TOR,NBA,2014-15,82,29,1991,296,725,163,374,133,351,50,66,22,194,216,302,46,10,119,177,775,0.408,0.436,0.379,0.5,0.758,0.514,vasqugr01
Charlie Villanueva,30,DAL,NBA,2014-15,64,1,678,150,362,67,141,83,221,20,35,30,119,149,19,15,22,28,64,403,0.414,0.475,0.376,0.529,0.571,0.534,villach01
Noah Vonleh,19,CHO,NBA,2014-15,25,0,259,30,76,25,63,5,13,18,26,28,58,86,4,4,9,11,20,83,0.395,0.397,0.385,0.428,0.692,0.475,vonleno01
Nikola Vucevic,24,ORL,NBA,2014-15,74,74,2529,631,1206,629,1200,2,6,164,218,238,572,810,147,54,54,148,220,1428,0.523,0.524,0.333,0.524,0.752,0.548,vucevni01
Dwyane Wade,33,MIA,NBA,2014-15,62,62,1971,509,1084,480,982,29,102,284,370,58,161,219,299,73,21,209,105,1331,0.47,0.489,0.284,0.483,0.768,0.534,wadedw01
Dion Waiters,23,TOT,NBA,2014-15,80,23,2208,375,946,302,700,73,246,117,172,41,151,192,163,90,21,113,155,940,0.396,0.431,0.297,0.435,0.68,0.46,waitedi01
Henry Walker,27,MIA,NBA,2014-15,24,13,628,58,168,13,36,45,132,14,18,7,75,82,29,24,9,24,76,175,0.345,0.361,0.341,0.479,0.778,0.497,walkebi01
Kemba Walker,24,CHO,NBA,2014-15,62,58,2119,378,981,293,701,85,280,234,283,35,185,220,318,89,31,100,92,1075,0.385,0.418,0.304,0.429,0.827,0.486,walkeke02
John Wall,24,WAS,NBA,2014-15,79,79,2837,519,1166,454,949,65,217,284,362,36,330,366,792,138,45,304,180,1387,0.445,0.478,0.3,0.473,0.785,0.523,walljo01
Gerald Wallace,32,BOS,NBA,2014-15,32,0,286,14,34,13,31,1,3,6,15,17,40,57,11,15,4,18,19,35,0.412,0.419,0.333,0.426,0.4,0.431,wallage01
T.J. Warren,21,PHO,NBA,2014-15,40,1,614,113,214,108,193,5,21,14,19,41,44,85,25,18,9,27,51,245,0.528,0.56,0.238,0.54,0.737,0.551,warretj01
C.J. Watson,30,IND,NBA,2014-15,57,21,1422,181,417,111,242,70,175,138,167,18,145,163,208,57,9,100,107,570,0.434,0.459,0.4,0.518,0.826,0.581,watsocj01
David Wear,24,SAC,NBA,2014-15,2,0,7,0,2,0,1,0,1,0,0,2,0,2,1,0,0,0,1,0,0,0,0,0,,0,wearda01
Travis Wear,24,NYK,NBA,2014-15,51,1,672,84,209,73,179,11,30,20,26,31,75,106,40,15,11,35,55,199,0.402,0.408,0.367,0.428,0.769,0.451,weartr01
Martell Webster,28,WAS,NBA,2014-15,32,0,352,24,91,14,48,10,43,48,64,10,36,46,17,7,1,22,24,106,0.264,0.292,0.233,0.319,0.75,0.445,webstma02
David West,34,IND,NBA,2014-15,66,66,1895,323,686,319,666,4,20,119,161,108,341,449,223,48,48,120,160,769,0.471,0.479,0.2,0.474,0.739,0.508,westda01
Russell Westbrook,26,OKC,NBA,2014-15,67,67,2302,627,1471,541,1183,86,288,546,654,124,364,488,574,140,14,293,184,1886,0.426,0.457,0.299,0.455,0.835,0.536,westbru01
Hassan Whiteside,25,MIA,NBA,2014-15,48,32,1142,243,387,243,387,0,0,78,156,145,337,482,6,27,123,58,129,564,0.628,0.628,,0.628,0.5,0.619,whiteha01
Shayne Whittington,23,IND,NBA,2014-15,20,0,108,19,42,18,36,1,6,18,23,10,19,29,6,5,2,5,18,57,0.452,0.5,0.167,0.464,0.783,0.547,whittsh01
Andrew Wiggins,19,MIN,NBA,2014-15,82,82,2969,497,1137,458,1011,39,126,354,466,134,240,374,170,86,50,177,190,1387,0.437,0.453,0.31,0.454,0.76,0.517,wiggian01
C.J. Wilcox,24,LAC,NBA,2014-15,21,0,101,16,38,9,19,7,19,2,2,1,6,7,8,3,1,10,7,41,0.421,0.474,0.368,0.513,1,0.527,wilcocj01
Deron Williams,30,BRK,NBA,2014-15,68,55,2114,298,771,211,534,87,237,201,241,29,208,237,448,64,17,154,157,884,0.387,0.395,0.367,0.443,0.834,0.504,willide01
Derrick Williams,23,SAC,NBA,2014-15,74,6,1462,217,485,168,329,49,156,134,196,41,161,202,50,34,4,56,67,617,0.447,0.511,0.314,0.498,0.684,0.54,willide02
Elliot Williams,25,TOT,NBA,2014-15,13,0,119,14,37,6,19,8,18,1,4,0,8,8,12,4,0,4,12,37,0.378,0.316,0.444,0.486,0.25,0.477,williel01
Lou Williams,28,TOR,NBA,2014-15,80,0,2016,375,928,223,481,152,447,340,395,24,127,151,164,88,10,101,103,1242,0.404,0.464,0.34,0.486,0.861,0.564,willilo02
Marvin Williams,28,CHO,NBA,2014-15,78,37,2035,210,495,115,230,95,265,62,87,58,328,386,100,69,36,60,146,577,0.424,0.5,0.358,0.52,0.713,0.541,willima02
Mo Williams,32,TOT,NBA,2014-15,68,33,1980,341,860,222,512,119,348,163,187,22,152,174,424,46,14,172,162,964,0.397,0.434,0.342,0.466,0.872,0.512,willima01
Reggie Williams,28,SAS,NBA,2014-15,20,0,105,15,39,12,20,3,19,4,4,5,12,17,10,1,0,2,12,37,0.385,0.6,0.158,0.423,1,0.454,willire02
Shawne Williams,28,TOT,NBA,2014-15,63,22,1087,121,300,57,122,64,178,35,40,36,130,166,44,25,21,30,135,341,0.403,0.467,0.36,0.51,0.875,0.537,willish03
Jeff Withey,24,NOP,NBA,2014-15,37,0,259,32,64,32,64,0,0,34,50,23,41,64,11,4,18,12,26,98,0.5,0.5,,0.5,0.68,0.57,witheje01
Nate Wolters,23,TOT,NBA,2014-15,21,0,247,20,57,20,50,0,7,2,6,8,26,34,21,8,2,13,18,42,0.351,0.4,0,0.351,0.333,0.352,woltena01
Brandan Wright,27,TOT,NBA,2014-15,75,7,1449,233,363,233,360,0,3,78,112,128,193,321,41,50,94,34,102,544,0.642,0.647,0,0.642,0.696,0.66,wrighbr03
Dorell Wright,29,POR,NBA,2014-15,48,2,592,72,190,31,82,41,108,34,42,14,97,111,41,20,11,18,55,219,0.379,0.378,0.38,0.487,0.81,0.525,wrighdo01
Tony Wroten,21,PHI,NBA,2014-15,30,15,895,175,434,138,292,37,142,120,180,22,64,86,157,48,8,113,72,507,0.403,0.473,0.261,0.446,0.667,0.494,wroteto01
James Young,19,BOS,NBA,2014-15,31,0,332,36,102,19,36,17,66,16,29,9,33,42,13,8,2,5,22,105,0.353,0.528,0.258,0.436,0.552,0.457,youngja01
Nick Young,29,LAL,NBA,2014-15,42,0,1000,174,476,91,251,83,225,132,148,17,79,96,41,23,11,44,83,563,0.366,0.363,0.369,0.453,0.892,0.52,youngni01
Thaddeus Young,26,TOT,NBA,2014-15,76,68,2434,451,968,413,853,38,115,131,200,127,284,411,173,124,25,117,171,1071,0.466,0.484,0.33,0.486,0.655,0.507,youngth01
Cody Zeller,22,CHO,NBA,2014-15,62,45,1487,172,373,171,372,1,1,127,164,97,265,362,100,34,49,62,156,472,0.461,0.46,1,0.462,0.774,0.53,zelleco01
Tyler Zeller,25,BOS,NBA,2014-15,82,59,1731,340,619,340,619,0,0,153,186,146,319,465,113,18,52,76,205,833,0.549,0.549,,0.549,0.823,0.594,zellety01
Quincy Acy,25,SAC,NBA,2015-16,59,29,876,119,214,100,165,19,49,50,68,65,123,188,27,29,24,27,103,307,0.556,0.606,0.388,0.6,0.735,0.629,acyqu01
Jordan Adams,21,MEM,NBA,2015-16,2,0,15,2,6,2,5,0,1,3,5,0,2,2,3,3,0,2,2,7,0.333,0.4,0,0.333,0.6,0.427,adamsjo01
Steven Adams,22,OKC,NBA,2015-16,80,80,2014,261,426,261,426,0,0,114,196,219,314,533,62,42,89,84,223,636,0.613,0.613,,0.613,0.582,0.621,adamsst01
Arron Afflalo,30,NYK,NBA,2015-16,71,57,2371,354,799,263,561,91,238,110,131,23,243,266,144,25,10,82,142,909,0.443,0.469,0.382,0.5,0.84,0.531,afflaar01
Alexis Ajinca,27,NOP,NBA,2015-16,59,17,861,150,315,150,314,0,1,52,62,75,194,269,31,19,36,54,134,352,0.476,0.478,0,0.476,0.839,0.514,ajincal01
Cole Aldrich,27,LAC,NBA,2015-16,60,5,800,134,225,134,225,0,0,60,84,86,202,288,50,47,68,64,139,328,0.596,0.596,,0.596,0.714,0.626,aldrico01
LaMarcus Aldridge,30,SAS,NBA,2015-16,74,74,2261,536,1045,536,1029,0,16,259,302,176,456,632,110,38,81,99,151,1331,0.513,0.521,0,0.513,0.858,0.565,aldrila01
Cliff Alexander,20,POR,NBA,2015-16,8,0,36,5,10,5,10,0,0,0,0,2,4,6,0,1,2,1,1,10,0.5,0.5,,0.5,,0.5,alexacl01
Lavoy Allen,26,IND,NBA,2015-16,79,28,1599,191,370,191,370,0,0,46,73,162,262,424,76,26,42,69,147,428,0.516,0.516,,0.516,0.63,0.532,allenla01
Tony Allen,34,MEM,NBA,2015-16,64,57,1620,215,469,200,427,15,42,90,138,104,192,296,70,110,18,78,175,535,0.458,0.468,0.357,0.474,0.652,0.505,allento01
Al-Farouq Aminu,25,POR,NBA,2015-16,82,82,2341,299,719,173,370,126,349,115,156,98,401,499,138,72,53,120,171,839,0.416,0.468,0.361,0.503,0.737,0.533,aminual01
Lou Amundson,33,NYK,NBA,2015-16,29,0,204,19,53,19,53,0,0,14,27,23,26,49,12,6,7,15,44,52,0.358,0.358,,0.358,0.519,0.401,amundlo01
Chris Andersen,37,TOT,NBA,2015-16,27,15,402,38,72,34,58,4,14,25,36,36,62,98,12,15,13,9,29,105,0.528,0.586,0.286,0.556,0.694,0.598,anderch01
Alan Anderson,33,WAS,NBA,2015-16,13,0,192,21,59,9,22,12,37,11,15,1,26,27,14,4,1,2,25,65,0.356,0.409,0.324,0.458,0.733,0.495,anderal01
James Anderson,26,SAC,NBA,2015-16,51,15,721,67,178,44,92,23,86,22,29,13,73,86,41,21,14,42,54,179,0.376,0.478,0.267,0.441,0.759,0.469,anderja01
Justin Anderson,22,DAL,NBA,2015-16,55,9,647,71,175,49,92,22,83,44,55,18,114,132,29,19,25,24,45,208,0.406,0.533,0.265,0.469,0.8,0.522,anderju01
Kyle Anderson,22,SAS,NBA,2015-16,78,11,1245,138,295,126,258,12,37,62,83,25,219,244,123,60,29,59,97,350,0.468,0.488,0.324,0.488,0.747,0.528,anderky01
Ryan Anderson,27,NOP,NBA,2015-16,66,7,2008,397,929,266,571,131,358,199,228,131,265,396,73,38,25,90,109,1124,0.427,0.466,0.366,0.498,0.873,0.546,anderry01
Giannis Antetokounmpo,21,MIL,NBA,2015-16,80,79,2823,513,1013,485,904,28,109,296,409,113,499,612,345,94,113,208,258,1350,0.506,0.537,0.257,0.52,0.724,0.566,antetgi01
Thanasis Antetokounmpo,23,NYK,NBA,2015-16,2,0,6,3,4,3,3,0,1,0,0,0,1,1,0,0,0,0,2,6,0.75,1,0,0.75,,0.75,antetth01
Carmelo Anthony,31,NYK,NBA,2015-16,72,72,2530,567,1307,462,997,105,310,334,403,98,458,556,299,62,38,176,180,1573,0.434,0.463,0.339,0.474,0.829,0.53,anthoca01
Joel Anthony,33,DET,NBA,2015-16,19,0,96,6,10,6,10,0,0,6,8,8,13,21,1,2,12,2,15,18,0.6,0.6,,0.6,0.75,0.666,anthojo01
Keith Appling,23,ORL,NBA,2015-16,5,0,27,2,8,2,5,0,3,2,2,0,1,1,1,1,0,3,5,6,0.25,0.4,0,0.25,1,0.338,applike01
Trevor Ariza,30,HOU,NBA,2015-16,81,81,2859,357,859,172,360,185,499,126,161,67,299,366,188,160,26,113,177,1025,0.416,0.478,0.371,0.523,0.783,0.551,arizatr01
Darrell Arthur,27,DEN,NBA,2015-16,70,16,1516,221,489,176,372,45,117,40,53,86,207,293,96,53,48,66,185,527,0.452,0.473,0.385,0.498,0.755,0.514,arthuda01
Omer Asik,29,NOP,NBA,2015-16,68,64,1178,104,195,104,195,0,0,61,112,120,294,414,26,21,23,60,124,269,0.533,0.533,,0.533,0.545,0.551,asikom01
D.J. Augustin,28,TOT,NBA,2015-16,62,0,1178,148,350,80,182,68,168,103,128,8,87,95,198,38,4,84,85,467,0.423,0.44,0.405,0.52,0.805,0.575,augusdj01
Jeff Ayres,28,LAC,NBA,2015-16,17,0,107,12,23,12,22,0,1,6,6,4,18,22,5,0,3,6,18,30,0.522,0.545,0,0.522,1,0.585,pendeje02
Luke Babbitt,26,NOP,NBA,2015-16,47,13,845,122,289,78,180,44,109,39,50,25,123,148,53,11,7,23,90,327,0.422,0.433,0.404,0.498,0.78,0.526,babbilu01
Cameron Bairstow,25,CHI,NBA,2015-16,18,2,103,13,40,12,35,1,5,7,8,4,24,28,6,2,3,4,19,34,0.325,0.343,0.2,0.338,0.875,0.391,bairsca01
Leandro Barbosa,33,GSW,NBA,2015-16,68,0,1079,171,370,132,260,39,110,52,62,28,89,117,82,44,10,53,107,433,0.462,0.508,0.355,0.515,0.839,0.545,barbole01
J.J. Barea,31,DAL,NBA,2015-16,74,16,1667,317,711,217,451,100,260,74,96,26,126,152,302,26,2,113,110,808,0.446,0.481,0.385,0.516,0.771,0.536,bareajo01
Andrea Bargnani,30,BRK,NBA,2015-16,46,0,634,127,279,124,263,3,16,47,57,28,69,97,18,4,9,26,61,304,0.455,0.471,0.188,0.461,0.825,0.5,bargnan01
Harrison Barnes,23,GSW,NBA,2015-16,66,59,2042,295,633,213,419,82,214,102,134,77,248,325,117,41,10,57,136,774,0.466,0.508,0.383,0.531,0.761,0.559,barneha02
Matt Barnes,35,MEM,NBA,2015-16,76,45,2190,264,693,145,323,119,370,111,138,84,336,420,163,78,57,121,234,758,0.381,0.449,0.322,0.467,0.804,0.503,barnema02
Will Barton,25,DEN,NBA,2015-16,82,1,2353,425,983,313,658,112,325,216,268,59,417,476,203,71,39,139,147,1178,0.432,0.476,0.345,0.489,0.806,0.535,bartowi01
Brandon Bass,30,LAL,NBA,2015-16,66,0,1342,174,317,174,315,0,2,125,148,104,181,285,74,33,55,42,125,473,0.549,0.552,0,0.549,0.845,0.619,bassbr01
Nicolas Batum,27,CHO,NBA,2015-16,70,70,2448,372,873,233,474,139,399,163,192,55,373,428,403,65,43,205,114,1046,0.426,0.492,0.348,0.506,0.849,0.546,batumni01
Jerryd Bayless,27,MIL,NBA,2015-16,52,18,1505,185,437,84,206,101,231,70,90,21,120,141,163,47,11,73,111,541,0.423,0.408,0.437,0.539,0.778,0.568,bayleje01
Aron Baynes,29,DET,NBA,2015-16,81,1,1233,194,384,194,382,0,2,126,165,140,244,384,51,21,52,67,151,514,0.505,0.508,0,0.505,0.764,0.563,baynear01
Kent Bazemore,26,ATL,NBA,2015-16,75,68,2083,320,725,211,420,109,305,123,151,28,351,379,171,98,38,138,176,872,0.441,0.502,0.357,0.517,0.815,0.551,bazemke01
Bradley Beal,22,WAS,NBA,2015-16,55,35,1708,359,799,254,528,105,271,135,176,41,147,188,162,54,11,112,117,958,0.449,0.481,0.387,0.515,0.767,0.547,bealbr01
Michael Beasley,27,HOU,NBA,2015-16,20,0,363,107,205,104,196,3,9,38,49,29,69,98,16,11,9,24,39,255,0.522,0.531,0.333,0.529,0.776,0.563,beaslmi01
Marco Belinelli,29,SAC,NBA,2015-16,68,7,1672,245,635,154,338,91,297,115,138,10,107,117,127,37,2,80,91,696,0.386,0.456,0.306,0.457,0.833,0.5,belinma01
Anthony Bennett,22,TOR,NBA,2015-16,19,0,84,8,27,5,13,3,14,9,10,6,17,23,0,5,0,4,8,28,0.296,0.385,0.214,0.352,0.9,0.446,bennean01
Patrick Beverley,27,HOU,NBA,2015-16,71,63,2041,258,594,134,284,124,310,60,88,73,177,250,239,94,26,91,234,700,0.434,0.472,0.4,0.539,0.682,0.553,beverpa01
Bismack Biyombo,23,TOR,NBA,2015-16,82,22,1808,156,288,156,287,0,1,142,226,182,473,655,29,19,133,71,225,454,0.542,0.544,0,0.542,0.628,0.586,biyombi01
Nemanja Bjelica,27,MIN,NBA,2015-16,60,0,1075,110,235,62,110,48,125,40,55,49,161,210,83,26,21,47,154,308,0.468,0.564,0.384,0.57,0.727,0.594,bjeline01
Tarik Black,24,LAL,NBA,2015-16,39,0,496,57,104,57,104,0,0,19,45,44,113,157,16,14,18,22,78,133,0.548,0.548,,0.548,0.422,0.537,blackta01
DeJuan Blair,26,WAS,NBA,2015-16,29,0,218,28,68,28,67,0,1,5,13,20,37,57,11,8,2,15,53,61,0.412,0.418,0,0.412,0.385,0.414,blairde01
Steve Blake,35,DET,NBA,2015-16,58,2,986,93,240,41,89,52,151,16,20,9,80,89,200,24,5,81,70,254,0.388,0.461,0.344,0.496,0.8,0.51,blakest01
Eric Bledsoe,26,PHO,NBA,2015-16,31,31,1059,223,492,175,363,48,129,138,172,18,107,125,190,63,19,110,75,632,0.453,0.482,0.372,0.502,0.802,0.557,bledser01
Bojan Bogdanovic,26,BRK,NBA,2015-16,79,39,2115,324,749,195,411,129,338,110,132,36,219,255,99,29,5,115,119,887,0.433,0.474,0.382,0.519,0.833,0.55,bogdabo02
Andrew Bogut,31,GSW,NBA,2015-16,70,66,1451,175,279,174,278,1,1,24,50,121,371,492,162,33,114,83,221,375,0.627,0.626,1,0.629,0.48,0.623,bogutan01
Matt Bonner,35,SAS,NBA,2015-16,30,2,206,29,57,14,23,15,34,3,4,3,24,27,9,6,1,3,16,76,0.509,0.609,0.441,0.64,0.75,0.647,bonnema01
Devin Booker,19,PHO,NBA,2015-16,76,51,2108,367,867,268,578,99,289,215,256,27,160,187,200,44,20,160,225,1048,0.423,0.464,0.343,0.48,0.84,0.535,bookede01
Trevor Booker,28,UTA,NBA,2015-16,79,2,1632,190,388,178,347,12,41,71,106,166,286,452,84,59,41,81,169,463,0.49,0.513,0.293,0.505,0.67,0.533,booketr01
Chris Bosh,31,MIA,NBA,2015-16,53,53,1778,358,767,277,545,81,222,213,268,48,342,390,128,36,34,78,101,1010,0.467,0.508,0.365,0.52,0.795,0.571,boshch01
Avery Bradley,25,BOS,NBA,2015-16,76,72,2536,456,1019,309,612,147,407,96,123,48,172,220,158,117,19,109,164,1155,0.447,0.505,0.361,0.52,0.78,0.538,bradlav01
Elton Brand,36,PHI,NBA,2015-16,17,1,225,31,72,31,71,0,1,8,9,9,54,63,18,9,8,11,32,70,0.431,0.437,0,0.431,0.889,0.461,brandel01
Corey Brewer,29,HOU,NBA,2015-16,82,12,1669,212,552,151,328,61,224,105,140,42,157,199,109,84,19,78,168,590,0.384,0.46,0.272,0.439,0.75,0.481,breweco01
Aaron Brooks,31,CHI,NBA,2015-16,69,0,1108,188,469,122,284,66,185,49,64,21,80,101,180,30,10,82,132,491,0.401,0.43,0.357,0.471,0.766,0.494,brookaa01
Anthony Brown,23,LAL,NBA,2015-16,29,11,599,39,126,19,56,20,70,17,20,9,61,70,19,14,5,15,34,115,0.31,0.339,0.286,0.389,0.85,0.427,brownan02
Lorenzo Brown,25,PHO,NBA,2015-16,8,0,61,8,25,7,17,1,8,3,4,0,7,7,11,3,1,9,4,20,0.32,0.412,0.125,0.34,0.75,0.374,brownlo01
Markel Brown,24,BRK,NBA,2015-16,62,6,982,127,322,89,201,38,121,71,94,23,99,122,91,38,15,54,94,363,0.394,0.443,0.314,0.453,0.755,0.5,brownma02
Kobe Bryant,37,LAL,NBA,2015-16,66,66,1863,398,1113,265,646,133,467,232,281,41,206,247,184,62,13,129,115,1161,0.358,0.41,0.285,0.417,0.826,0.469,bryanko01
Chase Budinger,27,TOT,NBA,2015-16,66,2,929,104,239,80,153,24,86,39,56,43,107,150,64,32,10,44,62,271,0.435,0.523,0.279,0.485,0.696,0.514,budinch01
Reggie Bullock,24,DET,NBA,2015-16,37,0,429,43,98,21,45,22,53,14,15,14,54,68,27,10,2,8,29,122,0.439,0.467,0.415,0.551,0.933,0.583,bullore01
Trey Burke,23,UTA,NBA,2015-16,64,0,1366,262,634,174,378,88,256,67,82,18,94,112,148,35,6,80,86,679,0.413,0.46,0.344,0.483,0.817,0.507,burketr01
Alec Burks,24,UTA,NBA,2015-16,31,3,797,137,334,105,255,32,79,106,141,16,93,109,63,18,4,51,71,412,0.41,0.412,0.405,0.458,0.752,0.52,burksal01
Caron Butler,35,SAC,NBA,2015-16,17,1,176,25,59,22,41,3,18,10,12,5,17,22,10,9,1,3,19,63,0.424,0.537,0.167,0.449,0.833,0.49,butleca01
Jimmy Butler,26,CHI,NBA,2015-16,67,67,2474,470,1035,406,830,64,205,395,475,79,279,358,321,110,43,132,124,1399,0.454,0.489,0.312,0.485,0.832,0.562,butleji01
Rasual Butler,36,SAS,NBA,2015-16,46,0,432,49,104,34,55,15,49,11,16,3,53,56,24,13,23,8,11,124,0.471,0.618,0.306,0.543,0.688,0.558,butlera01
Bruno Caboclo,20,TOR,NBA,2015-16,6,1,43,1,12,0,5,1,7,0,0,1,1,2,1,2,1,4,2,3,0.083,0,0.143,0.125,,0.125,cabocbr01
Jose Calderon,34,NYK,NBA,2015-16,72,72,2024,209,455,125,252,84,203,42,48,22,207,229,298,63,7,87,135,544,0.459,0.496,0.414,0.552,0.875,0.571,caldejo01
Kentavious Caldwell-Pope,22,DET,NBA,2015-16,76,76,2789,403,960,289,591,114,369,185,228,70,212,282,138,110,17,105,167,1105,0.42,0.489,0.309,0.479,0.811,0.521,caldwke01
Isaiah Canaan,24,PHI,NBA,2015-16,77,39,1966,260,722,84,237,176,485,150,180,20,154,174,137,56,12,91,133,846,0.36,0.354,0.363,0.482,0.833,0.528,canaais01
Clint Capela,21,HOU,NBA,2015-16,77,35,1471,231,397,231,396,0,1,80,211,194,300,494,47,59,92,60,190,542,0.582,0.583,0,0.582,0.379,0.553,capelca01
DeMarre Carroll,29,TOR,NBA,2015-16,26,22,786,105,270,59,152,46,118,30,50,31,91,122,27,44,6,28,63,286,0.389,0.388,0.39,0.474,0.6,0.49,carrode01
Vince Carter,39,MEM,NBA,2015-16,60,3,1005,133,343,74,174,59,169,70,84,31,115,146,56,38,16,35,101,395,0.388,0.425,0.349,0.474,0.833,0.52,cartevi01
Michael Carter-Williams,24,MIL,NBA,2015-16,54,37,1649,251,555,236,500,15,55,106,162,48,228,276,281,80,41,153,162,623,0.452,0.472,0.273,0.466,0.654,0.497,cartemi01
Omri Casspi,27,SAC,NBA,2015-16,69,21,1880,299,622,187,348,112,274,103,159,58,352,410,95,56,17,94,154,813,0.481,0.537,0.409,0.571,0.648,0.587,casspom01
Willie Cauley-Stein,22,SAC,NBA,2015-16,66,39,1412,191,339,191,337,0,2,81,125,134,218,352,37,48,66,46,146,463,0.563,0.567,0,0.563,0.648,0.588,caulewi01
Mario Chalmers,29,TOT,NBA,2015-16,61,7,1373,182,444,136,295,46,149,218,262,24,133,157,230,88,13,110,181,628,0.41,0.461,0.309,0.462,0.832,0.561,chalmma01
Tyson Chandler,33,PHO,NBA,2015-16,66,60,1618,183,314,183,313,0,1,106,171,175,401,576,64,36,44,93,145,472,0.583,0.585,0,0.583,0.62,0.606,chandty01
Rakeem Christmas,24,IND,NBA,2015-16,1,0,6,2,2,2,2,0,0,0,0,1,0,1,0,0,0,0,1,4,1,1,,1,,1,chrisra01
Ian Clark,24,GSW,NBA,2015-16,66,1,578,89,202,59,118,30,84,28,34,13,55,68,64,17,13,43,58,236,0.441,0.5,0.357,0.515,0.824,0.544,clarkia01
Coty Clarke,23,BOS,NBA,2015-16,3,0,6,2,4,0,2,2,2,0,0,0,1,1,0,0,0,1,0,6,0.5,0,1,0.75,,0.75,clarkco01
Jordan Clarkson,23,LAL,NBA,2015-16,79,79,2552,475,1098,364,778,111,320,164,204,93,220,313,192,88,7,135,168,1225,0.433,0.468,0.347,0.483,0.804,0.516,clarkjo01
Norris Cole,27,NOP,NBA,2015-16,45,23,1198,196,484,163,382,33,102,52,65,10,141,151,167,37,5,75,102,477,0.405,0.427,0.324,0.439,0.8,0.465,coleno01
Darren Collison,28,SAC,NBA,2015-16,74,15,2219,377,776,290,559,87,217,194,226,28,141,169,318,76,4,130,142,1035,0.486,0.519,0.401,0.542,0.858,0.591,collida01
Nick Collison,35,OKC,NBA,2015-16,59,4,699,50,109,50,107,0,2,23,33,68,103,171,52,15,16,50,107,123,0.459,0.467,0,0.459,0.697,0.498,collini01
Mike Conley,28,MEM,NBA,2015-16,56,56,1761,294,696,216,481,78,215,191,229,26,138,164,342,67,16,84,100,857,0.422,0.449,0.363,0.478,0.834,0.538,conlemi01
Pat Connaughton,23,POR,NBA,2015-16,34,0,143,13,49,8,28,5,21,5,5,11,21,32,10,2,0,10,6,36,0.265,0.286,0.238,0.316,1,0.352,connapa01
Chris Copeland,31,MIL,NBA,2015-16,24,1,156,17,51,7,15,10,36,6,7,1,9,10,11,2,0,6,17,50,0.333,0.467,0.278,0.431,0.857,0.462,copelch01
Bryce Cotton,23,TOT,NBA,2015-16,8,0,39,4,10,4,7,0,3,0,0,0,0,0,3,3,0,5,2,8,0.4,0.571,0,0.4,,0.4,cottobr01
DeMarcus Cousins,25,SAC,NBA,2015-16,65,65,2246,601,1332,531,1122,70,210,476,663,158,589,747,214,101,92,249,236,1748,0.451,0.473,0.333,0.477,0.718,0.538,couside01
Robert Covington,25,PHI,NBA,2015-16,67,49,1903,274,712,104,230,170,482,140,177,65,354,419,97,105,40,143,232,858,0.385,0.452,0.353,0.504,0.791,0.543,covinro01
Allen Crabbe,23,POR,NBA,2015-16,81,8,2105,311,678,199,393,112,285,98,113,27,189,216,99,63,16,64,192,832,0.459,0.506,0.393,0.541,0.867,0.572,crabbal01
Jamal Crawford,35,LAC,NBA,2015-16,79,5,2126,379,939,262,595,117,344,245,271,20,125,145,183,52,12,113,122,1120,0.404,0.44,0.34,0.466,0.904,0.529,crawfja01
Jae Crowder,25,BOS,NBA,2015-16,73,73,2308,360,813,238,450,122,363,196,239,70,303,373,135,126,35,83,198,1038,0.443,0.529,0.336,0.518,0.82,0.565,crowdja01
Dante Cunningham,28,NOP,NBA,2015-16,80,46,1971,186,412,131,238,55,174,57,82,57,179,236,77,42,33,41,173,484,0.451,0.55,0.316,0.518,0.695,0.54,cunnida01
Jared Cunningham,24,TOT,NBA,2015-16,44,3,410,36,105,24,66,12,39,36,55,3,35,38,20,14,2,21,41,120,0.343,0.364,0.308,0.4,0.655,0.464,cunnija01
Seth Curry,25,SAC,NBA,2015-16,44,9,692,102,224,52,113,50,111,45,54,9,51,60,67,22,3,36,41,299,0.455,0.46,0.45,0.567,0.833,0.603,curryse01
Stephen Curry,27,GSW,NBA,2015-16,79,79,2700,805,1598,403,712,402,886,363,400,68,362,430,527,169,15,262,161,2375,0.504,0.566,0.454,0.63,0.908,0.669,curryst01
Troy Daniels,24,CHO,NBA,2015-16,43,0,476,89,187,30,65,59,122,5,9,7,50,57,21,11,3,24,40,242,0.476,0.462,0.484,0.634,0.556,0.634,danietr01
Anthony Davis,22,NOP,NBA,2015-16,61,61,2164,560,1136,525,1028,35,108,326,430,130,497,627,116,78,125,121,148,1481,0.493,0.511,0.324,0.508,0.758,0.559,davisan02
Ed Davis,26,POR,NBA,2015-16,81,0,1684,206,337,206,337,0,0,114,204,224,375,599,88,57,72,64,202,526,0.611,0.611,,0.611,0.559,0.616,davised01
Branden Dawson,22,LAC,NBA,2015-16,6,0,29,2,5,2,5,0,0,1,1,2,2,4,0,0,1,0,2,5,0.4,0.4,,0.4,1,0.46,dawsobr01
Dewayne Dedmon,26,ORL,NBA,2015-16,58,20,705,99,177,99,177,0,0,57,76,67,161,228,13,22,46,32,109,255,0.559,0.559,,0.559,0.75,0.606,dedmode01
Bryce Dejean-Jones,23,NOP,NBA,2015-16,14,11,279,28,69,16,37,12,32,11,21,8,40,48,15,10,2,11,17,79,0.406,0.432,0.375,0.493,0.524,0.505,dejeabr01
Sam Dekker,21,HOU,NBA,2015-16,3,0,6,0,0,0,0,0,0,0,0,0,1,1,0,1,0,0,0,0,,,,,,,dekkesa01
Matthew Dellavedova,25,CLE,NBA,2015-16,76,14,1867,207,511,109,272,98,239,57,66,33,129,162,337,44,9,116,178,569,0.405,0.401,0.41,0.501,0.864,0.527,dellama01
Luol Deng,30,MIA,NBA,2015-16,74,73,2394,339,745,251,489,88,256,145,192,108,335,443,140,74,29,81,122,911,0.455,0.513,0.344,0.514,0.755,0.549,denglu01
DeMar DeRozan,26,TOR,NBA,2015-16,78,78,2804,614,1377,567,1238,47,139,555,653,64,285,349,315,81,21,175,167,1830,0.446,0.458,0.338,0.463,0.85,0.55,derozde01
Boris Diaw,33,SAS,NBA,2015-16,76,4,1386,202,383,177,314,25,69,56,76,58,175,233,176,26,21,97,102,485,0.527,0.564,0.362,0.56,0.737,0.582,diawbo01
Gorgui Dieng,26,MIN,NBA,2015-16,82,39,2220,308,579,302,559,6,20,205,248,157,428,585,143,94,96,140,219,827,0.532,0.54,0.3,0.537,0.827,0.601,dienggo01
Spencer Dinwiddie,22,DET,NBA,2015-16,12,0,159,19,54,18,44,1,10,19,33,4,13,17,22,3,0,7,20,58,0.352,0.409,0.1,0.361,0.576,0.423,dinwisp01
Toney Douglas,29,NOP,NBA,2015-16,61,18,1262,183,445,102,242,81,203,84,99,25,118,143,157,70,5,64,131,531,0.411,0.421,0.399,0.502,0.848,0.543,douglto01
Goran Dragic,29,MIA,NBA,2015-16,72,72,2363,417,875,353,670,64,205,120,165,54,223,277,419,71,17,185,188,1018,0.477,0.527,0.312,0.513,0.727,0.537,dragigo01
Andre Drummond,22,DET,NBA,2015-16,81,81,2666,552,1060,550,1054,2,6,208,586,395,803,1198,67,119,112,155,245,1314,0.521,0.522,0.333,0.522,0.355,0.499,drumman01
Jared Dudley,30,WAS,NBA,2015-16,81,41,2098,233,487,133,249,100,238,72,98,54,232,286,170,75,18,80,190,638,0.478,0.534,0.42,0.581,0.735,0.602,dudleja01
Duje Dukan,24,SAC,NBA,2015-16,1,0,24,2,10,0,5,2,5,0,0,2,2,4,1,1,0,0,2,6,0.2,0,0.4,0.3,,0.3,dukandu01
Tim Duncan,39,SAS,NBA,2015-16,61,60,1536,215,441,215,439,0,2,92,131,115,332,447,163,47,78,90,125,522,0.488,0.49,0,0.488,0.702,0.523,duncati01
Mike Dunleavy,35,CHI,NBA,2015-16,31,30,703,77,188,38,89,39,99,29,37,8,75,83,39,14,10,26,66,222,0.41,0.427,0.394,0.513,0.784,0.543,dunlemi02
Kevin Durant,27,OKC,NBA,2015-16,72,72,2578,698,1381,512,900,186,481,447,498,45,544,589,361,69,85,250,137,2029,0.505,0.569,0.387,0.573,0.898,0.634,duranke01
Cleanthony Early,24,NYK,NBA,2015-16,17,2,154,12,40,8,25,4,15,3,4,4,22,26,6,2,3,9,16,31,0.3,0.32,0.267,0.35,0.75,0.371,earlycl01
Jarell Eddie,24,WAS,NBA,2015-16,26,0,147,20,65,5,18,15,47,8,8,2,21,23,5,5,1,1,5,63,0.308,0.278,0.319,0.423,1,0.46,eddieja01
Wayne Ellington,28,BRK,NBA,2015-16,76,41,1615,218,561,122,293,96,268,54,63,20,154,174,83,48,5,45,82,586,0.389,0.416,0.358,0.474,0.857,0.498,ellinwa01
Monta Ellis,30,IND,NBA,2015-16,81,81,2734,436,1021,349,739,87,282,162,206,42,229,271,383,150,37,203,174,1121,0.427,0.472,0.309,0.47,0.786,0.504,ellismo01
James Ennis,25,TOT,NBA,2015-16,22,5,329,54,113,28,55,26,58,25,34,21,21,42,21,16,5,19,28,159,0.478,0.509,0.448,0.593,0.735,0.621,ennisja01
Tyler Ennis,21,MIL,NBA,2015-16,46,7,654,84,187,71,148,13,39,25,34,13,62,75,95,25,1,46,64,206,0.449,0.48,0.333,0.484,0.735,0.51,ennisty01
Jeremy Evans,28,DAL,NBA,2015-16,30,2,251,26,48,22,32,4,16,15,21,11,43,54,2,6,9,7,19,71,0.542,0.688,0.25,0.583,0.714,0.62,evansje01
Tyreke Evans,26,NOP,NBA,2015-16,25,25,765,136,314,103,229,33,85,74,93,20,109,129,164,32,8,73,66,379,0.433,0.45,0.388,0.486,0.796,0.534,evansty01
Festus Ezeli,26,GSW,NBA,2015-16,46,13,770,125,228,125,228,0,0,70,132,91,166,257,32,18,50,38,94,320,0.548,0.548,,0.548,0.53,0.559,ezelife01
Kenneth Faried,26,DEN,NBA,2015-16,67,64,1694,349,626,348,624,1,2,136,222,235,346,581,79,32,60,91,169,835,0.558,0.558,0.5,0.558,0.613,0.577,farieke01
Jordan Farmar,29,MEM,NBA,2015-16,12,10,291,42,100,26,55,16,45,10,10,4,21,25,37,15,2,18,22,110,0.42,0.473,0.356,0.5,1,0.527,farmajo01
Derrick Favors,24,UTA,NBA,2015-16,62,59,1983,418,811,418,807,0,4,180,254,169,334,503,94,74,91,104,150,1016,0.515,0.518,0,0.515,0.709,0.551,favorde01
Cristiano Felicio,23,CHI,NBA,2015-16,31,4,321,40,72,40,68,0,4,25,35,30,72,102,26,6,13,13,31,105,0.556,0.588,0,0.556,0.714,0.601,feliccr01
Raymond Felton,31,DAL,NBA,2015-16,80,31,2192,277,682,217,469,60,213,149,176,36,222,258,284,68,15,121,141,763,0.406,0.463,0.282,0.45,0.847,0.502,feltora01
Evan Fournier,23,ORL,NBA,2015-16,79,71,2566,429,929,273,539,156,390,199,238,33,192,225,213,96,2,133,214,1213,0.462,0.506,0.4,0.546,0.836,0.587,fournev01
Randy Foye,32,TOT,NBA,2015-16,81,8,1642,169,482,94,232,75,250,61,74,24,132,156,161,39,29,86,131,474,0.351,0.405,0.3,0.428,0.824,0.461,foyera01
Tim Frazier,25,TOT,NBA,2015-16,51,2,741,96,229,80,181,16,48,53,74,26,84,110,162,33,2,65,73,261,0.419,0.442,0.333,0.454,0.716,0.499,fraziti01
Jimmer Fredette,26,TOT,NBA,2015-16,6,0,18,2,5,1,3,1,2,4,5,0,0,0,1,1,0,2,2,9,0.4,0.333,0.5,0.5,0.8,0.625,fredeji01
Channing Frye,32,TOT,NBA,2015-16,70,32,1200,152,347,61,112,91,235,30,35,35,199,234,71,29,28,43,127,425,0.438,0.545,0.387,0.569,0.857,0.586,fryech01
Danilo Gallinari,27,DEN,NBA,2015-16,53,53,1839,287,700,200,461,87,239,375,432,52,229,281,135,42,19,77,87,1036,0.41,0.434,0.364,0.472,0.868,0.582,gallida01
Langston Galloway,24,NYK,NBA,2015-16,82,7,2033,231,588,154,364,77,224,86,114,43,245,288,207,77,22,61,177,625,0.393,0.423,0.344,0.458,0.754,0.49,gallola01
Kevin Garnett,39,MIN,NBA,2015-16,38,38,556,54,115,54,114,0,1,14,21,15,135,150,62,28,10,16,70,122,0.47,0.474,0,0.47,0.667,0.491,garneke01
Marc Gasol,31,MEM,NBA,2015-16,52,52,1791,328,707,326,704,2,3,203,245,58,304,362,196,50,70,118,141,861,0.464,0.463,0.667,0.465,0.829,0.528,gasolma01
Pau Gasol,35,CHI,NBA,2015-16,72,72,2291,467,995,443,926,24,69,229,289,155,638,793,294,42,146,164,148,1187,0.469,0.478,0.348,0.481,0.792,0.529,gasolpa01
Rudy Gay,29,SAC,NBA,2015-16,70,70,2379,466,1007,392,792,74,215,198,254,103,353,456,120,100,51,139,184,1204,0.463,0.495,0.344,0.5,0.78,0.538,gayru01
Alonzo Gee,28,NOP,NBA,2015-16,73,38,1632,132,255,115,195,17,60,44,66,60,185,245,72,63,13,55,169,325,0.518,0.59,0.283,0.551,0.667,0.572,geeal01
Paul George,25,IND,NBA,2015-16,81,81,2819,605,1449,395,883,210,566,454,528,79,484,563,329,152,29,265,230,1874,0.418,0.447,0.371,0.49,0.86,0.557,georgpa01
Taj Gibson,30,CHI,NBA,2015-16,73,55,1936,263,500,263,497,0,3,101,146,206,298,504,106,47,77,78,180,627,0.526,0.529,0,0.526,0.692,0.556,gibsota01
Manu Ginobili,38,SAS,NBA,2015-16,58,0,1134,197,435,127,256,70,179,91,112,26,120,146,177,66,11,99,99,555,0.453,0.496,0.391,0.533,0.813,0.573,ginobma01
Rudy Gobert,23,UTA,NBA,2015-16,61,60,1932,198,354,198,354,0,0,161,283,208,460,668,91,45,135,114,163,557,0.559,0.559,,0.559,0.569,0.582,goberru01
Drew Gooden,34,WAS,NBA,2015-16,30,0,305,33,103,26,62,7,41,9,14,28,57,85,13,8,11,13,40,82,0.32,0.419,0.171,0.354,0.643,0.376,goodedr01
Archie Goodwin,21,PHO,NBA,2015-16,57,13,1114,176,422,153,323,23,99,130,193,27,115,142,118,27,13,100,84,505,0.417,0.474,0.232,0.444,0.674,0.498,goodwar01
Aaron Gordon,20,ORL,NBA,2015-16,78,37,1863,274,579,232,437,42,142,129,193,154,353,507,128,59,55,66,153,719,0.473,0.531,0.296,0.509,0.668,0.541,gordoaa01
Eric Gordon,27,NOP,NBA,2015-16,45,44,1481,231,552,118,258,113,294,111,125,10,89,99,121,43,14,73,98,686,0.418,0.457,0.384,0.521,0.888,0.565,gordoer01
Marcin Gortat,31,WAS,NBA,2015-16,75,74,2256,433,764,433,763,0,1,146,207,222,519,741,106,47,96,121,193,1012,0.567,0.567,0,0.567,0.705,0.592,gortama01
Andrew Goudelock,27,HOU,NBA,2015-16,8,0,50,9,20,8,11,1,9,3,4,1,1,2,4,6,2,7,4,22,0.45,0.727,0.111,0.475,0.75,0.506,goudean01
Jerami Grant,21,PHI,NBA,2015-16,77,52,2066,251,599,216,453,35,146,212,322,99,262,361,135,54,127,110,215,749,0.419,0.477,0.24,0.448,0.658,0.506,grantje01
Jerian Grant,23,NYK,NBA,2015-16,76,6,1265,154,391,132,291,22,100,96,123,23,120,143,177,50,10,87,97,426,0.394,0.454,0.22,0.422,0.78,0.479,grantje02
Danny Green,28,SAS,NBA,2015-16,79,79,2062,211,561,95,212,116,349,34,46,48,255,303,141,79,64,75,141,572,0.376,0.448,0.332,0.48,0.739,0.492,greenda02
Draymond Green,25,GSW,NBA,2015-16,81,81,2808,401,819,301,561,100,258,229,329,134,635,769,598,119,113,259,240,1131,0.49,0.537,0.388,0.551,0.696,0.587,greendr01
Erick Green,24,TOT,NBA,2015-16,9,0,42,5,13,4,8,1,5,2,2,3,3,6,3,1,0,0,4,13,0.385,0.5,0.2,0.423,1,0.468,greener01
Gerald Green,30,MIA,NBA,2015-16,69,14,1557,230,587,146,327,84,260,72,92,25,138,163,56,38,19,46,123,616,0.392,0.446,0.323,0.463,0.783,0.491,greenge01
JaMychal Green,25,MEM,NBA,2015-16,78,15,1446,230,495,215,450,15,45,103,137,139,234,373,67,46,33,83,189,578,0.465,0.478,0.333,0.48,0.752,0.52,greenja01
Jeff Green,29,TOT,NBA,2015-16,80,41,2253,354,824,287,611,67,213,164,220,74,258,332,138,58,40,93,164,939,0.43,0.47,0.315,0.47,0.745,0.51,greenje02
Blake Griffin,26,LAC,NBA,2015-16,35,35,1170,301,603,295,585,6,18,141,194,51,243,294,170,28,17,83,95,749,0.499,0.504,0.333,0.504,0.727,0.544,griffbl01
Jorge Gutierrez,27,CHO,NBA,2015-16,12,0,63,6,11,6,9,0,2,10,11,0,7,7,17,3,0,6,3,22,0.545,0.667,0,0.545,0.909,0.694,gutiejo01
P.J. Hairston,23,TOT,NBA,2015-16,66,52,1313,145,408,75,167,70,241,50,64,25,149,174,38,32,11,41,137,410,0.355,0.449,0.29,0.441,0.781,0.47,hairspj02
Jordan Hamilton,25,NOP,NBA,2015-16,11,4,304,49,116,36,71,13,45,14,21,12,50,62,25,8,3,17,24,125,0.422,0.507,0.289,0.478,0.667,0.499,hamiljo02
Tyler Hansbrough,30,CHO,NBA,2015-16,44,0,343,32,71,30,68,2,3,38,65,40,49,89,8,12,7,12,55,104,0.451,0.441,0.667,0.465,0.585,0.522,hansbty01
Tim Hardaway,23,ATL,NBA,2015-16,51,1,864,114,265,66,123,48,142,50,56,7,79,86,51,21,7,23,48,326,0.43,0.537,0.338,0.521,0.893,0.563,hardati02
James Harden,26,HOU,NBA,2015-16,82,82,3125,710,1617,474,960,236,657,720,837,63,438,501,612,139,51,374,229,2376,0.439,0.494,0.359,0.512,0.86,0.598,hardeja01
Maurice Harkless,22,POR,NBA,2015-16,78,14,1457,195,411,156,271,39,140,69,111,101,179,280,67,49,35,62,124,498,0.474,0.576,0.279,0.522,0.622,0.541,harklma01
Justin Harper,26,DET,NBA,2015-16,5,0,35,4,10,0,1,4,9,1,2,0,1,1,0,1,0,2,3,13,0.4,0,0.444,0.6,0.5,0.597,harpeju01
Montrezl Harrell,22,HOU,NBA,2015-16,39,1,379,58,90,58,89,0,1,24,46,25,40,65,17,11,11,17,48,140,0.644,0.652,0,0.644,0.522,0.635,harremo01
Devin Harris,32,DAL,NBA,2015-16,64,0,1280,167,374,115,216,52,158,101,140,18,120,138,118,60,13,66,124,487,0.447,0.532,0.329,0.516,0.721,0.559,harride01
Gary Harris,21,DEN,NBA,2015-16,76,76,2439,359,765,254,468,105,297,109,133,54,166,220,147,97,18,98,143,932,0.469,0.543,0.354,0.538,0.82,0.566,harriga01
Joe Harris,24,CLE,NBA,2015-16,5,0,15,1,4,0,0,1,4,0,0,0,3,3,2,0,0,1,1,3,0.25,,0.25,0.375,,0.375,harrijo01
Tobias Harris,23,TOT,NBA,2015-16,76,74,2513,417,889,337,650,80,239,202,243,96,414,510,169,65,40,108,153,1116,0.469,0.518,0.335,0.514,0.831,0.56,harrito02
Aaron Harrison,21,CHO,NBA,2015-16,21,0,93,5,19,2,9,3,10,5,12,4,11,15,2,6,0,4,10,18,0.263,0.222,0.3,0.342,0.417,0.371,harriaa01
Udonis Haslem,35,MIA,NBA,2015-16,37,0,260,23,61,22,52,1,9,12,16,10,65,75,14,5,2,5,25,59,0.377,0.423,0.111,0.385,0.75,0.434,hasleud01
Spencer Hawes,27,CHO,NBA,2015-16,57,6,1035,124,306,86,204,38,102,54,65,51,193,244,109,22,27,58,111,340,0.405,0.422,0.373,0.467,0.831,0.508,hawessp01
Chuck Hayes,32,HOU,NBA,2015-16,2,0,24,1,2,1,2,0,0,2,2,0,8,8,2,0,0,3,6,4,0.5,0.5,,0.5,1,0.694,hayesch01
Gordon Hayward,25,UTA,NBA,2015-16,80,80,2893,521,1202,378,792,143,410,393,477,61,336,397,296,95,27,202,183,1578,0.433,0.477,0.349,0.493,0.824,0.559,haywago01
Gerald Henderson,28,POR,NBA,2015-16,72,0,1431,232,529,184,393,48,136,112,146,30,181,211,75,39,19,68,87,624,0.439,0.468,0.353,0.484,0.767,0.526,hendege02
John Henson,25,MIL,NBA,2015-16,57,1,960,164,291,164,290,0,1,69,117,87,134,221,54,18,109,64,131,397,0.564,0.566,0,0.564,0.59,0.58,hensojo01
Mario Hezonja,20,ORL,NBA,2015-16,79,9,1413,181,418,114,226,67,192,49,54,28,148,176,109,39,17,97,124,478,0.433,0.504,0.349,0.513,0.907,0.541,hezonma01
Roy Hibbert,29,LAL,NBA,2015-16,81,81,1878,182,411,182,409,0,2,117,145,132,266,398,95,32,110,76,252,481,0.443,0.445,0,0.443,0.807,0.507,hibbero01
J.J. Hickson,27,TOT,NBA,2015-16,35,9,436,80,155,80,154,0,1,46,103,39,93,132,23,15,14,25,47,206,0.516,0.519,0,0.516,0.447,0.514,hicksjj01
Nene Hilario,33,WAS,NBA,2015-16,57,11,1094,209,384,209,381,0,3,107,185,52,207,259,97,54,26,76,156,525,0.544,0.549,0,0.544,0.578,0.564,hilarne01
George Hill,29,IND,NBA,2015-16,74,73,2524,326,739,198,425,128,314,114,150,58,240,298,259,83,17,101,149,894,0.441,0.466,0.408,0.528,0.76,0.555,hillge01
Jordan Hill,28,IND,NBA,2015-16,73,11,1513,278,549,278,548,0,1,89,125,156,295,451,87,36,37,92,155,645,0.506,0.507,0,0.506,0.712,0.534,hilljo01
Solomon Hill,24,IND,NBA,2015-16,59,3,866,93,208,69,134,24,74,36,42,39,127,166,57,37,11,33,68,246,0.447,0.515,0.324,0.505,0.857,0.543,hillso01
Darrun Hilliard,22,DET,NBA,2015-16,38,2,383,52,131,33,81,19,50,29,40,5,40,45,27,9,1,19,28,152,0.397,0.407,0.38,0.469,0.725,0.511,hillida01
Kirk Hinrich,35,TOT,NBA,2015-16,46,7,631,49,129,25,67,24,62,15,16,8,62,70,73,15,2,30,64,137,0.38,0.373,0.387,0.473,0.938,0.504,hinriki01
Jrue Holiday,25,NOP,NBA,2015-16,65,23,1831,410,935,323,676,87,259,182,216,27,168,195,391,88,22,167,148,1089,0.439,0.478,0.336,0.485,0.843,0.529,holidjr01
Justin Holiday,26,TOT,NBA,2015-16,53,5,773,88,228,52,123,36,105,27,37,12,78,90,56,32,19,39,61,239,0.386,0.423,0.343,0.465,0.73,0.489,holidju01
Ryan Hollins,31,TOT,NBA,2015-16,37,12,460,49,79,49,79,0,0,26,42,47,51,98,10,6,21,24,62,124,0.62,0.62,,0.62,0.619,0.636,holliry01
Rondae Hollis-Jefferson,21,BRK,NBA,2015-16,29,17,615,63,138,59,124,4,14,37,52,39,115,154,43,39,16,26,61,167,0.457,0.476,0.286,0.471,0.712,0.519,holliro01
Richaun Holmes,22,PHI,NBA,2015-16,51,1,702,114,222,106,178,8,44,51,74,62,73,135,33,19,40,32,92,287,0.514,0.596,0.182,0.532,0.689,0.564,holmeri01
Rodney Hood,23,UTA,NBA,2015-16,79,79,2541,408,972,247,523,161,449,172,200,38,229,267,213,73,16,125,202,1149,0.42,0.472,0.359,0.503,0.86,0.542,hoodro01
Al Horford,29,ATL,NBA,2015-16,82,82,2631,529,1048,441,792,88,256,103,129,148,448,596,263,68,121,107,163,1249,0.505,0.557,0.344,0.547,0.798,0.565,horfoal01
Dwight Howard,30,HOU,NBA,2015-16,71,71,2280,372,600,372,594,0,6,232,474,238,597,835,98,69,113,166,219,976,0.62,0.626,0,0.62,0.489,0.604,howardw01
Marcelo Huertas,32,LAL,NBA,2015-16,53,0,869,97,230,81,169,16,61,27,29,18,72,90,182,26,7,80,76,237,0.422,0.479,0.262,0.457,0.931,0.488,huertma01
Josh Huestis,24,OKC,NBA,2015-16,5,0,55,5,12,1,6,4,6,0,4,2,8,10,0,1,2,3,3,14,0.417,0.167,0.667,0.583,0,0.509,huestjo01
Kris Humphries,30,TOT,NBA,2015-16,53,17,835,121,295,87,187,34,108,67,84,57,161,218,36,16,23,38,94,343,0.41,0.465,0.315,0.468,0.798,0.517,humphkr01
R.J. Hunter,22,BOS,NBA,2015-16,36,0,315,36,98,17,35,19,63,6,7,2,35,37,13,14,4,11,29,97,0.367,0.486,0.302,0.464,0.857,0.48,hunterj01
Serge Ibaka,26,OKC,NBA,2015-16,78,78,2500,416,869,356,685,60,184,91,121,141,392,533,66,38,148,108,211,983,0.479,0.52,0.326,0.513,0.752,0.533,ibakase01
Andre Iguodala,32,GSW,NBA,2015-16,65,1,1732,176,368,122,214,54,154,51,83,52,211,263,219,73,19,79,102,457,0.478,0.57,0.351,0.552,0.614,0.565,iguodan01
Ersan Ilyasova,28,TOT,NBA,2015-16,74,56,1881,280,661,184,402,96,259,111,154,144,259,403,67,52,33,71,171,767,0.424,0.458,0.371,0.496,0.721,0.526,ilyaser01
Joe Ingles,28,UTA,NBA,2015-16,81,2,1241,124,291,43,81,81,210,13,18,19,132,151,96,55,4,65,98,342,0.426,0.531,0.386,0.565,0.722,0.572,inglejo01
Damien Inglis,20,MIL,NBA,2015-16,20,1,156,13,37,10,24,3,13,7,8,2,29,31,10,6,3,11,11,36,0.351,0.417,0.231,0.392,0.875,0.444,inglida01
Kyrie Irving,23,CLE,NBA,2015-16,53,53,1667,394,879,310,617,84,262,169,191,44,113,157,249,56,18,124,107,1041,0.448,0.502,0.321,0.496,0.885,0.54,irvinky01
Jarrett Jack,32,BRK,NBA,2015-16,32,32,1027,140,358,109,256,31,102,100,112,9,127,136,236,34,7,94,77,411,0.391,0.426,0.304,0.434,0.893,0.505,jackja01
Reggie Jackson,25,DET,NBA,2015-16,79,79,2424,540,1244,422,910,118,334,291,337,58,195,253,492,59,11,223,187,1489,0.434,0.464,0.353,0.482,0.864,0.535,jacksre01
LeBron James,31,CLE,NBA,2015-16,76,76,2709,737,1416,650,1134,87,282,359,491,111,454,565,514,104,49,249,143,1920,0.52,0.573,0.309,0.551,0.731,0.588,jamesle01
Al Jefferson,31,CHO,NBA,2015-16,47,18,1096,245,505,245,505,0,0,72,111,57,244,301,70,30,41,34,117,562,0.485,0.485,,0.485,0.649,0.507,jeffeal01
Cory Jefferson,25,PHO,NBA,2015-16,8,0,50,9,22,9,21,0,1,4,6,6,10,16,0,0,1,0,8,22,0.409,0.429,0,0.409,0.667,0.446,jeffeco01
Richard Jefferson,35,CLE,NBA,2015-16,74,5,1326,143,312,77,139,66,173,58,87,15,113,128,59,33,14,43,129,410,0.458,0.554,0.382,0.564,0.667,0.585,jefferi01
John Jenkins,24,TOT,NBA,2015-16,43,3,480,71,160,55,109,16,51,20,24,8,49,57,35,8,1,27,22,178,0.444,0.505,0.314,0.494,0.833,0.522,jenkijo01
Brandon Jennings,26,TOT,NBA,2015-16,48,7,868,112,304,61,149,51,155,57,78,16,80,96,170,29,7,57,57,332,0.368,0.409,0.329,0.452,0.731,0.491,jennibr01
Jonas Jerebko,28,BOS,NBA,2015-16,78,0,1176,118,286,75,178,43,108,61,78,77,211,288,62,20,24,52,137,340,0.413,0.421,0.398,0.488,0.782,0.531,jerebjo01
Amir Johnson,28,BOS,NBA,2015-16,79,76,1800,249,426,239,383,10,43,69,121,178,327,505,138,52,83,94,214,577,0.585,0.624,0.233,0.596,0.57,0.602,johnsam01
Chris Johnson,25,UTA,NBA,2015-16,70,2,857,72,194,45,95,27,99,34,42,27,105,132,45,32,20,40,100,205,0.371,0.474,0.273,0.441,0.81,0.482,johnsch04
James Johnson,28,TOR,NBA,2015-16,57,32,926,114,240,94,174,20,66,39,68,28,98,126,67,29,33,54,84,287,0.475,0.54,0.303,0.517,0.574,0.532,johnsja01
Joe Johnson,34,TOT,NBA,2015-16,81,81,2703,377,859,257,546,120,313,118,142,49,243,292,318,61,4,159,146,992,0.439,0.471,0.383,0.509,0.831,0.538,johnsjo02
Orlando Johnson,26,TOT,NBA,2015-16,7,1,101,9,34,7,24,2,10,6,8,4,11,15,2,3,3,4,9,26,0.265,0.292,0.2,0.294,0.75,0.346,johnsor01
Stanley Johnson,19,DET,NBA,2015-16,73,6,1687,225,600,162,395,63,205,80,102,58,248,306,118,55,12,114,178,593,0.375,0.41,0.307,0.428,0.784,0.46,johnsst04
Tyler Johnson,23,MIA,NBA,2015-16,36,5,863,118,243,91,172,27,71,51,64,28,81,109,79,24,14,47,66,314,0.486,0.529,0.38,0.541,0.797,0.579,johnsty01
Wesley Johnson,28,LAC,NBA,2015-16,80,9,1666,208,515,105,206,103,309,30,46,37,211,248,49,89,56,54,173,549,0.404,0.51,0.333,0.504,0.652,0.513,johnswe01
Nikola Jokic,20,DEN,NBA,2015-16,80,55,1733,307,600,279,516,28,84,154,190,181,379,560,189,79,50,104,208,796,0.512,0.541,0.333,0.535,0.811,0.582,jokicni01
Dahntay Jones,35,CLE,NBA,2015-16,1,0,42,6,14,5,12,1,2,0,0,1,4,5,2,1,2,0,6,13,0.429,0.417,0.5,0.464,,0.464,jonesda02
James Jones,35,CLE,NBA,2015-16,48,0,463,58,142,17,38,41,104,21,26,8,42,50,14,11,10,13,50,178,0.408,0.447,0.394,0.553,0.808,0.58,jonesja02
Terrence Jones,24,HOU,NBA,2015-16,50,11,1044,166,367,141,288,25,79,77,116,62,149,211,41,23,39,49,86,434,0.452,0.49,0.316,0.486,0.664,0.519,joneste01
Tyus Jones,19,MIN,NBA,2015-16,37,0,573,56,156,40,103,16,53,28,39,7,40,47,108,31,3,33,33,156,0.359,0.388,0.302,0.41,0.718,0.45,jonesty01
DeAndre Jordan,27,LAC,NBA,2015-16,77,77,2598,357,508,357,507,0,1,266,619,267,792,1059,90,51,177,107,207,980,0.703,0.704,0,0.703,0.43,0.628,jordade01
Cory Joseph,24,TOR,NBA,2015-16,80,4,2046,257,585,227,475,30,110,133,174,39,171,210,250,63,20,102,131,677,0.439,0.478,0.273,0.465,0.764,0.512,josepco01
Chris Kaman,33,POR,NBA,2015-16,16,2,112,20,43,19,39,1,4,3,3,7,17,24,11,1,1,8,15,44,0.465,0.487,0.25,0.477,1,0.496,kamanch01
Frank Kaminsky,22,CHO,NBA,2015-16,81,3,1708,215,525,147,323,68,202,108,148,69,266,335,98,38,43,58,126,606,0.41,0.455,0.337,0.474,0.73,0.513,kaminfr01
Enes Kanter,23,OKC,NBA,2015-16,82,1,1721,414,719,404,698,10,21,200,251,249,415,664,33,26,33,115,166,1038,0.576,0.579,0.476,0.583,0.797,0.626,kanteen01
Sergey Karasev,22,BRK,NBA,2015-16,40,5,399,30,74,19,37,11,37,26,28,8,50,58,35,6,2,22,27,97,0.405,0.514,0.297,0.48,0.929,0.562,karasse01
Sasha Kaun,30,CLE,NBA,2015-16,25,0,95,9,17,9,17,0,0,5,11,12,14,26,3,4,5,7,11,23,0.529,0.529,,0.529,0.455,0.527,kaunsa01
Ryan Kelly,24,LAL,NBA,2015-16,36,0,470,55,149,50,112,5,37,37,54,21,100,121,20,13,10,18,39,152,0.369,0.446,0.135,0.386,0.685,0.44,kellyry01
Michael Kidd-Gilchrist,22,CHO,NBA,2015-16,7,7,205,33,61,30,54,3,7,20,29,12,33,45,9,3,3,8,9,89,0.541,0.556,0.429,0.566,0.69,0.603,kiddgmi01
Sean Kilpatrick,26,TOT,NBA,2015-16,31,0,616,123,270,84,156,39,114,60,67,12,44,56,29,12,2,31,37,345,0.456,0.538,0.342,0.528,0.896,0.576,kilpase01
Brandon Knight,24,PHO,NBA,2015-16,52,50,1870,371,895,251,544,120,351,156,183,36,166,202,263,61,20,177,124,1018,0.415,0.461,0.342,0.482,0.852,0.522,knighbr03
Kyle Korver,34,ATL,NBA,2015-16,80,80,2401,268,616,110,219,158,397,45,54,14,246,260,164,60,35,98,161,739,0.435,0.502,0.398,0.563,0.833,0.578,korveky01
Kosta Koufos,26,SAC,NBA,2015-16,78,14,1482,236,444,236,444,0,0,57,104,169,254,423,33,40,70,48,185,529,0.532,0.532,,0.532,0.548,0.54,koufoko01
Jeremy Lamb,23,CHO,NBA,2015-16,66,0,1227,230,510,174,329,56,181,64,88,44,208,252,77,42,30,50,105,580,0.451,0.529,0.309,0.506,0.727,0.529,lambje01
Carl Landry,32,PHI,NBA,2015-16,36,12,569,139,250,133,237,6,13,67,91,49,97,146,32,12,9,22,69,351,0.556,0.561,0.462,0.568,0.736,0.605,landrca01
Shane Larkin,23,BRK,NBA,2015-16,78,17,1751,222,502,183,394,39,108,83,107,28,152,180,342,95,12,146,121,566,0.442,0.464,0.361,0.481,0.776,0.515,larkish01
Joffrey Lauvergne,24,DEN,NBA,2015-16,59,15,1041,195,380,182,327,13,53,62,69,77,213,290,56,13,15,54,115,465,0.513,0.557,0.245,0.53,0.899,0.567,lauvejo01
Zach LaVine,20,MIN,NBA,2015-16,82,33,2294,433,959,310,643,123,316,161,203,27,201,228,251,69,17,155,193,1150,0.452,0.482,0.389,0.516,0.793,0.548,lavinza01
Ty Lawson,28,TOT,NBA,2015-16,66,13,1411,139,354,103,246,36,108,59,86,26,94,120,237,53,7,95,87,373,0.393,0.419,0.333,0.444,0.686,0.476,lawsoty01
Courtney Lee,30,TOT,NBA,2015-16,79,65,2334,290,639,208,422,82,217,99,118,29,176,205,136,85,28,72,134,761,0.454,0.493,0.378,0.518,0.839,0.551,leeco01
David Lee,32,TOT,NBA,2015-16,55,5,903,178,335,178,334,0,1,71,93,101,204,305,84,22,28,66,114,427,0.531,0.533,0,0.531,0.763,0.568,leeda02
Alex Len,22,PHO,NBA,2015-16,78,46,1821,264,624,263,617,1,7,174,239,178,416,594,97,38,62,145,230,703,0.423,0.426,0.143,0.424,0.728,0.482,lenal01
Kawhi Leonard,24,SAS,NBA,2015-16,72,72,2380,551,1090,422,799,129,291,292,334,95,398,493,186,128,71,105,133,1523,0.506,0.528,0.443,0.565,0.874,0.616,leonaka01
Meyers Leonard,23,POR,NBA,2015-16,61,10,1333,195,435,109,207,86,228,35,46,51,263,314,92,8,18,77,183,511,0.448,0.527,0.377,0.547,0.761,0.561,leoname01
Jon Leuer,26,PHO,NBA,2015-16,67,27,1255,224,466,182,356,42,110,77,101,76,297,373,72,38,30,75,125,567,0.481,0.511,0.382,0.526,0.762,0.555,leuerjo01
Damian Lillard,25,POR,NBA,2015-16,75,75,2676,618,1474,389,864,229,610,414,464,45,257,302,512,65,28,242,165,1879,0.419,0.45,0.375,0.497,0.892,0.56,lillada01
Jeremy Lin,27,CHO,NBA,2015-16,78,13,2048,300,728,224,502,76,226,238,292,42,211,253,235,58,42,150,165,914,0.412,0.446,0.336,0.464,0.815,0.534,linje01
Shaun Livingston,30,GSW,NBA,2015-16,78,3,1520,203,379,201,367,2,12,80,93,42,127,169,237,57,27,78,140,488,0.536,0.548,0.167,0.538,0.86,0.581,livinsh01
Kevon Looney,19,GSW,NBA,2015-16,5,0,21,4,7,3,5,1,2,0,0,4,6,10,0,0,0,1,2,9,0.571,0.6,0.5,0.643,,0.643,looneke01
Brook Lopez,27,BRK,NBA,2015-16,73,73,2457,591,1157,589,1143,2,14,317,403,204,369,573,147,58,124,175,215,1501,0.511,0.515,0.143,0.512,0.787,0.562,lopezbr01
Robin Lopez,27,NYK,NBA,2015-16,82,82,2219,357,662,357,661,0,1,128,161,268,334,602,114,16,129,133,182,842,0.539,0.54,0,0.539,0.795,0.574,lopezro01
Kevin Love,27,CLE,NBA,2015-16,77,77,2424,409,977,251,538,158,439,258,314,149,613,762,186,58,41,142,159,1234,0.419,0.467,0.36,0.499,0.822,0.553,loveke01
Kyle Lowry,29,TOR,NBA,2015-16,77,77,2851,512,1198,300,651,212,547,398,491,55,310,365,494,158,34,225,211,1634,0.427,0.461,0.388,0.516,0.811,0.578,lowryky01
Trey Lyles,20,UTA,NBA,2015-16,80,33,1382,191,436,142,308,49,128,57,82,59,240,299,59,26,18,65,114,488,0.438,0.461,0.383,0.494,0.695,0.517,lylestr01
Shelvin Mack,25,TOT,NBA,2015-16,52,27,1058,182,415,143,290,39,125,45,61,13,115,128,187,34,3,95,72,448,0.439,0.493,0.312,0.486,0.738,0.507,macksh01
Ian Mahinmi,29,IND,NBA,2015-16,71,71,1816,264,448,264,448,0,0,132,225,138,369,507,104,65,75,100,220,660,0.589,0.589,,0.589,0.587,0.603,mahinia01
Devyn Marble,23,ORL,NBA,2015-16,28,0,249,21,71,13,39,8,32,10,24,6,32,38,12,13,1,7,25,60,0.296,0.333,0.25,0.352,0.417,0.368,marblde01
Boban Marjanovic,27,SAS,NBA,2015-16,54,4,508,105,174,105,174,0,0,87,114,73,121,194,21,12,23,29,54,297,0.603,0.603,,0.603,0.763,0.662,marjabo01
Kendall Marshall,24,PHI,NBA,2015-16,30,6,400,43,118,27,69,16,49,9,13,2,26,28,73,16,2,43,30,111,0.364,0.391,0.327,0.432,0.692,0.449,marshke01
Jarell Martin,21,MEM,NBA,2015-16,27,0,380,54,116,54,114,0,2,45,62,39,47,86,15,8,7,19,58,153,0.466,0.474,0,0.466,0.726,0.534,martija01
Kevin Martin,32,TOT,NBA,2015-16,55,13,1095,156,419,107,283,49,136,153,172,14,96,110,58,26,3,54,83,514,0.372,0.378,0.36,0.431,0.89,0.52,martike02
Wesley Matthews,29,DAL,NBA,2015-16,78,78,2644,331,854,142,329,189,525,126,146,27,211,238,151,78,17,78,179,977,0.388,0.432,0.36,0.498,0.863,0.532,matthwe02
O.J. Mayo,28,MIL,NBA,2015-16,41,24,1090,119,321,67,159,52,162,31,40,13,92,105,118,48,8,72,126,321,0.371,0.421,0.321,0.452,0.775,0.474,mayooj01
Luc Mbah a Moute,29,LAC,NBA,2015-16,75,61,1274,94,207,81,167,13,40,30,57,60,111,171,30,44,19,34,100,231,0.454,0.485,0.325,0.486,0.526,0.498,mbahalu01
James Michael McAdoo,23,GSW,NBA,2015-16,41,1,262,45,84,44,82,1,2,26,49,30,28,58,17,10,8,16,39,117,0.536,0.537,0.5,0.542,0.531,0.554,mcadoja01
Ray McCallum,24,TOT,NBA,2015-16,41,6,475,55,146,40,104,15,42,12,15,8,39,47,60,12,7,24,29,137,0.377,0.385,0.357,0.428,0.8,0.449,mccalra01
CJ McCollum,24,POR,NBA,2015-16,80,80,2780,641,1431,444,959,197,472,187,226,47,212,259,341,97,23,196,187,1666,0.448,0.463,0.417,0.517,0.827,0.544,mccolcj01
T.J. McConnell,23,PHI,NBA,2015-16,81,17,1606,218,464,187,375,31,89,26,41,43,207,250,367,95,10,140,114,493,0.47,0.499,0.348,0.503,0.634,0.511,mccontj01
Chris McCullough,20,BRK,NBA,2015-16,24,4,362,44,109,31,75,13,34,11,23,25,43,68,9,28,12,15,39,112,0.404,0.413,0.382,0.463,0.478,0.47,mcculch01
K.J. McDaniels,22,HOU,NBA,2015-16,37,1,235,29,72,22,47,7,25,24,30,16,26,42,10,7,6,17,30,89,0.403,0.468,0.28,0.451,0.8,0.522,mcdankj01
Doug McDermott,24,CHI,NBA,2015-16,81,4,1861,291,644,181,385,110,259,72,84,37,158,195,59,14,6,53,127,764,0.452,0.47,0.425,0.537,0.857,0.561,mcderdo01
Mitch McGary,23,OKC,NBA,2015-16,20,0,72,11,23,11,19,0,4,4,10,4,14,18,3,1,2,7,10,26,0.478,0.579,0,0.478,0.4,0.474,mcgarmi01
JaVale McGee,28,DAL,NBA,2015-16,34,2,370,77,134,77,133,0,1,18,36,53,80,133,3,5,26,21,49,172,0.575,0.579,0,0.575,0.5,0.574,mcgeeja01
Ben McLemore,22,SAC,NBA,2015-16,68,53,1443,195,455,128,270,67,185,74,103,34,114,148,79,52,10,99,140,531,0.429,0.474,0.362,0.502,0.718,0.531,mclembe01
Jordan McRae,24,TOT,NBA,2015-16,22,1,195,34,78,24,56,10,22,21,28,4,16,20,25,3,1,15,17,99,0.436,0.429,0.455,0.5,0.75,0.548,mcraejo01
Josh McRoberts,28,MIA,NBA,2015-16,42,1,595,55,148,43,99,12,49,28,40,22,83,105,81,18,7,30,68,150,0.372,0.434,0.245,0.412,0.7,0.453,mcrobjo01
Jodie Meeks,28,DET,NBA,2015-16,3,0,43,7,20,3,11,4,9,4,4,1,4,5,3,0,0,1,2,22,0.35,0.273,0.444,0.45,1,0.506,meeksjo01
Salah Mejri,29,DAL,NBA,2015-16,34,6,397,49,78,49,77,0,1,27,46,41,82,123,10,8,36,23,54,125,0.628,0.636,0,0.628,0.587,0.636,mejrisa01
Jordan Mickey,21,BOS,NBA,2015-16,16,0,57,8,22,8,22,0,0,5,10,6,7,13,1,0,11,1,5,21,0.364,0.364,,0.364,0.5,0.398,mickejo01
Khris Middleton,24,MIL,NBA,2015-16,79,79,2852,507,1142,364,781,143,361,277,312,44,258,302,331,131,19,180,204,1434,0.444,0.466,0.396,0.507,0.888,0.56,middlkh01
C.J. Miles,28,IND,NBA,2015-16,64,24,1464,259,634,117,247,142,387,93,124,25,150,175,63,53,29,70,142,753,0.409,0.474,0.367,0.521,0.75,0.547,milescj01
Andre Miller,39,TOT,NBA,2015-16,39,4,461,59,106,57,98,2,8,24,32,12,39,51,87,16,0,37,46,144,0.557,0.582,0.25,0.566,0.75,0.6,millean02
Mike Miller,35,DEN,NBA,2015-16,47,2,373,22,62,3,10,19,52,0,0,6,47,53,40,13,4,17,53,63,0.355,0.3,0.365,0.508,,0.508,millemi01
Patty Mills,27,SAS,NBA,2015-16,81,3,1662,260,612,137,292,123,320,47,58,27,131,158,226,59,6,76,102,690,0.425,0.469,0.384,0.525,0.81,0.541,millspa02
Elijah Millsap,28,UTA,NBA,2015-16,20,0,173,11,39,10,27,1,12,13,18,6,29,35,19,7,3,9,33,36,0.282,0.37,0.083,0.295,0.722,0.384,millsel01
Paul Millsap,30,ATL,NBA,2015-16,81,81,2647,501,1066,427,834,74,232,309,408,198,534,732,265,147,139,191,237,1385,0.47,0.512,0.319,0.505,0.757,0.556,millspa01
Nikola Mirotic,24,CHI,NBA,2015-16,66,38,1646,248,609,113,263,135,346,146,181,58,304,362,100,58,46,102,151,777,0.407,0.43,0.39,0.518,0.807,0.564,mirotni01
Nazr Mohammed,38,OKC,NBA,2015-16,5,0,19,3,5,3,5,0,0,2,2,1,3,4,0,0,0,3,4,8,0.6,0.6,,0.6,1,0.68,mohamna01
Greg Monroe,25,MIL,NBA,2015-16,79,67,2314,491,941,491,940,0,1,228,308,218,478,696,178,72,67,129,163,1210,0.522,0.522,0,0.522,0.74,0.562,monrogr01
Luis Montero,22,POR,NBA,2015-16,12,0,42,5,19,4,10,1,9,3,4,0,4,4,1,0,0,4,1,14,0.263,0.4,0.111,0.289,0.75,0.337,montelu01
E'Twaun Moore,26,CHI,NBA,2015-16,59,22,1263,187,389,140,285,47,104,22,35,19,114,133,99,37,18,53,103,443,0.481,0.491,0.452,0.541,0.629,0.548,mooreet01
Eric Moreland,24,SAC,NBA,2015-16,8,0,48,3,6,3,6,0,0,2,4,3,8,11,1,0,4,3,4,8,0.5,0.5,,0.5,0.5,0.515,moreler01
Marcus Morris,26,DET,NBA,2015-16,80,80,2856,410,945,302,647,108,298,203,271,91,313,404,201,67,23,140,170,1131,0.434,0.467,0.362,0.491,0.749,0.531,morrima03
Markieff Morris,26,TOT,NBA,2015-16,64,45,1629,305,718,258,563,47,155,108,147,73,279,352,124,58,34,135,184,765,0.425,0.458,0.303,0.458,0.735,0.489,morrima02
Anthony Morrow,30,OKC,NBA,2015-16,68,6,926,136,333,57,129,79,204,29,39,10,52,62,24,22,5,17,64,380,0.408,0.442,0.387,0.527,0.744,0.543,morroan01
Donatas Motiejunas,25,HOU,NBA,2015-16,37,22,547,90,205,74,148,16,57,34,53,37,72,109,41,17,5,44,69,230,0.439,0.5,0.281,0.478,0.642,0.504,motiedo01
Timofey Mozgov,29,CLE,NBA,2015-16,76,48,1326,203,359,202,352,1,7,68,95,110,227,337,33,22,57,71,159,475,0.565,0.574,0.143,0.567,0.716,0.593,mozgoti01
Emmanuel Mudiay,19,DEN,NBA,2015-16,68,66,2068,329,905,255,673,74,232,140,209,32,200,232,372,65,35,217,141,872,0.364,0.379,0.319,0.404,0.67,0.437,mudiaem01
Shabazz Muhammad,23,MIN,NBA,2015-16,82,0,1682,317,681,273,529,44,152,185,242,100,167,267,52,24,7,70,94,863,0.465,0.516,0.289,0.498,0.764,0.548,muhamsh01
Xavier Munford,23,MEM,NBA,2015-16,14,0,244,32,77,23,54,9,23,7,14,3,28,31,22,13,3,15,25,80,0.416,0.426,0.391,0.474,0.5,0.481,munfoxa02
Mike Muscala,24,ATL,NBA,2015-16,60,0,565,76,152,64,113,12,39,31,39,38,79,117,34,13,27,27,72,195,0.5,0.566,0.308,0.539,0.795,0.576,muscami01
Larry Nance,23,LAL,NBA,2015-16,63,22,1266,158,300,157,290,1,10,32,47,101,211,312,44,54,23,41,124,349,0.527,0.541,0.1,0.528,0.681,0.544,nancela02
Shabazz Napier,24,ORL,NBA,2015-16,55,0,600,68,201,34,97,34,104,33,45,9,46,55,97,23,1,46,38,203,0.338,0.351,0.327,0.423,0.733,0.46,napiesh01
Gary Neal,31,WAS,NBA,2015-16,40,2,807,151,325,110,225,41,100,47,55,11,72,83,47,20,1,29,55,390,0.465,0.489,0.41,0.528,0.855,0.558,nealga01
Jameer Nelson,33,DEN,NBA,2015-16,39,15,1036,113,307,70,163,43,144,30,35,19,96,115,190,25,5,66,100,299,0.368,0.429,0.299,0.438,0.857,0.464,nelsoja01
Raul Neto,23,UTA,NBA,2015-16,81,53,1499,180,418,116,256,64,162,52,70,17,103,120,174,62,2,109,122,476,0.431,0.453,0.395,0.507,0.743,0.53,netora01
Andrew Nicholson,26,ORL,NBA,2015-16,56,0,823,146,310,105,196,41,114,51,65,34,167,201,25,10,22,41,69,384,0.471,0.536,0.36,0.537,0.785,0.567,nichoan01
Joakim Noah,30,CHI,NBA,2015-16,29,2,635,51,133,51,132,0,1,22,45,87,168,255,110,18,29,52,77,124,0.383,0.386,0,0.383,0.489,0.406,noahjo01
Nerlens Noel,21,PHI,NBA,2015-16,67,62,1965,306,587,305,585,1,2,134,227,154,388,542,122,118,100,158,192,747,0.521,0.521,0.5,0.522,0.59,0.544,noelne01
Lucas Nogueira,23,TOR,NBA,2015-16,29,1,225,28,44,27,41,1,3,8,15,18,28,46,7,12,12,11,29,65,0.636,0.659,0.333,0.648,0.533,0.642,noguelu01
Steve Novak,32,TOT,NBA,2015-16,10,0,44,8,18,1,3,7,15,1,1,0,5,5,0,0,0,1,3,24,0.444,0.333,0.467,0.639,1,0.651,novakst01
Dirk Nowitzki,37,DAL,NBA,2015-16,75,75,2364,498,1112,372,770,126,342,250,280,52,437,489,132,52,52,84,161,1372,0.448,0.483,0.368,0.504,0.893,0.555,nowitdi01
Jusuf Nurkic,21,DEN,NBA,2015-16,32,3,547,101,242,101,239,0,3,61,99,65,110,175,40,24,44,55,91,263,0.417,0.423,0,0.417,0.616,0.46,nurkiju01
J.J. O'Brien,23,UTA,NBA,2015-16,2,0,6,0,1,0,1,0,0,0,0,0,1,1,0,1,0,0,1,0,0,0,,0,,0,obriejj01
Johnny O'Bryant,22,MIL,NBA,2015-16,66,4,857,86,209,85,208,1,1,27,40,65,111,176,32,18,8,31,100,200,0.411,0.409,1,0.414,0.675,0.441,obryajo01
Kyle O'Quinn,25,NYK,NBA,2015-16,65,1,764,129,271,124,249,5,22,46,60,76,174,250,72,20,49,61,107,309,0.476,0.498,0.227,0.485,0.767,0.52,oquinky01
Jahlil Okafor,20,PHI,NBA,2015-16,53,48,1591,397,781,396,775,1,6,133,194,122,251,373,65,22,61,124,140,928,0.508,0.511,0.167,0.509,0.686,0.536,okafoja01
Victor Oladipo,23,ORL,NBA,2015-16,72,52,2379,425,970,327,688,98,282,205,247,48,297,345,282,116,54,153,174,1153,0.438,0.475,0.348,0.489,0.83,0.534,oladivi01
Kelly Olynyk,24,BOS,NBA,2015-16,69,8,1395,253,556,168,346,85,210,96,128,72,209,281,105,52,33,74,163,687,0.455,0.486,0.405,0.531,0.75,0.561,olynyke01
Kelly Oubre,20,WAS,NBA,2015-16,63,9,671,90,211,65,132,25,79,31,49,25,108,133,13,22,7,34,100,236,0.427,0.492,0.316,0.486,0.633,0.507,oubreke01
Zaza Pachulia,31,DAL,NBA,2015-16,76,69,2004,219,470,219,467,0,3,212,276,249,469,718,128,64,22,119,181,650,0.466,0.469,0,0.466,0.768,0.55,pachuza01
Kostas Papanikolaou,25,DEN,NBA,2015-16,26,6,294,24,66,14,34,10,32,9,14,8,32,40,16,13,5,21,24,67,0.364,0.412,0.313,0.439,0.643,0.464,papanko01
Jabari Parker,20,MIL,NBA,2015-16,76,72,2408,443,899,434,864,9,35,175,228,123,272,395,130,69,29,116,154,1070,0.493,0.502,0.257,0.498,0.768,0.535,parkeja01
Tony Parker,33,SAS,NBA,2015-16,72,72,1980,350,710,323,645,27,65,130,171,17,159,176,379,54,11,131,114,857,0.493,0.501,0.415,0.512,0.76,0.546,parketo01
Chandler Parsons,27,DAL,NBA,2015-16,61,51,1799,320,651,216,400,104,251,93,136,29,256,285,169,46,21,95,114,837,0.492,0.54,0.414,0.571,0.684,0.589,parsoch01
Lamar Patterson,24,ATL,NBA,2015-16,35,0,395,28,80,16,31,12,49,16,22,4,46,50,39,9,2,23,45,84,0.35,0.516,0.245,0.425,0.727,0.468,pattela01
Patrick Patterson,26,TOR,NBA,2015-16,79,0,2020,204,493,98,200,106,293,29,34,77,265,342,94,53,32,65,128,543,0.414,0.49,0.362,0.521,0.853,0.534,pattepa01
Chris Paul,30,LAC,NBA,2015-16,74,74,2420,515,1114,393,785,122,329,294,328,39,271,310,738,152,13,194,185,1446,0.462,0.501,0.371,0.517,0.896,0.575,paulch01
Adreian Payne,24,MIN,NBA,2015-16,52,2,486,53,145,44,113,9,32,17,26,20,91,111,29,16,11,36,77,132,0.366,0.389,0.281,0.397,0.654,0.422,paynead01
Cameron Payne,21,OKC,NBA,2015-16,57,1,698,114,278,78,167,36,111,19,24,9,76,85,108,36,6,44,80,283,0.41,0.467,0.324,0.475,0.792,0.49,payneca01
Elfrid Payton,21,ORL,NBA,2015-16,73,69,2145,318,730,288,638,30,92,112,190,77,184,261,468,89,20,177,159,778,0.436,0.451,0.326,0.456,0.589,0.478,paytoel01
Nikola Pekovic,30,MIN,NBA,2015-16,12,3,156,19,50,19,50,0,0,16,20,7,14,21,11,1,0,9,22,54,0.38,0.38,,0.38,0.8,0.459,pekovni01
Kendrick Perkins,31,NOP,NBA,2015-16,37,5,542,40,75,40,75,0,0,11,25,25,103,128,31,11,11,41,64,91,0.533,0.533,,0.533,0.44,0.529,perkike01
Paul Pierce,38,LAC,NBA,2015-16,68,38,1231,144,397,69,155,75,242,54,66,12,174,186,71,33,17,58,129,417,0.363,0.445,0.31,0.457,0.818,0.489,piercpa01
Tibor Pleiss,26,UTA,NBA,2015-16,12,0,82,11,25,11,23,0,2,2,2,6,9,15,2,1,2,8,19,24,0.44,0.478,0,0.44,1,0.464,pleisti01
Mason Plumlee,25,POR,NBA,2015-16,82,82,2084,267,517,267,513,0,4,215,335,201,427,628,226,68,85,154,253,749,0.516,0.52,0,0.516,0.642,0.564,plumlma01
Miles Plumlee,27,MIL,NBA,2015-16,61,14,870,140,233,140,233,0,0,34,59,94,138,232,16,21,50,40,73,314,0.601,0.601,,0.601,0.576,0.606,plumlmi01
Otto Porter,22,WAS,NBA,2015-16,75,73,2276,339,717,241,450,98,267,95,126,97,294,391,120,105,32,70,163,871,0.473,0.536,0.367,0.541,0.754,0.564,porteot01
Bobby Portis,20,CHI,NBA,2015-16,62,4,1102,186,436,170,384,16,52,48,66,123,214,337,52,25,22,54,100,436,0.427,0.443,0.308,0.445,0.727,0.469,portibo01
Kristaps Porzingis,20,NYK,NBA,2015-16,72,72,2047,373,886,292,643,81,243,201,240,132,394,526,94,53,134,121,205,1028,0.421,0.454,0.333,0.467,0.838,0.518,porzikr01
Dwight Powell,24,DAL,NBA,2015-16,69,2,992,146,296,144,280,2,16,105,142,84,189,273,44,36,24,40,118,399,0.493,0.514,0.125,0.497,0.739,0.557,poweldw01
Norman Powell,22,TOR,NBA,2015-16,49,24,725,97,229,61,140,36,89,43,53,16,95,111,47,29,10,32,59,273,0.424,0.436,0.404,0.502,0.811,0.541,powelno01
Phil Pressey,24,TOT,NBA,2015-16,23,0,283,30,78,26,60,4,18,13,25,3,28,31,75,18,4,33,28,77,0.385,0.433,0.222,0.41,0.52,0.433,pressph01
Ronnie Price,32,PHO,NBA,2015-16,62,18,1211,116,302,48,106,68,196,31,41,25,74,99,147,74,13,70,161,331,0.384,0.453,0.347,0.497,0.756,0.517,pricero01
Pablo Prigioni,38,LAC,NBA,2015-16,59,3,823,55,147,27,52,28,95,7,8,38,76,114,130,53,1,49,82,145,0.374,0.519,0.295,0.469,0.875,0.482,prigipa01
Tayshaun Prince,35,MIN,NBA,2015-16,77,44,1462,102,229,98,206,4,23,13,19,32,115,147,73,36,13,27,62,221,0.445,0.476,0.174,0.454,0.684,0.466,princta01
Julius Randle,21,LAL,NBA,2015-16,81,60,2286,358,835,348,799,10,36,193,270,172,657,829,144,53,29,149,242,919,0.429,0.436,0.278,0.435,0.715,0.482,randlju01
Zach Randolph,34,MEM,NBA,2015-16,68,53,2016,431,907,425,881,6,26,172,216,179,350,529,142,43,13,105,146,1040,0.475,0.482,0.231,0.479,0.796,0.519,randoza01
J.J. Redick,31,LAC,NBA,2015-16,75,75,2097,422,880,222,459,200,421,182,205,10,129,139,106,42,5,78,135,1226,0.48,0.484,0.475,0.593,0.888,0.632,redicjj01
Willie Reed,25,BRK,NBA,2015-16,39,2,426,76,133,76,133,0,0,30,55,49,73,122,10,6,30,16,47,182,0.571,0.571,,0.571,0.545,0.579,reedwi02
Josh Richardson,22,MIA,NBA,2015-16,52,2,1107,123,272,70,157,53,115,42,63,21,86,107,73,36,25,35,107,341,0.452,0.446,0.461,0.55,0.667,0.569,richajo01
Austin Rivers,23,LAC,NBA,2015-16,67,7,1464,226,516,164,331,62,185,79,116,22,108,130,99,48,9,61,137,593,0.438,0.495,0.335,0.498,0.681,0.523,riverau01
Andre Roberson,24,OKC,NBA,2015-16,70,70,1553,136,274,104,171,32,103,33,54,79,172,251,47,53,42,35,133,337,0.496,0.608,0.311,0.555,0.611,0.566,roberan03
Brian Roberts,30,TOT,NBA,2015-16,51,0,470,74,165,59,123,15,42,42,47,6,35,41,54,10,2,23,35,205,0.448,0.48,0.357,0.494,0.894,0.552,roberbr01
Glenn Robinson,22,IND,NBA,2015-16,45,4,508,65,151,51,114,14,37,27,39,12,56,68,26,17,9,18,21,171,0.43,0.447,0.378,0.477,0.692,0.508,robingl02
Nate Robinson,31,NOP,NBA,2015-16,2,1,23,0,1,0,0,0,1,0,0,0,0,0,4,1,0,0,5,0,0,,0,0,,0,robinna01
Thomas Robinson,24,BRK,NBA,2015-16,71,7,917,130,291,130,290,0,1,47,109,136,223,359,46,39,36,69,111,307,0.447,0.448,0,0.447,0.431,0.453,robinth01
Rajon Rondo,29,SAC,NBA,2015-16,72,72,2537,355,782,293,612,62,170,87,150,77,358,435,839,141,10,278,175,859,0.454,0.479,0.365,0.494,0.58,0.506,rondora01
Derrick Rose,27,CHI,NBA,2015-16,66,66,2097,447,1048,403,898,44,150,142,179,46,179,225,311,44,14,175,84,1080,0.427,0.449,0.293,0.448,0.793,0.479,rosede01
Terrence Ross,24,TOR,NBA,2015-16,73,7,1747,270,626,139,287,131,339,49,62,21,164,185,56,54,25,46,120,720,0.431,0.484,0.386,0.536,0.79,0.551,rosste01
Terry Rozier,21,BOS,NBA,2015-16,39,0,311,29,106,23,79,6,27,8,10,24,39,63,37,6,1,19,23,72,0.274,0.291,0.222,0.302,0.8,0.326,roziete01
Ricky Rubio,25,MIN,NBA,2015-16,76,76,2323,219,586,157,396,62,190,266,314,40,286,326,658,162,10,193,201,766,0.374,0.396,0.326,0.427,0.847,0.529,rubiori01
Damjan Rudez,29,MIN,NBA,2015-16,33,0,277,25,62,8,12,17,50,8,8,5,15,20,11,3,1,13,33,75,0.403,0.667,0.34,0.54,1,0.572,rudezda01
Brandon Rush,30,GSW,NBA,2015-16,72,25,1055,111,260,46,103,65,157,18,28,21,160,181,57,20,23,33,57,305,0.427,0.447,0.414,0.552,0.643,0.56,rushbr01
D'Angelo Russell,19,LAL,NBA,2015-16,80,48,2259,392,956,262,586,130,370,140,190,47,227,274,266,93,13,196,142,1054,0.41,0.447,0.351,0.478,0.737,0.507,russeda01
Robert Sacre,26,LAL,NBA,2015-16,25,1,320,31,75,31,75,0,0,25,38,32,40,72,14,4,10,12,43,87,0.413,0.413,,0.413,0.658,0.474,sacrero01
JaKarr Sampson,22,TOT,NBA,2015-16,73,40,1160,140,317,126,254,14,63,80,122,46,144,190,46,23,33,70,142,374,0.442,0.496,0.222,0.464,0.656,0.504,sampsja02
Dennis Schroder,22,ATL,NBA,2015-16,80,6,1621,329,781,252,542,77,239,144,182,25,179,204,349,70,9,183,138,879,0.421,0.465,0.322,0.471,0.791,0.51,schrode01
Luis Scola,35,TOR,NBA,2015-16,76,76,1636,269,598,204,437,65,161,61,84,84,276,360,66,46,27,68,178,664,0.45,0.467,0.404,0.504,0.726,0.523,scolalu01
Mike Scott,27,ATL,NBA,2015-16,75,0,1146,176,376,114,218,62,158,50,63,53,153,206,78,25,17,42,102,464,0.468,0.523,0.392,0.551,0.794,0.575,scottmi01
Thabo Sefolosha,31,ATL,NBA,2015-16,75,11,1758,188,372,146,248,42,124,62,99,52,282,334,107,85,37,68,109,480,0.505,0.589,0.339,0.562,0.626,0.578,sefolth01
Kevin Seraphin,26,NYK,NBA,2015-16,48,0,526,84,205,84,203,0,2,19,23,31,95,126,47,8,36,43,67,187,0.41,0.414,0,0.41,0.826,0.435,serapke01
Ramon Sessions,29,WAS,NBA,2015-16,82,5,1667,280,592,244,481,36,111,214,283,25,178,203,239,46,5,115,102,810,0.473,0.507,0.324,0.503,0.756,0.565,sessira01
Iman Shumpert,25,CLE,NBA,2015-16,54,5,1316,114,305,71,159,43,146,40,51,32,171,203,92,54,19,57,119,311,0.374,0.447,0.295,0.444,0.784,0.475,shumpim01
Jonathon Simmons,26,SAS,NBA,2015-16,55,2,813,122,242,104,195,18,47,69,92,16,80,96,58,24,5,53,103,331,0.504,0.533,0.383,0.541,0.75,0.586,simmojo02
Henry Sims,25,BRK,NBA,2015-16,14,4,263,33,77,33,77,0,0,25,30,21,51,72,9,9,14,12,37,91,0.429,0.429,,0.429,0.833,0.504,simshe01
Kyle Singler,27,OKC,NBA,2015-16,68,2,977,86,221,56,124,30,97,29,44,50,91,141,24,30,9,32,120,231,0.389,0.452,0.309,0.457,0.659,0.481,singlky01
Donald Sloan,28,BRK,NBA,2015-16,61,33,1318,154,350,116,251,38,99,78,104,17,156,173,268,32,4,80,73,424,0.44,0.462,0.384,0.494,0.75,0.536,sloando01
Marcus Smart,21,BOS,NBA,2015-16,61,10,1667,184,529,123,288,61,241,129,166,76,179,255,185,91,18,80,183,558,0.348,0.427,0.253,0.405,0.777,0.463,smartma01
Greg Smith,25,MIN,NBA,2015-16,18,0,192,18,32,18,32,0,0,7,17,12,30,42,6,4,1,7,28,43,0.563,0.563,,0.563,0.412,0.545,smithgr02
Ish Smith,27,TOT,NBA,2015-16,77,53,2239,397,967,341,797,56,170,122,176,43,262,305,502,88,24,175,133,972,0.411,0.428,0.329,0.44,0.693,0.465,smithis01
J.R. Smith,30,CLE,NBA,2015-16,77,77,2362,353,850,149,340,204,510,45,71,43,174,217,130,81,21,59,204,955,0.415,0.438,0.4,0.535,0.634,0.542,smithjr01
Jason Smith,29,ORL,NBA,2015-16,76,2,1181,244,503,240,487,4,16,54,67,53,166,219,62,33,65,57,163,546,0.485,0.493,0.25,0.489,0.806,0.513,smithja02
Josh Smith,30,TOT,NBA,2015-16,55,7,880,127,349,86,206,41,143,37,67,51,141,192,90,34,47,77,118,332,0.364,0.417,0.287,0.423,0.552,0.439,smithjo03
Russ Smith,24,MEM,NBA,2015-16,15,0,66,7,22,6,17,1,5,8,13,1,8,9,11,5,1,7,5,23,0.318,0.353,0.2,0.341,0.615,0.415,smithru01
Tony Snell,24,CHI,NBA,2015-16,64,33,1301,126,339,70,184,56,155,30,33,19,180,199,63,16,17,52,100,338,0.372,0.38,0.361,0.454,0.909,0.478,snellto01
Marreese Speights,28,GSW,NBA,2015-16,72,0,832,197,456,173,394,24,62,94,114,77,162,239,61,19,34,66,117,512,0.432,0.439,0.387,0.458,0.825,0.506,speigma01
Tiago Splitter,31,ATL,NBA,2015-16,36,2,579,81,155,81,153,0,2,39,48,45,75,120,30,20,12,24,71,201,0.523,0.529,0,0.523,0.813,0.571,splitti01
Nik Stauskas,22,PHI,NBA,2015-16,73,35,1809,210,545,104,220,106,325,91,118,23,160,183,138,44,20,94,115,617,0.385,0.473,0.326,0.483,0.771,0.517,stausni01
Lance Stephenson,25,TOT,NBA,2015-16,69,13,1372,228,474,198,396,30,78,87,111,40,183,223,133,43,9,94,135,573,0.481,0.5,0.385,0.513,0.784,0.548,stephla01
Alex Stepheson,28,TOT,NBA,2015-16,8,0,73,9,27,9,27,0,0,4,12,19,9,28,2,1,5,0,12,22,0.333,0.333,,0.333,0.333,0.341,stephal01
Jarnell Stokes,22,TOT,NBA,2015-16,7,0,18,3,5,3,5,0,0,1,2,1,3,4,1,1,0,0,1,7,0.6,0.6,,0.6,0.5,0.595,stokeja01
Amar'e Stoudemire,33,MIA,NBA,2015-16,52,36,762,125,221,125,221,0,0,50,67,65,157,222,27,18,41,47,92,300,0.566,0.566,,0.566,0.746,0.599,stoudam01
Rodney Stuckey,29,IND,NBA,2015-16,58,1,1275,183,443,163,360,20,83,131,158,19,137,156,142,43,8,76,77,517,0.413,0.453,0.241,0.436,0.829,0.504,stuckro01
Jared Sullinger,23,BOS,NBA,2015-16,81,73,1915,351,806,322,703,29,103,103,161,194,479,673,187,75,47,102,209,834,0.435,0.458,0.282,0.453,0.64,0.476,sullija01
Edy Tavares,23,ATL,NBA,2015-16,11,0,73,11,19,11,19,0,0,3,8,7,14,21,3,1,6,5,8,25,0.579,0.579,,0.579,0.375,0.555,tavarwa01
Jeff Teague,27,ATL,NBA,2015-16,79,78,2255,434,988,324,713,110,275,261,312,33,181,214,470,97,24,218,167,1239,0.439,0.454,0.4,0.495,0.837,0.551,teaguje01
Mirza Teletovic,30,PHO,NBA,2015-16,79,1,1686,332,777,151,317,181,460,120,155,55,247,302,89,32,21,84,159,965,0.427,0.476,0.393,0.544,0.774,0.571,teletmi01
Garrett Temple,29,WAS,NBA,2015-16,80,43,1951,201,505,112,247,89,258,91,125,36,176,212,140,69,18,64,195,582,0.398,0.453,0.345,0.486,0.728,0.52,templga01
Jason Terry,38,HOU,NBA,2015-16,72,7,1258,151,376,58,115,93,261,27,33,14,65,79,103,47,9,49,91,422,0.402,0.504,0.356,0.525,0.818,0.54,terryja01
Isaiah Thomas,26,BOS,NBA,2015-16,82,79,2644,591,1382,424,917,167,465,474,544,46,197,243,509,91,9,220,167,1823,0.428,0.462,0.359,0.488,0.871,0.562,thomais02
Lance Thomas,27,NYK,NBA,2015-16,59,5,1313,169,382,125,273,44,109,102,119,34,97,131,53,22,7,57,109,484,0.442,0.458,0.404,0.5,0.857,0.557,thomala01
Hollis Thompson,24,PHI,NBA,2015-16,77,17,2154,270,680,121,288,149,392,69,96,54,218,272,99,36,24,76,187,758,0.397,0.42,0.38,0.507,0.719,0.525,thompho01
Jason Thompson,29,TOT,NBA,2015-16,47,7,471,52,108,47,93,5,15,38,54,32,102,134,29,12,20,15,80,147,0.481,0.505,0.333,0.505,0.704,0.558,thompja02
Klay Thompson,25,GSW,NBA,2015-16,80,80,2666,651,1386,375,736,276,650,193,221,35,271,306,166,60,49,138,152,1771,0.47,0.51,0.425,0.569,0.873,0.597,thompkl01
Tristan Thompson,24,CLE,NBA,2015-16,82,34,2269,247,420,247,420,0,0,149,242,268,470,738,62,38,51,61,202,643,0.588,0.588,,0.588,0.616,0.611,thomptr01
Marcus Thornton,28,TOT,NBA,2015-16,61,8,1109,216,542,125,272,91,270,67,79,38,112,150,85,47,4,51,90,590,0.399,0.46,0.337,0.482,0.848,0.511,thornma01
Anthony Tolliver,30,DET,NBA,2015-16,72,5,1341,128,332,30,60,98,272,29,47,39,190,229,52,26,16,28,86,383,0.386,0.5,0.36,0.533,0.617,0.543,tollian01
Axel Toupane,23,DEN,NBA,2015-16,21,0,305,25,70,12,30,13,40,13,17,8,23,31,15,7,6,6,40,76,0.357,0.4,0.325,0.45,0.765,0.49,toupaax01
Karl-Anthony Towns,20,MIN,NBA,2015-16,82,82,2627,625,1153,595,1065,30,88,223,275,229,629,858,161,58,138,183,245,1503,0.542,0.559,0.341,0.555,0.811,0.59,townska01
P.J. Tucker,30,PHO,NBA,2015-16,82,80,2540,239,582,171,376,68,206,106,142,165,347,512,177,106,20,111,202,652,0.411,0.455,0.33,0.469,0.746,0.506,tuckepj01
Evan Turner,27,BOS,NBA,2015-16,81,12,2271,343,753,323,670,20,83,148,179,50,347,397,359,80,28,169,139,854,0.456,0.482,0.241,0.469,0.827,0.513,turneev01
Myles Turner,19,IND,NBA,2015-16,60,30,1367,264,530,261,516,3,14,88,121,68,264,332,41,25,86,67,158,619,0.498,0.506,0.214,0.501,0.727,0.531,turnemy01
Beno Udrih,33,TOT,NBA,2015-16,44,5,707,86,198,71,154,15,44,18,20,8,64,72,116,14,1,53,51,205,0.434,0.461,0.341,0.472,0.9,0.496,udrihbe01
Jonas Valanciunas,23,TOR,NBA,2015-16,60,59,1557,303,536,303,536,0,0,162,213,184,363,547,42,25,80,85,158,768,0.565,0.565,,0.565,0.761,0.61,valanjo01
Anderson Varejao,33,TOT,NBA,2015-16,53,0,496,53,124,53,123,0,1,32,50,37,104,141,35,16,10,22,70,138,0.427,0.431,0,0.427,0.64,0.473,varejan01
Greivis Vasquez,29,MIL,NBA,2015-16,23,0,460,45,138,27,65,18,73,22,26,5,42,47,91,10,0,40,42,130,0.326,0.415,0.247,0.391,0.846,0.435,vasqugr01
Rashad Vaughn,19,MIL,NBA,2015-16,70,6,1001,81,266,38,119,43,147,12,15,11,77,88,39,29,16,28,73,217,0.305,0.319,0.293,0.385,0.8,0.398,vaughra01
Charlie Villanueva,31,DAL,NBA,2015-16,62,4,665,125,327,78,155,47,172,22,24,24,128,152,24,18,15,31,71,319,0.382,0.503,0.273,0.454,0.917,0.473,villach01
Noah Vonleh,20,POR,NBA,2015-16,78,56,1174,117,278,106,232,11,46,38,51,91,214,305,30,27,26,50,152,283,0.421,0.457,0.239,0.441,0.745,0.471,vonleno01
Nikola Vucevic,25,ORL,NBA,2015-16,65,60,2037,533,1046,531,1037,2,9,113,150,174,402,576,179,53,70,123,173,1181,0.51,0.512,0.222,0.511,0.753,0.531,vucevni01
Sasha Vujacic,31,NYK,NBA,2015-16,61,25,908,106,277,54,134,52,143,32,39,26,123,149,84,34,5,44,83,296,0.383,0.403,0.364,0.477,0.821,0.503,vujacsa01
Dwyane Wade,34,MIA,NBA,2015-16,74,73,2258,540,1183,533,1139,7,44,322,406,82,220,302,344,79,42,203,116,1409,0.456,0.468,0.159,0.459,0.793,0.517,wadedw01
Dion Waiters,24,OKC,NBA,2015-16,78,15,2152,282,706,196,466,86,240,112,157,36,166,202,154,81,15,120,143,762,0.399,0.421,0.358,0.46,0.713,0.492,waitedi01
Kemba Walker,25,CHO,NBA,2015-16,81,81,2885,568,1331,386,841,182,490,371,438,56,301,357,421,126,39,171,111,1689,0.427,0.459,0.371,0.495,0.847,0.554,walkeke02
John Wall,25,WAS,NBA,2015-16,77,77,2784,572,1349,457,1021,115,328,272,344,42,337,379,789,145,59,318,159,1531,0.424,0.448,0.351,0.467,0.791,0.51,walljo01
T.J. Warren,22,PHO,NBA,2015-16,47,4,1070,221,441,193,371,28,70,45,64,57,90,147,44,37,16,32,94,515,0.501,0.52,0.4,0.533,0.703,0.549,warretj01
C.J. Watson,31,ORL,NBA,2015-16,33,2,656,47,137,33,89,14,48,34,39,10,56,66,88,19,5,25,49,142,0.343,0.371,0.292,0.394,0.872,0.461,watsocj01
Briante Weber,23,TOT,NBA,2015-16,7,4,169,14,39,14,34,0,5,3,4,8,17,25,21,9,3,9,12,31,0.359,0.412,0,0.359,0.75,0.38,weberbr01
Sonny Weems,29,TOT,NBA,2015-16,43,0,499,42,110,27,69,15,41,8,15,7,46,53,49,10,1,41,47,107,0.382,0.391,0.366,0.45,0.533,0.459,weemsso01
David West,35,SAS,NBA,2015-16,78,19,1404,244,448,241,441,3,7,63,80,72,237,309,143,44,55,68,142,554,0.545,0.546,0.429,0.548,0.788,0.573,westda01
Russell Westbrook,27,OKC,NBA,2015-16,80,80,2750,656,1444,555,1103,101,341,465,573,145,481,626,834,163,20,342,200,1878,0.454,0.503,0.296,0.489,0.812,0.554,westbru01
Hassan Whiteside,26,MIA,NBA,2015-16,73,43,2125,413,682,413,682,0,0,214,329,238,627,865,30,44,269,137,201,1040,0.606,0.606,,0.606,0.65,0.629,whiteha01
Shayne Whittington,24,IND,NBA,2015-16,7,0,41,5,11,5,9,0,2,1,2,5,7,12,3,1,1,5,7,11,0.455,0.556,0,0.455,0.5,0.463,whittsh01
Andrew Wiggins,20,MIN,NBA,2015-16,81,81,2845,594,1294,537,1104,57,190,430,565,105,186,291,164,78,46,182,165,1675,0.459,0.486,0.3,0.481,0.761,0.543,wiggian01
C.J. Wilcox,25,LAC,NBA,2015-16,23,0,167,26,66,17,43,9,23,9,12,1,11,12,10,10,2,2,15,70,0.394,0.395,0.391,0.462,0.75,0.491,wilcocj01
Alan Williams,23,PHO,NBA,2015-16,10,0,68,10,24,10,24,0,0,9,14,14,24,38,5,4,5,6,15,29,0.417,0.417,,0.417,0.643,0.481,willial03
Deron Williams,31,DAL,NBA,2015-16,65,63,2106,321,775,224,493,97,282,179,206,19,171,190,378,61,14,150,155,918,0.414,0.454,0.344,0.477,0.869,0.53,willide01
Derrick Williams,24,NYK,NBA,2015-16,80,9,1435,254,565,210,415,44,150,194,256,47,249,296,75,29,9,61,69,746,0.45,0.506,0.293,0.488,0.758,0.55,willide02
Elliot Williams,26,MEM,NBA,2015-16,5,0,45,2,10,1,6,1,4,3,4,1,3,4,4,0,0,1,2,8,0.2,0.167,0.25,0.25,0.75,0.34,williel01
Lou Williams,29,LAL,NBA,2015-16,67,35,1907,283,693,173,373,110,320,352,424,31,138,169,167,62,19,107,107,1028,0.408,0.464,0.344,0.488,0.83,0.584,willilo02
Marvin Williams,29,CHO,NBA,2015-16,81,81,2338,338,747,186,369,152,378,120,144,127,394,521,110,58,77,62,133,948,0.452,0.504,0.402,0.554,0.833,0.585,willima02
Mo Williams,33,CLE,NBA,2015-16,41,14,748,132,302,96,200,36,102,38,42,6,66,72,98,14,5,57,60,338,0.437,0.48,0.353,0.497,0.905,0.527,willima01
Justise Winslow,19,MIA,NBA,2015-16,78,8,2232,195,462,163,346,32,116,80,117,81,322,403,117,68,26,95,184,502,0.422,0.471,0.276,0.457,0.684,0.489,winslju01
Jeff Withey,25,UTA,NBA,2015-16,51,10,658,87,162,87,160,0,2,43,59,56,117,173,20,21,53,28,75,217,0.537,0.544,0,0.537,0.729,0.577,witheje01
Christian Wood,20,PHI,NBA,2015-16,17,0,145,22,53,18,42,4,11,13,21,13,25,38,3,5,7,2,11,61,0.415,0.429,0.364,0.453,0.619,0.49,woodch01
Metta World Peace,36,LAL,NBA,2015-16,35,5,590,55,177,29,93,26,84,40,57,19,70,89,27,22,11,15,67,176,0.311,0.312,0.31,0.384,0.702,0.435,artesro01
Brandan Wright,28,MEM,NBA,2015-16,12,2,212,35,52,35,52,0,0,13,24,14,29,43,6,5,15,10,21,83,0.673,0.673,,0.673,0.542,0.663,wrighbr03
Delon Wright,23,TOR,NBA,2015-16,27,1,229,36,80,31,67,5,13,26,35,8,29,37,31,8,3,16,7,103,0.45,0.463,0.385,0.481,0.743,0.54,wrighde01
Tony Wroten,22,PHI,NBA,2015-16,8,3,144,22,65,19,48,3,17,20,37,2,19,21,20,3,0,29,11,67,0.338,0.396,0.176,0.362,0.541,0.412,wroteto01
James Young,20,BOS,NBA,2015-16,29,0,199,11,36,5,10,6,26,1,4,4,22,26,9,6,1,5,17,29,0.306,0.5,0.231,0.389,0.25,0.384,youngja01
Joe Young,23,IND,NBA,2015-16,41,0,384,62,169,52,123,10,46,20,25,6,44,50,65,15,0,33,30,154,0.367,0.423,0.217,0.396,0.8,0.428,youngjo01
Nick Young,30,LAL,NBA,2015-16,54,2,1033,126,372,49,135,77,237,63,76,14,83,97,34,23,7,30,50,392,0.339,0.363,0.325,0.442,0.829,0.483,youngni01
Thaddeus Young,27,BRK,NBA,2015-16,73,73,2407,495,963,488,933,7,30,105,163,176,484,660,135,112,37,136,182,1102,0.514,0.523,0.233,0.518,0.644,0.533,youngth01
Cody Zeller,23,CHO,NBA,2015-16,73,60,1774,231,437,230,427,1,10,175,232,138,317,455,71,57,63,68,204,638,0.529,0.539,0.1,0.53,0.754,0.592,zelleco01
Tyler Zeller,26,BOS,NBA,2015-16,60,3,710,138,290,138,290,0,0,88,108,62,116,178,29,10,22,46,97,364,0.476,0.476,,0.476,0.815,0.539,zellety01
Alex Abrines,23,OKC,NBA,2016-17,68,6,1055,134,341,40,94,94,247,44,49,18,68,86,40,37,8,33,114,406,0.393,0.426,0.381,0.531,0.898,0.56,abrinal01
Quincy Acy,26,TOT,NBA,2016-17,38,1,558,70,170,33,80,37,90,45,60,20,95,115,18,14,15,21,67,222,0.412,0.413,0.411,0.521,0.75,0.565,acyqu01
Steven Adams,23,OKC,NBA,2016-17,80,80,2389,374,655,374,654,0,1,157,257,281,332,613,86,89,78,146,195,905,0.571,0.572,0,0.571,0.611,0.589,adamsst01
Arron Afflalo,31,SAC,NBA,2016-17,61,45,1580,185,420,123,269,62,151,83,93,9,116,125,78,21,6,42,104,515,0.44,0.457,0.411,0.514,0.892,0.559,afflaar01
Alexis Ajinca,28,NOP,NBA,2016-17,39,15,584,89,178,89,174,0,4,29,40,46,131,177,12,20,22,31,77,207,0.5,0.511,0,0.5,0.725,0.529,ajincal01
Cole Aldrich,28,MIN,NBA,2016-17,62,0,531,45,86,45,86,0,0,15,22,51,107,158,25,25,23,17,85,105,0.523,0.523,,0.523,0.682,0.549,aldrico01
LaMarcus Aldridge,31,SAS,NBA,2016-17,72,72,2335,500,1049,477,993,23,56,220,271,172,351,523,139,46,88,98,158,1243,0.477,0.48,0.411,0.488,0.812,0.532,aldrila01
Lavoy Allen,27,IND,NBA,2016-17,61,5,871,77,168,77,167,0,1,23,33,105,114,219,57,18,24,29,78,177,0.458,0.461,0,0.458,0.697,0.485,allenla01
Tony Allen,35,MEM,NBA,2016-17,71,66,1914,274,595,259,541,15,54,80,130,166,225,391,98,115,29,100,178,643,0.461,0.479,0.278,0.473,0.615,0.493,allento01
Al-Farouq Aminu,26,POR,NBA,2016-17,61,25,1773,183,466,113,254,70,212,96,136,77,374,451,99,60,44,94,102,532,0.393,0.445,0.33,0.468,0.706,0.506,aminual01
Chris Andersen,38,CLE,NBA,2016-17,12,0,114,9,22,9,19,0,3,10,14,9,22,31,5,5,7,5,20,28,0.409,0.474,0,0.409,0.714,0.497,anderch01
Alan Anderson,34,LAC,NBA,2016-17,30,0,308,30,80,16,36,14,44,12,16,3,21,24,11,3,0,7,35,86,0.375,0.444,0.318,0.463,0.75,0.494,anderal01
Justin Anderson,23,TOT,NBA,2016-17,75,10,1228,186,439,128,245,58,194,102,129,69,176,245,66,41,23,66,109,532,0.424,0.522,0.299,0.49,0.791,0.537,anderju01
Kyle Anderson,23,SAS,NBA,2016-17,72,14,1020,93,209,78,169,15,40,45,57,33,175,208,91,51,26,39,63,246,0.445,0.462,0.375,0.481,0.789,0.525,anderky01
Ryan Anderson,28,HOU,NBA,2016-17,72,72,2116,323,773,119,267,204,506,129,150,112,218,330,68,31,14,55,142,979,0.418,0.446,0.403,0.55,0.86,0.583,anderry01
Giannis Antetokounmpo,22,MIL,NBA,2016-17,80,80,2845,656,1259,607,1079,49,180,471,612,142,558,700,434,131,151,234,246,1832,0.521,0.563,0.272,0.541,0.77,0.599,antetgi01
Carmelo Anthony,32,NYK,NBA,2016-17,74,74,2538,602,1389,451,968,151,421,304,365,62,376,438,213,60,34,153,198,1659,0.433,0.466,0.359,0.488,0.833,0.535,anthoca01
Joel Anthony,34,SAS,NBA,2016-17,19,0,122,10,16,10,16,0,0,5,8,8,23,31,3,2,6,4,11,25,0.625,0.625,,0.625,0.625,0.64,anthojo01
Trevor Ariza,31,HOU,NBA,2016-17,80,80,2773,326,798,135,243,191,555,93,126,54,404,458,175,147,20,73,133,936,0.409,0.556,0.344,0.528,0.738,0.548,arizatr01
Darrell Arthur,28,DEN,NBA,2016-17,41,7,639,95,215,42,98,53,117,19,22,25,87,112,42,19,21,36,76,262,0.442,0.429,0.453,0.565,0.864,0.583,arthuda01
Omer Asik,30,NOP,NBA,2016-17,31,19,482,31,65,31,65,0,0,23,39,48,115,163,15,5,10,14,51,85,0.477,0.477,,0.477,0.59,0.517,asikom01
D.J. Augustin,29,ORL,NBA,2016-17,78,20,1538,195,517,100,243,95,274,131,161,15,102,117,209,31,1,90,101,616,0.377,0.412,0.347,0.469,0.814,0.524,augusdj01
Luke Babbitt,27,MIA,NBA,2016-17,68,55,1065,113,281,26,71,87,210,11,15,12,129,141,36,20,11,25,118,324,0.402,0.366,0.414,0.557,0.733,0.563,babbilu01
Ron Baker,23,NYK,NBA,2016-17,52,13,857,82,217,59,131,23,86,28,43,12,86,98,107,34,8,56,74,215,0.378,0.45,0.267,0.431,0.651,0.456,bakerro01
Wade Baldwin,20,MEM,NBA,2016-17,33,1,405,36,115,33,93,3,22,31,37,11,35,46,61,18,7,39,40,106,0.313,0.355,0.136,0.326,0.838,0.404,baldwwa01
Leandro Barbosa,34,PHO,NBA,2016-17,67,0,963,172,392,137,294,35,98,40,45,15,89,104,81,31,8,48,82,419,0.439,0.466,0.357,0.483,0.889,0.509,barbole01
J.J. Barea,32,DAL,NBA,2016-17,35,6,771,142,343,89,195,53,148,44,51,9,75,84,193,14,1,63,30,381,0.414,0.456,0.358,0.491,0.863,0.521,bareajo01
Harrison Barnes,24,DAL,NBA,2016-17,79,79,2803,599,1280,521,1058,78,222,242,281,93,301,394,116,65,15,102,128,1518,0.468,0.492,0.351,0.498,0.861,0.541,barneha02
Matt Barnes,36,TOT,NBA,2016-17,74,18,1777,185,473,98,210,87,263,70,89,70,314,384,195,48,26,107,185,527,0.391,0.467,0.331,0.483,0.787,0.514,barnema02
Will Barton,26,DEN,NBA,2016-17,60,19,1705,295,666,208,431,87,235,143,190,58,201,259,206,48,28,97,110,820,0.443,0.483,0.37,0.508,0.753,0.547,bartowi01
Brandon Bass,31,LAC,NBA,2016-17,52,0,577,107,186,106,183,1,3,77,88,43,86,129,21,14,11,29,45,292,0.575,0.579,0.333,0.578,0.875,0.65,bassbr01
Nicolas Batum,28,CHO,NBA,2016-17,77,77,2617,393,975,258,570,135,405,243,284,46,435,481,456,86,29,194,109,1164,0.403,0.453,0.333,0.472,0.856,0.529,batumni01
Jerryd Bayless,28,PHI,NBA,2016-17,3,1,71,11,32,9,27,2,5,9,10,3,9,12,13,0,0,9,4,33,0.344,0.333,0.4,0.375,0.9,0.453,bayleje01
Aron Baynes,30,DET,NBA,2016-17,75,2,1163,143,279,143,279,0,0,79,94,111,222,333,32,17,39,50,166,365,0.513,0.513,,0.513,0.84,0.57,baynear01
Kent Bazemore,27,ATL,NBA,2016-17,73,64,1963,295,721,203,455,92,266,119,168,45,186,231,177,91,52,125,165,801,0.409,0.446,0.346,0.473,0.708,0.504,bazemke01
Bradley Beal,23,WAS,NBA,2016-17,77,77,2684,637,1322,414,770,223,552,282,342,53,187,240,267,83,21,156,169,1779,0.482,0.538,0.404,0.566,0.825,0.604,bealbr01
Malik Beasley,20,DEN,NBA,2016-17,22,1,165,33,73,24,45,9,28,8,10,5,12,17,11,7,0,8,10,83,0.452,0.533,0.321,0.514,0.8,0.536,beaslma01
Michael Beasley,28,MIL,NBA,2016-17,56,6,935,216,406,198,363,18,43,78,105,40,153,193,53,27,27,66,92,528,0.532,0.545,0.419,0.554,0.743,0.584,beaslmi01
Marco Belinelli,30,CHO,NBA,2016-17,74,0,1778,264,615,162,332,102,283,150,168,14,164,178,147,44,9,70,90,780,0.429,0.488,0.36,0.512,0.893,0.566,belinma01
DeAndre' Bembry,22,ATL,NBA,2016-17,38,1,371,47,98,46,80,1,18,6,16,14,45,59,28,8,5,16,21,101,0.48,0.575,0.056,0.485,0.375,0.481,bembrde01
Dragan Bender,19,PHO,NBA,2016-17,43,0,574,57,161,29,60,28,101,4,11,23,80,103,23,10,22,32,74,146,0.354,0.483,0.277,0.441,0.364,0.44,bendedr01
Anthony Bennett,23,BRK,NBA,2016-17,23,1,264,38,92,25,44,13,48,26,36,25,53,78,12,5,3,12,18,115,0.413,0.568,0.271,0.484,0.722,0.533,bennean01
Ben Bentil,21,DAL,NBA,2016-17,3,0,10,0,3,0,2,0,1,0,0,0,2,2,0,0,0,1,1,0,0,0,0,0,,0,bentibe01
Davis Bertans,24,SAS,NBA,2016-17,67,6,808,103,234,34,61,69,173,28,34,22,76,98,46,20,28,32,75,303,0.44,0.557,0.399,0.588,0.824,0.609,bertada01
Patrick Beverley,28,HOU,NBA,2016-17,67,67,2058,228,543,118,255,110,288,73,95,95,298,393,281,99,25,100,222,639,0.42,0.463,0.382,0.521,0.768,0.546,beverpa01
Bismack Biyombo,24,ORL,NBA,2016-17,81,27,1793,179,339,179,339,0,0,125,234,157,410,567,74,25,91,95,202,483,0.528,0.528,,0.528,0.534,0.546,biyombi01
Nemanja Bjelica,28,MIN,NBA,2016-17,65,1,1190,151,356,95,179,56,177,45,61,57,187,244,79,40,20,59,154,403,0.424,0.531,0.316,0.503,0.738,0.526,bjeline01
Tarik Black,25,LAL,NBA,2016-17,67,16,1091,150,294,149,292,1,2,82,109,144,199,343,39,29,44,58,173,383,0.51,0.51,0.5,0.512,0.752,0.56,blackta01
Eric Bledsoe,27,PHO,NBA,2016-17,66,66,2176,449,1034,345,724,104,310,388,458,52,268,320,418,91,31,224,164,1390,0.434,0.477,0.335,0.485,0.847,0.563,bledser01
Bojan Bogdanovic,27,TOT,NBA,2016-17,81,54,2083,376,845,232,453,144,392,217,243,37,240,277,111,34,7,131,146,1113,0.445,0.512,0.367,0.53,0.893,0.585,bogdabo02
Andrew Bogut,32,TOT,NBA,2016-17,27,21,583,38,81,38,80,0,1,3,11,56,162,218,49,13,25,43,86,79,0.469,0.475,0,0.469,0.273,0.46,bogutan01
Joel Bolomboy,23,UTA,NBA,2016-17,12,0,53,9,16,8,12,1,4,3,6,4,13,17,2,1,2,2,1,22,0.563,0.667,0.25,0.594,0.5,0.59,bolomjo01
Devin Booker,20,PHO,NBA,2016-17,78,78,2730,606,1431,459,1026,147,405,367,441,46,203,249,268,72,21,241,242,1726,0.423,0.447,0.363,0.475,0.832,0.531,bookede01
Trevor Booker,29,BRK,NBA,2016-17,71,43,1754,305,591,280,513,25,78,74,110,143,428,571,138,75,28,127,152,709,0.516,0.546,0.321,0.537,0.673,0.554,booketr01
Avery Bradley,26,BOS,NBA,2016-17,55,55,1835,359,775,251,498,108,277,68,93,65,269,334,122,68,11,88,141,894,0.463,0.504,0.39,0.533,0.731,0.548,bradlav01
Corey Brewer,30,TOT,NBA,2016-17,82,11,1281,147,348,120,230,27,118,50,68,32,134,166,97,61,20,55,133,371,0.422,0.522,0.229,0.461,0.735,0.491,breweco01
Malcolm Brogdon,24,MIL,NBA,2016-17,75,28,1982,290,635,212,442,78,193,109,126,47,166,213,317,84,12,113,140,767,0.457,0.48,0.404,0.518,0.865,0.555,brogdma01
Aaron Brooks,32,IND,NBA,2016-17,65,0,894,121,300,73,172,48,128,32,40,18,51,69,125,25,9,66,93,322,0.403,0.424,0.375,0.483,0.8,0.507,brookaa01
Anthony Brown,24,TOT,NBA,2016-17,11,0,159,18,50,11,23,7,27,0,0,8,25,33,8,5,1,6,15,43,0.36,0.478,0.259,0.43,,0.43,brownan02
Bobby Brown,32,HOU,NBA,2016-17,25,0,123,23,60,9,25,14,35,2,2,0,6,6,14,1,0,5,5,62,0.383,0.36,0.4,0.5,1,0.509,brownbo02
Jaylen Brown,20,BOS,NBA,2016-17,78,20,1341,192,423,146,288,46,135,85,124,45,175,220,64,35,18,68,142,515,0.454,0.507,0.341,0.508,0.685,0.539,brownja02
Nicolas Brussino,23,DAL,NBA,2016-17,54,2,521,52,141,23,46,29,95,17,22,26,69,95,47,17,8,26,43,150,0.369,0.5,0.305,0.472,0.773,0.498,brussni01
Reggie Bullock,25,DET,NBA,2016-17,31,5,467,54,128,26,55,28,73,5,7,13,51,64,29,18,3,10,22,141,0.422,0.473,0.384,0.531,0.714,0.538,bullore01
Trey Burke,24,WAS,NBA,2016-17,57,0,703,116,255,85,185,31,70,22,29,7,40,47,100,11,5,48,54,285,0.455,0.459,0.443,0.516,0.759,0.532,burketr01
Alec Burks,25,UTA,NBA,2016-17,42,0,653,99,248,74,172,25,76,60,78,17,103,120,30,18,5,35,50,283,0.399,0.43,0.329,0.45,0.769,0.501,burksal01
Jimmy Butler,27,CHI,NBA,2016-17,76,75,2809,570,1252,479,1004,91,248,585,676,129,341,470,417,143,32,159,112,1816,0.455,0.477,0.367,0.492,0.865,0.586,butleji01
Bruno Caboclo,21,TOR,NBA,2016-17,9,0,40,6,16,4,10,2,6,0,0,5,5,10,4,2,1,2,4,14,0.375,0.4,0.333,0.438,,0.438,cabocbr01
Jose Calderon,35,TOT,NBA,2016-17,41,13,539,55,134,35,70,20,64,11,12,15,59,74,88,11,1,41,36,141,0.41,0.5,0.313,0.485,0.917,0.506,caldejo01
Kentavious Caldwell-Pope,23,DET,NBA,2016-17,76,75,2529,370,928,217,491,153,437,154,185,55,193,248,193,89,12,86,118,1047,0.399,0.442,0.35,0.481,0.832,0.519,caldwke01
Isaiah Canaan,25,CHI,NBA,2016-17,39,0,592,63,173,38,79,25,94,30,33,6,44,50,37,22,1,21,35,181,0.364,0.481,0.266,0.436,0.909,0.483,canaais01
Clint Capela,22,HOU,NBA,2016-17,65,59,1551,362,563,362,563,0,0,94,177,178,348,526,63,34,79,87,179,818,0.643,0.643,,0.643,0.531,0.638,capelca01
DeMarre Carroll,30,TOR,NBA,2016-17,72,72,1882,220,550,111,230,109,320,89,117,63,212,275,74,81,27,54,143,638,0.4,0.483,0.341,0.499,0.761,0.53,carrode01
Vince Carter,40,MEM,NBA,2016-17,73,15,1799,193,490,81,194,112,296,88,115,36,191,227,133,60,36,50,163,586,0.394,0.418,0.378,0.508,0.765,0.542,cartevi01
Michael Carter-Williams,25,CHI,NBA,2016-17,45,19,846,112,306,97,242,15,64,58,77,24,129,153,113,38,23,66,102,297,0.366,0.401,0.234,0.391,0.753,0.437,cartemi01
Omri Casspi,28,TOT,NBA,2016-17,36,2,643,77,164,62,121,15,43,17,29,27,85,112,37,23,3,29,50,186,0.47,0.512,0.349,0.515,0.586,0.526,casspom01
Willie Cauley-Stein,23,SAC,NBA,2016-17,75,21,1421,255,481,255,479,0,2,101,151,85,254,339,80,53,44,69,147,611,0.53,0.532,0,0.53,0.669,0.558,caulewi01
Tyson Chandler,34,PHO,NBA,2016-17,47,46,1298,153,228,153,228,0,0,91,124,153,386,539,30,33,24,65,126,397,0.671,0.671,,0.671,0.734,0.703,chandty01
Wilson Chandler,29,DEN,NBA,2016-17,71,33,2197,433,939,323,613,110,326,141,194,103,357,460,141,51,30,114,172,1117,0.461,0.527,0.337,0.52,0.727,0.545,chandwi01
Marquese Chriss,19,PHO,NBA,2016-17,82,75,1743,284,632,212,408,72,224,113,181,96,252,348,60,67,70,108,263,753,0.449,0.52,0.321,0.506,0.624,0.529,chrisma01
Rakeem Christmas,25,IND,NBA,2016-17,29,0,219,19,43,19,43,0,0,21,29,26,30,56,4,3,6,8,37,59,0.442,0.442,,0.442,0.724,0.529,chrisra01
Semaj Christon,24,OKC,NBA,2016-17,64,1,973,77,223,65,160,12,63,17,31,19,68,87,130,28,7,43,79,183,0.345,0.406,0.19,0.372,0.548,0.387,chrisse01
Ian Clark,25,GSW,NBA,2016-17,77,0,1137,211,433,150,270,61,163,44,58,22,99,121,90,39,8,55,77,527,0.487,0.556,0.374,0.558,0.759,0.575,clarkia01
Jordan Clarkson,24,LAL,NBA,2016-17,82,19,2397,477,1071,360,715,117,356,134,168,49,197,246,213,88,8,164,150,1205,0.445,0.503,0.329,0.5,0.798,0.526,clarkjo01
Norris Cole,28,OKC,NBA,2016-17,13,0,125,16,52,13,39,3,13,8,10,0,11,11,14,8,0,7,18,43,0.308,0.333,0.231,0.337,0.8,0.381,coleno01
Darren Collison,29,SAC,NBA,2016-17,68,64,2063,340,714,267,539,73,175,147,171,23,129,152,312,67,9,114,119,900,0.476,0.495,0.417,0.527,0.86,0.57,collida01
Nick Collison,36,OKC,NBA,2016-17,20,0,128,14,23,14,22,0,1,5,8,9,22,31,12,2,2,4,17,33,0.609,0.636,0,0.609,0.625,0.622,collini01
Mike Conley,29,MEM,NBA,2016-17,69,68,2292,464,1009,293,590,171,419,316,368,31,210,241,433,92,19,156,126,1415,0.46,0.497,0.408,0.545,0.859,0.604,conlemi01
Pat Connaughton,24,POR,NBA,2016-17,39,1,316,37,72,20,39,17,33,7,9,10,42,52,28,6,2,17,23,98,0.514,0.513,0.515,0.632,0.778,0.645,connapa01
Quinn Cook,23,TOT,NBA,2016-17,14,0,188,33,66,22,40,11,26,2,5,1,6,7,26,4,0,13,13,79,0.5,0.55,0.423,0.583,0.4,0.579,cookqu01
DeMarcus Cousins,26,TOT,NBA,2016-17,72,72,2465,647,1432,516,1069,131,363,517,670,152,642,794,332,100,93,269,278,1942,0.452,0.483,0.361,0.498,0.772,0.562,couside01
Robert Covington,26,PHI,NBA,2016-17,67,67,2119,292,732,155,320,137,412,143,174,92,344,436,102,127,69,131,203,864,0.399,0.484,0.333,0.492,0.822,0.534,covinro01
Allen Crabbe,24,POR,NBA,2016-17,79,7,2254,303,647,169,345,134,302,105,124,19,207,226,94,54,20,62,171,845,0.468,0.49,0.444,0.572,0.847,0.602,crabbal01
Jamal Crawford,36,LAC,NBA,2016-17,82,1,2157,359,870,243,548,116,322,174,203,17,112,129,214,61,14,134,115,1008,0.413,0.443,0.36,0.479,0.857,0.525,crawfja01
Jordan Crawford,28,NOP,NBA,2016-17,19,0,442,105,218,68,123,37,95,20,26,4,30,34,57,11,2,25,30,267,0.482,0.553,0.389,0.567,0.769,0.582,crawfjo02
Jae Crowder,26,BOS,NBA,2016-17,72,72,2335,333,720,176,326,157,394,176,217,48,367,415,155,73,23,80,161,999,0.463,0.54,0.398,0.572,0.811,0.613,crowdja01
Dante Cunningham,29,NOP,NBA,2016-17,66,35,1649,174,359,103,178,71,181,16,27,56,221,277,37,39,28,28,100,435,0.485,0.579,0.392,0.584,0.593,0.586,cunnida01
Seth Curry,26,DAL,NBA,2016-17,70,42,2029,338,703,201,381,137,322,85,100,25,154,179,189,79,7,92,126,898,0.481,0.528,0.425,0.578,0.85,0.601,curryse01
Stephen Curry,28,GSW,NBA,2016-17,79,79,2638,675,1443,351,654,324,789,325,362,61,292,353,524,142,17,239,183,1999,0.468,0.537,0.411,0.58,0.898,0.624,curryst01
Troy Daniels,25,MEM,NBA,2016-17,67,3,1183,185,495,47,140,138,355,43,54,22,78,100,46,20,4,45,90,551,0.374,0.336,0.389,0.513,0.796,0.531,danietr01
Anthony Davis,23,NOP,NBA,2016-17,75,75,2708,770,1526,730,1392,40,134,519,647,172,712,884,157,94,167,181,168,2099,0.505,0.524,0.299,0.518,0.802,0.58,davisan02
Deyonta Davis,20,MEM,NBA,2016-17,36,0,238,24,47,24,47,0,0,10,18,20,40,60,2,3,17,8,40,58,0.511,0.511,,0.511,0.556,0.528,davisde01
Ed Davis,27,POR,NBA,2016-17,46,12,789,75,142,75,142,0,0,50,81,96,148,244,26,15,22,37,137,200,0.528,0.528,,0.528,0.617,0.563,davised01
Dewayne Dedmon,27,SAS,NBA,2016-17,76,37,1330,161,259,161,259,0,0,65,93,129,367,496,44,37,61,61,180,387,0.622,0.622,,0.622,0.699,0.645,dedmode01
Sam Dekker,22,HOU,NBA,2016-17,77,2,1419,203,429,143,242,60,187,38,68,94,190,284,76,38,21,41,83,504,0.473,0.591,0.321,0.543,0.559,0.549,dekkesa01
Malcolm Delaney,27,ATL,NBA,2016-17,73,2,1248,145,388,119,278,26,110,75,93,10,113,123,193,39,1,95,112,391,0.374,0.428,0.236,0.407,0.806,0.456,delanma01
Matthew Dellavedova,26,MIL,NBA,2016-17,76,54,1986,208,534,129,319,79,215,82,96,24,123,147,357,53,0,133,153,577,0.39,0.404,0.367,0.463,0.854,0.501,dellama01
Luol Deng,31,LAL,NBA,2016-17,56,49,1486,164,424,113,259,51,165,46,63,63,232,295,74,48,20,43,61,425,0.387,0.436,0.309,0.447,0.73,0.47,denglu01
DeMar DeRozan,27,TOR,NBA,2016-17,74,74,2620,721,1545,688,1421,33,124,545,647,70,316,386,290,78,13,180,134,2020,0.467,0.484,0.266,0.477,0.842,0.552,derozde01
Cheick Diallo,20,NOP,NBA,2016-17,17,0,199,36,76,36,76,0,0,15,21,23,50,73,4,4,7,7,17,87,0.474,0.474,,0.474,0.714,0.51,diallch01
Boris Diaw,34,UTA,NBA,2016-17,73,33,1283,146,327,126,246,20,81,26,35,46,112,158,170,18,9,87,83,338,0.446,0.512,0.247,0.477,0.743,0.494,diawbo01
Gorgui Dieng,27,MIN,NBA,2016-17,82,82,2653,332,661,316,618,16,43,136,167,188,459,647,158,88,95,107,254,816,0.502,0.511,0.372,0.514,0.814,0.555,dienggo01
Spencer Dinwiddie,23,BRK,NBA,2016-17,59,18,1334,134,302,96,201,38,101,126,159,27,137,164,185,44,23,66,119,432,0.444,0.478,0.376,0.507,0.792,0.581,dinwisp01
Toney Douglas,30,MEM,NBA,2016-17,24,0,394,43,117,36,75,7,42,24,29,13,48,61,56,18,5,21,50,117,0.368,0.48,0.167,0.397,0.828,0.451,douglto01
Goran Dragic,30,MIA,NBA,2016-17,73,73,2459,534,1124,417,835,117,289,298,377,62,217,279,423,89,13,212,199,1483,0.475,0.499,0.405,0.527,0.79,0.575,dragigo01
Andre Drummond,23,DET,NBA,2016-17,81,81,2409,483,911,481,904,2,7,137,355,345,770,1115,90,124,89,152,237,1105,0.53,0.532,0.286,0.531,0.386,0.518,drumman01
Jared Dudley,31,PHO,NBA,2016-17,64,7,1362,157,346,80,143,77,203,43,65,31,194,225,121,42,16,73,154,434,0.454,0.559,0.379,0.565,0.662,0.579,dudleja01
Mike Dunleavy,36,TOT,NBA,2016-17,53,2,841,93,220,40,86,53,134,36,45,18,97,115,50,15,7,28,67,275,0.423,0.465,0.396,0.543,0.8,0.573,dunlemi02
Kris Dunn,22,MIN,NBA,2016-17,78,7,1333,118,313,97,240,21,73,36,59,24,142,166,188,78,36,89,178,293,0.377,0.404,0.288,0.411,0.61,0.432,dunnkr01
Kevin Durant,28,GSW,NBA,2016-17,62,62,2070,551,1026,434,714,117,312,336,384,39,474,513,300,66,99,138,117,1555,0.537,0.608,0.375,0.594,0.875,0.651,duranke01
Jarell Eddie,25,PHO,NBA,2016-17,5,0,62,6,19,2,3,4,16,8,9,1,6,7,0,1,0,1,1,24,0.316,0.667,0.25,0.421,0.889,0.523,eddieja01
Henry Ellenson,20,DET,NBA,2016-17,19,2,146,23,64,13,29,10,35,4,8,8,33,41,7,1,1,14,6,60,0.359,0.448,0.286,0.438,0.5,0.444,ellenhe01
Wayne Ellington,29,MIA,NBA,2016-17,62,13,1500,231,555,82,161,149,394,37,43,18,114,132,70,35,4,30,70,648,0.416,0.509,0.378,0.55,0.86,0.565,ellinwa01
Monta Ellis,31,IND,NBA,2016-17,74,33,1998,247,557,204,422,43,135,93,128,19,185,204,236,78,27,135,149,630,0.443,0.483,0.319,0.482,0.727,0.514,ellismo01
Joel Embiid,22,PHI,NBA,2016-17,31,31,786,200,429,164,331,36,98,191,244,61,182,243,66,27,76,117,112,627,0.466,0.495,0.367,0.508,0.783,0.584,embiijo01
James Ennis,26,MEM,NBA,2016-17,64,28,1501,146,321,95,184,51,137,86,110,69,190,259,64,46,19,59,165,429,0.455,0.516,0.372,0.534,0.782,0.581,ennisja01
Tyler Ennis,22,TOT,NBA,2016-17,53,2,588,90,208,63,138,27,70,21,25,9,36,45,86,25,2,45,58,228,0.433,0.457,0.386,0.498,0.84,0.521,ennisty01
Tyreke Evans,27,TOT,NBA,2016-17,40,6,788,150,370,108,252,42,118,69,92,13,124,137,124,35,9,61,60,411,0.405,0.429,0.356,0.462,0.75,0.501,evansty01
Dante Exum,21,UTA,NBA,2016-17,66,26,1228,155,363,111,214,44,149,58,73,30,102,132,111,21,12,80,146,412,0.427,0.519,0.295,0.488,0.795,0.521,exumda01
Kenneth Faried,27,DEN,NBA,2016-17,61,34,1296,228,416,228,410,0,6,131,189,183,279,462,55,43,40,59,124,587,0.548,0.556,0,0.548,0.693,0.588,farieke01
Jordan Farmar,30,SAC,NBA,2016-17,2,0,35,4,12,0,3,4,9,0,0,1,2,3,9,2,0,3,1,12,0.333,0,0.444,0.5,,0.5,farmajo01
Derrick Favors,25,UTA,NBA,2016-17,50,39,1186,203,417,200,407,3,10,67,109,92,213,305,56,45,40,60,103,476,0.487,0.491,0.3,0.49,0.615,0.512,favorde01
Kay Felder,21,CLE,NBA,2016-17,42,0,386,62,158,55,136,7,22,35,49,3,38,41,58,18,7,30,38,166,0.392,0.404,0.318,0.415,0.714,0.462,feldeka01
Cristiano Felicio,24,CHI,NBA,2016-17,66,0,1040,128,221,128,221,0,0,60,93,124,187,311,40,25,17,33,110,316,0.579,0.579,,0.579,0.645,0.603,feliccr01
Raymond Felton,32,LAC,NBA,2016-17,80,11,1700,221,514,175,370,46,144,50,64,33,185,218,191,66,22,83,125,538,0.43,0.473,0.319,0.475,0.781,0.496,feltora01
Yogi Ferrell,23,TOT,NBA,2016-17,46,29,1197,160,394,92,218,68,176,74,89,20,91,111,172,42,9,70,90,462,0.406,0.422,0.386,0.492,0.831,0.533,ferreyo01
Dorian Finney-Smith,23,DAL,NBA,2016-17,81,35,1642,124,333,68,142,56,191,46,61,55,167,222,67,52,25,45,125,350,0.372,0.479,0.293,0.456,0.754,0.486,finnedo01
Bryn Forbes,23,SAS,NBA,2016-17,36,0,285,36,99,19,46,17,53,5,6,2,21,23,23,1,0,11,20,94,0.364,0.413,0.321,0.449,0.833,0.462,forbebr01
Evan Fournier,24,ORL,NBA,2016-17,68,66,2234,408,930,280,570,128,360,223,277,44,165,209,202,66,4,141,180,1167,0.439,0.491,0.356,0.508,0.805,0.555,fournev01
Randy Foye,33,BRK,NBA,2016-17,69,40,1284,118,325,51,122,67,203,54,63,9,146,155,135,35,9,80,99,357,0.363,0.418,0.33,0.466,0.857,0.506,foyera01
Tim Frazier,26,NOP,NBA,2016-17,65,35,1525,163,404,123,276,40,128,98,129,34,139,173,335,56,6,101,133,464,0.403,0.446,0.313,0.453,0.76,0.504,fraziti01
Channing Frye,33,CLE,NBA,2016-17,74,15,1398,238,520,101,185,137,335,63,74,37,253,290,45,33,37,53,138,676,0.458,0.546,0.409,0.589,0.851,0.612,fryech01
Danilo Gallinari,28,DEN,NBA,2016-17,63,63,2134,335,750,209,426,126,324,349,387,39,286,325,135,40,15,82,93,1145,0.447,0.491,0.389,0.531,0.902,0.622,gallida01
Langston Galloway,25,TOT,NBA,2016-17,74,2,1495,207,545,87,237,120,308,51,64,27,129,156,93,46,6,46,96,585,0.38,0.367,0.39,0.49,0.797,0.51,gallola01
Patricio Garino,23,ORL,NBA,2016-17,5,0,43,0,7,0,2,0,5,0,0,1,6,7,0,0,0,3,4,0,0,0,0,0,,0,garinpa01
Marc Gasol,32,MEM,NBA,2016-17,74,74,2531,532,1160,428,892,104,268,278,332,60,404,464,338,67,99,166,171,1446,0.459,0.48,0.388,0.503,0.837,0.554,gasolma01
Pau Gasol,36,SAS,NBA,2016-17,64,39,1627,303,604,247,500,56,104,130,184,107,394,501,150,24,70,81,110,792,0.502,0.494,0.538,0.548,0.707,0.578,gasolpa01
Rudy Gay,30,SAC,NBA,2016-17,30,30,1013,201,442,159,329,42,113,118,138,35,155,190,83,44,26,74,79,562,0.455,0.483,0.372,0.502,0.855,0.559,gayru01
Michael Gbinije,24,DET,NBA,2016-17,9,0,32,1,10,1,6,0,4,2,2,2,1,3,2,0,0,0,2,4,0.1,0.167,0,0.1,1,0.184,gbinimi01
Alonzo Gee,29,DEN,NBA,2016-17,13,0,89,3,14,3,11,0,3,5,9,4,11,15,6,5,1,4,14,11,0.214,0.273,0,0.214,0.556,0.306,geeal01
Paul George,26,IND,NBA,2016-17,75,75,2689,622,1348,427,852,195,496,336,374,58,434,492,251,119,27,220,206,1775,0.461,0.501,0.393,0.534,0.898,0.587,georgpa01
Marcus Georges-Hunt,22,ORL,NBA,2016-17,5,0,48,2,7,1,5,1,2,9,10,1,8,9,3,1,0,2,5,14,0.286,0.2,0.5,0.357,0.9,0.614,georgma01
Jonathan Gibson,29,DAL,NBA,2016-17,17,0,231,35,95,20,50,15,45,21,29,1,21,22,26,8,0,21,21,106,0.368,0.4,0.333,0.447,0.724,0.492,gibsojo01
Taj Gibson,31,TOT,NBA,2016-17,78,71,1989,365,709,362,696,3,13,113,158,158,327,485,73,41,65,105,163,846,0.515,0.52,0.231,0.517,0.715,0.543,gibsota01
Manu Ginobili,39,SAS,NBA,2016-17,69,0,1291,171,439,82,212,89,227,86,107,28,129,157,183,82,16,96,119,517,0.39,0.387,0.392,0.491,0.804,0.532,ginobma01
Rudy Gobert,24,UTA,NBA,2016-17,81,81,2744,413,625,413,624,0,1,311,476,314,721,1035,97,49,214,147,246,1137,0.661,0.662,0,0.661,0.653,0.681,goberru01
Archie Goodwin,22,TOT,NBA,2016-17,15,0,214,36,66,31,51,5,15,33,42,7,21,28,24,4,5,14,8,110,0.545,0.608,0.333,0.583,0.786,0.651,goodwar01
Aaron Gordon,21,ORL,NBA,2016-17,80,72,2298,393,865,316,598,77,267,156,217,116,289,405,150,65,40,89,172,1019,0.454,0.528,0.288,0.499,0.719,0.53,gordoaa01
Eric Gordon,28,HOU,NBA,2016-17,75,15,2323,412,1016,166,355,246,661,147,175,29,172,201,188,48,41,121,150,1217,0.406,0.468,0.372,0.527,0.84,0.557,gordoer01
Marcin Gortat,32,WAS,NBA,2016-17,82,82,2556,390,674,390,672,0,2,103,159,238,611,849,121,40,61,119,213,883,0.579,0.58,0,0.579,0.648,0.593,gortama01
Treveon Graham,23,CHO,NBA,2016-17,27,1,189,19,40,10,25,9,15,10,15,5,17,22,6,6,1,3,18,57,0.475,0.4,0.6,0.588,0.667,0.612,grahatr01
Jerami Grant,22,TOT,NBA,2016-17,80,4,1531,152,328,109,212,43,116,90,147,38,167,205,46,33,79,44,149,437,0.463,0.514,0.371,0.529,0.612,0.556,grantje01
Jerian Grant,24,CHI,NBA,2016-17,63,28,1028,128,301,79,167,49,134,65,73,17,94,111,121,47,8,44,93,370,0.425,0.473,0.366,0.507,0.89,0.555,grantje02
Danny Green,29,SAS,NBA,2016-17,68,68,1807,176,449,58,138,118,311,27,32,31,193,224,124,70,57,76,120,497,0.392,0.42,0.379,0.523,0.844,0.537,greenda02
Draymond Green,26,GSW,NBA,2016-17,76,76,2471,272,650,191,387,81,263,151,213,98,501,599,533,154,106,184,217,776,0.418,0.494,0.308,0.481,0.709,0.522,greendr01
Gerald Green,31,BOS,NBA,2016-17,47,0,538,95,232,56,121,39,111,33,41,16,68,84,33,9,7,25,48,262,0.409,0.463,0.351,0.494,0.805,0.524,greenge01
JaMychal Green,26,MEM,NBA,2016-17,77,75,2101,250,500,195,355,55,145,134,167,167,377,544,84,47,34,94,248,689,0.5,0.549,0.379,0.555,0.802,0.601,greenja01
Jeff Green,30,ORL,NBA,2016-17,69,11,1534,220,558,167,365,53,193,145,168,39,175,214,81,37,13,75,103,638,0.394,0.458,0.275,0.442,0.863,0.505,greenje02
Blake Griffin,27,LAC,NBA,2016-17,61,61,2076,479,971,441,858,38,113,320,421,112,385,497,300,57,22,142,157,1316,0.493,0.514,0.336,0.513,0.76,0.569,griffbl01
Justin Hamilton,26,BRK,NBA,2016-17,64,7,1177,174,379,119,199,55,180,39,52,71,191,262,55,29,43,43,91,442,0.459,0.598,0.306,0.532,0.75,0.55,hamilju01
A.J. Hammons,24,DAL,NBA,2016-17,22,0,163,17,42,12,32,5,10,9,20,8,28,36,4,1,13,10,21,48,0.405,0.375,0.5,0.464,0.45,0.472,hammoaj01
Tim Hardaway,24,ATL,NBA,2016-17,79,30,2154,415,912,266,495,149,417,164,214,35,189,224,182,55,15,106,103,1143,0.455,0.537,0.357,0.537,0.766,0.568,hardati02
James Harden,27,HOU,NBA,2016-17,81,81,2947,674,1533,412,777,262,756,746,881,95,564,659,907,121,38,464,215,2356,0.44,0.53,0.347,0.525,0.847,0.613,hardeja01
Maurice Harkless,23,POR,NBA,2016-17,77,69,2223,314,624,246,430,68,194,77,124,125,216,341,88,85,70,86,214,773,0.503,0.572,0.351,0.558,0.621,0.57,harklma01
Justin Harper,27,PHI,NBA,2016-17,3,0,31,5,12,3,5,2,7,0,0,2,3,5,2,0,0,4,2,12,0.417,0.6,0.286,0.5,,0.5,harpeju01
Montrezl Harrell,23,HOU,NBA,2016-17,58,14,1064,225,345,224,338,1,7,76,121,81,138,219,64,20,42,44,126,527,0.652,0.663,0.143,0.654,0.628,0.662,harremo01
Devin Harris,33,DAL,NBA,2016-17,65,0,1087,136,341,78,164,58,177,107,129,11,116,127,136,43,7,57,101,437,0.399,0.476,0.328,0.484,0.829,0.549,harride01
Gary Harris,22,DEN,NBA,2016-17,57,56,1782,320,637,213,382,107,255,104,134,48,130,178,164,71,8,76,92,851,0.502,0.558,0.42,0.586,0.776,0.611,harriga01
Joe Harris,25,BRK,NBA,2016-17,52,11,1138,154,362,69,141,85,221,35,49,16,131,147,54,30,8,55,121,428,0.425,0.489,0.385,0.543,0.714,0.558,harrijo01
Manny Harris,27,DAL,NBA,2016-17,4,0,25,3,15,3,13,0,2,2,4,3,6,9,2,0,0,2,1,8,0.2,0.231,0,0.2,0.5,0.239,harrima01
Tobias Harris,24,DET,NBA,2016-17,82,48,2567,511,1063,402,749,109,314,190,226,63,353,416,142,60,39,96,133,1321,0.481,0.537,0.347,0.532,0.841,0.568,harrito02
Aaron Harrison,22,CHO,NBA,2016-17,5,0,17,0,4,0,2,0,2,1,2,0,3,3,3,0,0,0,2,1,0,0,0,0,0.5,0.102,harriaa01
Andrew Harrison,22,MEM,NBA,2016-17,72,18,1474,117,360,74,204,43,156,148,194,23,113,136,198,53,21,85,194,425,0.325,0.363,0.276,0.385,0.763,0.477,harrian01
Udonis Haslem,36,MIA,NBA,2016-17,16,0,130,11,23,11,20,0,3,9,15,8,28,36,6,6,1,8,22,31,0.478,0.55,0,0.478,0.6,0.524,hasleud01
Spencer Hawes,28,TOT,NBA,2016-17,54,1,797,134,277,109,196,25,81,44,52,38,153,191,81,15,30,49,77,337,0.484,0.556,0.309,0.529,0.846,0.562,hawessp01
Gordon Hayward,26,UTA,NBA,2016-17,73,73,2516,545,1156,396,782,149,374,362,429,49,345,394,252,73,20,140,117,1601,0.471,0.506,0.398,0.536,0.844,0.595,haywago01
Gerald Henderson,29,PHI,NBA,2016-17,72,41,1667,234,553,173,380,61,173,133,165,34,151,185,112,40,15,62,129,662,0.423,0.455,0.353,0.478,0.806,0.529,hendege02
John Henson,26,MIL,NBA,2016-17,58,39,1123,159,309,159,308,0,1,74,107,92,203,295,57,29,78,52,151,392,0.515,0.516,0,0.515,0.692,0.55,hensojo01
Juan Hernangomez,21,DEN,NBA,2016-17,62,9,842,101,224,55,111,46,113,57,76,43,144,187,29,30,12,31,62,305,0.451,0.495,0.407,0.554,0.75,0.592,hernaju01
Willy Hernangomez,22,NYK,NBA,2016-17,72,22,1324,246,465,242,450,4,15,91,125,170,332,502,96,41,36,100,150,587,0.529,0.538,0.267,0.533,0.728,0.564,hernawi01
Mario Hezonja,21,ORL,NBA,2016-17,65,2,960,117,330,74,186,43,144,40,50,20,126,146,62,30,15,58,74,317,0.355,0.398,0.299,0.42,0.8,0.45,hezonma01
Roy Hibbert,30,TOT,NBA,2016-17,48,13,682,80,147,80,147,0,0,61,75,54,98,152,21,8,46,32,100,221,0.544,0.544,,0.544,0.813,0.614,hibbero01
Buddy Hield,24,TOT,NBA,2016-17,82,55,1888,327,767,179,388,148,379,64,76,35,234,269,121,38,9,101,115,866,0.426,0.461,0.391,0.523,0.842,0.541,hieldbu01
Nene Hilario,34,HOU,NBA,2016-17,67,8,1198,245,397,242,388,3,9,116,197,95,187,282,65,56,39,73,163,609,0.617,0.624,0.333,0.621,0.589,0.63,hilarne01
George Hill,30,UTA,NBA,2016-17,49,49,1544,289,606,195,373,94,233,157,196,23,144,167,204,50,11,85,114,829,0.477,0.523,0.403,0.554,0.801,0.599,hillge01
Jordan Hill,29,MIN,NBA,2016-17,7,0,47,5,13,5,13,0,0,2,2,8,6,14,0,1,0,4,9,12,0.385,0.385,,0.385,1,0.432,hilljo01
Solomon Hill,25,NOP,NBA,2016-17,80,71,2374,183,478,89,208,94,270,103,128,51,256,307,141,72,32,82,182,563,0.383,0.428,0.348,0.481,0.805,0.527,hillso01
Darrun Hilliard,23,DET,NBA,2016-17,39,1,381,47,126,35,80,12,46,21,28,2,31,33,33,11,2,28,39,127,0.373,0.438,0.261,0.421,0.75,0.459,hillida01
Jrue Holiday,26,NOP,NBA,2016-17,67,61,2190,405,893,305,612,100,281,119,168,46,218,264,488,100,44,194,133,1029,0.454,0.498,0.356,0.51,0.708,0.532,holidjr01
Justin Holiday,27,NYK,NBA,2016-17,82,4,1639,233,538,136,265,97,273,66,80,27,198,225,102,65,31,66,109,629,0.433,0.513,0.355,0.523,0.825,0.549,holidju01
Rondae Hollis-Jefferson,22,BRK,NBA,2016-17,78,50,1761,235,542,220,475,15,67,190,253,96,356,452,154,82,44,116,177,675,0.434,0.463,0.224,0.447,0.751,0.517,holliro01
Richaun Holmes,23,PHI,NBA,2016-17,57,17,1193,230,412,203,335,27,77,72,103,94,217,311,58,42,55,55,136,559,0.558,0.606,0.351,0.591,0.699,0.611,holmeri01
Rodney Hood,24,UTA,NBA,2016-17,59,55,1593,272,666,158,359,114,307,90,115,16,186,202,96,38,11,65,132,748,0.408,0.44,0.371,0.494,0.783,0.522,hoodro01
Al Horford,30,BOS,NBA,2016-17,68,68,2193,379,801,293,559,86,242,108,135,95,370,465,337,52,86,115,138,952,0.473,0.524,0.355,0.527,0.8,0.553,horfoal01
Danuel House,23,WAS,NBA,2016-17,1,0,1,0,0,0,0,0,0,0,0,0,1,1,0,0,0,0,0,0,,,,,,,houseda01
Dwight Howard,31,ATL,NBA,2016-17,74,74,2199,388,613,388,611,0,2,226,424,296,644,940,104,64,92,170,203,1002,0.633,0.635,0,0.633,0.533,0.627,howardw01
Marcelo Huertas,33,LAL,NBA,2016-17,23,1,237,25,68,21,49,4,19,9,17,2,22,24,52,10,2,19,16,63,0.368,0.429,0.211,0.397,0.529,0.417,huertma01
Josh Huestis,25,OKC,NBA,2016-17,2,0,31,6,11,4,7,2,4,0,1,4,5,9,3,0,3,0,0,14,0.545,0.571,0.5,0.636,0,0.612,huestjo01
Kris Humphries,31,ATL,NBA,2016-17,56,4,689,87,214,68,160,19,54,64,82,60,146,206,29,15,21,28,69,257,0.407,0.425,0.352,0.451,0.78,0.514,humphkr01
R.J. Hunter,23,CHI,NBA,2016-17,3,0,9,0,1,0,0,0,1,0,0,0,1,1,0,0,0,0,0,0,0,,0,0,,0,hunterj01
Serge Ibaka,27,TOT,NBA,2016-17,79,79,2422,471,982,347,665,124,317,107,125,129,409,538,75,41,124,105,215,1173,0.48,0.522,0.391,0.543,0.856,0.566,ibakase01
Andre Iguodala,33,GSW,NBA,2016-17,76,0,1998,219,415,155,238,64,177,72,102,51,253,304,261,76,39,58,97,574,0.528,0.651,0.362,0.605,0.706,0.624,iguodan01
Ersan Ilyasova,29,TOT,NBA,2016-17,82,52,2142,384,890,242,488,142,402,161,207,115,366,481,141,58,23,116,211,1071,0.431,0.496,0.353,0.511,0.778,0.546,ilyaser01
Joe Ingles,29,UTA,NBA,2016-17,82,26,1972,204,451,81,172,123,279,50,68,23,238,261,225,96,8,107,163,581,0.452,0.471,0.441,0.589,0.735,0.604,inglejo01
Brandon Ingram,19,LAL,NBA,2016-17,79,40,2279,276,686,221,499,55,187,133,214,60,256,316,166,50,36,116,158,740,0.402,0.443,0.294,0.442,0.621,0.474,ingrabr01
Kyrie Irving,24,CLE,NBA,2016-17,72,72,2525,671,1420,494,979,177,441,297,328,52,178,230,418,83,24,180,157,1816,0.473,0.505,0.401,0.535,0.905,0.58,irvinky01
Jarrett Jack,33,NOP,NBA,2016-17,2,0,33,2,3,2,2,0,1,2,2,0,0,0,5,2,0,3,4,6,0.667,1,0,0.667,1,0.773,jackja01
Demetrius Jackson,22,BOS,NBA,2016-17,5,0,17,3,4,2,3,1,1,3,6,2,2,4,3,0,0,0,0,10,0.75,0.667,1,0.875,0.5,0.753,jacksde01
Pierre Jackson,25,DAL,NBA,2016-17,8,1,84,13,39,10,28,3,11,6,7,1,8,9,19,2,0,3,5,35,0.333,0.357,0.273,0.372,0.857,0.416,jackspi01
Reggie Jackson,26,DET,NBA,2016-17,52,50,1424,284,677,218,493,66,184,118,136,21,93,114,270,35,5,114,129,752,0.419,0.442,0.359,0.468,0.868,0.51,jacksre01
LeBron James,32,CLE,NBA,2016-17,74,74,2794,736,1344,612,1002,124,342,358,531,97,542,639,646,92,44,303,134,1954,0.548,0.611,0.363,0.594,0.674,0.619,jamesle01
Al Jefferson,32,IND,NBA,2016-17,66,1,931,235,471,235,470,0,1,65,85,75,203,278,57,19,16,33,125,535,0.499,0.5,0,0.499,0.765,0.526,jeffeal01
Richard Jefferson,36,CLE,NBA,2016-17,79,13,1614,153,343,91,157,62,186,80,108,28,175,203,78,26,10,52,153,448,0.446,0.58,0.333,0.536,0.741,0.574,jefferi01
John Jenkins,25,PHO,NBA,2016-17,4,0,13,2,5,1,3,1,2,2,2,0,1,1,1,0,0,0,0,7,0.4,0.333,0.5,0.5,1,0.595,jenkijo01
Brandon Jennings,27,TOT,NBA,2016-17,81,13,1802,192,535,113,283,79,252,114,152,29,167,196,395,70,4,128,116,577,0.359,0.399,0.313,0.433,0.75,0.479,jennibr01
Jonas Jerebko,29,BOS,NBA,2016-17,78,6,1232,114,262,69,132,45,130,26,37,59,213,272,71,25,17,39,122,299,0.435,0.523,0.346,0.521,0.703,0.537,jerebjo01
Amir Johnson,29,BOS,NBA,2016-17,80,77,1608,213,370,186,304,27,66,67,100,118,248,366,140,51,62,77,211,520,0.576,0.612,0.409,0.612,0.67,0.628,johnsam01
Brice Johnson,22,LAC,NBA,2016-17,3,0,9,2,7,2,7,0,0,0,0,1,2,3,1,2,1,1,0,4,0.286,0.286,,0.286,,0.286,johnsbr02
James Johnson,29,MIA,NBA,2016-17,76,5,2085,368,769,281,513,87,256,152,215,66,310,376,276,76,86,171,197,975,0.479,0.548,0.34,0.535,0.707,0.564,johnsja01
Joe Johnson,35,UTA,NBA,2016-17,78,14,1843,273,626,167,368,106,258,63,77,33,210,243,144,36,18,69,93,715,0.436,0.454,0.411,0.521,0.818,0.542,johnsjo02
Stanley Johnson,20,DET,NBA,2016-17,77,1,1371,129,365,84,211,45,154,36,53,36,153,189,105,56,24,71,121,339,0.353,0.398,0.292,0.415,0.679,0.436,johnsst04
Tyler Johnson,24,MIA,NBA,2016-17,73,0,2178,357,824,264,574,93,250,195,254,50,243,293,233,84,44,90,176,1002,0.433,0.46,0.372,0.49,0.768,0.535,johnsty01
Wesley Johnson,29,LAC,NBA,2016-17,68,3,810,73,200,44,82,29,118,11,17,26,155,181,23,29,30,18,83,186,0.365,0.537,0.246,0.438,0.647,0.448,johnswe01
Nikola Jokic,21,DEN,NBA,2016-17,73,59,2038,494,854,449,715,45,139,188,228,212,506,718,359,61,55,171,214,1221,0.578,0.628,0.324,0.605,0.825,0.64,jokicni01
Dahntay Jones,36,CLE,NBA,2016-17,1,0,12,3,8,3,6,0,2,3,4,1,1,2,1,0,0,1,1,9,0.375,0.5,0,0.375,0.75,0.461,jonesda02
Damian Jones,21,GSW,NBA,2016-17,10,0,85,8,16,8,16,0,0,3,10,9,14,23,0,1,4,6,15,19,0.5,0.5,,0.5,0.3,0.466,jonesda03
Derrick Jones,19,PHO,NBA,2016-17,32,8,545,68,121,65,110,3,11,29,41,39,40,79,12,14,13,13,63,168,0.562,0.591,0.273,0.574,0.707,0.604,jonesde02
James Jones,36,CLE,NBA,2016-17,48,2,381,44,92,13,26,31,66,13,20,3,34,37,14,6,10,10,37,132,0.478,0.5,0.47,0.647,0.65,0.655,jonesja02
Terrence Jones,25,TOT,NBA,2016-17,54,12,1270,231,492,212,417,19,75,103,170,65,241,306,59,40,54,48,67,584,0.47,0.508,0.253,0.489,0.606,0.515,joneste01
Tyus Jones,20,MIN,NBA,2016-17,60,0,774,75,181,49,108,26,73,33,43,10,57,67,156,48,5,38,50,209,0.414,0.454,0.356,0.486,0.767,0.523,jonesty01
DeAndre Jordan,28,LAC,NBA,2016-17,81,81,2570,412,577,412,575,0,2,205,425,298,816,1114,96,51,134,115,212,1029,0.714,0.717,0,0.714,0.482,0.673,jordade01
Cory Joseph,25,TOR,NBA,2016-17,80,22,2003,299,661,251,526,48,135,94,122,51,184,235,265,66,13,108,140,740,0.452,0.477,0.356,0.489,0.77,0.518,josepco01
Frank Kaminsky,23,CHO,NBA,2016-17,75,16,1954,320,802,204,448,116,354,118,156,57,279,336,162,46,34,76,139,874,0.399,0.455,0.328,0.471,0.756,0.502,kaminfr01
Enes Kanter,24,OKC,NBA,2016-17,72,0,1533,402,737,397,699,5,38,224,285,195,287,482,67,32,38,123,154,1033,0.545,0.568,0.132,0.549,0.786,0.599,kanteen01
Ryan Kelly,25,ATL,NBA,2016-17,16,0,110,8,28,4,18,4,10,5,6,1,17,18,8,4,5,4,5,25,0.286,0.222,0.4,0.357,0.833,0.408,kellyry01
Michael Kidd-Gilchrist,23,CHO,NBA,2016-17,81,81,2349,295,618,294,609,1,9,152,194,156,409,565,114,81,77,56,187,743,0.477,0.483,0.111,0.478,0.784,0.528,kiddgmi01
Sean Kilpatrick,27,BRK,NBA,2016-17,70,24,1754,305,735,200,427,105,308,204,242,22,258,280,157,45,6,135,118,919,0.415,0.468,0.341,0.486,0.843,0.546,kilpase01
Brandon Knight,25,PHO,NBA,2016-17,54,5,1140,209,525,164,386,45,139,132,154,25,93,118,130,27,5,88,87,595,0.398,0.425,0.324,0.441,0.857,0.502,knighbr03
Kyle Korver,35,TOT,NBA,2016-17,67,22,1753,239,515,77,156,162,359,38,42,7,179,186,110,34,21,69,107,678,0.464,0.494,0.451,0.621,0.905,0.635,korveky01
Kosta Koufos,27,SAC,NBA,2016-17,71,62,1419,216,392,216,391,0,1,38,62,118,285,403,47,36,48,61,172,470,0.551,0.552,0,0.551,0.613,0.56,koufoko01
Mindaugas Kuzminskas,27,NYK,NBA,2016-17,68,5,1016,158,369,104,201,54,168,55,68,47,79,126,69,29,11,51,79,425,0.428,0.517,0.321,0.501,0.809,0.533,kuzmimi01
Skal Labissiere,20,SAC,NBA,2016-17,33,12,612,117,218,114,210,3,8,52,74,51,111,162,27,16,13,37,64,289,0.537,0.543,0.375,0.544,0.703,0.577,labissk01
Jeremy Lamb,24,CHO,NBA,2016-17,62,5,1143,226,491,185,345,41,146,110,129,30,234,264,75,27,23,40,98,603,0.46,0.536,0.281,0.502,0.853,0.55,lambje01
Nicolas Laprovittola,27,SAS,NBA,2016-17,18,3,174,20,47,10,20,10,27,9,9,1,9,10,28,4,1,19,19,59,0.426,0.5,0.37,0.532,1,0.579,laproni01
Joffrey Lauvergne,25,TOT,NBA,2016-17,70,1,980,148,336,115,238,33,98,46,73,72,179,251,70,25,6,56,83,375,0.44,0.483,0.337,0.49,0.63,0.509,lauvejo01
Zach LaVine,21,MIN,NBA,2016-17,47,47,1749,326,710,206,400,120,310,117,140,19,141,160,139,41,10,85,104,889,0.459,0.515,0.387,0.544,0.836,0.576,lavinza01
Ty Lawson,29,SAC,NBA,2016-17,69,24,1732,237,522,203,404,34,118,173,217,44,135,179,334,74,6,129,119,681,0.454,0.502,0.288,0.487,0.797,0.551,lawsoty01
Jake Layman,22,POR,NBA,2016-17,35,1,249,26,89,13,38,13,51,13,17,6,18,24,11,9,3,11,22,78,0.292,0.342,0.255,0.365,0.765,0.404,laymaja01
Courtney Lee,31,NYK,NBA,2016-17,77,74,2459,321,704,213,435,108,269,85,98,53,206,259,179,81,24,69,141,835,0.456,0.49,0.401,0.533,0.867,0.559,leeco01
David Lee,33,SAS,NBA,2016-17,79,10,1477,248,420,248,420,0,0,80,113,149,292,441,124,31,40,82,125,576,0.59,0.59,,0.59,0.708,0.613,leeda02
Alex Len,23,PHO,NBA,2016-17,77,34,1560,230,463,227,451,3,12,150,208,156,354,510,44,38,98,102,242,613,0.497,0.503,0.25,0.5,0.721,0.553,lenal01
Kawhi Leonard,25,SAS,NBA,2016-17,74,74,2474,636,1312,489,925,147,387,469,533,80,350,430,260,133,55,154,122,1888,0.485,0.529,0.38,0.541,0.88,0.61,leonaka01
Meyers Leonard,24,POR,NBA,2016-17,74,12,1222,146,378,72,165,74,213,35,40,27,210,237,71,13,28,35,172,401,0.386,0.436,0.347,0.484,0.875,0.507,leoname01
Jon Leuer,27,DET,NBA,2016-17,75,34,1944,310,646,261,479,49,167,98,113,102,300,402,111,31,26,66,145,767,0.48,0.545,0.293,0.518,0.867,0.551,leuerjo01
Caris LeVert,22,BRK,NBA,2016-17,57,26,1237,171,380,112,196,59,184,67,93,23,165,188,110,49,8,59,91,468,0.45,0.571,0.321,0.528,0.72,0.556,leverca01
DeAndre Liggins,28,TOT,NBA,2016-17,62,19,777,55,142,38,96,17,46,25,40,20,88,108,54,47,14,42,81,152,0.387,0.396,0.37,0.447,0.625,0.476,liggide01
Damian Lillard,26,POR,NBA,2016-17,75,75,2694,661,1488,447,909,214,579,488,545,46,322,368,440,68,20,197,152,2024,0.444,0.492,0.37,0.516,0.895,0.586,lillada01
Jeremy Lin,28,BRK,NBA,2016-17,36,33,883,175,400,117,244,58,156,115,141,11,124,135,184,42,14,86,79,523,0.438,0.48,0.372,0.51,0.816,0.566,linje01
Shaun Livingston,31,GSW,NBA,2016-17,76,3,1345,173,316,172,313,1,3,42,60,28,123,151,139,38,20,62,120,389,0.547,0.55,0.333,0.549,0.7,0.568,livinsh01
Shawn Long,24,PHI,NBA,2016-17,18,0,234,61,109,54,90,7,19,19,35,41,44,85,13,9,9,13,49,148,0.56,0.6,0.368,0.592,0.543,0.595,longsh01
Kevon Looney,20,GSW,NBA,2016-17,53,4,447,56,107,54,98,2,9,21,34,44,80,124,29,15,17,17,64,135,0.523,0.551,0.222,0.533,0.618,0.553,looneke01
Brook Lopez,28,BRK,NBA,2016-17,75,75,2222,555,1172,421,785,134,387,295,364,121,282,403,176,38,124,184,192,1539,0.474,0.536,0.346,0.531,0.81,0.578,lopezbr01
Robin Lopez,28,CHI,NBA,2016-17,81,81,2271,382,775,382,773,0,2,75,104,244,276,520,80,18,117,91,151,839,0.493,0.494,0,0.493,0.721,0.511,lopezro01
Kevin Love,28,CLE,NBA,2016-17,60,60,1885,370,867,225,478,145,389,257,295,148,518,666,116,53,21,122,125,1142,0.427,0.471,0.373,0.51,0.871,0.573,loveke01
Kyle Lowry,30,TOR,NBA,2016-17,60,60,2244,426,918,233,450,193,468,299,365,48,238,286,417,88,19,173,170,1344,0.464,0.518,0.412,0.569,0.819,0.623,lowryky01
John Lucas III,34,MIN,NBA,2016-17,5,0,11,1,4,1,3,0,1,0,0,0,0,0,1,2,0,0,0,2,0.25,0.333,0,0.25,,0.25,lucasjo02
Timothe Luwawu-Cabarrot,21,PHI,NBA,2016-17,69,19,1190,145,361,95,200,50,161,105,123,25,124,149,75,32,10,73,154,445,0.402,0.475,0.311,0.471,0.854,0.536,luwawti01
Trey Lyles,21,UTA,NBA,2016-17,71,4,1158,159,439,94,235,65,204,57,79,48,187,235,69,26,20,64,97,440,0.362,0.4,0.319,0.436,0.722,0.464,lylestr01
Sheldon Mac,24,WAS,NBA,2016-17,30,3,287,30,75,23,45,7,30,23,27,4,30,34,15,8,2,5,17,90,0.4,0.511,0.233,0.447,0.852,0.518,mcclesh01
Shelvin Mack,26,UTA,NBA,2016-17,55,9,1205,170,381,133,261,37,120,53,77,20,105,125,154,42,3,90,100,430,0.446,0.51,0.308,0.495,0.688,0.518,macksh01
Ian Mahinmi,30,WAS,NBA,2016-17,31,0,555,65,111,65,111,0,0,43,75,47,103,150,19,33,24,34,90,173,0.586,0.586,,0.586,0.573,0.601,mahinia01
Thon Maker,19,MIL,NBA,2016-17,57,34,562,83,181,55,107,28,74,32,49,40,74,114,23,10,26,17,84,226,0.459,0.514,0.378,0.536,0.653,0.558,makerth01
Boban Marjanovic,28,DET,NBA,2016-17,35,0,293,72,132,72,132,0,0,47,58,46,84,130,9,6,12,10,25,191,0.545,0.545,,0.545,0.81,0.606,marjabo01
Jarell Martin,22,MEM,NBA,2016-17,42,3,558,58,151,49,126,9,25,40,50,42,120,162,8,17,9,28,91,165,0.384,0.389,0.36,0.414,0.8,0.477,martija01
Wesley Matthews,30,DAL,NBA,2016-17,73,73,2495,333,847,159,368,174,479,146,179,18,241,259,210,77,15,102,161,986,0.393,0.432,0.363,0.496,0.816,0.533,matthwe02
Luc Mbah a Moute,30,LAC,NBA,2016-17,80,76,1787,191,378,148,268,43,110,59,87,44,126,170,39,81,35,46,122,484,0.505,0.552,0.391,0.562,0.678,0.581,mbahalu01
James Michael McAdoo,24,GSW,NBA,2016-17,52,2,457,62,117,60,109,2,8,21,42,34,57,91,18,18,29,19,47,147,0.53,0.55,0.25,0.538,0.5,0.543,mcadoja01
Patrick McCaw,21,GSW,NBA,2016-17,71,20,1074,106,245,65,122,41,123,29,37,21,79,100,77,32,15,36,62,282,0.433,0.533,0.333,0.516,0.784,0.54,mccawpa01
CJ McCollum,25,POR,NBA,2016-17,80,80,2796,692,1441,507,1002,185,439,268,294,60,229,289,285,72,42,172,202,1837,0.48,0.506,0.421,0.544,0.912,0.585,mccolcj01
T.J. McConnell,24,PHI,NBA,2016-17,81,51,2133,236,512,225,457,11,55,73,90,39,212,251,534,134,10,159,139,556,0.461,0.492,0.2,0.472,0.811,0.504,mccontj01
Chris McCullough,21,TOT,NBA,2016-17,16,0,80,16,32,15,25,1,7,3,5,9,10,19,2,2,2,3,7,36,0.5,0.6,0.143,0.516,0.6,0.526,mcculch01
K.J. McDaniels,23,TOT,NBA,2016-17,49,0,505,77,169,57,103,20,66,32,38,15,67,82,13,19,18,29,49,206,0.456,0.553,0.303,0.515,0.842,0.555,mcdankj01
Doug McDermott,25,TOT,NBA,2016-17,66,5,1508,222,497,145,289,77,208,71,84,20,159,179,58,13,5,38,79,592,0.447,0.502,0.37,0.524,0.845,0.554,mcderdo01
JaVale McGee,29,GSW,NBA,2016-17,77,10,739,208,319,208,316,0,3,56,111,100,144,244,17,19,67,40,109,472,0.652,0.658,0,0.652,0.505,0.642,mcgeeja01
Rodney McGruder,25,MIA,NBA,2016-17,78,65,1966,190,460,117,240,73,220,44,71,94,162,256,124,46,18,56,140,497,0.413,0.488,0.332,0.492,0.62,0.506,mcgruro01
Ben McLemore,23,SAC,NBA,2016-17,61,26,1176,180,419,115,249,65,170,70,93,19,110,129,51,29,6,62,108,495,0.43,0.462,0.382,0.507,0.753,0.538,mclembe01
Jordan McRae,25,CLE,NBA,2016-17,37,4,384,58,150,40,99,18,51,27,34,6,35,41,19,8,6,14,31,161,0.387,0.404,0.353,0.447,0.794,0.488,mcraejo01
Josh McRoberts,29,MIA,NBA,2016-17,22,14,381,44,118,31,87,13,31,6,9,23,51,74,50,10,4,23,31,107,0.373,0.356,0.419,0.428,0.667,0.439,mcrobjo01
Jodie Meeks,29,ORL,NBA,2016-17,36,10,738,103,256,47,119,56,137,65,74,5,72,77,45,34,4,36,41,327,0.402,0.395,0.409,0.512,0.878,0.567,meeksjo01
Salah Mejri,30,DAL,NBA,2016-17,73,11,905,88,137,87,134,1,3,36,61,97,211,308,14,32,61,40,152,213,0.642,0.649,0.333,0.646,0.59,0.65,mejrisa01
Jordan Mickey,22,BOS,NBA,2016-17,25,1,141,15,34,15,33,0,1,8,14,13,21,34,7,3,6,9,12,38,0.441,0.455,0,0.441,0.571,0.473,mickejo01
Khris Middleton,25,MIL,NBA,2016-17,29,23,889,150,333,105,229,45,104,81,92,11,112,123,99,41,7,65,79,426,0.45,0.459,0.433,0.518,0.88,0.57,middlkh01
C.J. Miles,29,IND,NBA,2016-17,76,29,1776,281,647,112,238,169,409,84,93,30,199,229,48,46,25,40,151,815,0.434,0.471,0.413,0.565,0.903,0.592,milescj01
Mike Miller,36,DEN,NBA,2016-17,20,0,151,9,23,1,3,8,20,2,2,2,36,38,22,2,0,13,9,28,0.391,0.333,0.4,0.565,1,0.586,millemi01
Patty Mills,28,SAS,NBA,2016-17,80,8,1754,273,621,126,266,147,355,66,80,24,117,141,280,65,3,101,109,759,0.44,0.474,0.414,0.558,0.825,0.578,millspa02
Elijah Millsap,29,PHO,NBA,2016-17,2,0,23,1,7,1,5,0,2,1,2,3,3,6,1,0,0,2,2,3,0.143,0.2,0,0.143,0.5,0.19,millsel01
Paul Millsap,31,ATL,NBA,2016-17,69,67,2343,430,972,355,731,75,241,311,405,111,422,533,252,90,62,158,186,1246,0.442,0.486,0.311,0.481,0.768,0.542,millspa01
Nikola Mirotic,25,CHI,NBA,2016-17,70,15,1679,258,625,129,248,129,377,99,128,61,323,384,75,53,55,80,128,744,0.413,0.52,0.342,0.516,0.773,0.546,mirotni01
Greg Monroe,26,MIL,NBA,2016-17,81,0,1823,387,726,387,722,0,4,177,239,167,365,532,187,92,38,140,168,951,0.533,0.536,0,0.533,0.741,0.572,monrogr01
E'Twaun Moore,27,NOP,NBA,2016-17,73,22,1820,283,619,206,411,77,208,57,74,33,119,152,164,50,32,62,131,700,0.457,0.501,0.37,0.519,0.77,0.537,mooreet01
Marcus Morris,27,DET,NBA,2016-17,79,79,2565,421,1007,303,650,118,357,145,185,77,289,366,160,52,25,87,168,1105,0.418,0.466,0.331,0.477,0.784,0.508,morrima03
Markieff Morris,27,WAS,NBA,2016-17,76,76,2374,406,889,335,693,71,196,180,215,107,386,493,126,82,42,129,254,1063,0.457,0.483,0.362,0.497,0.837,0.54,morrima02
Anthony Morrow,31,TOT,NBA,2016-17,49,7,714,98,252,57,119,41,133,34,37,12,19,31,25,24,2,6,44,271,0.389,0.479,0.308,0.47,0.919,0.505,morroan01
Donatas Motiejunas,26,NOP,NBA,2016-17,34,0,479,57,138,46,91,11,47,25,49,26,75,101,32,18,11,31,55,150,0.413,0.505,0.234,0.453,0.51,0.47,motiedo01
Timofey Mozgov,30,LAL,NBA,2016-17,54,52,1104,169,328,169,327,0,1,63,78,104,160,264,43,16,31,72,133,401,0.515,0.517,0,0.515,0.808,0.553,mozgoti01
Emmanuel Mudiay,20,DEN,NBA,2016-17,55,41,1406,208,551,152,373,56,178,131,167,29,149,178,217,41,13,123,95,603,0.377,0.408,0.315,0.428,0.784,0.483,mudiaem01
Shabazz Muhammad,24,MIN,NBA,2016-17,78,1,1516,288,598,239,453,49,145,147,190,84,136,220,35,22,6,56,86,772,0.482,0.528,0.338,0.523,0.774,0.566,muhamsh01
Dejounte Murray,20,SAS,NBA,2016-17,38,8,322,50,116,41,93,9,23,21,30,6,36,42,48,8,6,38,29,130,0.431,0.441,0.391,0.47,0.7,0.503,murrade01
Jamal Murray,19,DEN,NBA,2016-17,82,10,1764,295,730,180,386,115,344,106,120,41,173,214,170,51,24,113,124,811,0.404,0.466,0.334,0.483,0.883,0.518,murraja01
Mike Muscala,25,ATL,NBA,2016-17,70,3,1237,170,337,124,227,46,110,49,64,76,164,240,95,30,41,55,97,435,0.504,0.546,0.418,0.573,0.766,0.596,muscami01
Larry Nance,24,LAL,NBA,2016-17,63,7,1442,190,361,180,325,10,36,59,80,120,249,369,96,82,39,56,149,449,0.526,0.554,0.278,0.54,0.738,0.567,nancela02
Shabazz Napier,25,POR,NBA,2016-17,53,2,512,73,183,39,91,34,92,38,49,8,53,61,67,32,2,41,38,218,0.399,0.429,0.37,0.492,0.776,0.533,napiesh01
Maurice Ndour,24,NYK,NBA,2016-17,32,4,331,39,86,38,79,1,7,19,26,22,42,64,8,15,8,12,30,98,0.453,0.481,0.143,0.459,0.731,0.503,ndourma01
Gary Neal,32,ATL,NBA,2016-17,2,0,18,0,7,0,5,0,2,4,4,0,1,1,1,0,0,0,1,4,0,0,0,0,1,0.228,nealga01
Jameer Nelson,34,DEN,NBA,2016-17,75,39,2045,268,604,162,331,106,273,45,63,28,164,192,385,54,8,128,197,687,0.444,0.489,0.388,0.531,0.714,0.544,nelsoja01
Raul Neto,24,UTA,NBA,2016-17,40,0,346,41,91,31,60,10,31,8,9,4,26,30,34,21,5,15,48,100,0.451,0.517,0.323,0.505,0.889,0.527,netora01
Georges Niang,23,IND,NBA,2016-17,23,0,93,9,36,8,24,1,12,2,2,2,15,17,5,3,0,5,6,21,0.25,0.333,0.083,0.264,1,0.285,niangge01
Andrew Nicholson,27,TOT,NBA,2016-17,38,0,342,43,111,38,84,5,27,9,14,15,46,61,10,16,6,17,55,100,0.387,0.452,0.185,0.41,0.643,0.427,nichoan01
Joakim Noah,31,NYK,NBA,2016-17,46,46,1015,99,202,99,201,0,1,34,78,162,241,403,103,30,37,58,127,232,0.49,0.493,0,0.49,0.436,0.491,noahjo01
Nerlens Noel,22,TOT,NBA,2016-17,51,19,1047,184,309,184,308,0,1,77,111,93,201,294,50,65,50,51,126,445,0.595,0.597,0,0.595,0.694,0.622,noelne01
Lucas Nogueira,24,TOR,NBA,2016-17,57,6,1088,103,156,100,144,3,12,44,67,82,162,244,42,52,89,46,137,253,0.66,0.694,0.25,0.67,0.657,0.682,noguelu01
Steve Novak,33,MIL,NBA,2016-17,8,0,22,2,7,1,1,1,6,0,0,0,3,3,0,0,0,0,1,5,0.286,1,0.167,0.357,,0.357,novakst01
Dirk Nowitzki,38,DAL,NBA,2016-17,54,54,1424,296,678,217,469,79,209,98,112,23,330,353,82,30,38,51,113,769,0.437,0.463,0.378,0.495,0.875,0.529,nowitdi01
Jusuf Nurkic,22,TOT,NBA,2016-17,65,48,1391,271,534,271,533,0,1,120,210,154,313,467,123,50,74,143,161,662,0.507,0.508,0,0.507,0.571,0.528,nurkiju01
David Nwaba,24,LAL,NBA,2016-17,20,2,397,47,81,46,76,1,5,25,39,17,46,63,14,13,7,11,36,120,0.58,0.605,0.2,0.586,0.641,0.611,nwabada01
Johnny O'Bryant,23,TOT,NBA,2016-17,11,0,80,15,30,12,24,3,6,5,6,9,10,19,6,0,1,6,10,38,0.5,0.5,0.5,0.55,0.833,0.582,obryajo01
Kyle O'Quinn,26,NYK,NBA,2016-17,79,8,1229,215,413,213,396,2,17,64,83,157,282,439,117,36,104,76,174,496,0.521,0.538,0.118,0.523,0.771,0.552,oquinky01
Daniel Ochefu,23,WAS,NBA,2016-17,19,0,75,12,27,12,27,0,0,0,2,5,17,22,3,2,0,3,17,24,0.444,0.444,,0.444,0,0.43,ochefda01
Jahlil Okafor,21,PHI,NBA,2016-17,50,33,1134,242,471,242,471,0,0,106,158,81,159,240,58,20,49,91,122,590,0.514,0.514,,0.514,0.671,0.546,okafoja01
Victor Oladipo,24,OKC,NBA,2016-17,67,67,2222,412,932,285,580,127,352,116,154,39,252,291,176,78,21,119,155,1067,0.442,0.491,0.361,0.51,0.753,0.534,oladivi01
Kelly Olynyk,25,BOS,NBA,2016-17,75,6,1538,260,508,192,316,68,192,90,123,73,288,361,148,43,29,96,207,678,0.512,0.608,0.354,0.579,0.732,0.603,olynyke01
Arinze Onuaku,29,ORL,NBA,2016-17,8,0,28,2,4,2,4,0,0,0,0,2,4,6,2,0,1,2,3,4,0.5,0.5,,0.5,,0.5,onuakar01
Chinanu Onuaku,20,HOU,NBA,2016-17,5,1,52,5,7,5,7,0,0,4,4,2,8,10,3,3,1,4,6,14,0.714,0.714,,0.714,1,0.799,onuakch01
Kelly Oubre,21,WAS,NBA,2016-17,79,5,1605,186,442,132,254,54,188,75,99,61,200,261,47,58,17,50,195,501,0.421,0.52,0.287,0.482,0.758,0.516,oubreke01
Zaza Pachulia,32,GSW,NBA,2016-17,70,70,1268,164,307,164,305,0,2,98,126,140,270,410,132,59,33,87,166,426,0.534,0.538,0,0.534,0.778,0.588,pachuza01
Georgios Papagiannis,19,SAC,NBA,2016-17,22,0,355,56,102,56,100,0,2,12,14,24,62,86,20,3,17,24,44,124,0.549,0.56,0,0.549,0.857,0.573,papagge01
Jabari Parker,21,MIL,NBA,2016-17,51,50,1728,399,814,334,636,65,178,162,218,79,235,314,142,50,22,93,111,1025,0.49,0.525,0.365,0.53,0.743,0.563,parkeja01
Tony Parker,34,SAS,NBA,2016-17,63,63,1587,265,569,242,500,23,69,85,117,9,104,113,285,34,2,89,92,638,0.466,0.484,0.333,0.486,0.726,0.514,parketo01
Chandler Parsons,28,MEM,NBA,2016-17,34,34,675,75,222,50,129,25,93,35,43,6,78,84,55,20,5,24,52,210,0.338,0.388,0.269,0.394,0.814,0.436,parsoch01
Lamar Patterson,25,ATL,NBA,2016-17,5,0,40,3,15,2,9,1,6,2,3,1,6,7,6,1,0,4,6,9,0.2,0.222,0.167,0.233,0.667,0.276,pattela01
Patrick Patterson,27,TOR,NBA,2016-17,65,8,1599,154,384,60,131,94,253,43,60,62,231,293,76,40,23,38,120,445,0.401,0.458,0.372,0.523,0.717,0.542,pattepa01
Chris Paul,31,LAC,NBA,2016-17,61,61,1921,374,785,250,483,124,302,232,260,40,264,304,563,119,8,147,146,1104,0.476,0.518,0.411,0.555,0.892,0.614,paulch01
Adreian Payne,25,MIN,NBA,2016-17,18,0,135,23,54,20,39,3,15,14,19,9,24,33,7,8,7,8,32,63,0.426,0.513,0.2,0.454,0.737,0.505,paynead01
Cameron Payne,22,TOT,NBA,2016-17,31,0,462,64,193,37,107,27,86,5,8,3,45,48,55,14,4,29,52,160,0.332,0.346,0.314,0.402,0.625,0.407,payneca01
Elfrid Payton,22,ORL,NBA,2016-17,82,58,2412,430,912,390,766,40,146,146,211,89,298,387,529,88,40,178,177,1046,0.471,0.509,0.274,0.493,0.692,0.52,paytoel01
Gary Payton,24,MIL,NBA,2016-17,6,0,99,8,22,7,13,1,9,3,5,0,12,12,13,3,4,10,9,20,0.364,0.538,0.111,0.386,0.6,0.413,paytoga02
Paul Pierce,39,LAC,NBA,2016-17,25,7,277,28,70,13,27,15,43,10,13,1,47,48,10,4,5,16,40,81,0.4,0.481,0.349,0.507,0.769,0.535,piercpa01
Marshall Plumlee,24,NYK,NBA,2016-17,21,1,170,16,30,16,30,0,0,8,19,23,28,51,10,4,4,12,23,40,0.533,0.533,,0.533,0.421,0.521,plumlma02
Mason Plumlee,26,TOT,NBA,2016-17,81,64,2148,334,623,334,617,0,6,174,300,170,435,605,284,69,92,134,226,842,0.536,0.541,0,0.536,0.58,0.558,plumlma01
Miles Plumlee,28,TOT,NBA,2016-17,45,12,484,44,92,44,92,0,0,25,39,38,57,95,21,18,13,30,73,113,0.478,0.478,,0.478,0.641,0.518,plumlmi01
Jakob Poeltl,21,TOR,NBA,2016-17,54,4,626,67,115,67,115,0,0,31,57,78,87,165,12,17,20,29,113,165,0.583,0.583,,0.583,0.544,0.589,poeltja01
Otto Porter,23,WAS,NBA,2016-17,80,80,2605,414,803,266,462,148,341,99,119,118,396,514,121,116,42,44,193,1075,0.516,0.576,0.434,0.608,0.832,0.628,porteot01
Bobby Portis,21,CHI,NBA,2016-17,64,13,1000,183,375,151,279,32,96,39,59,75,221,296,35,16,11,37,94,437,0.488,0.541,0.333,0.531,0.661,0.545,portibo01
Kristaps Porzingis,21,NYK,NBA,2016-17,66,65,2164,443,985,331,671,112,314,198,252,111,364,475,97,47,129,118,244,1196,0.45,0.493,0.357,0.507,0.786,0.546,porzikr01
Dwight Powell,25,DAL,NBA,2016-17,77,3,1333,194,377,173,303,21,74,107,141,93,213,306,49,61,39,34,135,516,0.515,0.571,0.284,0.542,0.759,0.588,poweldw01
Norman Powell,23,TOR,NBA,2016-17,76,18,1368,227,506,171,333,56,173,126,159,26,143,169,82,52,14,70,127,636,0.449,0.514,0.324,0.504,0.792,0.552,powelno01
Alex Poythress,23,PHI,NBA,2016-17,6,1,157,25,54,19,35,6,19,8,10,11,18,29,5,3,2,3,14,64,0.463,0.543,0.316,0.519,0.8,0.548,poythal01
Ronnie Price,33,PHO,NBA,2016-17,14,0,134,4,24,1,7,3,17,3,4,3,8,11,18,11,1,3,14,14,0.167,0.143,0.176,0.229,0.75,0.272,pricero01
Tim Quarterman,22,POR,NBA,2016-17,16,0,80,13,29,8,16,5,13,0,3,4,10,14,11,2,3,11,6,31,0.448,0.5,0.385,0.534,0,0.511,quartti01
Chasson Randle,23,TOT,NBA,2016-17,26,0,299,40,98,24,51,16,47,41,43,6,26,32,34,9,2,19,39,137,0.408,0.471,0.34,0.49,0.953,0.586,randlch01
Julius Randle,22,LAL,NBA,2016-17,74,73,2132,377,773,360,710,17,63,204,282,150,486,636,264,49,37,173,248,975,0.488,0.507,0.27,0.499,0.723,0.543,randlju01
Zach Randolph,35,MEM,NBA,2016-17,73,5,1786,433,964,412,870,21,94,141,193,182,416,598,122,38,10,99,136,1028,0.449,0.474,0.223,0.46,0.731,0.49,randoza01
J.J. Redick,32,LAC,NBA,2016-17,78,78,2198,396,890,195,422,201,468,180,202,11,160,171,110,54,13,98,125,1173,0.445,0.462,0.429,0.558,0.891,0.599,redicjj01
Willie Reed,26,MIA,NBA,2016-17,71,5,1031,162,285,161,281,1,4,49,88,129,203,332,26,18,47,31,137,374,0.568,0.573,0.25,0.57,0.557,0.578,reedwi02
Josh Richardson,23,MIA,NBA,2016-17,53,34,1614,202,513,127,286,75,227,60,77,35,133,168,140,60,39,65,132,539,0.394,0.444,0.33,0.467,0.779,0.493,richajo01
Malachi Richardson,21,SAC,NBA,2016-17,22,0,198,28,68,20,40,8,28,15,19,3,20,23,11,5,1,8,23,79,0.412,0.5,0.286,0.471,0.789,0.517,richama01
Austin Rivers,24,LAC,NBA,2016-17,74,29,2054,323,731,212,432,111,299,132,191,20,141,161,204,48,10,115,187,889,0.442,0.491,0.371,0.518,0.691,0.545,riverau01
Andre Roberson,25,OKC,NBA,2016-17,79,79,2376,215,463,170,279,45,184,47,111,98,305,403,79,94,79,51,204,522,0.464,0.609,0.245,0.513,0.423,0.51,roberan03
Brian Roberts,31,CHO,NBA,2016-17,41,2,416,46,122,29,78,17,44,33,39,5,34,39,52,9,1,26,18,142,0.377,0.372,0.386,0.447,0.846,0.51,roberbr01
Glenn Robinson,23,IND,NBA,2016-17,69,27,1427,158,338,109,213,49,125,54,76,57,189,246,47,41,20,37,63,419,0.467,0.512,0.392,0.54,0.711,0.564,robingl02
Thomas Robinson,25,LAL,NBA,2016-17,48,1,560,105,196,105,195,0,1,31,66,84,139,223,31,26,9,46,76,241,0.536,0.538,0,0.536,0.47,0.535,robinth01
Sergio Rodriguez,30,PHI,NBA,2016-17,68,30,1518,210,536,118,284,92,252,18,27,21,136,157,344,49,4,128,95,530,0.392,0.415,0.365,0.478,0.667,0.484,rodrise01
Rajon Rondo,30,CHI,NBA,2016-17,69,42,1843,229,561,179,428,50,133,30,50,73,282,355,461,99,11,169,144,538,0.408,0.418,0.376,0.453,0.6,0.461,rondora01
Derrick Rose,28,NYK,NBA,2016-17,64,64,2082,460,977,447,917,13,60,221,253,66,180,246,283,44,17,147,84,1154,0.471,0.487,0.217,0.477,0.874,0.53,rosede01
Terrence Ross,25,TOT,NBA,2016-17,78,24,1955,326,746,184,355,142,391,64,77,18,188,206,88,87,33,68,143,858,0.437,0.518,0.363,0.532,0.831,0.55,rosste01
Terry Rozier,22,BOS,NBA,2016-17,74,0,1263,151,411,94,232,57,179,51,66,40,187,227,131,46,11,47,69,410,0.367,0.405,0.318,0.437,0.773,0.466,roziete01
Ricky Rubio,26,MIN,NBA,2016-17,75,75,2469,261,650,201,454,60,196,254,285,68,237,305,682,128,10,195,202,836,0.402,0.443,0.306,0.448,0.891,0.539,rubiori01
Damjan Rudez,30,ORL,NBA,2016-17,45,0,314,31,88,11,24,20,64,0,0,5,20,25,20,12,1,9,31,82,0.352,0.458,0.313,0.466,,0.466,rudezda01
Brandon Rush,31,MIN,NBA,2016-17,47,33,1030,70,187,26,73,44,114,13,18,16,83,99,45,22,23,28,42,197,0.374,0.356,0.386,0.492,0.722,0.505,rushbr01
D'Angelo Russell,20,LAL,NBA,2016-17,63,60,1811,351,867,216,483,135,384,147,188,31,190,221,303,87,16,176,130,984,0.405,0.447,0.352,0.483,0.782,0.518,russeda01
Domantas Sabonis,20,OKC,NBA,2016-17,81,66,1632,192,481,141,322,51,159,44,67,46,242,288,82,39,32,83,200,479,0.399,0.438,0.321,0.452,0.657,0.469,sabondo01
Larry Sanders,28,CLE,NBA,2016-17,5,0,13,1,4,1,4,0,0,2,2,3,1,4,0,1,1,2,5,4,0.25,0.25,,0.25,1,0.41,sandela01
Dario Saric,22,PHI,NBA,2016-17,81,36,2129,381,927,275,586,106,341,172,220,112,401,513,182,57,30,183,162,1040,0.411,0.469,0.311,0.468,0.782,0.508,saricda01
Tomas Satoransky,25,WAS,NBA,2016-17,57,3,719,61,147,52,110,9,37,23,33,25,58,83,92,26,6,38,60,154,0.415,0.473,0.243,0.446,0.697,0.477,satorto01
Dennis Schroder,23,ATL,NBA,2016-17,79,78,2485,548,1214,448,920,100,294,218,255,42,206,248,499,74,16,258,149,1414,0.451,0.487,0.34,0.493,0.855,0.533,schrode01
Luis Scola,36,BRK,NBA,2016-17,36,1,461,71,151,54,101,17,50,25,37,51,88,139,37,14,4,34,63,184,0.47,0.535,0.34,0.526,0.676,0.55,scolalu01
Mike Scott,28,ATL,NBA,2016-17,18,0,195,17,59,13,32,4,27,7,8,10,27,37,17,4,3,8,12,45,0.288,0.406,0.148,0.322,0.875,0.36,scottmi01
Thabo Sefolosha,32,ATL,NBA,2016-17,62,42,1596,174,395,133,275,41,120,55,75,54,216,270,107,96,31,58,97,444,0.441,0.484,0.342,0.492,0.733,0.519,sefolth01
Wayne Selden,22,TOT,NBA,2016-17,14,5,236,25,58,18,30,7,28,14,22,1,15,16,13,6,1,12,18,71,0.431,0.6,0.25,0.491,0.636,0.525,seldewa01
Kevin Seraphin,27,IND,NBA,2016-17,49,3,559,109,198,109,196,0,2,14,22,41,101,142,23,7,20,29,66,232,0.551,0.556,0,0.551,0.636,0.559,serapke01
Ramon Sessions,30,CHO,NBA,2016-17,50,1,811,100,263,79,201,21,62,91,118,11,62,73,129,27,3,46,43,312,0.38,0.393,0.339,0.42,0.771,0.495,sessira01
Iman Shumpert,26,CLE,NBA,2016-17,76,31,1937,201,489,107,228,94,261,71,90,39,179,218,109,62,27,78,150,567,0.411,0.469,0.36,0.507,0.789,0.536,shumpim01
Pascal Siakam,22,TOR,NBA,2016-17,55,38,859,103,205,102,198,1,7,22,32,64,121,185,17,26,45,33,109,229,0.502,0.515,0.143,0.505,0.688,0.523,siakapa01
Jonathon Simmons,27,SAS,NBA,2016-17,78,8,1392,177,421,147,319,30,102,99,132,20,140,160,126,47,25,76,146,483,0.42,0.461,0.294,0.456,0.75,0.504,simmojo02
Kyle Singler,28,OKC,NBA,2016-17,32,2,385,34,83,27,46,7,37,13,17,8,40,48,9,7,5,11,29,88,0.41,0.587,0.189,0.452,0.765,0.486,singlky01
Marcus Smart,22,BOS,NBA,2016-17,79,24,2399,269,749,175,417,94,332,203,250,78,227,305,364,125,34,159,192,835,0.359,0.42,0.283,0.422,0.812,0.486,smartma01
Ish Smith,28,DET,NBA,2016-17,81,32,1955,329,749,301,644,28,105,72,102,21,214,235,418,61,33,112,127,758,0.439,0.467,0.267,0.458,0.706,0.477,smithis01
J.R. Smith,31,CLE,NBA,2016-17,41,35,1187,123,356,28,85,95,271,10,15,17,96,113,62,40,11,26,77,351,0.346,0.329,0.351,0.479,0.667,0.484,smithjr01
Jason Smith,30,WAS,NBA,2016-17,74,3,1068,174,329,137,251,37,78,35,51,64,194,258,37,21,54,58,168,420,0.529,0.546,0.474,0.585,0.686,0.598,smithja02
Tony Snell,25,MIL,NBA,2016-17,80,80,2336,246,541,102,186,144,355,47,58,22,226,248,96,55,14,55,125,683,0.455,0.548,0.406,0.588,0.81,0.603,snellto01
Marreese Speights,29,LAC,NBA,2016-17,82,2,1286,244,548,141,271,103,277,120,137,88,285,373,65,23,41,69,229,711,0.445,0.52,0.372,0.539,0.876,0.584,speigma01
Tiago Splitter,32,PHI,NBA,2016-17,8,0,76,14,31,12,25,2,6,9,11,8,14,22,4,1,1,6,8,39,0.452,0.48,0.333,0.484,0.818,0.544,splitti01
Nik Stauskas,23,PHI,NBA,2016-17,80,27,2188,251,634,119,275,132,359,122,150,21,205,226,188,45,32,128,144,756,0.396,0.433,0.368,0.5,0.813,0.54,stausni01
Lance Stephenson,26,TOT,NBA,2016-17,18,0,361,54,120,48,100,6,20,8,13,4,48,52,59,5,3,26,32,122,0.45,0.48,0.3,0.475,0.615,0.485,stephla01
Jarnell Stokes,23,DEN,NBA,2016-17,2,0,7,1,1,1,1,0,0,1,2,1,1,2,2,1,0,0,3,3,1,1,,1,0.5,0.798,stokeja01
Diamond Stone,19,LAC,NBA,2016-17,7,0,24,3,13,3,13,0,0,4,4,1,5,6,0,0,1,2,5,10,0.231,0.231,,0.231,1,0.339,stonedi01
Rodney Stuckey,30,IND,NBA,2016-17,39,0,696,91,244,72,184,19,60,80,107,6,78,84,84,16,0,53,44,281,0.373,0.391,0.317,0.412,0.748,0.483,stuckro01
Jared Sullinger,24,TOR,NBA,2016-17,11,1,118,15,47,12,29,3,18,4,8,10,17,27,3,4,1,4,17,37,0.319,0.414,0.167,0.351,0.5,0.366,sullija01
Edy Tavares,24,TOT,NBA,2016-17,2,0,28,4,5,4,5,0,0,0,3,4,7,11,1,0,6,2,3,8,0.8,0.8,,0.8,0,0.633,tavarwa01
Isaiah Taylor,22,HOU,NBA,2016-17,4,0,52,1,7,1,5,0,2,1,2,1,2,3,3,1,1,0,6,3,0.143,0.2,0,0.143,0.5,0.19,taylois01
Jeff Teague,28,IND,NBA,2016-17,82,82,2657,402,909,312,657,90,252,360,415,33,297,330,639,100,32,216,165,1254,0.442,0.475,0.357,0.492,0.867,0.574,teaguje01
Mirza Teletovic,31,MIL,NBA,2016-17,70,2,1133,156,418,52,113,104,305,35,45,11,151,162,48,12,13,37,109,451,0.373,0.46,0.341,0.498,0.778,0.515,teletmi01
Garrett Temple,30,SAC,NBA,2016-17,65,21,1728,183,432,101,212,82,220,58,74,32,152,184,168,84,28,78,141,506,0.424,0.476,0.373,0.519,0.784,0.545,templga01
Jason Terry,39,MIL,NBA,2016-17,74,0,1365,105,243,32,72,73,171,24,29,15,91,106,98,46,20,36,95,307,0.432,0.444,0.427,0.582,0.828,0.6,terryja01
Isaiah Thomas,27,BOS,NBA,2016-17,76,76,2569,682,1473,437,827,245,646,590,649,43,162,205,448,70,13,210,167,2199,0.463,0.528,0.379,0.546,0.909,0.625,thomais02
Lance Thomas,28,NYK,NBA,2016-17,46,15,968,97,244,59,159,38,85,43,51,32,110,142,35,21,5,25,85,275,0.398,0.371,0.447,0.475,0.843,0.516,thomala01
Hollis Thompson,25,TOT,NBA,2016-17,40,9,752,77,200,45,105,32,95,19,29,19,93,112,35,20,6,11,69,205,0.385,0.429,0.337,0.465,0.655,0.482,thompho01
Klay Thompson,26,GSW,NBA,2016-17,78,78,2649,644,1376,376,729,268,647,186,218,49,236,285,160,66,40,128,139,1742,0.468,0.516,0.414,0.565,0.853,0.592,thompkl01
Tristan Thompson,25,CLE,NBA,2016-17,78,78,2336,262,437,262,434,0,3,106,213,286,429,715,77,39,84,64,176,630,0.6,0.604,0,0.6,0.498,0.594,thomptr01
Marcus Thornton,29,WAS,NBA,2016-17,33,1,575,84,210,56,130,28,80,23,27,22,54,76,41,19,3,25,48,219,0.4,0.431,0.35,0.467,0.852,0.494,thornma01
Mike Tobey,22,CHO,NBA,2016-17,2,0,25,1,4,1,4,0,0,0,0,2,1,3,1,0,0,1,2,2,0.25,0.25,,0.25,,0.25,tobeymi01
Anthony Tolliver,31,SAC,NBA,2016-17,65,9,1477,155,351,65,121,90,230,61,82,51,186,237,77,34,20,56,109,461,0.442,0.537,0.391,0.57,0.744,0.595,tollian01
Axel Toupane,24,TOT,NBA,2016-17,4,0,47,5,9,4,5,1,4,0,0,0,1,1,0,1,1,0,6,11,0.556,0.8,0.25,0.611,,0.611,toupaax01
Karl-Anthony Towns,21,MIN,NBA,2016-17,82,82,3030,802,1480,701,1205,101,275,356,428,296,711,1007,220,56,103,212,241,2061,0.542,0.582,0.367,0.576,0.832,0.618,townska01
P.J. Tucker,31,TOT,NBA,2016-17,81,21,2236,199,482,129,286,70,196,72,93,117,354,471,99,116,19,66,196,540,0.413,0.451,0.357,0.485,0.774,0.516,tuckepj01
Evan Turner,28,POR,NBA,2016-17,65,12,1658,235,552,204,434,31,118,85,103,36,211,247,205,53,24,100,121,586,0.426,0.47,0.263,0.454,0.825,0.491,turneev01
Myles Turner,20,IND,NBA,2016-17,81,81,2541,444,869,404,754,40,115,245,303,139,450,589,106,74,172,105,262,1173,0.511,0.536,0.348,0.534,0.809,0.585,turnemy01
Beno Udrih,34,DET,NBA,2016-17,39,0,560,92,197,81,165,11,32,32,34,6,51,57,131,13,0,36,29,227,0.467,0.491,0.344,0.495,0.941,0.535,udrihbe01
Tyler Ulis,21,PHO,NBA,2016-17,61,15,1123,184,437,163,358,21,79,55,71,20,75,95,226,48,5,77,73,444,0.421,0.455,0.266,0.445,0.775,0.474,ulisty01
Jarrod Uthoff,23,DAL,NBA,2016-17,9,0,115,16,38,13,29,3,9,5,7,8,14,22,9,2,4,3,8,40,0.421,0.448,0.333,0.461,0.714,0.487,uthofja01
Jonas Valanciunas,24,TOR,NBA,2016-17,80,80,2066,391,702,390,700,1,2,176,217,226,533,759,57,37,63,106,216,959,0.557,0.557,0.5,0.558,0.811,0.601,valanjo01
Denzel Valentine,23,CHI,NBA,2016-17,57,0,976,102,288,29,80,73,208,14,18,11,140,151,63,30,7,49,86,291,0.354,0.363,0.351,0.481,0.778,0.492,valende01
Fred VanVleet,22,TOR,NBA,2016-17,37,0,294,39,111,28,82,11,29,18,22,4,38,42,35,16,3,15,36,107,0.351,0.341,0.379,0.401,0.818,0.443,vanvlfr01
Anderson Varejao,34,GSW,NBA,2016-17,14,1,92,5,14,5,14,0,0,8,11,12,15,27,10,3,3,8,16,18,0.357,0.357,,0.357,0.727,0.478,varejan01
Greivis Vasquez,30,BRK,NBA,2016-17,3,0,39,2,8,1,5,1,3,2,3,0,2,2,5,1,1,1,6,7,0.25,0.2,0.333,0.313,0.667,0.376,vasqugr01
Rashad Vaughn,20,MIL,NBA,2016-17,41,2,458,57,156,31,75,26,81,2,5,4,45,49,23,19,10,14,32,142,0.365,0.413,0.321,0.449,0.4,0.449,vaughra01
Noah Vonleh,21,POR,NBA,2016-17,74,41,1265,130,270,123,250,7,20,60,94,131,256,387,31,30,27,64,154,327,0.481,0.492,0.35,0.494,0.638,0.525,vonleno01
Nikola Vucevic,26,ORL,NBA,2016-17,75,55,2163,483,1031,460,956,23,75,107,160,176,603,779,208,76,74,117,180,1096,0.468,0.481,0.307,0.48,0.669,0.498,vucevni01
Sasha Vujacic,32,NYK,NBA,2016-17,42,4,408,42,136,19,62,23,74,17,24,12,47,59,52,13,2,16,38,124,0.309,0.306,0.311,0.393,0.708,0.423,vujacsa01
Dwyane Wade,35,CHI,NBA,2016-17,60,59,1792,414,955,369,810,45,145,223,281,63,207,270,228,86,41,138,112,1096,0.434,0.456,0.31,0.457,0.794,0.508,wadedw01
Dion Waiters,25,MIA,NBA,2016-17,46,43,1384,281,663,196,448,85,215,82,127,18,135,153,200,42,20,103,95,729,0.424,0.438,0.395,0.488,0.646,0.507,waitedi01
Kemba Walker,26,CHO,NBA,2016-17,79,79,2739,643,1449,403,847,240,602,304,359,45,263,308,434,85,22,168,119,1830,0.444,0.476,0.399,0.527,0.847,0.569,walkeke02
John Wall,26,WAS,NBA,2016-17,78,78,2836,647,1435,558,1163,89,272,422,527,59,267,326,831,157,49,322,151,1805,0.451,0.48,0.327,0.482,0.801,0.541,walljo01
Taurean Waller-Prince,22,ATL,NBA,2016-17,59,10,981,114,285,81,183,33,102,74,94,25,132,157,55,43,27,61,96,335,0.4,0.443,0.324,0.458,0.787,0.513,princta02
T.J. Warren,23,PHO,NBA,2016-17,66,59,2048,403,814,377,716,26,98,119,154,125,214,339,75,76,39,57,175,951,0.495,0.527,0.265,0.511,0.773,0.539,warretj01
C.J. Watson,32,ORL,NBA,2016-17,62,9,1012,96,248,64,143,32,105,57,66,16,73,89,114,43,2,47,84,281,0.387,0.448,0.305,0.452,0.864,0.507,watsocj01
Briante Weber,24,TOT,NBA,2016-17,20,0,205,25,60,24,50,1,10,11,16,8,18,26,21,12,1,8,16,62,0.417,0.48,0.1,0.425,0.688,0.462,weberbr01
David West,36,GSW,NBA,2016-17,68,0,854,135,252,132,244,3,8,43,56,47,156,203,151,42,48,78,105,316,0.536,0.541,0.375,0.542,0.768,0.571,westda01
Russell Westbrook,28,OKC,NBA,2016-17,81,81,2802,824,1941,624,1358,200,583,710,840,137,727,864,840,132,31,438,190,2558,0.425,0.459,0.343,0.476,0.845,0.554,westbru01
Okaro White,24,MIA,NBA,2016-17,35,0,471,33,87,21,53,12,34,20,22,25,57,82,21,10,10,18,52,98,0.379,0.396,0.353,0.448,0.909,0.507,whiteok01
Isaiah Whitehead,21,BRK,NBA,2016-17,73,26,1643,204,508,160,359,44,149,91,113,32,152,184,192,42,36,142,175,543,0.402,0.446,0.295,0.445,0.805,0.487,whiteis01
Hassan Whiteside,27,MIA,NBA,2016-17,77,77,2513,542,973,542,973,0,0,225,358,293,795,1088,57,57,161,154,226,1309,0.557,0.557,,0.557,0.628,0.579,whiteha01
Andrew Wiggins,21,MIN,NBA,2016-17,82,82,3048,709,1570,606,1281,103,289,412,542,102,226,328,189,82,30,187,183,1933,0.452,0.473,0.356,0.484,0.76,0.534,wiggian01
C.J. Wilcox,26,ORL,NBA,2016-17,22,0,108,8,31,5,16,3,15,2,2,4,8,12,12,2,1,6,8,21,0.258,0.313,0.2,0.306,1,0.329,wilcocj01
Alan Williams,24,PHO,NBA,2016-17,47,0,708,138,267,138,266,0,1,70,112,94,198,292,23,27,32,37,125,346,0.517,0.519,0,0.517,0.625,0.547,willial03
Deron Williams,32,TOT,NBA,2016-17,64,44,1657,263,600,178,366,85,234,90,109,14,133,147,360,31,8,138,138,701,0.438,0.486,0.363,0.509,0.826,0.541,willide01
Derrick Williams,25,TOT,NBA,2016-17,50,11,804,108,244,78,147,30,97,58,89,19,111,130,28,14,7,28,60,304,0.443,0.531,0.309,0.504,0.652,0.537,willide02
Lou Williams,30,TOT,NBA,2016-17,81,1,1994,428,998,265,552,163,446,402,457,26,176,202,239,80,20,160,92,1421,0.429,0.48,0.365,0.511,0.88,0.593,willilo02
Marvin Williams,30,CHO,NBA,2016-17,76,76,2295,297,704,173,350,124,354,131,150,89,411,500,106,58,53,60,134,849,0.422,0.494,0.35,0.51,0.873,0.551,willima02
Reggie Williams,30,NOP,NBA,2016-17,6,0,79,8,23,3,12,5,11,6,7,2,4,6,4,3,0,0,2,27,0.348,0.25,0.455,0.457,0.857,0.518,willire02
Troy Williams,22,TOT,NBA,2016-17,30,16,557,73,167,55,105,18,62,21,32,15,54,69,25,27,10,32,60,185,0.437,0.524,0.29,0.491,0.656,0.511,willitr02
Kyle Wiltjer,24,HOU,NBA,2016-17,14,0,44,4,14,0,1,4,13,1,2,4,6,10,2,3,1,5,4,13,0.286,0,0.308,0.429,0.5,0.437,wiltjky01
Justise Winslow,20,MIA,NBA,2016-17,18,15,625,80,225,73,190,7,35,29,47,23,71,94,66,26,6,33,52,196,0.356,0.384,0.2,0.371,0.617,0.399,winslju01
Jeff Withey,26,UTA,NBA,2016-17,51,1,432,55,103,55,102,0,1,36,48,52,69,121,7,16,32,14,52,146,0.534,0.539,0,0.534,0.75,0.588,witheje01
Christian Wood,21,CHO,NBA,2016-17,13,0,107,12,23,12,18,0,5,11,15,14,15,29,2,3,6,7,11,35,0.522,0.667,0,0.522,0.733,0.591,woodch01
Metta World Peace,37,LAL,NBA,2016-17,25,2,160,19,68,10,30,9,38,10,16,5,15,20,11,10,2,7,18,57,0.279,0.333,0.237,0.346,0.625,0.38,artesro01
Brandan Wright,29,MEM,NBA,2016-17,28,5,447,83,135,83,134,0,1,23,35,31,47,78,15,11,20,10,42,189,0.615,0.619,0,0.615,0.657,0.628,wrighbr03
Delon Wright,24,TOR,NBA,2016-17,27,0,446,49,116,39,86,10,30,42,55,16,32,48,57,27,11,25,31,150,0.422,0.453,0.333,0.466,0.764,0.535,wrighde01
James Young,21,BOS,NBA,2016-17,29,0,220,25,58,13,23,12,35,6,9,6,20,26,4,10,2,4,15,68,0.431,0.565,0.343,0.534,0.667,0.549,youngja01
Joe Young,24,IND,NBA,2016-17,33,0,135,26,72,21,49,5,23,11,15,1,16,17,15,4,0,5,5,68,0.361,0.429,0.217,0.396,0.733,0.433,youngjo01
Nick Young,31,LAL,NBA,2016-17,60,60,1556,272,633,102,212,170,421,77,90,25,113,138,58,37,14,36,137,791,0.43,0.481,0.404,0.564,0.856,0.588,youngni01
Thaddeus Young,28,IND,NBA,2016-17,74,74,2237,362,687,317,569,45,118,45,86,131,317,448,122,113,29,95,135,814,0.527,0.557,0.381,0.56,0.523,0.562,youngth01
Cody Zeller,24,CHO,NBA,2016-17,62,58,1725,253,443,253,442,0,1,133,196,135,270,405,99,62,58,65,189,639,0.571,0.572,0,0.571,0.679,0.604,zelleco01
Tyler Zeller,27,BOS,NBA,2016-17,51,5,525,78,158,78,157,0,1,22,39,43,81,124,42,7,21,20,61,178,0.494,0.497,0,0.494,0.564,0.508,zellety01
Stephen Zimmerman,20,ORL,NBA,2016-17,19,0,108,10,31,10,31,0,0,3,5,11,24,35,4,2,5,3,17,23,0.323,0.323,,0.323,0.6,0.346,zimmest01
Paul Zipser,22,CHI,NBA,2016-17,44,18,843,88,221,55,122,33,99,31,40,15,110,125,36,15,16,40,78,240,0.398,0.451,0.333,0.473,0.775,0.503,zipsepa01
Ivica Zubac,19,LAL,NBA,2016-17,38,11,609,126,238,126,235,0,3,32,49,41,118,159,30,14,33,30,66,284,0.529,0.536,0,0.529,0.653,0.547,zubaciv01
Alex Abrines,24,OKC,NBA,2017-18,75,8,1134,115,291,31,70,84,221,39,46,26,88,114,28,38,8,25,124,353,0.395,0.443,0.38,0.54,0.848,0.567,abrinal01
Quincy Acy,27,BRK,NBA,2017-18,70,8,1359,130,365,28,73,102,292,49,60,40,216,257,57,33,29,60,149,411,0.356,0.384,0.349,0.496,0.817,0.525,acyqu01
Steven Adams,24,OKC,NBA,2017-18,76,76,2487,448,712,448,710,0,2,160,286,384,301,685,88,92,78,128,215,1056,0.629,0.631,0,0.629,0.559,0.63,adamsst01
Bam Adebayo,20,MIA,NBA,2017-18,69,19,1368,174,340,174,333,0,7,129,179,118,263,381,101,32,41,66,138,477,0.512,0.523,0,0.512,0.721,0.57,adebaba01
Arron Afflalo,32,ORL,NBA,2017-18,53,3,682,65,162,38,92,27,70,22,26,4,62,66,30,4,9,21,56,179,0.401,0.413,0.386,0.485,0.846,0.516,afflaar01
Cole Aldrich,29,MIN,NBA,2017-18,21,0,49,5,15,5,15,0,0,2,6,3,12,15,3,2,1,1,11,12,0.333,0.333,,0.333,0.333,0.34,aldrico01
LaMarcus Aldridge,32,SAS,NBA,2017-18,75,75,2509,687,1347,660,1255,27,92,334,399,246,389,635,152,43,90,111,161,1735,0.51,0.526,0.293,0.52,0.837,0.57,aldrila01
Jarrett Allen,19,BRK,NBA,2017-18,72,31,1441,234,397,229,382,5,15,114,147,144,244,388,49,28,88,82,147,587,0.589,0.599,0.333,0.596,0.776,0.636,allenja01
Kadeem Allen,25,BOS,NBA,2017-18,18,1,107,6,22,6,11,0,11,7,9,4,7,11,12,3,2,9,15,19,0.273,0.545,0,0.273,0.778,0.366,allenka01
Tony Allen,36,NOP,NBA,2017-18,22,0,273,44,91,40,79,4,12,11,21,20,27,47,9,11,3,19,49,103,0.484,0.506,0.333,0.505,0.524,0.514,allento01
Al-Farouq Aminu,27,POR,NBA,2017-18,69,67,2072,230,582,105,243,125,339,59,80,97,428,525,84,79,40,79,136,644,0.395,0.432,0.369,0.503,0.738,0.522,aminual01
Justin Anderson,24,PHI,NBA,2017-18,38,0,519,87,202,53,99,34,103,28,38,25,68,93,25,15,7,16,54,236,0.431,0.535,0.33,0.515,0.737,0.54,anderju01
Kyle Anderson,24,SAS,NBA,2017-18,74,67,1978,231,438,212,381,19,57,104,146,84,312,396,202,115,60,94,114,585,0.527,0.556,0.333,0.549,0.712,0.582,anderky01
Ryan Anderson,29,HOU,NBA,2017-18,66,50,1725,207,480,76,141,131,339,72,93,94,237,331,60,24,21,42,126,617,0.431,0.539,0.386,0.568,0.774,0.592,anderry01
Ike Anigbogu,19,IND,NBA,2017-18,11,0,30,4,9,4,9,0,0,5,6,5,4,9,0,1,3,2,1,13,0.444,0.444,,0.444,0.833,0.558,anigbik01
Giannis Antetokounmpo,23,MIL,NBA,2017-18,75,75,2756,742,1402,699,1262,43,140,487,641,156,597,753,361,109,106,223,231,2014,0.529,0.554,0.307,0.545,0.76,0.598,antetgi01
Carmelo Anthony,33,OKC,NBA,2017-18,78,78,2501,472,1168,303,694,169,474,148,193,67,386,453,103,47,49,99,197,1261,0.404,0.437,0.357,0.476,0.767,0.503,anthoca01
OG Anunoby,20,TOR,NBA,2017-18,74,62,1481,163,346,90,149,73,197,39,62,44,140,184,55,52,14,45,130,438,0.471,0.604,0.371,0.577,0.629,0.587,anunoog01
Ryan Arcidiacono,23,CHI,NBA,2017-18,24,0,304,17,41,8,10,9,31,5,6,1,24,25,35,13,0,13,18,48,0.415,0.8,0.29,0.524,0.833,0.55,arcidry01
Trevor Ariza,32,HOU,NBA,2017-18,67,67,2269,268,651,98,189,170,462,76,89,33,261,294,105,98,13,52,132,782,0.412,0.519,0.368,0.542,0.854,0.567,arizatr01
Darrell Arthur,29,DEN,NBA,2017-18,19,1,141,22,47,14,24,8,23,2,3,3,12,15,9,8,3,15,22,54,0.468,0.583,0.348,0.553,0.667,0.559,arthuda01
Jamel Artis,25,ORL,NBA,2017-18,15,1,279,31,79,23,50,8,29,7,12,4,34,38,18,2,3,8,11,77,0.392,0.46,0.276,0.443,0.583,0.457,artisja01
Omer Asik,31,TOT,NBA,2017-18,18,0,182,9,22,9,22,0,0,4,13,9,38,47,3,2,4,9,20,22,0.409,0.409,,0.409,0.308,0.397,asikom01
D.J. Augustin,30,ORL,NBA,2017-18,75,36,1760,244,540,130,268,114,272,164,189,30,130,160,287,54,0,123,94,766,0.452,0.485,0.419,0.557,0.868,0.615,augusdj01
Luke Babbitt,28,TOT,NBA,2017-18,50,14,715,91,215,31,59,60,156,17,22,7,89,96,31,8,7,19,54,259,0.423,0.525,0.385,0.563,0.773,0.576,babbilu01
Dwayne Bacon,22,CHO,NBA,2017-18,53,6,713,72,192,61,149,11,43,20,25,4,120,124,38,16,2,23,46,175,0.375,0.409,0.256,0.404,0.8,0.431,bacondw01
Ron Baker,24,NYK,NBA,2017-18,29,1,385,20,59,9,26,11,33,20,26,5,25,30,47,26,6,18,33,71,0.339,0.346,0.333,0.432,0.769,0.504,bakerro01
Wade Baldwin,21,POR,NBA,2017-18,7,0,80,14,21,10,16,4,5,6,10,1,7,8,5,2,1,4,12,38,0.667,0.625,0.8,0.762,0.6,0.748,baldwwa01
Lonzo Ball,20,LAL,NBA,2017-18,52,50,1780,203,564,113,269,90,295,32,71,69,291,360,376,88,43,136,117,528,0.36,0.42,0.305,0.44,0.451,0.444,balllo01
J.J. Barea,33,DAL,NBA,2017-18,69,10,1603,303,690,188,377,115,313,80,102,15,186,201,434,35,3,143,83,801,0.439,0.499,0.367,0.522,0.784,0.545,bareajo01
Harrison Barnes,25,DAL,NBA,2017-18,77,77,2634,537,1208,418,875,119,333,259,313,77,391,468,152,49,14,118,94,1452,0.445,0.478,0.357,0.494,0.827,0.539,barneha02
Will Barton,27,DEN,NBA,2017-18,81,40,2683,465,1028,309,606,156,422,182,226,70,339,409,331,82,52,149,168,1268,0.452,0.51,0.37,0.528,0.805,0.562,bartowi01
Nicolas Batum,29,CHO,NBA,2017-18,64,64,1981,270,650,178,376,92,274,108,130,57,249,306,349,65,23,131,72,740,0.415,0.473,0.336,0.486,0.831,0.523,batumni01
Jerryd Bayless,29,PHI,NBA,2017-18,39,11,925,109,262,55,116,54,146,35,44,15,65,80,54,23,6,46,91,307,0.416,0.474,0.37,0.519,0.795,0.546,bayleje01
Aron Baynes,31,BOS,NBA,2017-18,81,67,1485,210,446,207,425,3,21,59,78,130,304,434,93,22,51,80,200,482,0.471,0.487,0.143,0.474,0.756,0.502,baynear01
Kent Bazemore,28,ATL,NBA,2017-18,65,65,1789,284,676,176,402,108,274,160,201,25,223,248,228,100,45,157,147,836,0.42,0.438,0.394,0.5,0.796,0.547,bazemke01
Bradley Beal,24,WAS,NBA,2017-18,82,82,2977,683,1484,484,954,199,530,292,369,61,302,363,373,96,36,214,160,1857,0.46,0.507,0.375,0.527,0.791,0.564,bealbr01
Malik Beasley,21,DEN,NBA,2017-18,62,0,583,73,178,45,96,28,82,22,33,14,57,71,31,15,7,24,36,196,0.41,0.469,0.341,0.489,0.667,0.509,beaslma01
Michael Beasley,29,NYK,NBA,2017-18,74,30,1653,409,807,375,721,34,86,124,159,97,317,414,123,36,43,143,145,976,0.507,0.52,0.395,0.528,0.78,0.556,beaslmi01
Marco Belinelli,31,TOT,NBA,2017-18,80,2,1947,337,764,188,369,149,395,148,163,20,131,151,148,66,12,94,91,971,0.441,0.509,0.377,0.539,0.908,0.581,belinma01
Jordan Bell,23,GSW,NBA,2017-18,57,13,809,116,185,116,181,0,4,30,44,60,147,207,102,35,56,51,92,262,0.627,0.641,0,0.627,0.682,0.641,belljo01
DeAndre' Bembry,23,ATL,NBA,2017-18,26,3,455,53,128,42,98,11,30,19,33,8,64,72,49,21,12,47,38,136,0.414,0.429,0.367,0.457,0.576,0.477,bembrde01
Dragan Bender,20,PHO,NBA,2017-18,82,37,2069,187,484,69,162,118,322,39,51,40,321,361,130,22,53,112,166,531,0.386,0.426,0.366,0.508,0.765,0.524,bendedr01
Davis Bertans,25,SAS,NBA,2017-18,77,10,1086,161,366,67,114,94,252,40,49,18,135,153,74,26,28,36,93,456,0.44,0.588,0.373,0.568,0.816,0.588,bertada01
Patrick Beverley,29,LAC,NBA,2017-18,11,11,334,48,119,24,59,24,60,14,17,16,29,45,32,19,5,25,34,134,0.403,0.407,0.4,0.504,0.824,0.53,beverpa01
Khem Birch,25,ORL,NBA,2017-18,42,0,578,68,126,68,126,0,0,42,61,70,110,180,34,15,21,21,56,178,0.54,0.54,,0.54,0.689,0.582,birchkh01
Jabari Bird,23,BOS,NBA,2017-18,13,1,115,15,26,12,19,3,7,6,13,6,13,19,8,3,1,8,7,39,0.577,0.632,0.429,0.635,0.462,0.615,birdja01
Bismack Biyombo,25,ORL,NBA,2017-18,82,25,1495,183,352,183,351,0,1,102,157,144,324,468,66,21,95,84,158,468,0.52,0.521,0,0.52,0.65,0.556,biyombi01
Nemanja Bjelica,29,MIN,NBA,2017-18,67,21,1371,171,371,95,188,76,183,36,45,53,221,274,86,50,16,52,141,454,0.461,0.505,0.415,0.563,0.8,0.581,bjeline01
Tarik Black,26,HOU,NBA,2017-18,51,2,536,75,127,74,116,1,11,29,63,63,100,163,13,21,30,35,107,180,0.591,0.638,0.091,0.594,0.46,0.582,blackta01
Antonio Blakeney,21,CHI,NBA,2017-18,19,0,314,53,143,38,91,15,52,30,39,4,29,33,20,7,1,11,19,151,0.371,0.418,0.288,0.423,0.769,0.471,blakean01
Eric Bledsoe,28,TOT,NBA,2017-18,74,74,2322,468,989,343,629,125,360,252,317,51,233,284,370,149,42,216,185,1313,0.473,0.545,0.347,0.536,0.795,0.582,bledser01
Vander Blue,25,LAL,NBA,2017-18,5,0,45,1,5,1,3,0,2,1,2,0,1,1,3,1,0,3,2,3,0.2,0.333,0,0.2,0.5,0.255,blueva01
Bogdan Bogdanovic,25,SAC,NBA,2017-18,78,53,2175,344,772,215,443,129,329,100,119,31,192,223,258,72,16,125,172,917,0.446,0.485,0.392,0.529,0.84,0.556,bogdabo01
Bojan Bogdanovic,28,IND,NBA,2017-18,80,80,2464,404,852,249,466,155,386,178,205,30,240,270,119,55,8,106,129,1141,0.474,0.534,0.402,0.565,0.868,0.605,bogdabo02
Andrew Bogut,33,LAL,NBA,2017-18,23,5,216,17,25,17,25,0,0,2,2,26,52,78,15,4,13,19,40,36,0.68,0.68,,0.68,1,0.696,bogutan01
Joel Bolomboy,24,MIL,NBA,2017-18,6,0,38,3,6,3,5,0,1,3,6,6,4,10,0,2,0,2,3,9,0.5,0.6,0,0.5,0.5,0.521,bolomjo01
Devin Booker,21,PHO,NBA,2017-18,54,54,1865,455,1054,308,670,147,384,289,329,26,218,244,253,47,14,194,168,1346,0.432,0.46,0.383,0.501,0.878,0.561,bookede01
Trevor Booker,30,TOT,NBA,2017-18,68,7,1158,177,343,169,310,8,33,66,93,117,201,318,82,28,21,59,119,428,0.516,0.545,0.242,0.528,0.71,0.557,booketr01
Chris Boucher,25,GSW,NBA,2017-18,1,0,1,0,1,0,0,0,1,0,0,0,1,1,0,0,0,0,0,0,0,,0,0,,0,bouchch01
Avery Bradley,27,TOT,NBA,2017-18,46,46,1433,259,625,184,422,75,203,63,82,22,94,116,94,51,8,101,92,656,0.414,0.436,0.369,0.474,0.768,0.496,bradlav01
Tony Bradley,20,UTA,NBA,2017-18,9,0,29,3,11,3,10,0,1,2,2,4,7,11,1,0,0,0,1,8,0.273,0.3,0,0.273,1,0.337,bradlto01
Corey Brewer,31,TOT,NBA,2017-18,72,18,1208,142,316,111,206,31,110,65,90,43,111,154,65,79,14,49,139,380,0.449,0.539,0.282,0.498,0.722,0.534,breweco01
Malcolm Brogdon,25,MIL,NBA,2017-18,48,20,1436,244,503,182,342,62,161,75,85,23,133,156,152,41,13,66,128,625,0.485,0.532,0.385,0.547,0.882,0.578,brogdma01
Aaron Brooks,33,MIN,NBA,2017-18,32,1,189,28,69,17,38,11,31,8,11,7,10,17,20,6,0,11,28,75,0.406,0.447,0.355,0.486,0.727,0.508,brookaa01
Dillon Brooks,22,MEM,NBA,2017-18,82,74,2350,340,772,246,508,94,264,124,166,49,208,257,135,73,17,124,233,898,0.44,0.484,0.356,0.501,0.747,0.531,brookdi01
MarShon Brooks,29,MEM,NBA,2017-18,7,1,193,51,102,32,70,19,32,20,23,8,13,21,25,11,3,16,6,141,0.5,0.457,0.594,0.593,0.87,0.629,brookma01
Anthony Brown,25,MIN,NBA,2017-18,1,0,4,1,1,0,0,1,1,0,0,0,0,0,1,0,0,0,0,3,1,,1,1.5,,1.5,brownan02
Bobby Brown,33,HOU,NBA,2017-18,20,0,115,19,58,8,18,11,40,1,2,0,7,7,11,4,0,9,6,50,0.328,0.444,0.275,0.422,0.5,0.425,brownbo02
Jaylen Brown,21,BOS,NBA,2017-18,70,70,2152,373,803,252,497,121,306,150,233,66,280,346,114,70,26,124,181,1017,0.465,0.507,0.395,0.54,0.644,0.562,brownja02
Lorenzo Brown,27,TOR,NBA,2017-18,14,0,139,14,34,12,22,2,12,2,2,1,14,15,13,5,0,3,7,32,0.412,0.545,0.167,0.441,1,0.459,brownlo01
Markel Brown,26,HOU,NBA,2017-18,4,0,31,2,7,1,2,1,5,0,0,1,4,5,2,0,0,2,6,5,0.286,0.5,0.2,0.357,,0.357,brownma02
Sterling Brown,22,MIL,NBA,2017-18,54,4,776,82,205,50,114,32,91,21,24,27,116,143,25,31,13,25,80,217,0.4,0.439,0.352,0.478,0.875,0.503,brownst02
Nicolas Brussino,24,ATL,NBA,2017-18,4,0,10,0,2,0,0,0,2,0,0,0,3,3,0,0,0,0,0,0,0,,0,0,,0,brussni01
Thomas Bryant,20,LAL,NBA,2017-18,15,0,72,8,21,7,11,1,10,5,9,3,14,17,6,1,2,2,6,22,0.381,0.636,0.1,0.405,0.556,0.441,bryanth01
Reggie Bullock,26,DET,NBA,2017-18,62,52,1732,267,546,142,265,125,281,39,49,27,127,154,95,47,13,47,70,698,0.489,0.536,0.445,0.603,0.796,0.615,bullore01
Trey Burke,25,NYK,NBA,2017-18,36,9,785,193,384,155,279,38,105,37,57,13,58,71,170,24,4,43,43,461,0.503,0.556,0.362,0.552,0.649,0.563,burketr01
Alec Burks,26,UTA,NBA,2017-18,64,1,1059,170,414,123,272,47,142,107,124,19,173,192,67,37,8,60,75,494,0.411,0.452,0.331,0.467,0.863,0.527,burksal01
Jimmy Butler,28,MIN,NBA,2017-18,59,59,2164,437,921,367,721,70,200,363,425,79,235,314,288,116,24,108,78,1307,0.474,0.509,0.35,0.512,0.854,0.59,butleji01
Dwight Buycks,28,DET,NBA,2017-18,29,0,427,82,198,67,153,15,45,36,41,12,29,41,59,19,2,39,39,215,0.414,0.438,0.333,0.452,0.878,0.498,buyckdw01
Bruno Caboclo,22,TOT,NBA,2017-18,12,0,107,9,31,6,14,3,17,5,6,7,15,22,4,3,4,4,8,26,0.29,0.429,0.176,0.339,0.833,0.386,cabocbr01
Jose Calderon,36,CLE,NBA,2017-18,57,32,914,93,185,48,88,45,97,24,30,14,70,84,117,27,2,41,81,255,0.503,0.545,0.464,0.624,0.8,0.643,caldejo01
Kentavious Caldwell-Pope,24,LAL,NBA,2017-18,74,74,2458,340,798,181,383,159,415,153,194,60,327,387,162,106,16,97,145,992,0.426,0.473,0.383,0.526,0.789,0.561,caldwke01
Isaiah Canaan,26,TOT,NBA,2017-18,20,1,422,52,137,30,71,22,66,46,51,6,39,45,76,16,1,29,36,172,0.38,0.423,0.333,0.46,0.902,0.539,canaais01
Clint Capela,23,HOU,NBA,2017-18,74,74,2034,441,676,441,675,0,1,144,257,241,561,802,68,58,137,103,185,1026,0.652,0.653,0,0.652,0.56,0.65,capelca01
DeMarre Carroll,31,BRK,NBA,2017-18,73,73,2180,325,785,180,394,145,391,188,246,105,374,479,147,59,30,103,165,983,0.414,0.457,0.371,0.506,0.764,0.55,carrode01
Vince Carter,41,SAC,NBA,2017-18,58,5,1026,114,283,57,118,57,165,28,37,18,130,148,69,42,26,36,96,313,0.403,0.483,0.345,0.504,0.757,0.523,cartevi01
Michael Carter-Williams,26,CHO,NBA,2017-18,52,2,835,76,229,62,170,14,59,73,89,37,101,138,116,44,23,52,99,239,0.332,0.365,0.237,0.362,0.82,0.446,cartemi01
Alex Caruso,23,LAL,NBA,2017-18,37,7,562,50,116,37,73,13,43,21,30,15,50,65,75,23,10,42,52,134,0.431,0.507,0.302,0.487,0.7,0.519,carusal01
Omri Casspi,29,GSW,NBA,2017-18,53,7,740,120,207,110,185,10,22,50,69,30,170,200,51,18,19,37,71,300,0.58,0.595,0.455,0.604,0.725,0.632,casspom01
Willie Cauley-Stein,24,SAC,NBA,2017-18,73,58,2044,388,773,385,761,3,12,153,247,131,379,510,172,77,67,109,185,932,0.502,0.506,0.25,0.504,0.619,0.529,caulewi01
Tyler Cavanaugh,23,ATL,NBA,2017-18,39,1,518,67,152,35,63,32,89,17,21,45,82,127,27,9,4,14,61,183,0.441,0.556,0.36,0.546,0.81,0.567,cavanty01
Mario Chalmers,31,MEM,NBA,2017-18,66,10,1421,168,443,115,252,53,191,118,138,13,144,157,197,79,14,117,179,507,0.379,0.456,0.277,0.439,0.855,0.503,chalmma01
Tyson Chandler,35,PHO,NBA,2017-18,46,46,1151,121,187,121,187,0,0,58,93,134,284,418,53,16,27,59,106,300,0.647,0.647,,0.647,0.624,0.658,chandty01
Wilson Chandler,30,DEN,NBA,2017-18,74,71,2346,281,631,193,385,88,246,88,114,102,296,398,159,43,39,92,156,738,0.445,0.501,0.358,0.515,0.772,0.542,chandwi01
Marquese Chriss,20,PHO,NBA,2017-18,72,49,1527,202,477,146,287,56,190,96,158,76,319,395,83,51,70,107,205,556,0.423,0.509,0.295,0.482,0.608,0.509,chrisma01
Ian Clark,26,NOP,NBA,2017-18,74,2,1455,222,495,160,300,62,195,45,59,10,117,127,110,33,10,57,120,551,0.448,0.533,0.318,0.511,0.763,0.529,clarkia01
Jordan Clarkson,25,TOT,NBA,2017-18,81,2,1888,430,954,318,636,112,318,152,190,57,160,217,221,58,6,127,107,1124,0.451,0.5,0.352,0.509,0.8,0.542,clarkjo01
Gian Clavell,24,DAL,NBA,2017-18,7,0,64,6,18,0,3,6,15,2,2,1,6,7,3,2,0,2,8,20,0.333,0,0.4,0.5,1,0.53,clavegi01
Antonius Cleveland,23,TOT,NBA,2017-18,17,0,123,8,21,5,17,3,4,4,6,3,11,14,2,7,5,7,23,23,0.381,0.294,0.75,0.452,0.667,0.486,clevean01
John Collins,20,ATL,NBA,2017-18,74,26,1785,314,545,298,498,16,47,133,186,176,365,541,98,47,80,105,215,777,0.576,0.598,0.34,0.591,0.715,0.62,collijo01
Zach Collins,20,POR,NBA,2017-18,66,1,1045,115,289,80,176,35,113,27,42,45,176,221,52,17,31,58,133,292,0.398,0.455,0.31,0.458,0.643,0.475,colliza01
Kyle Collinsworth,26,DAL,NBA,2017-18,32,2,480,38,99,34,82,4,17,21,40,32,75,107,56,17,9,24,44,101,0.384,0.415,0.235,0.404,0.525,0.433,colliky01
Darren Collison,30,IND,NBA,2017-18,69,64,2018,316,638,220,433,96,205,127,144,37,141,178,368,92,15,86,122,855,0.495,0.508,0.468,0.571,0.882,0.61,collida01
Nick Collison,37,OKC,NBA,2017-18,15,0,75,13,19,13,19,0,0,5,13,7,13,20,4,0,0,7,7,31,0.684,0.684,,0.684,0.385,0.627,collini01
Mike Conley,30,MEM,NBA,2017-18,12,12,373,64,168,40,91,24,77,53,66,0,27,27,49,12,3,18,24,205,0.381,0.44,0.312,0.452,0.803,0.52,conlemi01
Pat Connaughton,25,POR,NBA,2017-18,82,5,1488,165,390,91,180,74,210,37,44,36,125,161,91,23,22,43,120,441,0.423,0.506,0.352,0.518,0.841,0.539,connapa01
Quinn Cook,24,GSW,NBA,2017-18,33,18,740,122,252,76,148,46,104,22,25,10,72,82,89,12,1,32,59,312,0.484,0.514,0.442,0.575,0.88,0.593,cookqu01
Charles Cooke,23,NOP,NBA,2017-18,13,0,38,2,14,1,6,1,8,1,2,0,2,2,1,1,0,1,0,6,0.143,0.167,0.125,0.179,0.5,0.202,cookech01
Jack Cooley,26,SAC,NBA,2017-18,7,0,87,13,27,13,27,0,0,14,19,14,16,30,6,1,0,3,13,40,0.481,0.481,,0.481,0.737,0.566,cooleja01
Matt Costello,24,SAS,NBA,2017-18,4,0,32,2,4,2,4,0,0,0,0,1,8,9,2,2,2,1,7,4,0.5,0.5,,0.5,,0.5,costema01
DeMarcus Cousins,27,NOP,NBA,2017-18,48,48,1737,406,864,302,570,104,294,294,394,105,512,617,257,79,76,242,183,1210,0.47,0.53,0.354,0.53,0.746,0.583,couside01
Robert Covington,27,PHI,NBA,2017-18,80,80,2532,345,836,142,286,203,550,116,136,55,378,433,156,137,72,126,238,1009,0.413,0.497,0.369,0.534,0.853,0.563,covinro01
Allen Crabbe,25,BRK,NBA,2017-18,75,68,2197,337,827,136,295,201,532,115,135,28,296,324,117,47,35,78,168,990,0.407,0.461,0.378,0.529,0.852,0.558,crabbal01
Torrey Craig,27,DEN,NBA,2017-18,39,5,629,62,137,45,79,17,58,22,35,40,87,127,25,12,15,20,63,163,0.453,0.57,0.293,0.515,0.629,0.535,craigto01
Jamal Crawford,37,MIN,NBA,2017-18,80,0,1653,308,742,204,428,104,314,102,113,21,78,99,185,40,9,95,85,822,0.415,0.477,0.331,0.485,0.903,0.519,crawfja01
Jordan Crawford,29,NOP,NBA,2017-18,5,0,53,12,27,4,13,8,14,1,1,2,2,4,13,1,1,5,7,33,0.444,0.308,0.571,0.593,1,0.601,crawfjo02
Jae Crowder,27,TOT,NBA,2017-18,80,47,2090,271,671,161,330,110,341,121,148,59,216,275,99,64,21,74,187,773,0.404,0.488,0.323,0.486,0.818,0.525,crowdja01
Dante Cunningham,30,TOT,NBA,2017-18,73,25,1562,164,364,106,196,58,168,31,52,78,220,298,48,39,30,33,111,417,0.451,0.541,0.345,0.53,0.596,0.539,cunnida01
Stephen Curry,29,GSW,NBA,2017-18,51,51,1631,428,864,216,363,212,501,278,302,36,225,261,310,80,8,153,114,1346,0.495,0.595,0.423,0.618,0.921,0.675,curryst01
Troy Daniels,26,PHO,NBA,2017-18,79,15,1622,232,575,49,117,183,458,56,64,12,115,127,48,26,5,56,137,703,0.403,0.419,0.4,0.563,0.875,0.583,danietr01
Anthony Davis,24,NOP,NBA,2017-18,75,75,2727,780,1462,725,1300,55,162,495,598,187,645,832,174,115,193,162,159,2110,0.534,0.558,0.34,0.552,0.828,0.612,davisan02
Deyonta Davis,21,MEM,NBA,2017-18,62,6,943,161,265,161,265,0,0,38,57,75,175,250,40,15,39,32,125,360,0.608,0.608,,0.608,0.667,0.621,davisde01
Ed Davis,28,POR,NBA,2017-18,78,0,1471,170,292,170,291,0,1,74,111,183,392,575,40,32,52,66,188,414,0.582,0.584,0,0.582,0.667,0.607,davised01
Dewayne Dedmon,28,ATL,NBA,2017-18,62,46,1542,250,477,200,336,50,141,67,86,100,389,489,90,40,51,86,162,617,0.524,0.595,0.355,0.577,0.779,0.599,dedmode01
Sam Dekker,23,LAC,NBA,2017-18,73,1,883,128,259,118,199,10,60,37,56,44,130,174,38,24,9,33,71,303,0.494,0.593,0.167,0.514,0.661,0.534,dekkesa01
Malcolm Delaney,28,ATL,NBA,2017-18,54,3,1014,109,285,63,161,46,124,74,92,9,91,100,163,35,6,66,82,338,0.382,0.391,0.371,0.463,0.804,0.519,delanma01
Matthew Dellavedova,27,MIL,NBA,2017-18,38,3,712,55,152,26,74,29,78,25,27,14,50,64,145,14,0,49,67,164,0.362,0.351,0.372,0.457,0.926,0.5,dellama01
Luol Deng,32,LAL,NBA,2017-18,1,1,13,1,2,1,2,0,0,0,0,0,0,0,1,1,0,1,0,2,0.5,0.5,,0.5,,0.5,denglu01
DeMar DeRozan,28,TOR,NBA,2017-18,80,80,2711,645,1413,556,1126,89,287,461,559,59,256,315,417,85,22,175,151,1840,0.456,0.494,0.31,0.488,0.825,0.555,derozde01
Cheick Diallo,21,NOP,NBA,2017-18,52,0,581,102,176,102,176,0,0,50,66,47,164,211,19,11,21,28,82,254,0.58,0.58,,0.58,0.758,0.619,diallch01
Gorgui Dieng,28,MIN,NBA,2017-18,79,0,1333,186,388,167,327,19,61,79,102,106,254,360,71,45,39,59,147,470,0.479,0.511,0.311,0.504,0.775,0.543,dienggo01
Spencer Dinwiddie,24,BRK,NBA,2017-18,80,58,2306,324,838,183,405,141,433,218,268,40,219,259,524,68,23,128,186,1007,0.387,0.452,0.326,0.471,0.813,0.527,dinwisp01
Tyler Dorsey,21,ATL,NBA,2017-18,56,5,974,144,382,72,183,72,199,45,63,17,113,130,79,17,5,37,63,405,0.377,0.393,0.362,0.471,0.714,0.494,dorsety01
Damyean Dotson,23,NYK,NBA,2017-18,44,2,474,72,161,50,93,22,68,16,23,9,75,84,31,12,2,17,34,182,0.447,0.538,0.324,0.516,0.696,0.532,dotsoda01
Milton Doyle,24,BRK,NBA,2017-18,10,0,125,13,47,9,24,4,23,4,8,3,15,18,10,6,2,2,13,34,0.277,0.375,0.174,0.319,0.5,0.337,doylemi01
PJ Dozier,21,OKC,NBA,2017-18,2,0,3,1,2,1,2,0,0,0,0,0,1,1,0,0,0,1,1,2,0.5,0.5,,0.5,,0.5,doziepj01
Goran Dragic,31,MIA,NBA,2017-18,75,75,2378,484,1075,373,775,111,300,217,271,54,253,307,359,63,12,166,180,1296,0.45,0.481,0.37,0.502,0.801,0.543,dragigo01
Larry Drew,27,TOT,NBA,2017-18,10,0,70,7,24,4,15,3,9,0,0,3,0,3,10,0,0,3,6,17,0.292,0.267,0.333,0.354,,0.354,drewla02
Andre Drummond,24,DET,NBA,2017-18,78,78,2625,466,881,466,870,0,11,239,395,399,848,1247,237,114,127,200,250,1171,0.529,0.536,0,0.529,0.605,0.555,drumman01
Jared Dudley,32,PHO,NBA,2017-18,48,0,686,48,122,19,42,29,80,27,35,8,86,94,78,24,11,28,85,152,0.393,0.452,0.363,0.512,0.771,0.553,dudleja01
Kris Dunn,23,CHI,NBA,2017-18,52,43,1525,286,666,243,532,43,134,84,114,24,197,221,310,104,27,150,174,699,0.429,0.457,0.321,0.462,0.737,0.488,dunnkr01
Kevin Durant,29,GSW,NBA,2017-18,68,68,2325,630,1222,457,809,173,413,359,404,31,433,464,366,50,119,207,133,1792,0.516,0.565,0.419,0.586,0.889,0.64,duranke01
Jarell Eddie,26,TOT,NBA,2017-18,3,0,9,0,2,0,0,0,2,0,0,0,1,1,0,1,0,0,0,0,0,,0,0,,0,eddieja01
Henry Ellenson,21,DET,NBA,2017-18,38,0,329,53,146,33,86,20,60,25,29,10,71,81,20,5,0,18,22,151,0.363,0.384,0.333,0.432,0.862,0.476,ellenhe01
Wayne Ellington,30,MIA,NBA,2017-18,77,2,2041,285,700,58,121,227,579,67,78,23,195,218,79,53,8,52,94,864,0.407,0.479,0.392,0.569,0.859,0.588,ellinwa01
Joel Embiid,23,PHI,NBA,2017-18,63,63,1912,510,1056,444,842,66,214,359,467,143,547,690,199,40,111,234,209,1445,0.483,0.527,0.308,0.514,0.769,0.573,embiijo01
James Ennis,27,TOT,NBA,2017-18,72,22,1604,182,384,131,231,51,153,97,116,73,151,224,71,47,18,56,134,512,0.474,0.567,0.333,0.54,0.836,0.588,ennisja01
Tyler Ennis,23,LAL,NBA,2017-18,54,11,683,94,224,80,168,14,56,22,29,19,76,95,105,30,10,38,75,224,0.42,0.476,0.25,0.451,0.759,0.473,ennisty01
Jawun Evans,21,LAC,NBA,2017-18,48,4,778,89,253,74,199,15,54,38,49,9,75,84,100,36,6,44,97,231,0.352,0.372,0.278,0.381,0.776,0.421,evansja01
Jeremy Evans,30,ATL,NBA,2017-18,1,0,5,1,1,1,1,0,0,0,0,1,0,1,0,0,0,1,1,2,1,1,,1,,1,evansje01
Tyreke Evans,28,MEM,NBA,2017-18,52,32,1607,366,809,252,523,114,286,164,209,44,221,265,269,57,17,117,96,1010,0.452,0.482,0.399,0.523,0.785,0.561,evansty01
Dante Exum,22,UTA,NBA,2017-18,14,0,235,42,87,37,69,5,18,25,31,4,22,26,43,8,3,20,20,114,0.483,0.536,0.278,0.511,0.806,0.566,exumda01
Kenneth Faried,28,DEN,NBA,2017-18,32,7,461,76,148,76,147,0,1,36,51,68,85,153,18,12,13,23,51,188,0.514,0.517,0,0.514,0.706,0.552,farieke01
Derrick Favors,26,UTA,NBA,2017-18,77,77,2153,395,702,381,639,14,63,140,215,198,354,552,102,54,82,88,164,944,0.563,0.596,0.222,0.573,0.651,0.593,favorde01
Kay Felder,22,TOT,NBA,2017-18,16,0,140,21,70,17,51,4,19,11,12,3,15,18,20,3,1,16,11,57,0.3,0.333,0.211,0.329,0.917,0.379,feldeka01
Cristiano Felicio,25,CHI,NBA,2017-18,55,16,977,127,215,127,213,0,2,54,81,83,150,233,55,16,11,54,104,308,0.591,0.596,0,0.591,0.667,0.614,feliccr01
Raymond Felton,33,OKC,NBA,2017-18,82,2,1365,224,552,143,322,81,230,36,44,25,131,156,203,49,16,76,91,565,0.406,0.444,0.352,0.479,0.818,0.494,feltora01
Terrance Ferguson,19,OKC,NBA,2017-18,61,12,763,70,169,30,49,40,120,9,10,19,28,47,19,24,10,11,83,189,0.414,0.612,0.333,0.533,0.9,0.545,fergute01
Yogi Ferrell,24,DAL,NBA,2017-18,82,21,2282,311,730,177,371,134,359,82,103,26,223,249,201,64,9,78,153,838,0.426,0.477,0.373,0.518,0.796,0.54,ferreyo01
Dorian Finney-Smith,24,DAL,NBA,2017-18,21,13,448,46,121,26,54,20,67,11,15,22,53,75,26,10,4,21,43,123,0.38,0.481,0.299,0.463,0.733,0.482,finnedo01
Bryn Forbes,24,SAS,NBA,2017-18,80,12,1517,209,497,120,269,89,228,48,72,12,98,110,80,28,2,37,108,555,0.421,0.446,0.39,0.51,0.667,0.525,forbebr01
Evan Fournier,25,ORL,NBA,2017-18,57,57,1837,368,802,241,467,127,335,150,173,23,157,180,165,47,16,95,138,1013,0.459,0.516,0.379,0.538,0.867,0.577,fournev01
De'Aaron Fox,20,SAC,NBA,2017-18,73,60,2026,328,797,281,644,47,153,141,195,33,171,204,320,70,20,173,163,844,0.412,0.436,0.307,0.441,0.723,0.478,foxde01
Tim Frazier,27,WAS,NBA,2017-18,59,11,838,68,172,51,116,17,56,23,30,18,97,115,194,47,7,57,97,176,0.395,0.44,0.304,0.445,0.767,0.475,fraziti01
Channing Frye,34,TOT,NBA,2017-18,53,1,695,104,212,65,97,39,115,17,19,12,123,135,38,18,13,21,69,264,0.491,0.67,0.339,0.583,0.895,0.599,fryech01
Markelle Fultz,19,PHI,NBA,2017-18,14,0,253,45,111,45,110,0,1,10,21,11,32,43,53,12,4,17,22,100,0.405,0.409,0,0.405,0.476,0.416,fultzma01
Danilo Gallinari,29,LAC,NBA,2017-18,21,21,671,102,256,66,145,36,111,81,87,9,92,101,41,12,10,26,30,321,0.398,0.455,0.324,0.469,0.931,0.545,gallida01
Langston Galloway,26,DET,NBA,2017-18,58,2,863,126,340,51,122,75,218,33,41,13,79,92,58,35,5,18,39,360,0.371,0.418,0.344,0.481,0.805,0.503,gallola01
Marc Gasol,33,MEM,NBA,2017-18,73,73,2408,434,1033,325,713,109,320,281,337,78,514,592,305,54,101,194,185,1258,0.42,0.456,0.341,0.473,0.834,0.532,gasolma01
Pau Gasol,37,SAS,NBA,2017-18,77,63,1812,287,627,244,507,43,120,158,209,129,490,619,238,24,79,108,121,775,0.458,0.481,0.358,0.492,0.756,0.539,gasolpa01
Rudy Gay,31,SAS,NBA,2017-18,57,6,1231,253,537,216,419,37,118,112,145,76,215,291,73,46,38,78,98,655,0.471,0.516,0.314,0.506,0.772,0.545,gayru01
Paul George,27,OKC,NBA,2017-18,79,79,2891,576,1340,332,731,244,609,338,411,72,375,447,263,161,39,212,233,1734,0.43,0.454,0.401,0.521,0.822,0.57,georgpa01
Marcus Georges-Hunt,23,MIN,NBA,2017-18,42,0,224,21,48,17,33,4,15,13,21,7,9,16,7,6,0,3,32,59,0.438,0.515,0.267,0.479,0.619,0.515,georgma01
Jonathan Gibson,30,BOS,NBA,2017-18,4,0,40,14,23,8,11,6,12,0,0,0,3,3,4,0,0,3,5,34,0.609,0.727,0.5,0.739,,0.739,gibsojo01
Taj Gibson,32,MIN,NBA,2017-18,82,82,2726,425,737,418,702,7,35,142,185,194,390,584,99,62,59,89,218,999,0.577,0.595,0.2,0.581,0.768,0.61,gibsota01
Manu Ginobili,40,SAS,NBA,2017-18,65,0,1299,201,463,137,271,64,192,110,131,19,123,142,163,43,16,105,126,576,0.434,0.506,0.333,0.503,0.84,0.553,ginobma01
Rudy Gobert,25,UTA,NBA,2017-18,56,56,1816,276,444,276,444,0,0,204,299,165,436,601,80,44,129,107,153,756,0.622,0.622,,0.622,0.682,0.657,goberru01
Aaron Gordon,22,ORL,NBA,2017-18,58,57,1909,375,865,260,523,115,342,157,225,87,370,457,136,59,45,107,111,1022,0.434,0.497,0.336,0.5,0.698,0.53,gordoaa01
Eric Gordon,29,HOU,NBA,2017-18,69,30,2154,415,970,197,362,218,608,195,241,25,145,170,154,44,27,130,116,1243,0.428,0.544,0.359,0.54,0.809,0.578,gordoer01
Marcin Gortat,33,WAS,NBA,2017-18,82,82,2075,290,560,290,560,0,0,110,163,181,442,623,151,40,61,99,175,690,0.518,0.518,,0.518,0.675,0.546,gortama01
Treveon Graham,24,CHO,NBA,2017-18,63,2,1050,96,221,56,124,40,97,41,59,42,79,121,59,33,2,27,109,273,0.434,0.452,0.412,0.525,0.695,0.553,grahatr01
Jerami Grant,23,OKC,NBA,2017-18,81,1,1647,244,456,212,346,32,110,162,240,86,233,319,57,31,77,54,155,682,0.535,0.613,0.291,0.57,0.675,0.607,grantje01
Jerian Grant,25,CHI,NBA,2017-18,74,26,1686,209,503,148,316,61,187,140,188,31,141,172,342,63,8,89,132,619,0.416,0.468,0.326,0.476,0.745,0.528,grantje02
Josh Gray,24,PHO,NBA,2017-18,5,0,86,11,41,8,28,3,13,7,11,2,8,10,12,8,2,7,8,32,0.268,0.286,0.231,0.305,0.636,0.349,grayjo01
Danny Green,30,SAS,NBA,2017-18,70,60,1791,217,561,101,241,116,320,50,65,41,208,249,110,63,80,74,122,600,0.387,0.419,0.363,0.49,0.769,0.509,greenda02
Draymond Green,27,GSW,NBA,2017-18,70,70,2287,281,619,204,363,77,256,134,173,75,460,535,508,95,91,202,185,773,0.454,0.562,0.301,0.516,0.775,0.556,greendr01
Gerald Green,32,HOU,NBA,2017-18,41,2,929,168,413,58,115,110,298,51,60,15,118,133,25,24,15,31,87,497,0.407,0.504,0.369,0.54,0.85,0.566,greenge01
JaMychal Green,27,MEM,NBA,2017-18,55,54,1542,223,488,180,361,43,127,80,111,147,317,464,79,32,25,76,153,569,0.457,0.499,0.339,0.501,0.721,0.53,greenja01
Jeff Green,31,CLE,NBA,2017-18,78,13,1828,295,618,242,448,53,170,203,234,60,186,246,99,41,34,75,149,846,0.477,0.54,0.312,0.52,0.868,0.587,greenje02
Blake Griffin,28,TOT,NBA,2017-18,58,58,1970,436,996,325,674,111,322,259,330,73,355,428,334,41,18,165,139,1242,0.438,0.482,0.345,0.493,0.785,0.544,griffbl01
Daniel Hamilton,22,OKC,NBA,2017-18,6,0,28,5,11,3,6,2,5,0,0,0,5,5,8,1,0,2,2,12,0.455,0.5,0.4,0.545,,0.545,hamilda02
Tim Hardaway,25,NYK,NBA,2017-18,57,54,1885,360,856,230,446,130,410,146,179,32,192,224,155,62,10,92,123,996,0.421,0.516,0.317,0.496,0.816,0.533,hardati02
James Harden,28,HOU,NBA,2017-18,72,72,2551,651,1449,386,727,265,722,624,727,41,348,389,630,126,50,315,169,2191,0.449,0.531,0.367,0.541,0.858,0.619,hardeja01
Maurice Harkless,24,POR,NBA,2017-18,59,36,1264,147,297,98,179,49,118,42,59,46,116,162,53,48,43,40,103,385,0.495,0.547,0.415,0.577,0.712,0.596,harklma01
Montrezl Harrell,24,LAC,NBA,2017-18,76,3,1293,348,548,347,541,1,7,139,222,103,203,306,74,36,52,68,143,836,0.635,0.641,0.143,0.636,0.626,0.647,harremo01
Devin Harris,34,TOT,NBA,2017-18,71,1,1340,187,454,108,227,79,227,142,170,12,115,127,152,47,12,76,158,595,0.412,0.476,0.348,0.499,0.835,0.563,harride01
Gary Harris,23,DEN,NBA,2017-18,67,65,2304,440,908,284,514,156,394,134,162,37,139,176,194,122,15,119,119,1170,0.485,0.553,0.396,0.57,0.827,0.597,harriga01
Joe Harris,26,BRK,NBA,2017-18,78,14,1975,305,621,155,263,150,358,86,104,51,209,260,128,35,20,91,153,846,0.491,0.589,0.419,0.612,0.827,0.634,harrijo01
Tobias Harris,25,TOT,NBA,2017-18,80,80,2668,562,1221,379,776,183,445,179,216,58,379,437,192,71,35,105,164,1486,0.46,0.488,0.411,0.535,0.829,0.565,harrito02
Aaron Harrison,23,DAL,NBA,2017-18,9,3,233,19,69,10,26,9,43,13,17,4,20,24,11,9,2,3,27,60,0.275,0.385,0.209,0.341,0.765,0.392,harriaa01
Andrew Harrison,23,MEM,NBA,2017-18,56,46,1326,181,429,134,287,47,142,124,159,23,108,131,177,38,26,81,138,533,0.422,0.467,0.331,0.477,0.78,0.534,harrian01
Shaquille Harrison,24,PHO,NBA,2017-18,23,2,384,59,124,53,98,6,26,28,38,9,52,61,55,26,7,22,42,152,0.476,0.541,0.231,0.5,0.737,0.54,harrish01
Josh Hart,22,LAL,NBA,2017-18,63,23,1461,176,375,98,178,78,197,66,94,42,221,263,80,47,16,47,107,496,0.469,0.551,0.396,0.573,0.702,0.596,hartjo01
Udonis Haslem,37,MIA,NBA,2017-18,14,0,72,3,15,2,7,1,8,1,2,3,7,10,5,0,2,2,3,8,0.2,0.286,0.125,0.233,0.5,0.252,hasleud01
Nigel Hayes,23,TOT,NBA,2017-18,9,0,122,11,33,7,17,4,16,1,3,4,18,22,6,2,3,2,8,27,0.333,0.412,0.25,0.394,0.333,0.393,hayesni01
Gordon Hayward,27,BOS,NBA,2017-18,1,1,5,1,2,1,1,0,1,0,0,0,1,1,0,0,0,0,1,2,0.5,1,0,0.5,,0.5,haywago01
Reggie Hearn,26,DET,NBA,2017-18,3,0,7,1,2,0,0,1,2,0,0,0,0,0,0,0,0,0,0,3,0.5,,0.5,0.75,,0.75,hearnre01
Myke Henry,25,MEM,NBA,2017-18,20,0,378,41,109,22,51,19,58,6,10,10,28,38,22,31,6,19,28,107,0.376,0.431,0.328,0.463,0.6,0.472,henrymy01
John Henson,27,MIL,NBA,2017-18,76,69,1970,287,502,286,495,1,7,90,158,150,363,513,114,45,109,84,202,665,0.572,0.578,0.143,0.573,0.57,0.582,hensojo01
Juan Hernangomez,22,DEN,NBA,2017-18,25,3,277,29,75,15,25,14,50,10,12,18,36,54,12,6,3,9,25,82,0.387,0.6,0.28,0.48,0.833,0.511,hernaju01
Willy Hernangomez,23,TOT,NBA,2017-18,48,1,495,91,164,86,152,5,12,59,90,61,122,183,33,18,16,35,64,246,0.555,0.566,0.417,0.57,0.656,0.604,hernawi01
Mario Hezonja,22,ORL,NBA,2017-18,75,30,1657,273,617,183,350,90,267,86,105,41,240,281,106,81,31,86,134,722,0.442,0.523,0.337,0.515,0.819,0.544,hezonma01
Isaiah Hicks,23,NYK,NBA,2017-18,18,0,240,33,72,31,63,2,9,12,18,10,31,41,16,2,4,16,45,80,0.458,0.492,0.222,0.472,0.667,0.501,hicksis01
Buddy Hield,25,SAC,NBA,2017-18,80,12,2024,416,933,240,525,176,408,71,81,55,252,307,155,85,22,124,148,1079,0.446,0.457,0.431,0.54,0.877,0.557,hieldbu01
Nene Hilario,35,HOU,NBA,2017-18,52,4,758,136,239,136,237,0,2,68,107,54,122,176,45,28,14,38,123,340,0.569,0.574,0,0.569,0.636,0.594,hilarne01
George Hill,31,TOT,NBA,2017-18,67,60,1812,236,513,151,308,85,205,110,140,42,139,181,186,61,27,88,128,667,0.46,0.49,0.415,0.543,0.786,0.58,hillge01
Solomon Hill,26,NOP,NBA,2017-18,12,1,187,11,41,7,20,4,21,3,6,9,27,36,22,7,1,9,22,29,0.268,0.35,0.19,0.317,0.5,0.332,hillso01
Darrun Hilliard,24,SAS,NBA,2017-18,14,0,95,5,19,5,13,0,6,6,7,0,7,7,11,2,0,4,7,16,0.263,0.385,0,0.263,0.857,0.362,hillida01
Jrue Holiday,27,NOP,NBA,2017-18,81,81,2927,615,1244,495,888,120,356,187,238,62,303,365,486,123,64,213,201,1537,0.494,0.557,0.337,0.543,0.786,0.57,holidjr01
Justin Holiday,28,CHI,NBA,2017-18,72,72,2265,290,782,129,333,161,449,135,164,31,260,291,153,80,31,93,134,876,0.371,0.387,0.359,0.474,0.823,0.513,holidju01
John Holland,29,CLE,NBA,2017-18,24,0,174,17,59,6,23,11,36,9,13,6,18,24,5,7,2,8,10,54,0.288,0.261,0.306,0.381,0.692,0.417,hollajo02
Rondae Hollis-Jefferson,23,BRK,NBA,2017-18,68,59,1920,342,724,329,670,13,54,249,316,101,358,459,167,65,48,121,145,946,0.472,0.491,0.241,0.481,0.788,0.548,holliro01
Richaun Holmes,24,PHI,NBA,2017-18,48,2,746,135,241,131,210,4,31,37,56,57,154,211,61,20,29,25,97,311,0.56,0.624,0.129,0.568,0.661,0.585,holmeri01
Rodney Hood,25,TOT,NBA,2017-18,60,23,1616,322,751,195,418,127,333,111,129,22,143,165,95,45,12,70,105,882,0.429,0.467,0.381,0.513,0.86,0.546,hoodro01
Scotty Hopson,28,DAL,NBA,2017-18,1,0,8,0,1,0,1,0,0,1,2,0,0,0,1,0,0,1,0,1,0,0,,0,0.5,0.266,hopsosc01
Al Horford,31,BOS,NBA,2017-18,72,72,2277,368,753,271,527,97,226,94,120,103,427,530,339,43,78,132,138,927,0.489,0.514,0.429,0.553,0.783,0.575,horfoal01
Danuel House,24,PHO,NBA,2017-18,23,3,403,56,129,41,71,15,58,25,31,13,63,76,25,7,6,11,23,152,0.434,0.577,0.259,0.492,0.806,0.533,houseda01
Dwight Howard,32,CHO,NBA,2017-18,81,81,2463,506,911,505,904,1,7,334,582,255,757,1012,105,48,131,208,249,1347,0.555,0.559,0.143,0.556,0.574,0.577,howardw01
Josh Huestis,26,OKC,NBA,2017-18,69,10,982,60,182,27,67,33,115,6,20,42,119,161,20,15,43,26,82,159,0.33,0.403,0.287,0.42,0.3,0.417,huestjo01
R.J. Hunter,24,HOU,NBA,2017-18,5,1,45,7,20,4,6,3,14,2,2,0,5,5,3,3,0,2,7,19,0.35,0.667,0.214,0.425,1,0.455,hunterj01
Vince Hunter,23,MEM,NBA,2017-18,4,0,7,3,5,3,5,0,0,0,0,2,1,3,0,0,1,1,0,6,0.6,0.6,,0.6,,0.6,huntevi01
Serge Ibaka,28,TOR,NBA,2017-18,76,76,2093,379,784,272,487,107,297,94,118,78,400,478,62,29,99,90,209,959,0.483,0.559,0.36,0.552,0.797,0.574,ibakase01
Andre Iguodala,34,GSW,NBA,2017-18,64,7,1622,148,320,115,203,33,117,55,87,50,196,246,210,54,38,67,99,384,0.463,0.567,0.282,0.514,0.632,0.536,iguodan01
Ersan Ilyasova,30,TOT,NBA,2017-18,69,43,1729,277,613,186,360,91,253,105,135,118,287,405,90,61,26,72,157,750,0.452,0.517,0.36,0.526,0.778,0.558,ilyaser01
Joe Ingles,30,UTA,NBA,2017-18,82,81,2578,335,718,131,254,204,464,66,83,24,320,344,392,90,20,159,178,940,0.467,0.516,0.44,0.609,0.795,0.623,inglejo01
Andre Ingram,32,LAL,NBA,2017-18,2,0,64,8,17,3,8,5,9,3,3,1,5,6,7,3,3,3,3,24,0.471,0.375,0.556,0.618,1,0.655,ingraan01
Brandon Ingram,20,LAL,NBA,2017-18,59,59,1975,358,761,317,656,41,105,192,282,57,257,314,230,45,43,149,163,949,0.47,0.483,0.39,0.497,0.681,0.536,ingrabr01
Kyrie Irving,25,BOS,NBA,2017-18,60,60,1931,534,1087,368,680,166,407,232,261,33,194,227,306,65,17,140,122,1466,0.491,0.541,0.408,0.568,0.889,0.61,irvinky01
Jonathan Isaac,20,ORL,NBA,2017-18,27,10,536,55,145,39,99,16,46,19,25,16,83,99,18,33,30,27,48,145,0.379,0.394,0.348,0.434,0.76,0.465,isaacjo01
Wesley Iwundu,23,ORL,NBA,2017-18,62,12,1020,93,218,84,172,9,46,34,47,36,101,137,57,33,12,30,81,229,0.427,0.488,0.196,0.447,0.723,0.48,iwundwe01
Jarrett Jack,34,NYK,NBA,2017-18,62,56,1548,189,443,164,357,25,86,63,75,22,169,191,348,35,4,115,98,466,0.427,0.459,0.291,0.455,0.84,0.489,jackja01
Aaron Jackson,31,HOU,NBA,2017-18,1,0,35,3,9,2,5,1,4,1,2,2,1,3,1,0,0,1,4,8,0.333,0.4,0.25,0.389,0.5,0.405,jacksaa01
Demetrius Jackson,23,TOT,NBA,2017-18,15,0,80,7,18,6,11,1,7,1,2,5,7,12,9,5,1,10,7,16,0.389,0.545,0.143,0.417,0.5,0.424,jacksde01
Josh Jackson,20,PHO,NBA,2017-18,77,35,1959,389,932,332,715,57,217,177,279,95,256,351,119,80,35,146,218,1012,0.417,0.464,0.263,0.448,0.634,0.48,jacksjo02
Justin Jackson,22,SAC,NBA,2017-18,68,41,1506,185,419,128,234,57,185,26,36,27,160,187,74,28,13,40,81,453,0.442,0.547,0.308,0.51,0.722,0.521,jacksju01
Reggie Jackson,27,DET,NBA,2017-18,45,45,1201,246,577,194,408,52,169,112,134,29,96,125,238,27,4,99,87,656,0.426,0.475,0.308,0.471,0.836,0.516,jacksre01
LeBron James,33,CLE,NBA,2017-18,82,82,3026,857,1580,708,1174,149,406,388,531,97,612,709,747,116,71,347,136,2251,0.542,0.603,0.367,0.59,0.731,0.621,jamesle01
Mike James,27,TOT,NBA,2017-18,36,10,687,123,321,97,223,26,98,64,84,13,77,90,126,28,7,49,48,336,0.383,0.435,0.265,0.424,0.762,0.469,jamesmi02
Al Jefferson,33,IND,NBA,2017-18,36,1,484,111,208,111,205,0,3,30,36,30,113,143,30,16,23,21,66,252,0.534,0.541,0,0.534,0.833,0.563,jeffeal01
Richard Jefferson,37,DEN,NBA,2017-18,20,0,163,12,27,10,20,2,7,4,7,2,15,17,15,2,1,5,11,30,0.444,0.5,0.286,0.481,0.571,0.499,jefferi01
Brandon Jennings,28,MIL,NBA,2017-18,14,0,205,27,72,18,39,9,33,10,10,5,26,31,44,6,4,18,11,73,0.375,0.462,0.273,0.438,1,0.478,jennibr01
Jonas Jerebko,30,UTA,NBA,2017-18,74,19,1134,159,341,94,184,65,157,46,57,53,193,246,42,24,12,27,127,429,0.466,0.511,0.414,0.562,0.807,0.586,jerebjo01
Amir Johnson,30,PHI,NBA,2017-18,74,18,1171,140,260,130,228,10,32,52,85,123,207,330,118,45,44,55,192,342,0.538,0.57,0.313,0.558,0.612,0.575,johnsam01
Brice Johnson,23,TOT,NBA,2017-18,18,0,98,20,42,20,41,0,1,3,5,9,22,31,2,9,6,5,13,43,0.476,0.488,0,0.476,0.6,0.486,johnsbr02
Dakari Johnson,22,OKC,NBA,2017-18,31,6,161,22,39,22,39,0,0,11,20,16,18,34,8,6,8,3,27,55,0.564,0.564,,0.564,0.55,0.575,johnsda04
James Johnson,30,MIA,NBA,2017-18,73,41,1943,309,614,252,429,57,185,113,162,61,297,358,280,70,51,141,192,788,0.503,0.587,0.308,0.55,0.698,0.575,johnsja01
Joe Johnson,36,TOT,NBA,2017-18,55,4,1205,146,360,106,215,40,145,40,45,14,158,172,83,18,7,49,67,372,0.406,0.493,0.276,0.461,0.889,0.49,johnsjo02
Omari Johnson,28,MEM,NBA,2017-18,4,0,75,9,21,5,9,4,12,0,0,4,7,11,7,2,0,3,6,22,0.429,0.556,0.333,0.524,,0.524,johnsom01
Stanley Johnson,21,DET,NBA,2017-18,69,50,1894,210,560,143,326,67,234,112,145,33,219,252,112,95,14,77,169,599,0.375,0.439,0.286,0.435,0.772,0.48,johnsst04
Tyler Johnson,25,MIA,NBA,2017-18,72,39,2052,309,711,190,387,119,324,106,129,34,214,248,165,60,34,81,148,843,0.435,0.491,0.367,0.518,0.822,0.549,johnsty01
Wesley Johnson,30,LAC,NBA,2017-18,74,40,1486,150,368,90,191,60,177,43,58,29,187,216,61,76,62,55,146,403,0.408,0.471,0.339,0.489,0.741,0.512,johnswe01
Nikola Jokic,22,DEN,NBA,2017-18,75,73,2443,504,1010,393,730,111,280,266,313,195,608,803,458,90,61,210,212,1385,0.499,0.538,0.396,0.554,0.85,0.603,jokicni01
Damian Jones,22,GSW,NBA,2017-18,15,0,89,11,22,11,22,0,0,3,5,5,9,14,2,1,3,4,14,25,0.5,0.5,,0.5,0.6,0.517,jonesda03
Derrick Jones,20,TOT,NBA,2017-18,20,8,245,21,53,18,35,3,18,16,24,21,17,38,9,4,13,7,24,61,0.396,0.514,0.167,0.425,0.667,0.48,jonesde02
Jalen Jones,24,TOT,NBA,2017-18,16,0,181,26,68,16,42,10,26,12,19,13,25,38,4,5,1,7,22,74,0.382,0.381,0.385,0.456,0.632,0.485,jonesja04
Tyus Jones,21,MIN,NBA,2017-18,82,11,1467,150,328,105,199,45,129,71,81,16,116,132,232,95,6,59,110,416,0.457,0.528,0.349,0.526,0.877,0.572,jonesty01
DeAndre Jordan,29,LAC,NBA,2017-18,77,77,2424,373,578,373,578,0,0,181,312,329,842,1171,117,39,71,137,203,927,0.645,0.645,,0.645,0.58,0.648,jordade01
Cory Joseph,26,IND,NBA,2017-18,82,17,2210,256,604,189,414,67,190,70,94,39,224,263,260,80,18,87,141,649,0.424,0.457,0.353,0.479,0.745,0.503,josepco01
Frank Kaminsky,24,CHO,NBA,2017-18,79,4,1835,307,716,203,442,104,274,155,194,46,242,288,129,36,19,66,95,873,0.429,0.459,0.38,0.501,0.799,0.545,kaminfr01
Enes Kanter,25,NYK,NBA,2017-18,71,71,1830,422,713,422,711,0,2,156,184,273,507,780,105,36,37,122,187,1000,0.592,0.594,0,0.592,0.848,0.63,kanteen01
Luke Kennard,21,DET,NBA,2017-18,73,9,1463,206,465,125,270,81,195,65,76,21,155,176,124,44,13,69,86,558,0.443,0.463,0.415,0.53,0.855,0.56,kennalu01
Michael Kidd-Gilchrist,24,CHO,NBA,2017-18,74,74,1850,282,560,282,558,0,2,117,171,84,218,302,71,51,32,53,143,681,0.504,0.505,0,0.504,0.684,0.536,kiddgmi01
Sean Kilpatrick,28,TOT,NBA,2017-18,52,1,640,110,294,64,150,46,144,64,72,5,82,87,46,13,5,38,33,330,0.374,0.427,0.319,0.452,0.889,0.507,kilpase01
Maxi Kleber,26,DAL,NBA,2017-18,72,36,1206,151,309,111,181,40,128,44,59,71,163,234,51,26,47,30,114,386,0.489,0.613,0.313,0.553,0.746,0.576,klebima01
Furkan Korkmaz,20,PHI,NBA,2017-18,14,0,80,8,28,3,11,5,17,2,4,2,9,11,4,2,1,2,12,23,0.286,0.273,0.294,0.375,0.5,0.386,korkmfu01
Luke Kornet,22,NYK,NBA,2017-18,20,1,326,49,125,21,46,28,79,8,11,11,53,64,26,6,16,12,28,134,0.392,0.457,0.354,0.504,0.727,0.516,kornelu01
Kyle Korver,36,CLE,NBA,2017-18,73,4,1574,222,484,58,108,164,376,64,72,9,156,165,88,31,27,55,130,672,0.459,0.537,0.436,0.628,0.889,0.652,korveky01
Kosta Koufos,28,SAC,NBA,2017-18,71,13,1391,222,389,222,389,0,0,33,74,149,323,472,87,47,32,49,146,477,0.571,0.571,,0.571,0.446,0.566,koufoko01
Kyle Kuzma,22,LAL,NBA,2017-18,77,37,2401,468,1039,309,605,159,434,147,208,88,395,483,141,49,34,140,160,1242,0.45,0.511,0.366,0.527,0.707,0.549,kuzmaky01
Mindaugas Kuzminskas,28,NYK,NBA,2017-18,1,0,2,0,2,0,2,0,0,0,0,0,0,0,0,0,0,0,0,0,0,0,,0,,0,kuzmimi01
Skal Labissiere,21,SAC,NBA,2017-18,60,28,1240,205,458,187,407,18,51,95,118,99,189,288,72,25,49,73,132,523,0.448,0.459,0.353,0.467,0.805,0.513,labissk01
Jeremy Lamb,25,CHO,NBA,2017-18,80,18,1967,380,832,286,578,94,254,179,208,49,275,324,186,61,32,93,138,1033,0.457,0.495,0.37,0.513,0.861,0.559,lambje01
Shane Larkin,25,BOS,NBA,2017-18,54,2,775,84,219,53,133,31,86,32,37,15,77,92,98,29,2,33,58,231,0.384,0.398,0.36,0.454,0.865,0.491,larkish01
Joffrey Lauvergne,26,SAS,NBA,2017-18,55,1,534,98,190,98,185,0,5,30,47,63,108,171,41,9,3,33,45,226,0.516,0.53,0,0.516,0.638,0.536,lauvejo01
Zach LaVine,22,CHI,NBA,2017-18,24,24,656,136,355,94,232,42,123,87,107,9,85,94,72,24,4,43,55,401,0.383,0.405,0.341,0.442,0.813,0.499,lavinza01
Jake Layman,23,POR,NBA,2017-18,35,1,160,14,47,10,27,4,20,2,3,4,12,16,11,6,4,5,13,34,0.298,0.37,0.2,0.34,0.667,0.352,laymaja01
T.J. Leaf,20,IND,NBA,2017-18,53,0,459,64,136,46,94,18,42,10,16,29,53,82,9,5,4,10,45,156,0.471,0.489,0.429,0.537,0.625,0.545,leaftj01
Courtney Lee,32,NYK,NBA,2017-18,76,69,2310,343,755,230,477,113,278,114,124,30,194,224,180,80,17,84,109,913,0.454,0.482,0.406,0.529,0.919,0.564,leeco01
Damion Lee,25,ATL,NBA,2017-18,15,11,404,62,152,47,92,15,60,22,29,11,60,71,29,19,1,14,25,161,0.408,0.511,0.25,0.457,0.759,0.489,leeda03
Walt Lemon,25,NOP,NBA,2017-18,5,0,35,7,16,6,15,1,1,2,3,0,2,2,5,0,1,4,5,17,0.438,0.4,1,0.469,0.667,0.491,lemonwa01
Alex Len,24,PHO,NBA,2017-18,69,13,1395,214,378,213,375,1,3,158,231,175,343,518,82,27,61,78,158,587,0.566,0.568,0.333,0.567,0.684,0.612,lenal01
Kawhi Leonard,26,SAS,NBA,2017-18,9,9,210,52,111,41,76,11,35,31,38,6,36,42,21,18,9,16,9,146,0.468,0.539,0.314,0.518,0.816,0.572,leonaka01
Meyers Leonard,25,POR,NBA,2017-18,33,2,254,46,78,35,52,11,26,9,11,12,58,70,17,7,0,10,36,112,0.59,0.673,0.423,0.66,0.818,0.676,leoname01
Jon Leuer,28,DET,NBA,2017-18,8,0,136,15,36,15,33,0,3,13,15,7,25,32,5,1,3,7,16,43,0.417,0.455,0,0.417,0.867,0.505,leuerjo01
Caris LeVert,23,BRK,NBA,2017-18,71,10,1864,320,735,235,490,85,245,133,187,53,207,260,299,82,22,153,159,858,0.435,0.48,0.347,0.493,0.711,0.525,leverca01
DeAndre Liggins,29,TOT,NBA,2017-18,58,4,724,40,106,21,53,19,53,2,5,7,68,75,48,37,14,20,81,101,0.377,0.396,0.358,0.467,0.4,0.467,liggide01
Damian Lillard,27,POR,NBA,2017-18,73,73,2670,621,1415,394,786,227,629,493,538,62,263,325,481,77,27,206,117,1962,0.439,0.501,0.361,0.519,0.916,0.594,lillada01
Jeremy Lin,29,BRK,NBA,2017-18,1,1,25,5,12,4,10,1,2,7,7,0,0,0,4,0,0,3,3,18,0.417,0.4,0.5,0.458,1,0.597,linje01
Shaun Livingston,32,GSW,NBA,2017-18,71,7,1129,172,343,172,338,0,5,50,61,32,99,131,140,35,21,58,117,394,0.501,0.509,0,0.501,0.82,0.533,livinsh01
Kevon Looney,21,GSW,NBA,2017-18,66,4,910,112,193,111,188,1,5,42,77,83,132,215,42,34,56,31,106,267,0.58,0.59,0.2,0.583,0.545,0.588,looneke01
Brook Lopez,29,LAL,NBA,2017-18,74,72,1735,369,793,257,468,112,325,111,158,74,220,294,126,30,98,98,195,961,0.465,0.549,0.345,0.536,0.703,0.557,lopezbr01
Robin Lopez,29,CHI,NBA,2017-18,64,64,1690,342,645,338,631,4,14,68,90,134,156,290,124,14,53,107,109,756,0.53,0.536,0.286,0.533,0.756,0.552,lopezro01
Kevin Love,29,CLE,NBA,2017-18,59,59,1651,334,729,197,399,137,330,234,266,101,445,546,103,43,24,90,120,1039,0.458,0.494,0.415,0.552,0.88,0.614,loveke01
Kyle Lowry,31,TOR,NBA,2017-18,78,78,2510,403,944,165,348,238,596,223,261,66,368,434,537,85,19,183,192,1267,0.427,0.474,0.399,0.553,0.854,0.598,lowryky01
Timothe Luwawu-Cabarrot,22,PHI,NBA,2017-18,52,7,807,100,267,47,109,53,158,46,58,14,58,72,54,12,5,38,97,299,0.375,0.431,0.335,0.474,0.793,0.511,luwawti01
Tyler Lydon,21,DEN,NBA,2017-18,1,0,2,0,0,0,0,0,0,0,0,0,0,0,0,0,0,0,0,0,,,,,,,lydonty01
Trey Lyles,22,DEN,NBA,2017-18,73,2,1391,270,550,187,332,83,218,101,143,55,292,347,91,30,34,61,111,724,0.491,0.563,0.381,0.566,0.706,0.591,lylestr01
Shelvin Mack,27,ORL,NBA,2017-18,69,3,1365,178,414,130,275,48,139,69,97,23,143,166,272,54,8,89,91,473,0.43,0.473,0.345,0.488,0.711,0.518,macksh01
Josh Magette,28,ATL,NBA,2017-18,18,0,216,15,46,7,24,8,22,8,8,2,17,19,57,8,1,9,16,46,0.326,0.292,0.364,0.413,1,0.464,magetjo01
Ian Mahinmi,31,WAS,NBA,2017-18,77,0,1145,138,248,138,246,0,2,90,128,135,177,312,53,38,42,100,230,366,0.556,0.561,0,0.556,0.703,0.601,mahinia01
Thon Maker,20,MIL,NBA,2017-18,74,12,1238,130,316,99,212,31,104,65,93,75,150,225,46,38,53,44,162,356,0.411,0.467,0.298,0.46,0.699,0.499,makerth01
Boban Marjanovic,29,TOT,NBA,2017-18,39,1,337,79,148,79,148,0,0,77,97,48,96,144,22,10,11,36,51,235,0.534,0.534,,0.534,0.794,0.616,marjabo01
Lauri Markkanen,20,CHI,NBA,2017-18,68,68,2020,374,862,229,461,145,401,140,166,79,429,508,79,39,40,83,103,1033,0.434,0.497,0.362,0.518,0.843,0.552,markkla01
Jarell Martin,23,MEM,NBA,2017-18,73,36,1661,221,496,187,398,34,98,89,116,97,221,318,73,39,49,86,211,565,0.446,0.47,0.347,0.48,0.767,0.516,martija01
Frank Mason,23,SAC,NBA,2017-18,52,2,984,144,380,113,294,31,86,94,115,30,100,130,147,34,10,65,72,413,0.379,0.384,0.36,0.42,0.817,0.48,masonfr01
Mangok Mathiang,25,CHO,NBA,2017-18,4,0,20,4,7,4,7,0,0,0,1,3,7,10,0,1,0,0,5,8,0.571,0.571,,0.571,0,0.538,mathima01
Wesley Matthews,31,DAL,NBA,2017-18,63,62,2131,283,697,130,295,153,402,83,101,28,170,198,172,76,16,83,140,802,0.406,0.441,0.381,0.516,0.822,0.541,matthwe02
Luc Mbah a Moute,31,HOU,NBA,2017-18,61,15,1564,166,345,103,172,63,173,65,95,22,164,186,55,72,25,68,100,460,0.481,0.599,0.364,0.572,0.684,0.595,mbahalu01
James Michael McAdoo,25,PHI,NBA,2017-18,3,0,18,2,7,0,0,2,7,2,2,0,2,2,0,0,1,1,1,8,0.286,,0.286,0.429,1,0.508,mcadoja01
Patrick McCaw,22,GSW,NBA,2017-18,57,10,961,92,225,73,145,19,80,26,34,16,66,82,81,43,10,41,67,229,0.409,0.503,0.238,0.451,0.765,0.477,mccawpa01
CJ McCollum,26,POR,NBA,2017-18,81,81,2923,667,1505,478,1029,189,476,209,250,53,268,321,272,77,35,151,168,1732,0.443,0.465,0.397,0.506,0.836,0.536,mccolcj01
T.J. McConnell,25,PHI,NBA,2017-18,76,1,1706,210,421,183,359,27,62,31,39,37,189,226,303,92,13,112,122,478,0.499,0.51,0.435,0.531,0.795,0.545,mccontj01
Erik McCree,24,UTA,NBA,2017-18,4,0,8,0,2,0,1,0,1,0,0,0,1,1,0,1,0,1,0,0,0,0,0,0,,0,mccreer01
Chris McCullough,22,WAS,NBA,2017-18,19,0,90,18,42,17,34,1,8,9,14,7,18,25,4,0,5,2,8,46,0.429,0.5,0.125,0.44,0.643,0.478,mcculch01
Doug McDermott,26,TOT,NBA,2017-18,81,4,1768,237,508,145,292,92,216,64,81,40,160,200,79,19,16,56,122,630,0.467,0.497,0.426,0.557,0.79,0.579,mcderdo01
JaVale McGee,30,GSW,NBA,2017-18,65,17,615,136,219,136,213,0,6,38,52,59,110,169,33,21,57,27,91,310,0.621,0.638,0,0.621,0.731,0.641,mcgeeja01
Rodney McGruder,26,MIA,NBA,2017-18,18,2,299,36,73,21,38,15,35,4,8,11,21,32,17,8,3,4,21,91,0.493,0.553,0.429,0.596,0.5,0.595,mcgruro01
Trey McKinney-Jones,27,IND,NBA,2017-18,1,0,1,0,0,0,0,0,0,0,0,0,0,0,0,0,0,0,0,0,,,,,,,mckintr01
Alfonzo McKinnie,25,TOR,NBA,2017-18,14,0,53,8,15,5,6,3,9,2,3,1,6,7,1,1,1,3,8,21,0.533,0.833,0.333,0.633,0.667,0.643,mckinal01
Ben McLemore,24,MEM,NBA,2017-18,56,17,1091,157,373,102,214,55,159,53,64,34,105,139,51,38,15,61,139,422,0.421,0.477,0.346,0.495,0.828,0.526,mclembe01
Josh McRoberts,30,DAL,NBA,2017-18,2,0,6,0,1,0,0,0,1,0,0,0,0,0,0,0,0,0,2,0,0,,0,0,,0,mcrobjo01
Jodie Meeks,30,WAS,NBA,2017-18,77,0,1119,157,393,85,183,72,210,101,117,15,111,126,70,29,4,37,55,487,0.399,0.464,0.343,0.491,0.863,0.548,meeksjo01
Salah Mejri,31,DAL,NBA,2017-18,61,1,729,88,137,88,134,0,3,38,66,85,161,246,35,22,67,39,121,214,0.642,0.657,0,0.642,0.576,0.644,mejrisa01
Jordan Mickey,23,MIA,NBA,2017-18,23,3,284,39,82,37,66,2,16,13,19,18,64,81,9,6,10,18,36,93,0.476,0.561,0.125,0.488,0.684,0.515,mickejo01
Khris Middleton,26,MIL,NBA,2017-18,82,82,2982,593,1272,447,865,146,407,320,362,45,384,429,328,119,21,191,270,1652,0.466,0.517,0.359,0.524,0.884,0.577,middlkh01
C.J. Miles,30,TOR,NBA,2017-18,70,3,1337,227,599,63,145,164,454,81,97,18,134,152,55,37,21,39,134,699,0.379,0.434,0.361,0.516,0.835,0.545,milescj01
Darius Miller,27,NOP,NBA,2017-18,82,3,1944,216,487,69,129,147,358,58,67,18,146,164,111,28,17,58,160,637,0.444,0.535,0.411,0.594,0.866,0.617,milleda01
Malcolm Miller,24,TOR,NBA,2017-18,15,4,126,13,28,5,7,8,21,4,4,4,11,15,3,1,2,5,10,38,0.464,0.714,0.381,0.607,1,0.638,millema01
Patty Mills,29,SAS,NBA,2017-18,82,36,2107,280,682,126,268,154,414,105,118,26,128,154,229,55,11,106,128,819,0.411,0.47,0.372,0.523,0.89,0.558,millspa02
Paul Millsap,32,DEN,NBA,2017-18,38,37,1143,202,435,163,322,39,113,112,161,65,180,245,105,39,44,73,99,555,0.464,0.506,0.345,0.509,0.696,0.549,millspa01
Nikola Mirotic,26,TOT,NBA,2017-18,55,14,1494,306,684,171,326,135,358,112,137,59,346,405,80,44,39,62,108,859,0.447,0.525,0.377,0.546,0.818,0.577,mirotni01
Donovan Mitchell,21,UTA,NBA,2017-18,79,71,2638,595,1362,408,812,187,550,239,297,52,244,296,291,118,27,215,213,1616,0.437,0.502,0.34,0.506,0.805,0.541,mitchdo01
Naz Mitrou-Long,24,UTA,NBA,2017-18,1,0,1,1,1,0,0,1,1,0,0,0,0,0,0,0,0,0,0,3,1,,1,1.5,,1.5,mitrona01
Malik Monk,19,CHO,NBA,2017-18,63,0,854,153,425,70,182,83,243,32,38,8,58,66,91,20,9,49,60,421,0.36,0.385,0.342,0.458,0.842,0.477,monkma01
Greg Monroe,27,TOT,NBA,2017-18,51,14,1040,218,386,218,386,0,0,88,119,109,241,350,114,44,23,94,95,524,0.565,0.565,,0.565,0.739,0.598,monrogr01
Luis Montero,24,DET,NBA,2017-18,2,0,8,0,1,0,1,0,0,0,0,0,2,2,0,0,0,2,0,0,0,0,,0,,0,montelu01
Ben Moore,22,IND,NBA,2017-18,2,0,9,0,0,0,0,0,0,0,0,0,1,1,1,0,0,0,4,0,,,,,,,moorebe01
E'Twaun Moore,28,NOP,NBA,2017-18,82,80,2586,423,832,295,531,128,301,48,68,57,181,238,187,79,12,102,182,1022,0.508,0.556,0.425,0.585,0.706,0.593,mooreet01
Eric Moreland,26,DET,NBA,2017-18,67,3,805,66,122,66,122,0,0,11,29,81,197,278,78,31,51,42,116,143,0.541,0.541,,0.541,0.379,0.531,moreler01
Jaylen Morris,22,ATL,NBA,2017-18,6,0,98,13,32,11,22,2,10,0,0,2,14,16,7,2,1,6,2,28,0.406,0.5,0.2,0.438,,0.438,morrija01
Marcus Morris,28,BOS,NBA,2017-18,54,21,1447,262,611,176,377,86,234,124,154,43,246,289,72,35,12,65,100,734,0.429,0.467,0.368,0.499,0.805,0.541,morrima03
Markieff Morris,28,WAS,NBA,2017-18,73,73,1968,330,687,254,480,76,207,105,128,75,334,409,142,56,38,127,216,841,0.48,0.529,0.367,0.536,0.82,0.566,morrima02
Monte Morris,22,DEN,NBA,2017-18,3,0,25,4,6,4,5,0,1,2,2,0,2,2,7,3,0,1,1,10,0.667,0.8,0,0.667,1,0.727,morrimo01
Johnathan Motley,22,DAL,NBA,2017-18,11,4,176,40,75,39,69,1,6,15,28,14,35,49,7,3,2,9,18,96,0.533,0.565,0.167,0.54,0.536,0.55,motlejo01
Timofey Mozgov,31,BRK,NBA,2017-18,31,13,359,52,93,48,75,4,18,23,30,32,66,98,11,5,13,33,39,131,0.559,0.64,0.222,0.581,0.767,0.617,mozgoti01
Emmanuel Mudiay,21,TOT,NBA,2017-18,64,14,1245,204,526,157,378,47,148,98,129,26,126,152,206,41,11,113,80,553,0.388,0.415,0.318,0.433,0.76,0.474,mudiaem01
Shabazz Muhammad,25,TOT,NBA,2017-18,43,2,418,84,188,77,161,7,27,39,50,23,53,76,14,9,3,6,30,214,0.447,0.478,0.259,0.465,0.78,0.51,muhamsh01
Xavier Munford,25,MIL,NBA,2017-18,6,0,21,1,6,1,4,0,2,1,2,1,0,1,4,1,0,2,4,3,0.167,0.25,0,0.167,0.5,0.218,munfoxa02
Dejounte Murray,21,SAS,NBA,2017-18,81,48,1743,270,609,261,575,9,34,105,148,110,349,459,231,97,31,134,151,654,0.443,0.454,0.265,0.451,0.709,0.485,murrade01
Jamal Murray,20,DEN,NBA,2017-18,81,80,2565,479,1062,314,626,165,436,229,253,82,215,297,274,79,28,172,173,1352,0.451,0.502,0.378,0.529,0.905,0.576,murraja01
Mike Muscala,26,ATL,NBA,2017-18,53,7,1060,143,312,81,145,62,167,57,62,56,174,230,51,31,27,42,80,405,0.458,0.559,0.371,0.558,0.919,0.597,muscami01
Abdel Nader,24,BOS,NBA,2017-18,48,1,522,50,149,27,84,23,65,23,39,13,58,71,26,15,10,34,45,146,0.336,0.321,0.354,0.413,0.59,0.439,naderab01
Larry Nance,25,TOT,NBA,2017-18,66,27,1421,240,413,238,401,2,12,91,137,161,291,452,82,88,38,51,172,573,0.581,0.594,0.167,0.584,0.664,0.605,nancela02
Shabazz Napier,26,POR,NBA,2017-18,74,10,1535,223,531,141,313,82,218,116,138,26,144,170,150,81,14,90,84,644,0.42,0.45,0.376,0.497,0.841,0.544,napiesh01
Jameer Nelson,35,TOT,NBA,2017-18,50,0,1013,95,244,54,120,41,124,16,20,13,91,104,179,27,4,67,81,247,0.389,0.45,0.331,0.473,0.8,0.489,nelsoja01
Raul Neto,25,UTA,NBA,2017-18,41,0,498,69,151,50,104,19,47,26,35,7,42,49,75,13,4,36,38,183,0.457,0.481,0.404,0.52,0.743,0.55,netora01
Georges Niang,24,UTA,NBA,2017-18,9,0,32,4,11,4,7,0,4,1,2,3,6,9,3,2,0,3,1,9,0.364,0.571,0,0.364,0.5,0.379,niangge01
Joakim Noah,32,NYK,NBA,2017-18,7,0,40,5,10,5,10,0,0,2,4,6,8,14,4,2,2,4,5,12,0.5,0.5,,0.5,0.5,0.51,noahjo01
Nerlens Noel,23,DAL,NBA,2017-18,30,6,472,55,105,55,104,0,1,21,28,48,120,168,20,31,22,26,59,131,0.524,0.529,0,0.524,0.75,0.558,noelne01
Lucas Nogueira,25,TOR,NBA,2017-18,49,3,418,49,80,44,61,5,19,19,28,18,69,87,22,23,43,16,49,122,0.613,0.721,0.263,0.644,0.679,0.661,noguelu01
Dirk Nowitzki,39,DAL,NBA,2017-18,77,77,1900,346,758,208,421,138,337,97,108,22,416,438,120,43,45,51,146,927,0.456,0.494,0.409,0.547,0.898,0.575,nowitdi01
Frank Ntilikina,19,NYK,NBA,2017-18,78,9,1706,182,500,132,343,50,157,49,68,37,140,177,250,65,18,131,181,463,0.364,0.385,0.318,0.414,0.721,0.437,ntilila01
Jusuf Nurkic,23,POR,NBA,2017-18,79,79,2088,480,951,480,944,0,7,172,273,189,519,708,143,64,111,183,247,1132,0.505,0.508,0,0.505,0.63,0.528,nurkiju01
David Nwaba,25,CHI,NBA,2017-18,70,21,1646,202,423,184,371,18,52,133,203,89,237,326,104,59,29,77,158,555,0.478,0.496,0.346,0.499,0.655,0.542,nwabada01
Johnny O'Bryant,24,CHO,NBA,2017-18,36,0,379,68,171,54,128,14,43,21,25,29,64,93,14,9,6,15,45,171,0.398,0.422,0.326,0.439,0.84,0.47,obryajo01
Royce O'Neale,24,UTA,NBA,2017-18,69,4,1150,120,284,78,166,42,118,61,76,25,211,236,95,36,16,55,105,343,0.423,0.47,0.356,0.496,0.803,0.54,onealro01
Kyle O'Quinn,27,NYK,NBA,2017-18,77,10,1387,224,384,220,367,4,17,98,127,121,349,470,158,36,98,100,192,550,0.583,0.599,0.235,0.589,0.772,0.625,oquinky01
Semi Ojeleye,23,BOS,NBA,2017-18,73,0,1150,65,188,25,63,40,125,25,41,37,124,161,20,21,4,25,91,195,0.346,0.397,0.32,0.452,0.61,0.473,ojelese01
Emeka Okafor,35,NOP,NBA,2017-18,26,19,353,48,95,48,95,0,0,18,22,47,73,120,8,8,25,13,30,114,0.505,0.505,,0.505,0.818,0.545,okafoem01
Jahlil Okafor,22,TOT,NBA,2017-18,28,0,353,77,138,76,134,1,4,21,29,21,64,85,12,3,18,21,51,176,0.558,0.567,0.25,0.562,0.724,0.584,okafoja01
Victor Oladipo,25,IND,NBA,2017-18,75,75,2552,640,1342,479,908,161,434,294,368,47,343,390,323,177,57,219,175,1735,0.477,0.528,0.371,0.537,0.799,0.577,oladivi01
Kelly Olynyk,26,MIA,NBA,2017-18,76,22,1779,316,636,210,356,106,280,134,174,89,342,431,207,62,35,147,222,872,0.497,0.59,0.379,0.58,0.77,0.612,olynyke01
Chinanu Onuaku,21,HOU,NBA,2017-18,1,0,22,2,5,2,5,0,0,0,0,1,3,4,1,0,0,3,4,4,0.4,0.4,,0.4,,0.4,onuakch01
Cedi Osman,22,CLE,NBA,2017-18,61,12,672,90,186,58,99,32,87,26,46,19,101,120,41,22,3,32,78,238,0.484,0.586,0.368,0.57,0.565,0.577,osmande01
Kelly Oubre,22,WAS,NBA,2017-18,81,11,2231,318,790,192,421,126,369,191,233,59,304,363,98,80,35,90,234,953,0.403,0.456,0.341,0.482,0.82,0.534,oubreke01
Zaza Pachulia,33,GSW,NBA,2017-18,69,57,972,149,264,149,263,0,1,75,93,89,232,321,109,38,17,72,122,373,0.564,0.567,0,0.564,0.806,0.612,pachuza01
Marcus Paige,24,CHO,NBA,2017-18,5,0,28,4,14,2,6,2,8,2,2,0,4,4,3,0,0,0,0,12,0.286,0.333,0.25,0.357,1,0.403,paigema01
Georgios Papagiannis,20,TOT,NBA,2017-18,17,0,122,18,42,18,42,0,0,0,0,13,24,37,9,4,6,8,12,36,0.429,0.429,,0.429,,0.429,papagge01
Jabari Parker,22,MIL,NBA,2017-18,31,3,743,160,332,129,251,31,81,40,54,42,109,151,59,25,10,45,50,391,0.482,0.514,0.383,0.529,0.741,0.55,parkeja01
Tony Parker,35,SAS,NBA,2017-18,55,21,1071,178,388,168,351,10,37,55,78,7,88,95,195,28,1,68,52,421,0.459,0.479,0.27,0.472,0.705,0.498,parketo01
Chandler Parsons,29,MEM,NBA,2017-18,36,8,691,108,234,57,113,51,121,17,27,14,76,90,69,18,11,35,53,284,0.462,0.504,0.421,0.571,0.63,0.578,parsoch01
Patrick Patterson,28,OKC,NBA,2017-18,82,3,1270,106,266,40,95,66,171,40,46,32,161,193,57,48,23,33,87,318,0.398,0.421,0.386,0.523,0.87,0.555,pattepa01
Justin Patton,20,MIN,NBA,2017-18,1,0,4,1,2,1,2,0,0,0,0,0,0,0,0,1,0,0,1,2,0.5,0.5,,0.5,,0.5,pattoju01
Brandon Paul,26,SAS,NBA,2017-18,64,2,576,55,127,40,73,15,54,22,43,6,62,68,37,25,7,29,58,147,0.433,0.548,0.278,0.492,0.512,0.504,paulbr01
Chris Paul,32,HOU,NBA,2017-18,58,58,1847,367,798,223,419,144,379,203,221,37,276,313,457,96,14,128,141,1081,0.46,0.532,0.38,0.55,0.919,0.604,paulch01
Adreian Payne,26,ORL,NBA,2017-18,5,0,43,7,10,5,7,2,3,5,6,2,7,9,0,2,0,2,6,21,0.7,0.714,0.667,0.8,0.833,0.831,paynead01
Cameron Payne,23,CHI,NBA,2017-18,25,14,582,87,215,52,124,35,91,12,16,18,51,69,113,26,9,36,44,221,0.405,0.419,0.385,0.486,0.75,0.498,payneca01
Elfrid Payton,23,TOT,NBA,2017-18,63,63,1808,329,667,299,575,30,92,109,168,64,210,274,393,83,22,168,147,797,0.493,0.52,0.326,0.516,0.649,0.538,paytoel01
Gary Payton,25,TOT,NBA,2017-18,23,6,221,30,74,24,49,6,25,3,9,13,31,44,21,7,3,7,30,69,0.405,0.49,0.24,0.446,0.333,0.443,paytoga02
Kendrick Perkins,33,CLE,NBA,2017-18,1,0,15,1,2,1,2,0,0,1,2,0,1,1,2,1,0,1,1,3,0.5,0.5,,0.5,0.5,0.521,perkike01
London Perrantes,23,CLE,NBA,2017-18,14,0,66,2,13,2,10,0,3,3,5,1,3,4,5,2,1,1,6,7,0.154,0.2,0,0.154,0.6,0.23,perralo01
Alec Peters,22,PHO,NBA,2017-18,20,0,225,28,74,10,16,18,58,8,10,8,29,37,12,2,2,4,13,82,0.378,0.625,0.31,0.5,0.8,0.523,peteral01
Marshall Plumlee,25,MIL,NBA,2017-18,8,0,52,1,3,1,3,0,0,12,16,4,13,17,2,0,1,3,10,14,0.333,0.333,,0.333,0.75,0.697,plumlma02
Mason Plumlee,27,DEN,NBA,2017-18,74,26,1439,221,368,221,367,0,1,82,179,132,268,400,142,49,81,103,184,524,0.601,0.602,0,0.601,0.458,0.586,plumlma01
Miles Plumlee,29,ATL,NBA,2017-18,55,35,918,105,180,105,180,0,0,27,60,77,151,228,45,17,30,63,79,237,0.583,0.583,,0.583,0.45,0.574,plumlmi01
Jakob Poeltl,22,TOR,NBA,2017-18,82,0,1524,253,384,252,382,1,2,60,101,165,228,393,57,39,100,85,212,567,0.659,0.66,0.5,0.66,0.594,0.662,poeltja01
Quincy Pondexter,29,CHI,NBA,2017-18,23,1,196,14,49,11,27,3,22,14,17,8,19,27,9,8,2,11,24,45,0.286,0.407,0.136,0.316,0.824,0.398,pondequ01
Otto Porter,24,WAS,NBA,2017-18,77,77,2432,445,885,307,572,138,313,106,128,103,389,492,157,116,41,75,151,1134,0.503,0.537,0.441,0.581,0.828,0.602,porteot01
Bobby Portis,22,CHI,NBA,2017-18,73,4,1643,382,811,302,588,80,223,120,156,159,339,498,123,50,23,103,130,964,0.471,0.514,0.359,0.52,0.769,0.548,portibo01
Kristaps Porzingis,22,NYK,NBA,2017-18,48,48,1553,390,889,300,661,90,228,218,275,62,254,316,57,36,115,93,141,1088,0.439,0.454,0.395,0.489,0.793,0.539,porzikr01
Dwight Powell,26,DAL,NBA,2017-18,79,25,1672,255,430,227,346,28,84,133,185,135,309,444,91,67,32,59,186,671,0.593,0.656,0.333,0.626,0.719,0.656,poweldw01
Norman Powell,24,TOR,NBA,2017-18,70,18,1062,150,374,97,188,53,186,32,39,14,105,119,89,37,16,66,111,385,0.401,0.516,0.285,0.472,0.821,0.492,powelno01
Alex Poythress,24,IND,NBA,2017-18,25,0,104,11,26,7,15,4,11,0,0,7,10,17,2,3,1,2,16,26,0.423,0.467,0.364,0.5,,0.5,poythal01
Jacob Pullen,28,PHI,NBA,2017-18,3,0,6,1,2,1,1,0,1,0,0,0,0,0,0,0,0,1,0,2,0.5,1,0,0.5,,0.5,pulleja01
Rodney Purvis,23,ORL,NBA,2017-18,16,2,290,35,107,22,55,13,52,13,15,1,26,27,17,3,3,10,26,96,0.327,0.4,0.25,0.388,0.867,0.423,purviro01
Zhou Qi,22,HOU,NBA,2017-18,18,0,124,6,32,4,13,2,19,8,12,6,16,22,2,2,14,10,14,22,0.188,0.308,0.105,0.219,0.667,0.295,qizh01
Tim Quarterman,23,HOU,NBA,2017-18,3,0,13,1,3,1,1,0,2,2,2,0,3,3,1,0,0,2,1,4,0.333,1,0,0.333,1,0.515,quartti01
Ivan Rabb,20,MEM,NBA,2017-18,36,5,516,86,152,86,152,0,0,29,36,53,105,158,32,12,13,35,55,201,0.566,0.566,,0.566,0.806,0.599,rabbiv01
Julius Randle,23,LAL,NBA,2017-18,82,49,2190,504,904,494,859,10,45,305,425,181,472,654,210,43,45,213,274,1323,0.558,0.575,0.222,0.563,0.718,0.606,randlju01
Zach Randolph,36,SAC,NBA,2017-18,59,57,1508,361,763,310,616,51,147,84,107,97,300,397,127,42,10,116,119,857,0.473,0.503,0.347,0.507,0.785,0.529,randoza01
Xavier Rathan-Mayes,23,MEM,NBA,2017-18,5,0,118,12,42,11,28,1,14,4,9,0,5,5,18,6,3,11,18,29,0.286,0.393,0.071,0.298,0.444,0.315,rathaxa01
J.J. Redick,33,PHI,NBA,2017-18,70,70,2116,404,879,211,419,193,460,197,218,9,169,178,210,35,6,103,123,1198,0.46,0.504,0.42,0.569,0.904,0.614,redicjj01
Davon Reed,22,PHO,NBA,2017-18,21,1,242,22,76,11,38,11,38,8,12,2,37,39,13,10,2,10,17,63,0.289,0.289,0.289,0.362,0.667,0.388,reedda01
Willie Reed,27,TOT,NBA,2017-18,42,5,428,81,121,80,119,1,2,32,55,35,86,121,10,9,22,19,56,195,0.669,0.672,0.5,0.674,0.582,0.671,reedwi02
Josh Richardson,24,MIA,NBA,2017-18,81,81,2689,399,885,272,549,127,336,120,142,69,216,285,231,121,75,140,199,1045,0.451,0.495,0.378,0.523,0.845,0.551,richajo01
Malachi Richardson,22,TOT,NBA,2017-18,26,4,324,30,90,18,50,12,40,17,22,5,29,34,13,10,1,10,27,89,0.333,0.36,0.3,0.4,0.773,0.446,richama01
Austin Rivers,25,LAC,NBA,2017-18,61,59,2057,341,805,205,445,136,360,102,159,27,118,145,242,74,16,109,152,920,0.424,0.461,0.378,0.508,0.642,0.526,riverau01
Andre Roberson,26,OKC,NBA,2017-18,39,39,1037,87,162,79,126,8,36,12,38,75,110,185,46,45,35,30,89,194,0.537,0.627,0.222,0.562,0.316,0.543,roberan03
Devin Robinson,22,WAS,NBA,2017-18,1,0,13,1,3,1,3,0,0,0,0,2,3,5,0,1,0,0,2,2,0.333,0.333,,0.333,,0.333,robinde01
Glenn Robinson,24,IND,NBA,2017-18,23,1,338,36,85,22,51,14,34,9,11,11,26,37,17,13,1,5,14,95,0.424,0.431,0.412,0.506,0.818,0.529,robingl02
Rajon Rondo,31,NOP,NBA,2017-18,65,63,1705,231,494,181,344,50,150,25,46,31,232,263,533,70,10,151,119,537,0.468,0.526,0.333,0.518,0.543,0.522,rondora01
Derrick Rose,29,TOT,NBA,2017-18,25,7,420,81,186,74,156,7,30,40,46,13,22,35,37,7,4,35,16,209,0.435,0.474,0.233,0.454,0.87,0.507,rosede01
Terrence Ross,26,ORL,NBA,2017-18,24,20,600,76,191,46,98,30,93,27,36,10,63,73,38,27,11,29,45,209,0.398,0.469,0.323,0.476,0.75,0.505,rosste01
Terry Rozier,23,BOS,NBA,2017-18,80,16,2068,316,800,163,398,153,402,115,149,63,313,376,232,80,19,80,123,900,0.395,0.41,0.381,0.491,0.772,0.52,roziete01
Ricky Rubio,27,UTA,NBA,2017-18,77,77,2254,346,827,250,554,96,273,220,254,44,307,351,410,121,11,207,206,1008,0.418,0.451,0.352,0.476,0.866,0.537,rubiori01
D'Angelo Russell,21,BRK,NBA,2017-18,48,35,1234,278,672,188,394,90,278,97,131,30,159,189,249,36,17,147,93,743,0.414,0.477,0.324,0.481,0.74,0.509,russeda01
Domantas Sabonis,21,IND,NBA,2017-18,74,19,1810,340,661,327,624,13,37,168,224,165,407,572,151,40,32,137,220,861,0.514,0.524,0.351,0.524,0.75,0.567,sabondo01
JaKarr Sampson,24,SAC,NBA,2017-18,22,6,344,44,81,39,71,5,10,10,16,21,57,78,9,8,22,8,48,103,0.543,0.549,0.5,0.574,0.625,0.585,sampsja02
Dario Saric,23,PHI,NBA,2017-18,78,73,2310,403,890,246,491,157,399,178,207,154,366,520,202,51,20,148,160,1141,0.453,0.501,0.393,0.541,0.86,0.582,saricda01
Tomas Satoransky,26,WAS,NBA,2017-18,73,30,1643,201,384,154,283,47,101,75,96,72,161,233,286,52,15,83,131,524,0.523,0.544,0.465,0.585,0.781,0.615,satorto01
Dennis Schroder,24,ATL,NBA,2017-18,67,67,2078,500,1146,424,884,76,262,225,265,44,164,208,417,72,6,183,147,1301,0.436,0.48,0.29,0.469,0.849,0.515,schrode01
Mike Scott,29,WAS,NBA,2017-18,76,1,1406,276,524,210,361,66,163,50,76,50,197,247,80,23,10,79,148,668,0.527,0.582,0.405,0.59,0.658,0.599,scottmi01
Thabo Sefolosha,33,UTA,NBA,2017-18,38,6,806,118,240,86,156,32,84,44,54,29,132,161,33,52,12,30,59,312,0.492,0.551,0.381,0.558,0.815,0.591,sefolth01
Wayne Selden,23,MEM,NBA,2017-18,35,9,692,116,269,67,147,49,122,44,59,16,40,56,66,18,5,54,59,325,0.431,0.456,0.402,0.522,0.746,0.551,seldewa01
Ramon Sessions,31,TOT,NBA,2017-18,28,3,392,42,117,34,91,8,26,44,57,6,32,38,77,14,2,30,29,136,0.359,0.374,0.308,0.393,0.772,0.479,sessira01
Iman Shumpert,27,CLE,NBA,2017-18,14,6,276,22,58,15,32,7,26,11,15,7,34,41,17,9,4,16,22,62,0.379,0.469,0.269,0.44,0.733,0.48,shumpim01
Pascal Siakam,23,TOR,NBA,2017-18,81,5,1679,253,498,224,366,29,132,54,87,79,285,364,159,62,42,67,166,589,0.508,0.612,0.22,0.537,0.621,0.549,siakapa01
Xavier Silas,30,BOS,NBA,2017-18,2,0,7,0,3,0,1,0,2,0,0,1,1,2,0,1,0,0,1,0,0,0,0,0,,0,silasxa01
Ben Simmons,21,PHI,NBA,2017-18,81,81,2732,544,998,544,987,0,11,191,341,145,514,659,661,140,70,278,211,1279,0.545,0.551,0,0.545,0.56,0.557,simmobe01
Jonathon Simmons,28,ORL,NBA,2017-18,69,50,2029,354,761,285,557,69,204,185,241,61,178,239,171,58,16,146,175,962,0.465,0.512,0.338,0.511,0.768,0.555,simmojo02
Kobi Simmons,20,MEM,NBA,2017-18,32,12,643,80,189,69,150,11,39,25,25,14,36,50,68,18,5,44,61,196,0.423,0.46,0.282,0.452,1,0.49,simmoko01
Kyle Singler,29,OKC,NBA,2017-18,12,0,59,7,21,5,16,2,5,7,13,1,9,10,2,1,0,3,4,23,0.333,0.313,0.4,0.381,0.538,0.43,singlky01
Marcus Smart,23,BOS,NBA,2017-18,54,11,1614,189,515,114,266,75,249,97,133,43,146,189,259,71,23,129,133,550,0.367,0.429,0.301,0.44,0.729,0.479,smartma01
Dennis Smith,20,DAL,NBA,2017-18,69,69,2049,404,1024,298,685,106,339,134,193,50,210,260,358,71,18,194,152,1048,0.395,0.435,0.313,0.446,0.694,0.473,smithde03
Ish Smith,29,DET,NBA,2017-18,82,35,2043,389,801,354,700,35,101,81,116,27,197,224,360,64,20,108,140,894,0.486,0.506,0.347,0.507,0.698,0.525,smithis01
J.R. Smith,32,CLE,NBA,2017-18,80,61,2244,240,595,97,214,143,381,39,56,29,206,235,141,68,11,81,161,662,0.403,0.453,0.375,0.524,0.696,0.534,smithjr01
Jason Smith,31,WAS,NBA,2017-18,33,2,285,45,115,41,83,4,32,19,21,18,35,53,14,3,13,16,44,113,0.391,0.494,0.125,0.409,0.905,0.455,smithja02
Josh Smith,32,NOP,NBA,2017-18,3,0,12,1,4,1,4,0,0,0,0,3,1,4,0,0,0,0,3,2,0.25,0.25,,0.25,,0.25,smithjo03
Tony Snell,26,MIL,NBA,2017-18,75,59,2053,185,425,77,157,108,268,38,48,9,132,141,98,47,28,36,115,516,0.435,0.49,0.403,0.562,0.792,0.578,snellto01
Marreese Speights,30,ORL,NBA,2017-18,52,3,675,138,349,52,116,86,233,40,55,21,112,133,40,8,22,40,106,402,0.395,0.448,0.369,0.519,0.727,0.539,speigma01
Nik Stauskas,24,TOT,NBA,2017-18,41,0,523,60,154,20,54,40,100,21,29,4,60,64,39,9,4,26,24,181,0.39,0.37,0.4,0.519,0.724,0.543,stausni01
Lance Stephenson,27,IND,NBA,2017-18,82,7,1850,303,709,236,477,67,232,84,127,62,362,424,235,46,17,131,177,757,0.427,0.495,0.289,0.475,0.661,0.495,stephla01
David Stockton,26,UTA,NBA,2017-18,3,0,9,2,3,0,0,2,3,4,4,0,0,0,0,0,0,1,3,10,0.667,,0.667,1,1,1.05,stockda01
Julyan Stone,29,CHO,NBA,2017-18,23,0,175,6,13,0,0,6,13,1,2,1,28,29,26,4,2,7,21,19,0.462,,0.462,0.692,0.5,0.684,stoneju01
Edmond Sumner,22,IND,NBA,2017-18,1,0,2,1,1,1,1,0,0,0,0,0,1,1,0,0,0,0,1,2,1,1,,1,,1,sumneed01
Caleb Swanigan,20,POR,NBA,2017-18,27,3,189,24,60,23,52,1,8,12,18,15,39,54,14,5,3,18,37,61,0.4,0.442,0.125,0.408,0.667,0.449,swanica01
Jayson Tatum,19,BOS,NBA,2017-18,80,80,2438,397,835,292,593,105,242,213,258,50,352,402,128,83,58,114,170,1112,0.475,0.492,0.434,0.538,0.826,0.586,tatumja01
Isaiah Taylor,23,ATL,NBA,2017-18,67,9,1167,163,390,143,310,20,80,99,141,22,72,94,206,34,10,84,116,445,0.418,0.461,0.25,0.444,0.702,0.492,taylois01
Jeff Teague,29,MIN,NBA,2017-18,70,70,2311,354,794,270,566,84,228,202,239,24,185,209,492,102,23,177,171,994,0.446,0.477,0.368,0.499,0.845,0.553,teaguje01
Marquis Teague,24,MEM,NBA,2017-18,3,0,74,4,16,3,12,1,4,2,5,1,5,6,13,4,0,3,5,11,0.25,0.25,0.25,0.281,0.4,0.302,teaguma01
Mirza Teletovic,32,MIL,NBA,2017-18,10,0,159,25,57,4,12,21,45,0,0,3,20,23,10,4,1,7,14,71,0.439,0.333,0.467,0.623,,0.623,teletmi01
Garrett Temple,31,SAC,NBA,2017-18,65,35,1615,199,476,110,249,89,227,60,78,22,130,152,124,57,27,79,135,547,0.418,0.442,0.392,0.512,0.769,0.536,templga01
Milos Teodosic,30,LAC,NBA,2017-18,45,36,1134,151,360,63,128,88,232,39,46,16,110,126,209,23,5,97,103,429,0.419,0.492,0.379,0.542,0.848,0.564,teodomi01
Jason Terry,40,MIL,NBA,2017-18,51,4,814,59,154,19,39,40,115,8,9,5,43,48,59,42,13,25,52,166,0.383,0.487,0.348,0.513,0.889,0.525,terryja01
Daniel Theis,25,BOS,NBA,2017-18,63,3,936,126,233,108,175,18,58,61,81,90,184,274,56,30,48,56,157,331,0.541,0.617,0.31,0.579,0.753,0.616,theisda01
Isaiah Thomas,28,TOT,NBA,2017-18,32,15,862,157,421,102,233,55,188,117,131,17,50,67,153,15,3,95,58,486,0.373,0.438,0.293,0.438,0.893,0.508,thomais02
Lance Thomas,29,NYK,NBA,2017-18,73,31,1353,102,267,52,143,50,124,44,53,44,131,175,44,30,14,40,134,298,0.382,0.364,0.403,0.476,0.83,0.513,thomala01
Klay Thompson,27,GSW,NBA,2017-18,73,73,2506,575,1179,346,658,229,521,82,98,31,246,277,185,55,34,128,117,1461,0.488,0.526,0.44,0.585,0.837,0.598,thompkl01
Tristan Thompson,26,CLE,NBA,2017-18,53,22,1072,132,235,132,235,0,0,43,79,126,226,352,33,16,17,36,102,307,0.562,0.562,,0.562,0.544,0.569,thomptr01
Sindarius Thornwell,23,LAC,NBA,2017-18,73,17,1156,100,233,77,172,23,61,59,88,33,107,140,68,48,25,53,125,282,0.429,0.448,0.377,0.479,0.67,0.519,thornsi01
Anthony Tolliver,32,DET,NBA,2017-18,79,14,1757,219,472,60,107,159,365,106,133,50,191,241,90,32,21,58,144,703,0.464,0.561,0.436,0.632,0.797,0.663,tollian01
Karl-Anthony Towns,22,MIN,NBA,2017-18,82,82,2918,639,1172,519,887,120,285,345,402,238,774,1012,199,64,115,159,285,1743,0.545,0.585,0.421,0.596,0.858,0.646,townska01
P.J. Tucker,32,HOU,NBA,2017-18,82,34,2281,172,441,57,131,115,310,43,60,93,364,457,77,78,26,74,205,502,0.39,0.435,0.371,0.52,0.717,0.537,tuckepj01
Evan Turner,29,POR,NBA,2017-18,79,40,2034,258,577,216,445,42,132,91,107,30,214,244,173,47,29,99,163,649,0.447,0.485,0.318,0.484,0.85,0.52,turneev01
Myles Turner,21,IND,NBA,2017-18,65,62,1836,306,639,250,482,56,157,160,206,93,324,417,87,38,118,96,186,828,0.479,0.519,0.357,0.523,0.777,0.567,turnemy01
Ekpe Udoh,30,UTA,NBA,2017-18,63,3,810,60,120,60,119,0,1,42,56,68,82,150,53,43,74,20,105,162,0.5,0.504,0,0.5,0.75,0.56,udohek01
Tyler Ulis,22,PHO,NBA,2017-18,71,43,1658,214,551,172,405,42,146,84,101,24,104,128,311,70,7,127,120,554,0.388,0.425,0.288,0.426,0.832,0.465,ulisty01
Jonas Valanciunas,25,TOR,NBA,2017-18,77,77,1727,390,687,360,613,30,74,170,211,183,477,660,81,29,69,115,192,980,0.568,0.587,0.405,0.59,0.806,0.628,valanjo01
Denzel Valentine,24,CHI,NBA,2017-18,77,37,2095,301,721,158,351,143,370,38,51,48,345,393,244,65,11,99,185,783,0.417,0.45,0.386,0.517,0.745,0.527,valende01
Fred VanVleet,23,TOR,NBA,2017-18,76,0,1520,232,545,124,284,108,261,84,101,25,159,184,243,68,19,74,130,656,0.426,0.437,0.414,0.525,0.832,0.556,vanvlfr01
Rashad Vaughn,21,TOT,NBA,2017-18,28,0,212,23,56,9,19,14,37,4,6,3,18,21,13,5,3,6,15,64,0.411,0.474,0.378,0.536,0.667,0.546,vaughra01
Noah Vonleh,22,TOT,NBA,2017-18,54,16,875,104,234,84,168,20,66,36,58,70,241,311,34,19,17,31,68,264,0.444,0.5,0.303,0.487,0.621,0.509,vonleno01
Nikola Vucevic,27,ORL,NBA,2017-18,57,57,1683,399,840,335,636,64,204,77,94,101,422,523,191,56,62,109,144,939,0.475,0.527,0.314,0.513,0.819,0.533,vucevni01
Dwyane Wade,36,TOT,NBA,2017-18,67,3,1536,299,682,267,571,32,111,135,189,50,202,252,228,61,47,140,124,765,0.438,0.468,0.288,0.462,0.714,0.5,wadedw01
Dion Waiters,26,MIA,NBA,2017-18,30,30,918,163,410,111,240,52,170,51,69,8,69,77,113,23,9,70,61,429,0.398,0.463,0.306,0.461,0.739,0.487,waitedi01
Kemba Walker,27,CHO,NBA,2017-18,80,80,2736,588,1363,357,762,231,601,363,420,32,216,248,444,91,24,179,98,1770,0.431,0.469,0.384,0.516,0.864,0.572,walkeke02
John Wall,27,WAS,NBA,2017-18,41,41,1410,280,667,218,500,62,167,175,241,22,128,150,393,57,45,158,80,797,0.42,0.436,0.371,0.466,0.726,0.515,walljo01
Tyrone Wallace,23,LAC,NBA,2017-18,30,19,851,110,247,100,207,10,40,61,78,21,84,105,71,27,13,46,83,291,0.445,0.483,0.25,0.466,0.782,0.517,wallaty01
Taurean Waller-Prince,23,ATL,NBA,2017-18,82,82,2464,415,975,239,518,176,457,152,180,50,339,389,214,85,42,191,168,1158,0.426,0.461,0.385,0.516,0.844,0.549,princta02
Derrick Walton,22,MIA,NBA,2017-18,16,0,147,8,25,1,8,7,17,6,6,2,14,16,16,7,3,2,7,29,0.32,0.125,0.412,0.46,1,0.525,waltode01
Jameel Warney,24,DAL,NBA,2017-18,3,0,27,7,12,7,12,0,0,3,5,4,5,9,0,0,0,1,2,17,0.583,0.583,,0.583,0.6,0.599,warneja01
T.J. Warren,24,PHO,NBA,2017-18,65,65,2142,529,1063,509,973,20,90,193,255,125,208,333,85,65,41,85,149,1271,0.498,0.523,0.222,0.507,0.757,0.541,warretj01
Travis Wear,27,LAL,NBA,2017-18,17,0,228,25,72,8,25,17,47,8,8,0,38,38,7,4,5,6,30,75,0.347,0.32,0.362,0.465,1,0.497,weartr01
James Webb,24,BRK,NBA,2017-18,10,0,120,6,24,2,5,4,19,0,0,8,16,24,4,1,0,4,10,16,0.25,0.4,0.211,0.333,,0.333,webbja01
Briante Weber,25,TOT,NBA,2017-18,18,0,237,19,43,15,32,4,11,8,10,8,27,35,22,18,5,15,28,50,0.442,0.469,0.364,0.488,0.8,0.527,weberbr01
David West,37,GSW,NBA,2017-18,73,0,999,216,378,213,370,3,8,60,79,64,174,238,138,47,75,80,120,495,0.571,0.576,0.375,0.575,0.759,0.6,westda01
Russell Westbrook,29,OKC,NBA,2017-18,80,80,2914,757,1687,660,1361,97,326,417,566,152,652,804,820,147,20,381,200,2028,0.449,0.485,0.298,0.477,0.737,0.524,westbru01
Andrew White,24,ATL,NBA,2017-18,15,0,209,25,73,7,24,18,49,1,4,4,30,34,6,3,1,8,12,69,0.342,0.292,0.367,0.466,0.25,0.461,whitean01
Derrick White,23,SAS,NBA,2017-18,17,0,139,16,33,8,20,8,13,14,20,5,21,26,9,4,3,6,8,54,0.485,0.4,0.615,0.606,0.7,0.646,whitede01
Okaro White,25,MIA,NBA,2017-18,6,4,80,7,16,3,5,4,11,2,3,3,8,11,2,1,1,1,6,20,0.438,0.6,0.364,0.563,0.667,0.577,whiteok01
Isaiah Whitehead,22,BRK,NBA,2017-18,16,0,180,40,86,33,68,7,18,13,19,4,22,26,20,8,2,24,23,100,0.465,0.485,0.389,0.506,0.684,0.53,whiteis01
Hassan Whiteside,28,MIA,NBA,2017-18,54,54,1364,312,578,310,576,2,2,128,182,174,444,618,54,37,94,92,131,754,0.54,0.538,1,0.542,0.703,0.573,whiteha01
Andrew Wiggins,22,MIN,NBA,2017-18,82,82,2979,569,1300,457,962,112,338,202,314,82,276,358,160,91,51,138,163,1452,0.438,0.475,0.331,0.481,0.643,0.505,wiggian01
Jacob Wiley,23,BRK,NBA,2017-18,5,0,33,1,4,0,2,1,2,1,2,2,9,11,2,1,0,0,4,4,0.25,0,0.5,0.375,0.5,0.41,wileyja01
Damien Wilkins,38,IND,NBA,2017-18,19,1,152,13,39,9,21,4,18,3,4,5,11,16,9,2,1,5,7,33,0.333,0.429,0.222,0.385,0.75,0.405,wilkida02
Alan Williams,25,PHO,NBA,2017-18,5,0,70,7,18,7,18,0,0,6,9,3,19,22,8,5,1,7,13,20,0.389,0.389,,0.389,0.667,0.455,willial03
C.J. Williams,27,LAC,NBA,2017-18,38,17,707,87,197,65,119,22,78,13,16,12,44,56,43,31,13,20,63,209,0.442,0.546,0.282,0.497,0.813,0.512,willicj01
Derrick Williams,26,LAL,NBA,2017-18,2,0,9,1,4,1,2,0,2,0,0,0,1,1,0,0,0,0,0,2,0.25,0.5,0,0.25,,0.25,willide02
Lou Williams,31,LAC,NBA,2017-18,79,19,2589,582,1337,396,819,186,518,432,491,40,158,198,417,85,19,234,106,1782,0.435,0.484,0.359,0.505,0.88,0.574,willilo02
Marvin Williams,31,CHO,NBA,2017-18,78,78,2006,258,563,132,258,126,305,102,123,74,296,370,96,56,38,66,116,744,0.458,0.512,0.413,0.57,0.829,0.603,willima02
Matt Williams,24,MIA,NBA,2017-18,3,0,11,2,6,1,1,1,5,0,0,0,1,1,0,0,0,1,1,5,0.333,1,0.2,0.417,,0.417,willima05
Troy Williams,23,TOT,NBA,2017-18,21,1,307,51,109,40,71,11,38,20,30,22,41,63,16,20,4,19,34,133,0.468,0.563,0.289,0.518,0.667,0.544,willitr02
D.J. Wilson,21,MIL,NBA,2017-18,22,0,71,9,16,7,11,2,5,1,2,2,8,10,3,3,1,4,7,21,0.563,0.636,0.4,0.625,0.5,0.622,wilsodj01
Jamil Wilson,27,LAC,NBA,2017-18,15,10,274,38,81,11,18,27,63,2,4,3,29,32,10,5,8,8,34,105,0.469,0.611,0.429,0.636,0.5,0.634,wilsoja02
Justise Winslow,21,MIA,NBA,2017-18,68,25,1680,207,488,158,359,49,129,66,104,64,305,370,148,54,33,77,140,529,0.424,0.44,0.38,0.474,0.635,0.496,winslju01
Jeff Withey,27,DAL,NBA,2017-18,9,0,39,6,16,4,6,2,10,1,2,1,9,10,0,0,3,2,3,15,0.375,0.667,0.2,0.438,0.5,0.444,witheje01
Nate Wolters,26,UTA,NBA,2017-18,5,0,19,1,6,1,6,0,0,0,0,1,1,2,1,0,0,0,1,2,0.167,0.167,,0.167,,0.167,woltena01
Brandan Wright,30,TOT,NBA,2017-18,28,1,381,59,102,59,102,0,0,21,33,33,62,95,13,13,26,8,32,139,0.578,0.578,,0.578,0.636,0.596,wrighbr03
Delon Wright,25,TOR,NBA,2017-18,69,4,1433,201,432,145,279,56,153,97,117,45,153,198,200,72,33,78,81,555,0.465,0.52,0.366,0.53,0.829,0.574,wrighde01
Guerschon Yabusele,22,BOS,NBA,2017-18,33,4,235,26,61,14,24,12,37,15,22,17,35,52,16,4,5,12,23,79,0.426,0.583,0.324,0.525,0.682,0.559,yabusgu01
James Young,22,PHI,NBA,2017-18,6,0,61,5,14,2,4,3,10,4,6,0,2,2,2,0,0,1,4,17,0.357,0.5,0.3,0.464,0.667,0.511,youngja01
Joe Young,25,IND,NBA,2017-18,53,1,558,80,186,55,120,25,66,22,29,12,51,63,39,14,1,26,39,207,0.43,0.458,0.379,0.497,0.759,0.521,youngjo01
Nick Young,32,GSW,NBA,2017-18,80,8,1393,201,488,78,162,123,326,56,65,20,105,125,36,38,7,39,100,581,0.412,0.481,0.377,0.538,0.862,0.562,youngni01
Thaddeus Young,29,IND,NBA,2017-18,81,81,2607,421,864,363,683,58,181,55,92,184,328,512,152,135,36,105,175,955,0.487,0.531,0.32,0.521,0.598,0.528,youngth01
Cody Zeller,25,CHO,NBA,2017-18,33,0,627,85,156,83,153,2,3,61,85,67,110,177,31,14,21,33,81,233,0.545,0.542,0.667,0.551,0.718,0.602,zelleco01
Tyler Zeller,28,TOT,NBA,2017-18,66,34,1109,187,334,177,306,10,28,57,79,110,195,305,47,15,35,47,126,441,0.56,0.578,0.357,0.575,0.722,0.598,zellety01
Paul Zipser,23,CHI,NBA,2017-18,54,12,824,81,234,44,124,37,110,19,25,13,118,131,46,20,15,43,86,218,0.346,0.355,0.336,0.425,0.76,0.445,zipsepa01
Ante Zizic,21,CLE,NBA,2017-18,32,2,214,49,67,49,67,0,0,21,29,24,36,60,5,2,13,11,30,119,0.731,0.731,,0.731,0.724,0.746,zizican01
Ivica Zubac,20,LAL,NBA,2017-18,43,0,410,61,122,61,121,0,1,39,51,45,78,123,25,8,15,26,47,161,0.5,0.504,0,0.5,0.765,0.557,zubaciv01
Alex Abrines,25,OKC,NBA,2018-19,31,2,588,56,157,15,30,41,127,12,13,5,43,48,20,17,6,14,53,165,0.357,0.5,0.323,0.487,0.923,0.507,abrinal01
Quincy Acy,28,PHO,NBA,2018-19,10,0,123,4,18,2,3,2,15,7,10,3,22,25,8,1,4,4,24,17,0.222,0.667,0.133,0.278,0.7,0.379,acyqu01
Jaylen Adams,22,ATL,NBA,2018-19,34,1,428,38,110,13,36,25,74,7,9,11,49,60,65,14,5,28,45,108,0.345,0.361,0.338,0.459,0.778,0.474,adamsja01
Steven Adams,25,OKC,NBA,2018-19,80,80,2669,481,809,481,807,0,2,146,292,391,369,760,124,117,76,135,204,1108,0.595,0.596,0,0.595,0.5,0.591,adamsst01
Bam Adebayo,21,MIA,NBA,2018-19,82,28,1913,280,486,277,471,3,15,166,226,165,432,597,184,71,65,121,203,729,0.576,0.588,0.2,0.579,0.735,0.623,adebaba01
Deng Adel,21,CLE,NBA,2018-19,19,3,194,11,36,5,13,6,23,4,4,3,16,19,5,1,4,6,13,32,0.306,0.385,0.261,0.389,1,0.424,adelde01
DeVaughn Akoon-Purcell,25,DEN,NBA,2018-19,7,0,22,3,10,3,6,0,4,1,2,1,3,4,6,2,0,2,4,7,0.3,0.5,0,0.3,0.5,0.322,akoonde01
LaMarcus Aldridge,33,SAS,NBA,2018-19,81,81,2687,684,1319,674,1277,10,42,349,412,251,493,744,194,43,107,144,179,1727,0.519,0.528,0.238,0.522,0.847,0.576,aldrila01
Rawle Alkins,21,CHI,NBA,2018-19,10,1,120,13,39,10,27,3,12,8,12,11,15,26,13,1,0,8,7,37,0.333,0.37,0.25,0.372,0.667,0.418,alkinra01
Grayson Allen,23,UTA,NBA,2018-19,38,2,416,67,178,35,79,32,99,45,60,3,20,23,25,6,6,33,47,211,0.376,0.443,0.323,0.466,0.75,0.516,allengr01
Jarrett Allen,20,BRK,NBA,2018-19,80,80,2096,335,568,329,523,6,45,197,278,191,481,672,110,43,120,103,184,873,0.59,0.629,0.133,0.595,0.709,0.632,allenja01
Kadeem Allen,26,NYK,NBA,2018-19,19,1,416,65,141,48,105,17,36,42,54,8,43,51,76,16,4,26,46,189,0.461,0.457,0.472,0.521,0.778,0.574,allenka01
Al-Farouq Aminu,28,POR,NBA,2018-19,81,81,2292,257,593,161,313,96,280,150,173,112,498,610,104,68,33,72,143,760,0.433,0.514,0.343,0.514,0.867,0.568,aminual01
Justin Anderson,25,ATL,NBA,2018-19,48,4,463,64,157,40,80,24,77,26,35,24,60,84,23,22,13,23,48,178,0.408,0.5,0.312,0.484,0.743,0.516,anderju01
Kyle Anderson,25,MEM,NBA,2018-19,43,40,1281,150,276,141,242,9,34,37,64,48,203,251,128,54,37,58,112,346,0.543,0.583,0.265,0.56,0.578,0.569,anderky01
Ryan Anderson,30,TOT,NBA,2018-19,25,8,322,21,69,12,29,9,40,12,16,18,36,54,19,4,1,14,25,63,0.304,0.414,0.225,0.37,0.75,0.414,anderry01
Ike Anigbogu,20,IND,NBA,2018-19,3,0,6,0,3,0,3,0,0,0,0,1,2,3,1,0,1,1,0,0,0,0,,0,,0,anigbik01
Giannis Antetokounmpo,24,MIL,NBA,2018-19,72,72,2358,721,1247,669,1044,52,203,500,686,159,739,898,424,92,110,268,232,1994,0.578,0.641,0.256,0.599,0.729,0.644,antetgi01
Kostas Antetokounmpo,21,DAL,NBA,2018-19,2,0,11,0,3,0,3,0,0,2,4,0,1,1,0,2,0,1,0,2,0,0,,0,0.5,0.21,antetko01
Carmelo Anthony,34,HOU,NBA,2018-19,10,2,294,49,121,28,57,21,64,15,22,9,45,54,5,4,7,8,32,134,0.405,0.491,0.328,0.492,0.682,0.513,anthoca01
OG Anunoby,21,TOR,NBA,2018-19,67,6,1352,183,404,116,202,67,202,36,62,58,139,197,47,46,22,55,140,469,0.453,0.574,0.332,0.536,0.581,0.544,anunoog01
Ryan Arcidiacono,24,CHI,NBA,2018-19,81,32,1961,187,418,106,201,81,217,89,102,27,192,219,269,65,4,63,171,544,0.447,0.527,0.373,0.544,0.873,0.588,arcidry01
Trevor Ariza,33,TOT,NBA,2018-19,69,69,2349,294,736,149,302,145,434,130,164,50,321,371,252,91,21,106,130,863,0.399,0.493,0.334,0.498,0.793,0.534,arizatr01
D.J. Augustin,31,ORL,NBA,2018-19,81,81,2269,318,677,187,366,131,311,181,209,41,162,203,426,52,4,128,115,948,0.47,0.511,0.421,0.566,0.866,0.616,augusdj01
Deandre Ayton,20,PHO,NBA,2018-19,71,70,2183,509,870,509,866,0,4,141,189,223,506,729,125,61,67,126,209,1159,0.585,0.588,0,0.585,0.746,0.608,aytonde01
Dwayne Bacon,23,CHO,NBA,2018-19,43,13,759,122,257,84,170,38,87,34,46,8,81,89,47,12,5,18,72,316,0.475,0.494,0.437,0.549,0.739,0.57,bacondw01
Marvin Bagley,19,SAC,NBA,2018-19,62,4,1567,356,706,326,610,30,96,181,262,162,309,471,62,33,59,98,120,923,0.504,0.534,0.313,0.525,0.691,0.562,baglema01
Ron Baker,25,TOT,NBA,2018-19,15,0,152,4,20,3,7,1,13,5,6,1,10,11,15,6,1,5,18,14,0.2,0.429,0.077,0.225,0.833,0.309,bakerro01
Wade Baldwin,22,POR,NBA,2018-19,16,0,94,10,33,8,24,2,9,8,11,2,13,15,12,1,2,14,11,30,0.303,0.333,0.222,0.333,0.727,0.396,baldwwa01
Lonzo Ball,21,LAL,NBA,2018-19,47,45,1423,185,456,110,228,75,228,20,48,54,197,251,255,69,19,103,114,465,0.406,0.482,0.329,0.488,0.417,0.487,balllo01
Mohamed Bamba,20,ORL,NBA,2018-19,47,1,766,117,243,96,173,21,70,37,63,64,169,233,39,13,64,43,102,292,0.481,0.555,0.3,0.525,0.587,0.539,bambamo01
J.J. Barea,34,DAL,NBA,2018-19,38,0,752,161,385,123,257,38,128,55,78,13,82,95,211,22,1,72,50,415,0.418,0.479,0.297,0.468,0.705,0.495,bareajo01
Harrison Barnes,26,TOT,NBA,2018-19,77,77,2533,431,1027,257,586,174,441,229,278,57,304,361,115,50,13,98,122,1265,0.42,0.439,0.395,0.504,0.824,0.55,barneha02
Will Barton,28,DEN,NBA,2018-19,43,38,1189,185,460,118,264,67,196,57,74,32,167,199,124,18,22,65,82,494,0.402,0.447,0.342,0.475,0.77,0.501,bartowi01
Keita Bates-Diop,23,MIN,NBA,2018-19,30,3,503,60,142,47,90,13,52,18,28,16,67,83,17,18,14,14,29,151,0.423,0.522,0.25,0.468,0.643,0.489,bateske01
Nicolas Batum,30,CHO,NBA,2018-19,75,72,2354,253,562,137,264,116,298,77,89,71,319,390,247,71,43,117,140,699,0.45,0.519,0.389,0.553,0.865,0.581,batumni01
Jerryd Bayless,30,MIN,NBA,2018-19,34,6,657,82,230,53,132,29,98,16,28,11,51,62,119,18,2,32,56,209,0.357,0.402,0.296,0.42,0.571,0.431,bayleje01
Aron Baynes,32,BOS,NBA,2018-19,51,18,821,105,223,84,162,21,61,53,62,88,152,240,57,12,34,40,125,284,0.471,0.519,0.344,0.518,0.855,0.567,baynear01
Kent Bazemore,29,ATL,NBA,2018-19,67,35,1643,278,691,182,391,96,300,127,175,37,224,261,152,89,42,121,170,779,0.402,0.465,0.32,0.472,0.726,0.507,bazemke01
Bradley Beal,25,WAS,NBA,2018-19,82,82,3028,764,1609,555,1013,209,596,362,448,89,322,411,448,121,58,224,226,2099,0.475,0.548,0.351,0.54,0.808,0.581,bealbr01
Malik Beasley,22,DEN,NBA,2018-19,81,18,1879,349,737,186,332,163,405,56,66,35,165,200,97,55,10,55,116,917,0.474,0.56,0.402,0.584,0.848,0.599,beaslma01
Michael Beasley,30,LAL,NBA,2018-19,26,2,277,75,153,72,136,3,17,28,39,13,47,60,25,9,10,27,42,181,0.49,0.529,0.176,0.5,0.718,0.532,beaslmi01
Marco Belinelli,32,SAS,NBA,2018-19,79,1,1815,285,690,138,295,147,395,112,124,16,182,198,132,35,8,72,121,829,0.413,0.468,0.372,0.52,0.903,0.557,belinma01
Jordan Bell,24,GSW,NBA,2018-19,68,3,788,99,192,99,190,0,2,25,41,55,129,184,76,20,51,42,80,223,0.516,0.521,0,0.516,0.61,0.531,belljo01
DeAndre' Bembry,24,ATL,NBA,2018-19,82,15,1931,275,616,225,443,50,173,87,136,54,304,358,202,105,41,142,190,687,0.446,0.508,0.289,0.487,0.64,0.508,bembrde01
Dragan Bender,21,PHO,NBA,2018-19,46,27,826,88,197,66,96,22,101,32,54,34,149,183,56,18,22,37,90,230,0.447,0.688,0.218,0.503,0.593,0.521,bendedr01
Dairis Bertans,29,NOP,NBA,2018-19,12,0,167,12,47,2,13,10,34,0,0,2,7,9,10,1,0,2,7,34,0.255,0.154,0.294,0.362,,0.362,bertada02
Davis Bertans,26,SAS,NBA,2018-19,76,12,1632,204,453,59,115,145,338,53,60,23,241,264,100,35,33,43,133,606,0.45,0.513,0.429,0.61,0.883,0.632,bertada01
Patrick Beverley,30,LAC,NBA,2018-19,78,49,2137,194,477,82,195,112,282,96,123,76,312,388,300,67,43,85,265,596,0.407,0.421,0.397,0.524,0.78,0.561,beverpa01
Khem Birch,26,ORL,NBA,2018-19,50,1,643,91,151,91,150,0,1,58,83,79,111,190,38,18,29,20,72,240,0.603,0.607,0,0.603,0.699,0.64,birchkh01
Bismack Biyombo,26,CHO,NBA,2018-19,54,32,783,89,156,89,156,0,0,58,91,81,166,247,33,11,41,34,103,236,0.571,0.571,,0.571,0.637,0.602,biyombi01
Nemanja Bjelica,30,SAC,NBA,2018-19,77,70,1788,284,593,181,336,103,257,70,92,125,319,444,147,54,56,82,197,741,0.479,0.539,0.401,0.566,0.761,0.585,bjeline01
Antonio Blakeney,22,CHI,NBA,2018-19,57,3,829,166,396,130,305,36,91,50,76,7,99,106,42,12,9,35,41,418,0.419,0.426,0.396,0.465,0.658,0.487,blakean01
Eric Bledsoe,29,MIL,NBA,2018-19,78,78,2272,470,971,346,594,124,377,177,236,82,280,362,430,116,29,165,156,1241,0.484,0.582,0.329,0.548,0.75,0.577,bledser01
Jaron Blossomgame,25,CLE,NBA,2018-19,27,4,439,47,106,37,67,10,39,10,13,26,72,98,13,7,8,11,20,114,0.443,0.552,0.256,0.491,0.769,0.51,blossja01
Bogdan Bogdanovic,26,SAC,NBA,2018-19,70,17,1947,361,863,227,491,134,372,134,162,40,203,243,267,72,15,117,142,990,0.418,0.462,0.36,0.496,0.827,0.53,bogdabo01
Bojan Bogdanovic,29,IND,NBA,2018-19,81,81,2573,522,1051,358,665,164,386,246,305,33,300,333,161,69,1,134,138,1454,0.497,0.538,0.425,0.575,0.807,0.613,bogdabo02
Andrew Bogut,34,GSW,NBA,2018-19,11,5,134,18,36,18,36,0,0,3,3,12,43,55,11,3,8,8,22,39,0.5,0.5,,0.5,1,0.523,bogutan01
Jonah Bolden,23,PHI,NBA,2018-19,44,10,639,80,162,46,66,34,96,13,27,47,118,165,40,17,39,36,99,207,0.494,0.697,0.354,0.599,0.481,0.595,boldejo01
Isaac Bonga,19,LAL,NBA,2018-19,22,0,120,5,33,5,25,0,8,9,15,9,16,25,15,9,4,6,9,19,0.152,0.2,0,0.152,0.6,0.24,bongais01
Devin Booker,22,PHO,NBA,2018-19,64,64,2242,586,1255,451,841,135,414,393,454,39,226,265,433,56,13,264,200,1700,0.467,0.536,0.326,0.521,0.866,0.584,bookede01
Chris Boucher,26,TOR,NBA,2018-19,28,0,163,34,76,22,39,12,37,13,15,16,40,56,2,6,24,7,31,93,0.447,0.564,0.324,0.526,0.867,0.563,bouchch01
Avery Bradley,28,TOT,NBA,2018-19,63,63,1905,248,608,162,363,86,245,43,50,43,132,175,152,41,16,89,167,625,0.408,0.446,0.351,0.479,0.86,0.496,bradlav01
Tony Bradley,21,UTA,NBA,2018-19,3,0,36,8,16,8,16,0,0,1,2,9,6,15,1,2,2,3,6,17,0.5,0.5,,0.5,0.5,0.504,bradlto01
Corey Brewer,32,TOT,NBA,2018-19,31,3,492,53,123,39,79,14,44,31,43,26,50,76,39,32,7,19,63,151,0.431,0.494,0.318,0.488,0.721,0.532,breweco01
Mikal Bridges,22,PHO,NBA,2018-19,82,56,2417,242,563,137,250,105,313,95,118,56,208,264,173,129,38,70,201,684,0.43,0.548,0.335,0.523,0.805,0.556,bridgmi01
Miles Bridges,20,CHO,NBA,2018-19,80,25,1696,237,511,172,311,65,200,58,77,67,256,323,95,55,49,50,111,597,0.464,0.553,0.325,0.527,0.753,0.548,bridgmi02
Isaiah Briscoe,22,ORL,NBA,2018-19,39,0,559,55,138,44,104,11,34,15,26,5,69,74,87,11,2,31,66,136,0.399,0.423,0.324,0.438,0.577,0.455,briscis01
Ryan Broekhoff,28,DAL,NBA,2018-19,42,0,453,57,126,19,33,38,93,15,19,8,55,63,22,6,4,16,35,167,0.452,0.576,0.409,0.603,0.789,0.621,broekry01
Malcolm Brogdon,26,MIL,NBA,2018-19,64,64,1832,378,748,274,504,104,244,141,152,65,223,288,205,46,13,91,102,1001,0.505,0.544,0.426,0.575,0.928,0.614,brogdma01
Dillon Brooks,23,MEM,NBA,2018-19,18,0,330,49,122,34,82,15,40,22,30,9,22,31,16,10,4,19,50,135,0.402,0.415,0.375,0.463,0.733,0.499,brookdi01
MarShon Brooks,30,MEM,NBA,2018-19,29,0,387,76,169,61,115,15,54,23,33,12,33,45,25,9,4,21,33,190,0.45,0.53,0.278,0.494,0.697,0.518,brookma01
Bruce Brown,22,DET,NBA,2018-19,74,56,1449,125,314,101,221,24,93,45,60,48,137,185,91,40,36,46,178,319,0.398,0.457,0.258,0.436,0.75,0.469,brownbr01
Jaylen Brown,22,BOS,NBA,2018-19,74,25,1913,368,792,273,516,95,276,133,202,65,248,313,100,69,32,99,186,964,0.465,0.529,0.344,0.525,0.658,0.547,brownja02
Lorenzo Brown,28,TOR,NBA,2018-19,26,0,212,23,71,17,43,6,28,3,3,5,26,31,28,12,5,16,22,55,0.324,0.395,0.214,0.366,1,0.38,brownlo01
Sterling Brown,23,MIL,NBA,2018-19,58,7,1034,145,312,92,165,53,147,29,42,29,155,184,84,25,8,46,88,372,0.465,0.558,0.361,0.55,0.69,0.563,brownst02
Troy Brown,19,WAS,NBA,2018-19,52,10,730,97,234,75,165,22,69,32,47,35,110,145,80,21,5,30,56,248,0.415,0.455,0.319,0.462,0.681,0.487,browntr01
Jalen Brunson,22,DAL,NBA,2018-19,73,38,1591,264,565,201,384,63,181,87,120,25,144,169,230,37,4,88,127,678,0.467,0.523,0.348,0.523,0.725,0.549,brunsja01
Thomas Bryant,21,WAS,NBA,2018-19,72,53,1496,309,502,276,403,33,99,107,137,113,341,454,92,25,67,60,126,758,0.616,0.685,0.333,0.648,0.781,0.674,bryanth01
Reggie Bullock,27,TOT,NBA,2018-19,63,60,1879,245,594,97,201,148,393,73,85,22,151,173,129,40,12,65,109,711,0.412,0.483,0.377,0.537,0.859,0.563,bullore01
Trey Burke,26,TOT,NBA,2018-19,58,8,1125,236,548,180,389,56,159,103,124,28,71,99,159,33,7,49,58,631,0.431,0.463,0.352,0.482,0.831,0.524,burketr01
Alec Burks,27,TOT,NBA,2018-19,64,24,1375,192,474,131,306,61,168,116,141,30,205,235,128,39,21,65,91,561,0.405,0.428,0.363,0.469,0.823,0.523,burksal01
Deonte Burton,25,OKC,NBA,2018-19,32,0,240,33,82,25,55,8,27,8,12,4,24,28,9,6,8,9,31,82,0.402,0.455,0.296,0.451,0.667,0.47,burtode02
Jimmy Butler,29,TOT,NBA,2018-19,65,65,2185,418,904,351,711,67,193,312,365,121,221,342,263,123,39,95,111,1215,0.462,0.494,0.347,0.499,0.855,0.571,butleji01
Bruno Caboclo,23,MEM,NBA,2018-19,34,19,800,96,225,48,95,48,130,42,50,42,116,158,50,14,33,38,81,282,0.427,0.505,0.369,0.533,0.84,0.571,cabocbr01
Jose Calderon,37,DET,NBA,2018-19,49,0,632,45,120,31,63,14,57,9,11,11,49,60,115,16,3,35,64,113,0.375,0.492,0.246,0.433,0.818,0.453,caldejo01
Kentavious Caldwell-Pope,25,LAL,NBA,2018-19,82,23,2035,325,756,174,321,151,435,137,158,48,190,238,110,73,13,65,137,938,0.43,0.542,0.347,0.53,0.867,0.568,caldwke01
Isaiah Canaan,27,TOT,NBA,2018-19,30,16,629,64,164,30,68,34,96,19,24,6,52,58,84,14,2,35,52,181,0.39,0.441,0.354,0.494,0.792,0.518,canaais01
Clint Capela,24,HOU,NBA,2018-19,67,67,2249,474,732,474,732,0,0,166,261,298,550,848,96,44,102,94,168,1114,0.648,0.648,,0.648,0.636,0.658,capelca01
DeMarre Carroll,32,BRK,NBA,2018-19,67,8,1703,227,575,121,265,106,310,184,242,68,281,349,85,31,10,73,114,744,0.395,0.457,0.342,0.487,0.76,0.546,carrode01
Jevon Carter,23,MEM,NBA,2018-19,39,3,577,56,185,22,83,34,102,26,32,14,52,66,69,26,11,33,55,172,0.303,0.265,0.333,0.395,0.813,0.432,carteje01
Vince Carter,42,ATL,NBA,2018-19,76,9,1330,196,468,73,152,123,316,47,66,31,163,194,87,44,27,48,141,562,0.419,0.48,0.389,0.55,0.712,0.565,cartevi01
Wendell Carter,19,CHI,NBA,2018-19,44,44,1110,180,371,174,339,6,32,89,112,87,220,307,78,26,58,65,152,455,0.485,0.513,0.188,0.493,0.795,0.541,cartewe01
Michael Carter-Williams,27,TOT,NBA,2018-19,28,1,372,46,123,36,85,10,38,32,53,19,51,70,70,20,15,20,48,134,0.374,0.424,0.263,0.415,0.604,0.458,cartemi01
Alex Caruso,24,LAL,NBA,2018-19,25,4,531,77,173,53,123,24,50,51,64,20,47,67,77,24,9,42,54,229,0.445,0.431,0.48,0.514,0.797,0.569,carusal01
Omri Casspi,30,MEM,NBA,2018-19,36,0,520,86,161,71,118,15,43,39,58,17,98,115,26,20,9,23,35,226,0.534,0.602,0.349,0.581,0.672,0.606,casspom01
Willie Cauley-Stein,25,SAC,NBA,2018-19,81,81,2213,412,741,411,739,1,2,140,254,181,497,678,194,96,51,84,227,965,0.556,0.556,0.5,0.557,0.551,0.566,caulewi01
Troy Caupain,23,ORL,NBA,2018-19,4,0,16,4,8,2,5,2,3,0,0,1,2,3,4,1,0,0,0,10,0.5,0.4,0.667,0.625,,0.625,caupatr01
Tyler Cavanaugh,24,UTA,NBA,2018-19,11,0,39,3,10,2,5,1,5,2,2,3,5,8,1,0,0,1,3,9,0.3,0.4,0.2,0.35,1,0.414,cavanty01
Tyson Chandler,36,TOT,NBA,2018-19,55,6,875,61,99,61,98,0,1,51,87,92,215,307,37,21,23,42,110,173,0.616,0.622,0,0.616,0.586,0.63,chandty01
Wilson Chandler,31,TOT,NBA,2018-19,51,33,1177,114,273,55,115,59,158,18,25,48,167,215,82,25,21,46,123,305,0.418,0.478,0.373,0.526,0.72,0.537,chandwi01
Joe Chealey,23,CHO,NBA,2018-19,1,0,8,1,3,1,3,0,0,0,0,0,0,0,1,0,0,0,1,2,0.333,0.333,,0.333,,0.333,chealjo01
Chris Chiozza,23,HOU,NBA,2018-19,7,0,33,2,8,0,3,2,5,0,0,1,3,4,4,1,1,1,2,6,0.25,0,0.4,0.375,,0.375,chiozch01
Marquese Chriss,21,TOT,NBA,2018-19,43,2,499,67,180,51,108,16,72,32,45,40,102,142,22,17,11,36,81,182,0.372,0.472,0.222,0.417,0.711,0.455,chrisma01
Gary Clark,24,HOU,NBA,2018-19,51,2,641,50,151,9,13,41,138,7,7,24,92,116,18,20,26,7,47,148,0.331,0.692,0.297,0.467,1,0.48,clarkga01
Ian Clark,27,NOP,NBA,2018-19,60,6,973,151,383,85,181,66,202,33,37,13,76,89,94,22,8,58,95,401,0.394,0.47,0.327,0.48,0.892,0.502,clarkia01
Jordan Clarkson,26,CLE,NBA,2018-19,81,0,2214,529,1180,385,735,144,445,162,192,82,188,270,196,57,13,135,112,1364,0.448,0.524,0.324,0.509,0.844,0.539,clarkjo01
John Collins,21,ATL,NBA,2018-19,61,59,1829,465,831,410,673,55,158,203,266,219,376,595,121,22,39,120,199,1188,0.56,0.609,0.348,0.593,0.763,0.627,collijo01
Zach Collins,21,POR,NBA,2018-19,77,0,1356,189,400,149,279,40,121,94,126,109,215,324,71,25,66,77,174,512,0.473,0.534,0.331,0.523,0.746,0.562,colliza01
Darren Collison,31,IND,NBA,2018-19,76,76,2143,308,659,229,465,79,194,158,190,36,196,232,459,110,9,125,138,853,0.467,0.492,0.407,0.527,0.832,0.574,collida01
Bonzie Colson,23,MIL,NBA,2018-19,8,2,98,13,39,8,18,5,21,8,9,8,22,30,3,5,1,3,3,39,0.333,0.444,0.238,0.397,0.889,0.454,colsobo01
Mike Conley,31,MEM,NBA,2018-19,70,70,2342,490,1120,335,694,155,426,343,406,40,199,239,449,94,22,130,123,1478,0.438,0.483,0.364,0.507,0.845,0.569,conlemi01
Pat Connaughton,26,MIL,NBA,2018-19,61,2,1261,163,350,97,150,66,200,29,40,61,197,258,122,33,25,33,81,421,0.466,0.647,0.33,0.56,0.725,0.573,connapa01
Quinn Cook,25,GSW,NBA,2018-19,74,10,1059,204,439,123,239,81,200,20,26,22,135,157,116,20,3,50,92,509,0.465,0.515,0.405,0.557,0.769,0.565,cookqu01
DeMarcus Cousins,28,GSW,NBA,2018-19,30,30,771,178,371,152,276,26,95,106,144,43,204,247,107,40,44,72,109,488,0.48,0.551,0.274,0.515,0.736,0.562,couside01
Robert Covington,28,TOT,NBA,2018-19,35,35,1203,156,362,71,137,85,225,68,89,28,165,193,46,74,47,47,126,465,0.431,0.518,0.378,0.548,0.764,0.58,covinro01
Allen Crabbe,26,BRK,NBA,2018-19,43,20,1133,137,373,39,114,98,259,41,56,16,132,148,46,23,13,46,102,413,0.367,0.342,0.378,0.499,0.732,0.519,crabbal01
Torrey Craig,28,DEN,NBA,2018-19,75,37,1503,160,362,99,174,61,188,49,70,89,174,263,72,37,46,44,175,430,0.442,0.569,0.324,0.526,0.7,0.547,craigto01
Jamal Crawford,38,PHO,NBA,2018-19,64,0,1211,174,438,107,236,67,202,93,110,8,77,85,229,33,12,99,75,508,0.397,0.453,0.332,0.474,0.845,0.522,crawfja01
Mitch Creek,26,TOT,NBA,2018-19,5,0,48,8,16,8,14,0,2,5,7,6,6,12,6,2,0,1,3,21,0.5,0.571,0,0.5,0.714,0.55,creekmi01
Jae Crowder,28,UTA,NBA,2018-19,80,11,2166,318,797,145,275,173,522,142,197,60,324,384,133,64,31,85,170,951,0.399,0.527,0.331,0.508,0.721,0.538,crowdja01
Dante Cunningham,31,SAS,NBA,2018-19,64,21,928,75,158,45,93,30,65,14,18,48,140,188,50,27,13,22,71,194,0.475,0.484,0.462,0.57,0.778,0.585,cunnida01
Seth Curry,28,POR,NBA,2018-19,74,2,1399,212,465,99,214,113,251,44,52,27,93,120,66,36,12,61,97,581,0.456,0.463,0.45,0.577,0.846,0.595,curryse01
Stephen Curry,30,GSW,NBA,2018-19,69,69,2331,632,1340,278,530,354,810,263,287,45,324,369,361,92,25,192,166,1881,0.472,0.525,0.437,0.604,0.916,0.641,curryst01
Troy Daniels,27,PHO,NBA,2018-19,51,1,760,113,275,39,81,74,194,18,23,13,60,73,26,26,5,27,79,318,0.411,0.481,0.381,0.545,0.783,0.558,danietr01
Anthony Davis,25,NOP,NBA,2018-19,56,56,1850,530,1026,482,881,48,145,344,433,174,498,672,218,88,135,112,132,1452,0.517,0.547,0.331,0.54,0.794,0.597,davisan02
Deyonta Davis,22,ATL,NBA,2018-19,9,0,118,15,22,15,21,0,1,6,10,10,26,36,5,3,5,3,12,36,0.682,0.714,0,0.682,0.6,0.682,davisde01
Ed Davis,29,BRK,NBA,2018-19,81,1,1446,186,302,186,300,0,2,100,162,216,478,694,61,35,33,64,226,472,0.616,0.62,0,0.616,0.617,0.632,davised01
Tyler Davis,21,OKC,NBA,2018-19,1,0,1,0,1,0,1,0,0,0,0,1,0,1,0,0,0,0,0,0,0,0,,0,,0,davisty01
Dewayne Dedmon,29,ATL,NBA,2018-19,64,52,1609,259,526,176,309,83,217,92,113,105,375,480,90,69,71,84,214,693,0.492,0.57,0.382,0.571,0.814,0.602,dedmode01
Sam Dekker,24,TOT,NBA,2018-19,47,5,788,120,256,101,194,19,62,28,46,53,95,148,46,38,7,24,47,287,0.469,0.521,0.306,0.506,0.609,0.519,dekkesa01
Angel Delgado,24,LAC,NBA,2018-19,2,0,15,1,5,1,5,0,0,1,2,2,2,4,0,1,0,0,2,3,0.2,0.2,,0.2,0.5,0.255,delgaan01
Matthew Dellavedova,28,TOT,NBA,2018-19,48,0,812,98,242,54,112,44,130,42,52,6,71,77,181,14,2,68,75,282,0.405,0.482,0.338,0.496,0.808,0.532,dellama01
Luol Deng,33,MIN,NBA,2018-19,22,2,392,59,118,45,74,14,44,25,35,20,53,73,18,15,8,14,24,157,0.5,0.608,0.318,0.559,0.714,0.588,denglu01
DeMar DeRozan,29,SAS,NBA,2018-19,77,77,2688,631,1313,624,1268,7,45,366,441,54,408,462,475,86,36,199,177,1635,0.481,0.492,0.156,0.483,0.83,0.542,derozde01
Marcus Derrickson,22,GSW,NBA,2018-19,11,0,67,16,33,6,13,10,20,4,5,8,5,13,1,0,1,3,9,46,0.485,0.462,0.5,0.636,0.8,0.653,derrima01
Cheick Diallo,22,NOP,NBA,2018-19,64,1,896,168,271,167,267,1,4,50,67,75,257,332,33,29,33,49,113,387,0.62,0.625,0.25,0.622,0.746,0.644,diallch01
Hamidou Diallo,20,OKC,NBA,2018-19,51,3,526,75,165,71,141,4,24,36,59,38,59,97,17,21,10,23,77,190,0.455,0.504,0.167,0.467,0.61,0.497,diallha01
Gorgui Dieng,29,MIN,NBA,2018-19,76,2,1031,189,377,170,321,19,56,88,106,81,230,311,72,48,41,57,134,485,0.501,0.53,0.339,0.527,0.83,0.572,dienggo01
Spencer Dinwiddie,25,BRK,NBA,2018-19,68,4,1914,366,828,242,458,124,370,287,356,26,140,166,311,40,17,152,187,1143,0.442,0.528,0.335,0.517,0.806,0.58,dinwisp01
Donte DiVincenzo,22,MIL,NBA,2018-19,27,0,411,50,124,28,41,22,83,9,12,16,49,65,31,13,6,19,38,131,0.403,0.683,0.265,0.492,0.75,0.507,divindo01
Luka Doncic,19,DAL,NBA,2018-19,72,72,2318,506,1186,338,672,168,514,346,485,86,477,563,429,77,25,247,137,1526,0.427,0.503,0.327,0.497,0.713,0.545,doncilu01
Tyler Dorsey,22,TOT,NBA,2018-19,48,11,698,107,264,63,132,44,132,38,61,27,86,113,56,14,2,27,53,296,0.405,0.477,0.333,0.489,0.623,0.509,dorsety01
Damyean Dotson,24,NYK,NBA,2018-19,73,40,2004,290,698,164,356,126,342,73,98,34,228,262,135,58,10,71,135,779,0.415,0.461,0.368,0.506,0.745,0.526,dotsoda01
PJ Dozier,22,BOS,NBA,2018-19,6,0,51,8,21,6,13,2,8,1,2,6,11,17,5,2,0,0,2,19,0.381,0.462,0.25,0.429,0.5,0.434,doziepj01
Goran Dragic,32,MIA,NBA,2018-19,36,22,991,179,433,122,269,57,164,79,101,20,91,111,174,30,5,71,81,494,0.413,0.454,0.348,0.479,0.782,0.517,dragigo01
Andre Drummond,25,DET,NBA,2018-19,79,79,2647,561,1052,556,1014,5,38,243,412,423,809,1232,112,136,138,175,272,1370,0.533,0.548,0.132,0.536,0.59,0.555,drumman01
Jared Dudley,33,BRK,NBA,2018-19,59,25,1220,101,239,48,88,53,151,32,46,34,121,155,83,36,16,43,131,287,0.423,0.545,0.351,0.533,0.696,0.554,dudleja01
Kris Dunn,24,CHI,NBA,2018-19,46,44,1389,215,506,181,410,34,96,55,69,19,168,187,277,68,21,104,166,519,0.425,0.441,0.354,0.458,0.797,0.484,dunnkr01
Kevin Durant,30,GSW,NBA,2018-19,78,78,2702,721,1383,584,995,137,388,448,506,33,464,497,457,58,84,225,155,2027,0.521,0.587,0.353,0.571,0.885,0.631,duranke01
Trevon Duval,20,MIL,NBA,2018-19,3,0,6,2,3,1,2,1,1,0,0,0,1,1,2,0,0,0,0,5,0.667,0.5,1,0.833,,0.833,duvaltr01
Vince Edwards,22,HOU,NBA,2018-19,2,0,16,1,4,0,0,1,4,0,0,1,1,2,0,0,0,0,0,3,0.25,,0.25,0.375,,0.375,edwarvi01
Henry Ellenson,22,TOT,NBA,2018-19,19,0,259,39,95,22,57,17,38,19,25,5,61,66,16,7,2,9,27,114,0.411,0.386,0.447,0.5,0.76,0.538,ellenhe01
Wayne Ellington,31,TOT,NBA,2018-19,53,38,1297,184,457,46,85,138,372,39,49,14,93,107,72,54,6,40,92,545,0.403,0.541,0.371,0.554,0.796,0.569,ellinwa01
Joel Embiid,24,PHI,NBA,2018-19,64,64,2154,580,1199,501,936,79,263,522,649,160,711,871,234,46,122,226,211,1761,0.484,0.535,0.3,0.517,0.804,0.593,embiijo01
James Ennis,28,TOT,NBA,2018-19,58,27,1230,138,294,83,138,55,156,58,81,60,122,182,41,41,23,34,150,389,0.469,0.601,0.353,0.563,0.716,0.59,ennisja01
Drew Eubanks,21,SAS,NBA,2018-19,23,0,113,15,26,15,26,0,0,11,13,6,28,34,7,2,5,8,11,41,0.577,0.577,,0.577,0.846,0.646,eubandr01
Jacob Evans,21,GSW,NBA,2018-19,30,1,204,18,53,14,38,4,15,0,1,6,19,25,23,5,3,11,28,40,0.34,0.368,0.267,0.377,0,0.374,evansja02
Jawun Evans,22,TOT,NBA,2018-19,8,0,65,3,14,3,11,0,3,0,0,1,11,12,10,3,0,6,8,6,0.214,0.273,0,0.214,,0.214,evansja01
Tyreke Evans,29,IND,NBA,2018-19,69,18,1402,257,660,180,444,77,216,115,160,33,168,201,166,58,18,118,117,706,0.389,0.405,0.356,0.448,0.719,0.483,evansty01
Dante Exum,23,UTA,NBA,2018-19,42,1,664,101,241,83,179,18,62,68,86,16,52,68,110,14,5,52,69,288,0.419,0.464,0.29,0.456,0.791,0.516,exumda01
Kenneth Faried,29,TOT,NBA,2018-19,37,13,728,156,265,148,240,8,25,64,99,97,153,250,20,17,23,33,82,384,0.589,0.617,0.32,0.604,0.646,0.622,farieke01
Derrick Favors,27,UTA,NBA,2018-19,76,70,1766,363,619,346,541,17,78,154,228,207,353,560,89,56,106,84,163,897,0.586,0.64,0.218,0.6,0.675,0.624,favorde01
Cristiano Felicio,26,CHI,NBA,2018-19,60,0,746,95,179,95,175,0,4,50,73,79,139,218,37,11,7,33,69,240,0.531,0.543,0,0.531,0.685,0.568,feliccr01
Raymond Felton,34,OKC,NBA,2018-19,33,0,379,55,135,35,74,20,61,12,13,4,30,34,52,10,6,14,29,142,0.407,0.473,0.328,0.481,0.923,0.505,feltora01
Terrance Ferguson,20,OKC,NBA,2018-19,74,74,1931,185,431,79,141,106,290,37,51,33,108,141,72,40,16,47,231,513,0.429,0.56,0.366,0.552,0.725,0.566,fergute01
Yogi Ferrell,25,SAC,NBA,2018-19,71,3,1067,153,352,99,203,54,149,60,67,13,96,109,137,36,4,40,64,420,0.435,0.488,0.362,0.511,0.896,0.55,ferreyo01
Dorian Finney-Smith,25,DAL,NBA,2018-19,81,26,1985,228,528,149,274,79,254,73,103,138,251,389,95,69,36,74,186,608,0.432,0.544,0.311,0.507,0.709,0.53,finnedo01
Bryn Forbes,25,SAS,NBA,2018-19,82,81,2293,361,791,185,378,176,413,69,78,18,221,239,175,45,4,80,159,967,0.456,0.489,0.426,0.568,0.885,0.586,forbebr01
Evan Fournier,26,ORL,NBA,2018-19,81,81,2553,468,1069,315,619,153,450,137,170,38,220,258,295,71,12,154,225,1226,0.438,0.509,0.34,0.509,0.806,0.536,fournev01
De'Aaron Fox,21,SAC,NBA,2018-19,81,81,2546,505,1102,419,870,86,232,303,417,43,261,304,590,133,45,227,204,1399,0.458,0.482,0.371,0.497,0.727,0.544,foxde01
Melvin Frazier,22,ORL,NBA,2018-19,10,0,44,7,21,7,15,0,6,1,4,3,2,5,1,1,0,1,6,15,0.333,0.467,0,0.333,0.25,0.33,frazime01
Tim Frazier,28,TOT,NBA,2018-19,59,19,1120,116,261,79,160,37,101,41,54,41,127,168,248,30,5,76,112,310,0.444,0.494,0.366,0.515,0.759,0.544,fraziti01
Jimmer Fredette,29,PHO,NBA,2018-19,6,0,65,8,29,8,16,0,13,6,6,1,6,7,8,3,0,5,5,22,0.276,0.5,0,0.276,1,0.348,fredeji01
Channing Frye,35,CLE,NBA,2018-19,36,6,341,43,117,11,38,32,79,11,14,4,48,52,20,6,5,13,44,129,0.368,0.289,0.405,0.504,0.786,0.524,fryech01
Markelle Fultz,20,PHI,NBA,2018-19,19,15,427,65,155,61,141,4,14,21,37,26,44,70,59,17,5,25,52,155,0.419,0.433,0.286,0.432,0.568,0.452,fultzma01
Danilo Gallinari,30,LAC,NBA,2018-19,68,68,2059,409,884,248,512,161,372,367,406,54,363,417,178,49,23,99,129,1346,0.463,0.484,0.433,0.554,0.904,0.633,gallida01
Langston Galloway,27,DET,NBA,2018-19,80,4,1745,228,587,93,207,135,380,81,96,49,122,171,85,37,8,24,135,672,0.388,0.449,0.355,0.503,0.844,0.534,gallola01
Billy Garrett,24,NYK,NBA,2018-19,4,0,63,11,27,11,19,0,8,4,4,0,3,3,7,1,1,2,3,26,0.407,0.579,0,0.407,1,0.452,garrebi01
Marc Gasol,34,TOT,NBA,2018-19,79,72,2436,390,870,291,597,99,273,192,253,80,547,627,349,84,86,155,217,1071,0.448,0.487,0.363,0.505,0.759,0.546,gasolma01
Pau Gasol,38,TOT,NBA,2018-19,30,6,360,42,94,36,81,6,13,28,40,22,115,137,52,5,15,16,29,118,0.447,0.444,0.462,0.479,0.7,0.529,gasolpa01
Rudy Gay,32,SAS,NBA,2018-19,69,51,1842,376,746,302,562,74,184,120,147,63,407,470,182,54,34,114,159,946,0.504,0.537,0.402,0.554,0.816,0.583,gayru01
Paul George,28,OKC,NBA,2018-19,77,77,2841,707,1614,415,857,292,757,453,540,105,523,628,318,170,34,205,214,2159,0.438,0.484,0.386,0.529,0.839,0.583,georgpa01
Taj Gibson,33,MIN,NBA,2018-19,70,57,1686,304,537,293,503,11,34,134,177,172,286,458,84,53,39,73,186,753,0.566,0.583,0.324,0.576,0.757,0.612,gibsota01
Harry Giles,20,SAC,NBA,2018-19,58,0,820,175,348,175,342,0,6,58,91,66,156,222,85,31,22,73,150,408,0.503,0.512,0,0.503,0.637,0.526,gilesha01
Shai Gilgeous-Alexander,20,LAC,NBA,2018-19,82,73,2174,341,716,290,577,51,139,156,195,57,175,232,270,96,45,141,175,889,0.476,0.503,0.367,0.512,0.8,0.554,gilgesh01
Rudy Gobert,26,UTA,NBA,2018-19,81,80,2577,476,712,476,712,0,0,332,522,309,732,1041,161,66,187,130,231,1284,0.669,0.669,,0.669,0.636,0.682,goberru01
Brandon Goodwin,23,DEN,NBA,2018-19,16,0,57,6,23,4,17,2,6,9,11,1,2,3,14,0,0,3,7,23,0.261,0.235,0.333,0.304,0.818,0.413,goodwbr01
Aaron Gordon,23,ORL,NBA,2018-19,78,78,2633,470,1046,349,699,121,347,185,253,129,445,574,289,57,56,162,172,1246,0.449,0.499,0.349,0.507,0.731,0.538,gordoaa01
Eric Gordon,30,HOU,NBA,2018-19,68,53,2158,384,938,168,338,216,600,119,152,17,131,148,129,41,27,90,143,1103,0.409,0.497,0.36,0.525,0.783,0.549,gordoer01
Marcin Gortat,34,LAC,NBA,2018-19,47,43,751,99,186,99,186,0,0,35,48,67,194,261,65,6,24,50,92,233,0.532,0.532,,0.532,0.729,0.562,gortama01
Devonte' Graham,23,CHO,NBA,2018-19,46,3,676,74,216,40,95,34,121,35,46,10,53,63,121,23,2,30,48,217,0.343,0.421,0.281,0.421,0.761,0.459,grahade01
Treveon Graham,25,BRK,NBA,2018-19,35,21,715,64,191,26,63,38,128,18,22,23,84,107,34,13,7,17,68,184,0.335,0.413,0.297,0.435,0.818,0.458,grahatr01
Jerami Grant,24,OKC,NBA,2018-19,80,77,2612,409,823,294,530,115,293,157,221,96,321,417,79,61,100,67,214,1090,0.497,0.555,0.392,0.567,0.71,0.592,grantje01
Jerian Grant,26,ORL,NBA,2018-19,60,1,939,92,220,52,110,40,110,26,40,19,79,98,156,44,6,51,78,250,0.418,0.473,0.364,0.509,0.65,0.526,grantje02
Donte Grantham,23,OKC,NBA,2018-19,3,0,2,0,2,0,0,0,2,0,0,0,0,0,0,0,0,0,0,0,0,,0,0,,0,grantdo01
Danny Green,31,TOR,NBA,2018-19,80,80,2216,293,630,95,195,198,435,37,44,60,257,317,126,73,53,75,171,821,0.465,0.487,0.455,0.622,0.841,0.632,greenda02
Draymond Green,28,GSW,NBA,2018-19,66,66,2065,188,422,141,257,47,165,63,91,60,421,481,454,95,70,169,197,486,0.445,0.549,0.285,0.501,0.692,0.526,greendr01
Gerald Green,33,HOU,NBA,2018-19,73,0,1473,231,578,75,137,156,441,57,68,30,152,182,40,33,27,55,126,675,0.4,0.547,0.354,0.535,0.838,0.555,greenge01
JaMychal Green,28,TOT,NBA,2018-19,65,6,1371,230,476,159,300,71,176,80,101,104,305,409,50,45,34,87,193,611,0.483,0.53,0.403,0.558,0.792,0.587,greenja01
Jeff Green,32,WAS,NBA,2018-19,77,44,2097,326,687,215,367,111,320,183,206,57,252,309,137,43,39,101,160,946,0.475,0.586,0.347,0.555,0.888,0.608,greenje02
Blake Griffin,29,DET,NBA,2018-19,75,75,2622,619,1341,430,819,189,522,414,550,100,465,565,402,52,28,253,199,1841,0.462,0.525,0.362,0.532,0.753,0.581,griffbl01
Daniel Hamilton,23,ATL,NBA,2018-19,19,3,204,23,60,15,37,8,23,3,6,10,37,47,22,6,1,16,19,57,0.383,0.405,0.348,0.45,0.5,0.455,hamilda02
Dusty Hannahs,25,MEM,NBA,2018-19,2,0,26,3,12,3,7,0,5,2,2,0,1,1,5,1,0,1,1,8,0.25,0.429,0,0.25,1,0.311,hannadu01
Tim Hardaway,26,TOT,NBA,2018-19,65,63,2057,390,993,228,516,162,477,232,276,33,189,222,159,54,8,105,141,1174,0.393,0.442,0.34,0.474,0.841,0.527,hardati02
James Harden,29,HOU,NBA,2018-19,78,78,2867,843,1909,465,881,378,1028,754,858,66,452,518,586,158,58,387,244,2818,0.442,0.528,0.368,0.541,0.879,0.616,hardeja01
Maurice Harkless,25,POR,NBA,2018-19,60,53,1415,189,388,156,268,33,120,49,73,77,192,269,74,67,53,45,163,460,0.487,0.582,0.275,0.53,0.671,0.547,harklma01
Montrezl Harrell,25,LAC,NBA,2018-19,82,5,2158,546,888,543,871,3,17,266,414,184,351,535,162,71,110,132,255,1361,0.615,0.623,0.176,0.617,0.643,0.636,harremo01
Devin Harris,35,DAL,NBA,2018-19,68,2,1071,132,347,70,147,62,200,102,134,12,100,112,122,35,16,56,133,428,0.38,0.476,0.31,0.47,0.761,0.527,harride01
Gary Harris,24,DEN,NBA,2018-19,57,48,1639,270,637,188,395,82,242,115,144,41,119,160,127,55,19,68,113,737,0.424,0.476,0.339,0.488,0.799,0.526,harriga01
Joe Harris,27,BRK,NBA,2018-19,76,76,2293,374,748,191,362,183,386,110,133,52,239,291,181,38,17,121,182,1041,0.5,0.528,0.474,0.622,0.827,0.645,harrijo01
Tobias Harris,26,TOT,NBA,2018-19,82,82,2847,611,1254,455,861,156,393,266,307,69,576,645,229,51,37,151,184,1644,0.487,0.528,0.397,0.549,0.866,0.592,harrito02
Andrew Harrison,24,TOT,NBA,2018-19,17,0,187,16,53,11,28,5,25,17,18,6,14,20,24,4,2,12,34,54,0.302,0.393,0.2,0.349,0.944,0.443,harrian01
Shaquille Harrison,25,CHI,NBA,2018-19,73,11,1430,184,426,160,337,24,89,82,123,33,189,222,139,89,30,60,124,474,0.432,0.475,0.27,0.46,0.667,0.494,harrish01
Josh Hart,23,LAL,NBA,2018-19,67,22,1715,189,464,97,190,92,274,55,80,35,213,248,93,64,40,58,147,525,0.407,0.511,0.336,0.506,0.688,0.526,hartjo01
Isaiah Hartenstein,20,HOU,NBA,2018-19,28,0,221,20,41,18,35,2,6,11,14,21,26,47,15,7,12,13,56,53,0.488,0.514,0.333,0.512,0.786,0.562,harteis01
Udonis Haslem,38,MIA,NBA,2018-19,10,1,74,11,33,11,21,0,12,3,4,3,24,27,2,0,0,3,9,25,0.333,0.524,0,0.333,0.75,0.36,hasleud01
Gordon Hayward,28,BOS,NBA,2018-19,72,18,1863,296,635,219,404,77,231,156,187,51,271,322,244,62,23,105,104,825,0.466,0.542,0.333,0.527,0.834,0.575,haywago01
John Henson,28,MIL,NBA,2018-19,14,0,188,31,67,20,36,11,31,6,10,16,55,71,14,7,11,12,16,79,0.463,0.556,0.355,0.545,0.6,0.553,hensojo01
Juan Hernangomez,23,DEN,NBA,2018-19,70,25,1358,138,314,72,133,66,181,66,86,64,201,265,55,27,24,37,94,408,0.439,0.541,0.365,0.545,0.767,0.58,hernaju01
Willy Hernangomez,24,CHO,NBA,2018-19,58,3,812,153,295,138,256,15,39,100,144,117,194,311,60,16,20,58,98,421,0.519,0.539,0.385,0.544,0.694,0.587,hernawi01
Mario Hezonja,23,NYK,NBA,2018-19,58,24,1206,191,464,149,312,42,152,87,114,28,211,239,88,57,8,88,110,511,0.412,0.478,0.276,0.457,0.763,0.497,hezonma01
Isaiah Hicks,24,NYK,NBA,2018-19,3,0,32,4,8,4,8,0,0,4,5,2,5,7,2,1,3,1,5,12,0.5,0.5,,0.5,0.8,0.588,hicksis01
Buddy Hield,26,SAC,NBA,2018-19,82,82,2615,623,1360,345,709,278,651,171,193,106,306,412,205,58,33,146,202,1695,0.458,0.487,0.427,0.56,0.886,0.587,hieldbu01
Haywood Highsmith,22,PHI,NBA,2018-19,5,0,40,4,10,3,5,1,5,0,2,0,5,5,2,1,0,1,1,9,0.4,0.6,0.2,0.45,0,0.414,highsha01
Nene Hilario,36,HOU,NBA,2018-19,42,2,546,60,116,60,113,0,3,31,47,34,89,123,26,18,15,11,87,151,0.517,0.531,0,0.517,0.66,0.552,hilarne01
George Hill,32,TOT,NBA,2018-19,60,13,1302,170,376,122,223,48,153,70,85,39,109,148,135,52,8,51,102,458,0.452,0.547,0.314,0.516,0.824,0.554,hillge01
Solomon Hill,27,NOP,NBA,2018-19,44,15,878,68,178,36,77,32,101,23,32,34,99,133,55,23,10,31,80,191,0.382,0.468,0.317,0.472,0.719,0.497,hillso01
Aaron Holiday,22,IND,NBA,2018-19,50,0,646,105,262,62,135,43,127,41,50,5,62,67,87,21,13,40,71,294,0.401,0.459,0.339,0.483,0.82,0.518,holidaa01
Jrue Holiday,28,NOP,NBA,2018-19,67,67,2402,547,1159,429,796,118,363,208,271,75,259,334,518,109,54,210,148,1420,0.472,0.539,0.325,0.523,0.768,0.555,holidjr01
Justin Holiday,29,TOT,NBA,2018-19,82,77,2607,300,777,138,312,162,465,95,106,46,277,323,146,121,36,104,164,857,0.386,0.442,0.348,0.49,0.896,0.52,holidju01
John Holland,30,CLE,NBA,2018-19,1,0,1,0,0,0,0,0,0,0,0,0,0,0,0,0,0,0,0,0,,,,,,,hollajo02
Rondae Hollis-Jefferson,24,BRK,NBA,2018-19,59,21,1234,200,487,191,438,9,49,118,183,83,227,310,96,44,27,68,107,527,0.411,0.436,0.184,0.42,0.645,0.464,holliro01
Richaun Holmes,25,PHO,NBA,2018-19,70,4,1184,222,365,222,365,0,0,128,175,115,216,331,60,42,79,52,194,572,0.608,0.608,,0.608,0.731,0.647,holmeri01
Rodney Hood,26,TOT,NBA,2018-19,72,49,1893,292,671,208,435,84,236,137,155,25,132,157,126,59,12,55,146,805,0.435,0.478,0.356,0.498,0.884,0.545,hoodro01
Al Horford,32,BOS,NBA,2018-19,68,68,1973,387,723,314,520,73,203,78,95,120,338,458,283,59,86,102,126,925,0.535,0.604,0.36,0.586,0.821,0.605,horfoal01
Danuel House,25,HOU,NBA,2018-19,39,13,979,118,252,44,74,74,178,56,71,25,115,140,40,21,11,35,80,366,0.468,0.595,0.416,0.615,0.789,0.646,houseda01
Dwight Howard,33,WAS,NBA,2018-19,9,9,230,43,69,43,69,0,0,29,48,24,59,83,4,7,4,16,34,115,0.623,0.623,,0.623,0.604,0.638,howardw01
Kevin Huerter,20,ATL,NBA,2018-19,75,59,2048,275,657,139,304,136,353,41,56,60,185,245,214,65,25,109,155,727,0.419,0.457,0.385,0.522,0.732,0.533,huertke01
Isaac Humphries,21,ATL,NBA,2018-19,5,1,56,6,21,3,10,3,11,0,0,4,7,11,0,1,0,0,7,15,0.286,0.3,0.273,0.357,,0.357,humphis01
R.J. Hunter,25,BOS,NBA,2018-19,1,0,26,6,13,2,3,4,10,1,2,1,2,3,3,1,0,0,3,17,0.462,0.667,0.4,0.615,0.5,0.612,hunterj01
Chandler Hutchison,22,CHI,NBA,2018-19,44,14,895,96,209,82,159,14,50,23,38,31,154,185,34,23,6,25,59,229,0.459,0.516,0.28,0.493,0.605,0.507,hutchch01
Serge Ibaka,29,TOR,NBA,2018-19,74,51,2010,464,877,415,708,49,169,135,177,156,445,601,99,29,103,114,211,1112,0.529,0.586,0.29,0.557,0.763,0.582,ibakase01
Andre Iguodala,35,GSW,NBA,2018-19,68,13,1578,151,302,103,158,48,144,39,67,48,204,252,216,61,51,52,95,389,0.5,0.652,0.333,0.579,0.582,0.587,iguodan01
Ersan Ilyasova,31,MIL,NBA,2018-19,67,7,1231,167,381,109,221,58,160,61,74,94,208,302,52,32,20,48,172,453,0.438,0.493,0.363,0.514,0.824,0.548,ilyaser01
Joe Ingles,31,UTA,NBA,2018-19,82,82,2568,359,802,170,319,189,483,87,123,35,295,330,469,98,20,193,180,994,0.448,0.533,0.391,0.565,0.707,0.581,inglejo01
Andre Ingram,33,LAL,NBA,2018-19,4,0,15,0,6,0,3,0,3,0,0,1,1,2,0,1,0,1,0,0,0,0,0,0,,0,ingraan01
Brandon Ingram,21,LAL,NBA,2018-19,52,52,1760,362,729,331,635,31,94,195,289,41,226,267,154,28,31,129,149,950,0.497,0.521,0.33,0.518,0.675,0.555,ingrabr01
Kyrie Irving,26,BOS,NBA,2018-19,67,67,2214,604,1241,430,807,174,434,214,245,71,264,335,464,103,34,172,167,1596,0.487,0.533,0.401,0.557,0.873,0.592,irvinky01
Jonathan Isaac,21,ORL,NBA,2018-19,75,64,1996,262,611,176,345,86,266,110,135,99,312,411,80,59,98,75,143,720,0.429,0.51,0.323,0.499,0.815,0.537,isaacjo01
Wesley Iwundu,24,ORL,NBA,2018-19,68,13,1233,113,274,84,195,29,79,84,103,37,147,184,73,28,22,44,123,339,0.412,0.431,0.367,0.465,0.816,0.531,iwundwe01
Demetrius Jackson,24,PHI,NBA,2018-19,6,0,39,8,15,6,9,2,6,4,4,2,1,3,5,2,0,1,4,22,0.533,0.667,0.333,0.6,1,0.656,jacksde01
Frank Jackson,20,NOP,NBA,2018-19,61,16,1169,194,447,141,278,53,169,54,73,25,109,134,69,25,2,48,92,495,0.434,0.507,0.314,0.493,0.74,0.517,jacksfr01
Jaren Jackson,19,MEM,NBA,2018-19,58,56,1515,298,589,247,447,51,142,151,197,73,199,272,64,52,82,98,220,798,0.506,0.553,0.359,0.549,0.766,0.591,jacksja02
Josh Jackson,21,PHO,NBA,2018-19,79,29,1988,347,841,274,616,73,225,143,213,66,281,347,183,74,56,173,209,910,0.413,0.445,0.324,0.456,0.671,0.487,jacksjo02
Justin Jackson,23,TOT,NBA,2018-19,81,14,1614,217,485,130,240,87,245,62,79,44,168,212,96,32,14,29,99,583,0.447,0.542,0.355,0.537,0.785,0.561,jacksju01
Reggie Jackson,28,DET,NBA,2018-19,82,82,2289,441,1047,267,576,174,471,204,236,45,171,216,344,55,9,148,208,1260,0.421,0.464,0.369,0.504,0.864,0.547,jacksre01
LeBron James,34,LAL,NBA,2018-19,55,55,1937,558,1095,447,768,111,327,278,418,57,408,465,454,72,33,197,94,1505,0.51,0.582,0.339,0.56,0.665,0.588,jamesle01
Amile Jefferson,25,ORL,NBA,2018-19,12,0,68,10,16,10,16,0,0,7,8,6,15,21,3,3,3,1,8,27,0.625,0.625,,0.625,0.875,0.692,jeffeam01
John Jenkins,27,TOT,NBA,2018-19,26,0,333,42,105,20,47,22,58,15,18,6,31,37,22,0,2,9,10,121,0.4,0.426,0.379,0.505,0.833,0.536,jenkijo01
Jonas Jerebko,31,GSW,NBA,2018-19,73,6,1218,163,355,94,167,69,188,64,80,72,216,288,96,27,18,43,137,459,0.459,0.563,0.367,0.556,0.8,0.588,jerebjo01
Alize Johnson,22,IND,NBA,2018-19,14,0,64,4,16,3,14,1,2,4,8,4,15,19,1,1,3,0,7,13,0.25,0.214,0.5,0.281,0.5,0.333,johnsal02
Amir Johnson,31,PHI,NBA,2018-19,51,6,529,79,157,67,117,12,40,31,41,47,100,147,60,16,13,45,99,201,0.503,0.573,0.3,0.541,0.756,0.574,johnsam01
B.J. Johnson,23,TOT,NBA,2018-19,7,0,49,9,18,6,11,3,7,2,2,2,6,8,0,2,0,2,4,23,0.5,0.545,0.429,0.583,1,0.609,johnsbj01
James Johnson,31,MIA,NBA,2018-19,55,33,1164,164,379,114,230,50,149,50,70,22,154,176,135,35,27,74,114,428,0.433,0.496,0.336,0.499,0.714,0.522,johnsja01
Stanley Johnson,22,TOT,NBA,2018-19,66,7,1208,171,440,109,225,62,215,50,64,34,183,217,88,60,14,81,114,454,0.389,0.484,0.288,0.459,0.781,0.485,johnsst04
Tyler Johnson,26,TOT,NBA,2018-19,57,22,1529,217,526,127,266,90,260,95,127,34,139,173,166,54,27,77,97,619,0.413,0.477,0.346,0.498,0.748,0.532,johnsty01
Wesley Johnson,31,TOT,NBA,2018-19,38,13,534,45,128,20,52,25,76,13,19,12,60,72,23,14,12,18,63,128,0.352,0.385,0.329,0.449,0.684,0.469,johnswe01
Nikola Jokic,23,DEN,NBA,2018-19,80,80,2504,616,1206,533,936,83,270,289,352,228,637,865,580,108,55,248,228,1604,0.511,0.569,0.307,0.545,0.821,0.589,jokicni01
Damian Jones,23,GSW,NBA,2018-19,24,22,410,53,74,53,74,0,0,24,37,31,44,75,28,12,25,16,63,130,0.716,0.716,,0.716,0.649,0.72,jonesda03
Derrick Jones,21,MIA,NBA,2018-19,60,14,1153,160,324,132,233,28,91,74,122,96,144,240,37,46,42,43,123,422,0.494,0.567,0.308,0.537,0.607,0.559,jonesde02
Jalen Jones,25,CLE,NBA,2018-19,16,0,214,26,62,16,34,10,28,19,27,11,23,34,7,9,2,8,27,81,0.419,0.471,0.357,0.5,0.704,0.548,jonesja04
Jemerrio Jones,23,LAL,NBA,2018-19,6,2,143,12,33,10,23,2,10,1,2,16,33,49,13,7,5,5,10,27,0.364,0.435,0.2,0.394,0.5,0.398,jonesje01
Terrence Jones,27,HOU,NBA,2018-19,2,0,5,1,4,1,2,0,2,0,1,0,4,4,0,0,0,1,1,2,0.25,0.5,0,0.25,0,0.225,joneste01
Tyus Jones,22,MIN,NBA,2018-19,68,23,1560,185,446,145,320,40,126,58,69,23,111,134,327,81,5,47,78,468,0.415,0.453,0.317,0.46,0.841,0.491,jonesty01
DeAndre Jordan,30,TOT,NBA,2018-19,69,69,2047,286,446,286,446,0,0,186,264,225,677,902,156,42,73,153,167,758,0.641,0.641,,0.641,0.705,0.674,jordade01
Cory Joseph,27,IND,NBA,2018-19,82,9,2063,226,548,171,377,55,171,30,43,39,240,279,321,94,22,80,131,537,0.412,0.454,0.322,0.463,0.698,0.474,josepco01
Frank Kaminsky,25,CHO,NBA,2018-19,47,0,755,138,298,88,159,50,139,79,107,39,124,163,63,12,12,41,68,405,0.463,0.553,0.36,0.547,0.738,0.587,kaminfr01
Enes Kanter,26,TOT,NBA,2018-19,67,31,1640,375,683,365,649,10,34,155,197,257,402,659,116,32,26,118,167,915,0.549,0.562,0.294,0.556,0.787,0.594,kanteen01
Luke Kennard,22,DET,NBA,2018-19,63,10,1437,228,520,122,251,106,269,51,61,12,171,183,114,26,10,57,92,613,0.438,0.486,0.394,0.54,0.836,0.56,kennalu01
Michael Kidd-Gilchrist,25,CHO,NBA,2018-19,64,3,1179,158,332,142,285,16,47,95,123,88,158,246,61,32,39,43,156,427,0.476,0.498,0.34,0.5,0.772,0.553,kiddgmi01
George King,25,PHO,NBA,2018-19,1,0,6,0,0,0,0,0,0,0,0,0,1,1,0,0,0,0,0,0,,,,,,,kingge03
Maxi Kleber,27,DAL,NBA,2018-19,71,18,1502,175,386,98,168,77,218,58,74,90,239,329,70,36,78,54,143,485,0.453,0.583,0.353,0.553,0.784,0.579,klebima01
Brandon Knight,27,TOT,NBA,2018-19,39,26,736,99,260,58,131,41,129,27,34,10,49,59,71,21,2,30,62,266,0.381,0.443,0.318,0.46,0.794,0.484,knighbr03
Kevin Knox,19,NYK,NBA,2018-19,75,57,2158,338,914,213,550,125,364,162,226,61,274,335,82,43,24,114,175,963,0.37,0.387,0.343,0.438,0.717,0.475,knoxke01
Furkan Korkmaz,21,PHI,NBA,2018-19,48,7,679,98,245,51,101,47,144,36,44,16,91,107,52,29,2,25,62,279,0.4,0.505,0.326,0.496,0.818,0.528,korkmfu01
Luke Kornet,23,NYK,NBA,2018-19,46,18,784,107,283,37,90,70,193,38,46,28,107,135,54,27,42,25,41,322,0.378,0.411,0.363,0.502,0.826,0.531,kornelu01
Kyle Korver,37,TOT,NBA,2018-19,70,0,1334,201,483,63,135,138,348,60,73,9,153,162,81,25,12,59,106,600,0.416,0.467,0.397,0.559,0.822,0.582,korveky01
Kosta Koufos,29,SAC,NBA,2018-19,42,1,502,73,153,73,153,0,0,10,24,52,125,177,36,15,18,27,68,156,0.477,0.477,,0.477,0.417,0.477,koufoko01
Rodions Kurucs,20,BRK,NBA,2018-19,63,46,1294,202,449,144,265,58,184,72,92,56,190,246,52,41,25,77,146,534,0.45,0.543,0.315,0.514,0.783,0.545,kurucro01
Kyle Kuzma,23,LAL,NBA,2018-19,70,68,2314,496,1087,368,665,128,422,188,250,60,322,382,178,41,26,133,170,1308,0.456,0.553,0.303,0.515,0.752,0.546,kuzmaky01
Skal Labissiere,22,TOT,NBA,2018-19,22,1,176,26,49,20,36,6,13,9,17,9,34,43,11,5,6,11,29,67,0.531,0.556,0.462,0.592,0.529,0.593,labissk01
Jeremy Lamb,26,CHO,NBA,2018-19,79,55,2250,431,979,316,649,115,330,231,260,65,369,434,172,88,32,80,140,1208,0.44,0.487,0.348,0.499,0.888,0.552,lambje01
Zach LaVine,23,CHI,NBA,2018-19,63,62,2171,530,1135,410,814,120,321,312,375,40,254,294,283,60,26,215,140,1492,0.467,0.504,0.374,0.52,0.832,0.574,lavinza01
Jake Layman,24,POR,NBA,2018-19,71,33,1327,216,424,157,243,59,181,50,71,56,161,217,53,31,30,46,116,541,0.509,0.646,0.326,0.579,0.704,0.594,laymaja01
T.J. Leaf,21,IND,NBA,2018-19,58,1,522,99,183,91,152,8,31,19,31,43,82,125,24,9,19,12,35,225,0.541,0.599,0.258,0.563,0.613,0.572,leaftj01
Courtney Lee,33,TOT,NBA,2018-19,34,6,428,53,129,37,74,16,55,14,21,9,45,54,37,21,3,14,32,136,0.411,0.5,0.291,0.473,0.667,0.492,leeco01
Damion Lee,26,GSW,NBA,2018-19,32,0,375,56,127,29,59,27,68,19,22,8,56,64,13,13,0,11,28,158,0.441,0.492,0.397,0.547,0.864,0.578,leeda03
Walt Lemon,26,CHI,NBA,2018-19,6,3,167,38,87,36,82,2,5,8,11,4,23,27,30,11,1,10,14,86,0.437,0.439,0.4,0.448,0.727,0.468,lemonwa01
Alex Len,25,ATL,NBA,2018-19,77,31,1544,320,648,246,444,74,204,140,216,158,266,424,86,27,69,97,200,854,0.494,0.554,0.363,0.551,0.648,0.575,lenal01
Kawhi Leonard,27,TOR,NBA,2018-19,60,60,2040,560,1129,448,827,112,302,364,426,78,361,439,199,106,24,121,87,1596,0.496,0.542,0.371,0.546,0.854,0.606,leonaka01
Meyers Leonard,26,POR,NBA,2018-19,61,2,878,132,242,82,131,50,111,43,51,49,184,233,75,13,9,43,105,357,0.545,0.626,0.45,0.649,0.843,0.675,leoname01
Jon Leuer,29,DET,NBA,2018-19,41,1,402,66,113,65,102,1,11,23,31,27,70,97,14,12,4,23,60,156,0.584,0.637,0.091,0.588,0.742,0.616,leuerjo01
Caris LeVert,24,BRK,NBA,2018-19,40,25,1063,207,483,159,329,48,154,85,123,35,116,151,156,42,14,69,77,547,0.429,0.483,0.312,0.478,0.691,0.509,leverca01
Damian Lillard,28,POR,NBA,2018-19,80,80,2838,681,1533,444,890,237,643,468,513,68,303,371,551,88,34,212,148,2067,0.444,0.499,0.369,0.522,0.912,0.588,lillada01
Jeremy Lin,30,TOT,NBA,2018-19,74,4,1436,238,541,183,354,55,187,176,210,22,157,179,231,47,13,124,144,707,0.44,0.517,0.294,0.491,0.838,0.558,linje01
Shaun Livingston,33,GSW,NBA,2018-19,64,0,967,109,210,109,208,0,2,40,51,42,75,117,114,31,27,38,74,258,0.519,0.524,0,0.519,0.784,0.555,livinsh01
Zach Lofton,26,DET,NBA,2018-19,1,0,4,0,1,0,0,0,1,0,0,0,0,0,0,1,0,1,0,0,0,,0,0,,0,loftoza01
Kevon Looney,22,GSW,NBA,2018-19,80,24,1481,217,347,216,337,1,10,65,105,194,223,417,123,46,53,51,211,500,0.625,0.641,0.1,0.627,0.619,0.636,looneke01
Brook Lopez,30,MIL,NBA,2018-19,81,81,2322,355,786,168,274,187,512,112,133,33,363,396,98,51,179,82,189,1009,0.452,0.613,0.365,0.571,0.842,0.597,lopezbr01
Robin Lopez,30,CHI,NBA,2018-19,74,36,1606,304,535,297,504,7,31,89,123,140,146,286,89,11,78,96,124,704,0.568,0.589,0.226,0.575,0.724,0.598,lopezro01
Kevin Love,30,CLE,NBA,2018-19,22,21,598,109,283,56,136,53,147,103,114,33,206,239,48,6,5,42,54,374,0.385,0.412,0.361,0.479,0.904,0.561,loveke01
Kyle Lowry,32,TOR,NBA,2018-19,65,65,2213,304,739,147,286,157,453,161,194,41,271,312,564,91,31,182,166,926,0.411,0.514,0.347,0.518,0.83,0.562,lowryky01
Jordan Loyd,25,TOR,NBA,2018-19,12,0,55,8,18,4,10,4,8,9,11,1,8,9,6,0,0,2,5,29,0.444,0.4,0.5,0.556,0.818,0.635,loydjo01
Kalin Lucas,29,DET,NBA,2018-19,1,0,6,0,1,0,0,0,1,2,2,0,3,3,1,0,0,0,1,2,0,,0,0,1,0.532,lucaska01
Timothe Luwawu-Cabarrot,23,TOT,NBA,2018-19,50,7,669,82,218,46,102,36,116,31,41,11,86,97,26,19,8,21,73,231,0.376,0.451,0.31,0.459,0.756,0.489,luwawti01
Tyler Lydon,22,DEN,NBA,2018-19,25,0,94,9,18,5,8,4,10,1,3,7,11,18,6,2,0,4,10,23,0.5,0.625,0.4,0.611,0.333,0.595,lydonty01
Trey Lyles,23,DEN,NBA,2018-19,64,2,1120,207,495,156,295,51,200,81,116,44,202,246,87,30,23,68,93,546,0.418,0.529,0.255,0.47,0.698,0.5,lylestr01
Scott Machado,28,LAL,NBA,2018-19,4,0,19,4,6,3,5,1,1,1,1,0,0,0,3,1,0,0,2,10,0.667,0.6,1,0.75,1,0.776,machasc01
Shelvin Mack,28,TOT,NBA,2018-19,57,3,1246,163,403,117,273,46,130,58,84,18,86,104,183,47,4,66,84,430,0.404,0.429,0.354,0.462,0.69,0.489,macksh01
Daryl Macon,23,DAL,NBA,2018-19,8,0,90,10,27,5,16,5,11,4,7,2,10,12,7,1,0,6,8,29,0.37,0.313,0.455,0.463,0.571,0.482,maconda01
J.P. Macura,23,CHO,NBA,2018-19,2,0,17,3,9,3,5,0,4,0,0,0,3,3,2,0,0,0,0,6,0.333,0.6,0,0.333,,0.333,macurjp01
Ian Mahinmi,32,WAS,NBA,2018-19,34,6,498,47,104,44,88,3,16,42,61,48,80,128,25,25,16,21,84,139,0.452,0.5,0.188,0.466,0.689,0.531,mahinia01
Thon Maker,21,TOT,NBA,2018-19,64,5,972,109,268,60,115,49,153,56,84,41,161,202,45,21,51,33,105,323,0.407,0.522,0.32,0.498,0.667,0.53,makerth01
Boban Marjanovic,30,TOT,NBA,2018-19,58,12,681,160,260,156,250,4,10,98,131,87,178,265,54,16,27,59,90,422,0.615,0.624,0.4,0.623,0.748,0.664,marjabo01
Lauri Markkanen,21,CHI,NBA,2018-19,52,51,1682,342,795,222,463,120,332,170,195,74,396,470,75,37,33,85,122,974,0.43,0.479,0.361,0.506,0.872,0.553,markkla01
Jarell Martin,24,ORL,NBA,2018-19,42,1,328,43,104,23,47,20,57,9,11,11,62,73,18,3,8,11,51,115,0.413,0.489,0.351,0.51,0.818,0.528,martija01
Frank Mason,24,SAC,NBA,2018-19,38,0,435,71,169,57,105,14,64,39,57,6,37,43,84,16,4,36,34,195,0.42,0.543,0.219,0.462,0.684,0.502,masonfr01
Yante Maten,22,MIA,NBA,2018-19,2,0,13,1,4,1,3,0,1,0,0,1,2,3,0,1,0,0,0,2,0.25,0.333,0,0.25,,0.25,matenya01
Wesley Matthews,32,TOT,NBA,2018-19,69,68,2091,279,698,129,295,150,403,132,163,32,138,170,160,54,17,91,160,840,0.4,0.437,0.372,0.507,0.81,0.546,matthwe02
Luc Mbah a Moute,32,LAC,NBA,2018-19,4,0,61,8,18,6,12,2,6,2,5,2,5,7,2,1,1,2,8,20,0.444,0.5,0.333,0.5,0.4,0.495,mbahalu01
Tahjere McCall,24,BRK,NBA,2018-19,1,0,8,2,3,2,2,0,1,0,1,0,1,1,0,0,0,0,2,4,0.667,1,0,0.667,0,0.581,mccalta01
Patrick McCaw,23,TOT,NBA,2018-19,29,1,397,26,63,17,35,9,28,13,15,7,41,48,29,23,2,17,38,74,0.413,0.486,0.321,0.484,0.867,0.532,mccawpa01
CJ McCollum,27,POR,NBA,2018-19,70,70,2375,571,1243,404,798,167,445,159,192,62,220,282,207,55,28,106,172,1468,0.459,0.506,0.375,0.527,0.828,0.553,mccolcj01
T.J. McConnell,26,PHI,NBA,2018-19,76,3,1470,220,419,206,377,14,42,29,37,28,146,174,258,79,17,91,105,483,0.525,0.546,0.333,0.542,0.784,0.555,mccontj01
Doug McDermott,27,IND,NBA,2018-19,77,1,1340,207,422,123,216,84,206,66,79,17,92,109,67,18,8,42,104,564,0.491,0.569,0.408,0.59,0.835,0.617,mcderdo01
JaVale McGee,31,LAL,NBA,2018-19,75,62,1671,400,641,399,629,1,12,96,152,195,371,566,52,47,148,108,208,897,0.624,0.634,0.083,0.625,0.632,0.634,mcgeeja01
Rodney McGruder,27,MIA,NBA,2018-19,66,45,1550,186,461,107,236,79,225,52,72,60,178,238,112,36,12,64,115,503,0.403,0.453,0.351,0.489,0.722,0.51,mcgruro01
Alfonzo McKinnie,26,GSW,NBA,2018-19,72,5,1003,134,275,92,157,42,118,27,48,81,166,247,31,18,15,30,134,337,0.487,0.586,0.356,0.564,0.563,0.569,mckinal01
Ben McLemore,25,SAC,NBA,2018-19,19,0,158,25,64,8,23,17,41,8,12,3,14,17,4,6,3,5,22,75,0.391,0.348,0.415,0.523,0.667,0.541,mclembe01
Jordan McRae,27,WAS,NBA,2018-19,27,0,333,61,130,51,95,10,35,28,35,6,34,40,30,13,7,15,26,160,0.469,0.537,0.286,0.508,0.8,0.55,mcraejo01
Jodie Meeks,31,TOR,NBA,2018-19,8,0,104,21,39,13,21,8,18,1,1,1,11,12,8,1,1,2,5,51,0.538,0.619,0.444,0.641,1,0.647,meeksjo01
Salah Mejri,32,DAL,NBA,2018-19,36,4,399,55,112,44,78,11,34,20,32,36,95,131,35,10,26,21,55,141,0.491,0.564,0.324,0.54,0.625,0.559,mejrisa01
De'Anthony Melton,20,PHO,NBA,2018-19,50,31,984,100,256,71,161,29,95,21,28,25,109,134,159,68,23,75,113,250,0.391,0.441,0.305,0.447,0.75,0.466,meltode01
Chimezie Metu,21,SAS,NBA,2018-19,29,0,145,19,58,19,56,0,2,13,17,9,27,36,13,6,2,15,14,51,0.328,0.339,0,0.328,0.765,0.389,metuch01
Khris Middleton,27,MIL,NBA,2018-19,77,77,2393,506,1148,327,674,179,474,216,258,50,411,461,331,80,7,174,172,1407,0.441,0.485,0.378,0.519,0.837,0.558,middlkh01
C.J. Miles,31,TOT,NBA,2018-19,53,1,856,112,311,45,108,67,203,48,58,13,82,95,36,26,15,30,79,339,0.36,0.417,0.33,0.468,0.828,0.504,milescj01
Darius Miller,28,NOP,NBA,2018-19,69,15,1757,189,484,56,120,133,364,56,71,14,114,128,146,40,23,59,165,567,0.39,0.467,0.365,0.528,0.789,0.55,milleda01
Malcolm Miller,25,TOR,NBA,2018-19,10,0,67,11,26,1,5,10,21,3,4,1,4,5,1,1,1,1,5,35,0.423,0.2,0.476,0.615,0.75,0.63,millema01
Patty Mills,30,SAS,NBA,2018-19,82,1,1908,282,663,123,259,159,404,88,103,24,158,182,245,49,10,93,129,811,0.425,0.475,0.394,0.545,0.854,0.572,millspa02
Paul Millsap,33,DEN,NBA,2018-19,70,65,1895,322,665,264,506,58,159,181,249,153,352,505,141,83,54,95,183,883,0.484,0.522,0.365,0.528,0.727,0.57,millspa01
Shake Milton,22,PHI,NBA,2018-19,20,0,268,34,87,20,43,14,44,5,7,9,26,35,18,8,8,6,29,87,0.391,0.465,0.318,0.471,0.714,0.483,miltosh01
Nikola Mirotic,27,TOT,NBA,2018-19,46,25,1245,238,542,122,224,116,318,105,124,60,279,339,55,31,34,48,107,697,0.439,0.545,0.365,0.546,0.847,0.584,mirotni01
Donovan Mitchell,22,UTA,NBA,2018-19,77,77,2598,661,1530,473,1011,188,519,319,396,59,257,316,322,106,31,218,208,1829,0.432,0.468,0.362,0.493,0.806,0.537,mitchdo01
Naz Mitrou-Long,25,UTA,NBA,2018-19,14,0,84,6,20,4,9,2,11,2,2,1,5,6,15,1,1,8,10,16,0.3,0.444,0.182,0.35,1,0.383,mitrona01
Malik Monk,20,CHO,NBA,2018-19,73,0,1258,227,586,118,256,109,330,90,102,16,121,137,117,37,19,86,106,653,0.387,0.461,0.33,0.48,0.882,0.518,monkma01
Greg Monroe,28,TOT,NBA,2018-19,43,2,480,92,189,91,184,1,5,45,72,67,105,172,24,14,8,32,66,230,0.487,0.495,0.2,0.489,0.625,0.521,monrogr01
E'Twaun Moore,29,NOP,NBA,2018-19,53,36,1463,256,532,180,356,76,176,45,59,35,92,127,102,40,8,59,112,633,0.481,0.506,0.432,0.553,0.763,0.567,mooreet01
Eric Moreland,27,TOT,NBA,2018-19,5,0,43,3,7,2,6,1,1,0,0,4,16,20,4,1,1,5,9,7,0.429,0.333,1,0.5,,0.5,moreler01
Jaylen Morris,23,MIL,NBA,2018-19,4,0,29,4,10,3,7,1,3,1,2,0,5,5,4,2,0,1,1,10,0.4,0.429,0.333,0.45,0.5,0.46,morrija01
Marcus Morris,29,BOS,NBA,2018-19,75,53,2091,377,844,231,455,146,389,146,173,76,382,458,109,43,25,92,181,1046,0.447,0.508,0.375,0.533,0.844,0.568,morrima03
Markieff Morris,29,TOT,NBA,2018-19,58,16,1270,204,484,136,281,68,203,71,92,61,204,265,79,36,22,54,175,547,0.421,0.484,0.335,0.492,0.772,0.521,morrima02
Monte Morris,23,DEN,NBA,2018-19,82,6,1970,346,702,252,475,94,227,65,81,35,159,194,297,73,4,52,102,851,0.493,0.531,0.414,0.56,0.802,0.577,morrimo01
Donatas Motiejunas,28,SAS,NBA,2018-19,3,0,13,3,6,3,6,0,0,0,2,2,1,3,1,0,1,3,6,6,0.5,0.5,,0.5,0,0.436,motiedo01
Johnathan Motley,23,LAC,NBA,2018-19,22,0,156,39,73,39,70,0,3,24,40,18,33,51,11,5,3,16,27,102,0.534,0.557,0,0.534,0.6,0.563,motlejo01
Emmanuel Mudiay,22,NYK,NBA,2018-19,59,42,1607,330,740,261,530,69,210,144,186,33,163,196,228,43,19,140,103,873,0.446,0.492,0.329,0.493,0.774,0.531,mudiaem01
Jamal Murray,21,DEN,NBA,2018-19,75,74,2447,513,1173,361,759,152,414,189,223,65,252,317,363,67,27,158,153,1367,0.437,0.476,0.367,0.502,0.848,0.538,murraja01
Dzanan Musa,19,BRK,NBA,2018-19,9,0,39,9,22,8,12,1,10,0,2,1,4,5,2,2,0,4,1,19,0.409,0.667,0.1,0.432,0,0.415,musadz01
Mike Muscala,27,TOT,NBA,2018-19,64,10,1306,145,361,56,105,89,256,70,85,57,187,244,76,22,38,48,130,449,0.402,0.533,0.348,0.525,0.824,0.564,muscami01
Sviatoslav Mykhailiuk,21,TOT,NBA,2018-19,42,0,440,46,140,17,51,29,89,12,20,9,27,36,37,14,1,21,25,133,0.329,0.333,0.326,0.432,0.6,0.447,mykhasv01
Abdel Nader,25,OKC,NBA,2018-19,61,1,694,91,215,59,115,32,100,27,36,14,102,116,20,20,12,26,68,241,0.423,0.513,0.32,0.498,0.75,0.522,naderab01
Larry Nance,26,CLE,NBA,2018-19,67,30,1795,249,479,216,381,33,98,96,134,168,384,552,214,100,40,97,192,627,0.52,0.567,0.337,0.554,0.716,0.583,nancela02
Shabazz Napier,27,BRK,NBA,2018-19,56,2,983,169,435,93,207,76,228,115,138,18,82,100,143,41,16,66,67,529,0.389,0.449,0.333,0.476,0.833,0.534,napiesh01
Raul Neto,26,UTA,NBA,2018-19,37,1,474,74,161,54,101,20,60,28,33,6,56,62,93,14,4,35,49,196,0.46,0.535,0.333,0.522,0.848,0.558,netora01
Georges Niang,25,UTA,NBA,2018-19,59,0,516,86,181,43,76,43,105,20,24,11,76,87,35,10,6,23,57,235,0.475,0.566,0.41,0.594,0.833,0.613,niangge01
Joakim Noah,33,MEM,NBA,2018-19,42,1,693,110,213,110,212,0,1,78,109,58,180,238,89,20,31,50,96,298,0.516,0.519,0,0.516,0.716,0.571,noahjo01
Nerlens Noel,24,OKC,NBA,2018-19,77,2,1055,162,276,162,276,0,0,54,79,127,198,325,45,66,96,48,166,378,0.587,0.587,,0.587,0.684,0.608,noelne01
Dirk Nowitzki,40,DAL,NBA,2018-19,51,20,795,135,376,71,171,64,205,39,50,5,153,158,35,9,18,18,76,373,0.359,0.415,0.312,0.444,0.78,0.469,nowitdi01
Frank Ntilikina,20,NYK,NBA,2018-19,43,16,904,95,282,62,167,33,115,23,30,12,75,87,121,30,14,56,104,246,0.337,0.371,0.287,0.395,0.767,0.417,ntilila01
James Nunnally,28,TOT,NBA,2018-19,15,0,102,12,34,4,9,8,25,4,4,0,5,5,7,1,0,1,10,36,0.353,0.444,0.32,0.471,1,0.503,nunnaja01
Jusuf Nurkic,24,POR,NBA,2018-19,72,72,1974,420,826,417,797,3,29,282,365,243,505,748,233,71,103,168,250,1125,0.508,0.523,0.103,0.51,0.773,0.57,nurkiju01
David Nwaba,26,CLE,NBA,2018-19,51,14,984,126,262,102,187,24,75,58,85,41,122,163,54,36,17,29,106,334,0.481,0.545,0.32,0.527,0.682,0.558,nwabada01
Royce O'Neale,25,UTA,NBA,2018-19,82,16,1671,163,343,95,167,68,176,32,42,22,263,285,124,54,24,70,172,426,0.475,0.569,0.386,0.574,0.762,0.589,onealro01
Kyle O'Quinn,28,IND,NBA,2018-19,45,3,371,69,136,68,124,1,12,17,21,29,90,119,56,9,25,31,68,156,0.507,0.548,0.083,0.511,0.81,0.537,oquinky01
Semi Ojeleye,24,BOS,NBA,2018-19,56,3,594,67,158,39,69,28,89,24,39,24,62,86,23,10,4,19,43,186,0.424,0.565,0.315,0.513,0.615,0.531,ojelese01
Jahlil Okafor,23,NOP,NBA,2018-19,59,24,935,212,362,211,357,1,5,59,89,82,196,278,40,15,40,52,96,484,0.586,0.591,0.2,0.587,0.663,0.603,okafoja01
Elie Okobo,21,PHO,NBA,2018-19,53,16,958,114,290,75,158,39,132,37,47,12,86,98,127,32,7,69,109,304,0.393,0.475,0.295,0.46,0.787,0.489,okoboel01
Josh Okogie,20,MIN,NBA,2018-19,74,52,1757,196,508,136,293,60,215,118,162,41,177,218,91,88,33,63,166,570,0.386,0.464,0.279,0.445,0.728,0.492,okogijo01
Victor Oladipo,26,IND,NBA,2018-19,36,36,1147,249,588,175,372,74,216,103,141,21,181,202,186,60,11,82,72,675,0.423,0.47,0.343,0.486,0.73,0.519,oladivi01
Kelly Olynyk,27,MIA,NBA,2018-19,79,36,1812,261,564,148,245,113,319,152,185,72,303,375,140,53,37,114,183,787,0.463,0.604,0.354,0.563,0.822,0.61,olynyke01
Cedi Osman,23,CLE,NBA,2018-19,76,75,2444,360,844,230,470,130,374,141,181,45,312,357,195,60,11,114,195,991,0.427,0.489,0.348,0.504,0.779,0.536,osmande01
Kelly Oubre,23,TOT,NBA,2018-19,69,19,1935,375,842,267,504,108,338,189,244,71,254,325,84,84,59,103,181,1047,0.445,0.53,0.32,0.51,0.775,0.551,oubreke01
Zaza Pachulia,34,DET,NBA,2018-19,68,3,878,85,193,85,189,0,4,97,124,99,166,265,91,31,17,57,151,267,0.44,0.45,0,0.44,0.782,0.539,pachuza01
Jabari Parker,23,TOT,NBA,2018-19,64,17,1724,369,749,308,554,61,195,131,184,79,342,421,152,46,30,151,145,930,0.493,0.556,0.313,0.533,0.712,0.56,parkeja01
Tony Parker,36,CHO,NBA,2018-19,56,0,1003,213,463,200,412,13,51,91,124,14,69,83,207,21,7,75,53,530,0.46,0.485,0.255,0.474,0.734,0.512,parketo01
Chandler Parsons,30,MEM,NBA,2018-19,25,3,496,68,182,39,88,29,94,22,25,4,66,70,43,19,5,32,45,187,0.374,0.443,0.309,0.453,0.88,0.484,parsoch01
Patrick Patterson,29,OKC,NBA,2018-19,63,5,861,82,219,36,82,46,137,19,30,42,105,147,31,16,13,22,46,229,0.374,0.439,0.336,0.479,0.633,0.493,pattepa01
Justin Patton,21,PHI,NBA,2018-19,3,0,21,2,7,2,5,0,2,1,2,2,4,6,3,2,0,0,5,5,0.286,0.4,0,0.286,0.5,0.317,pattoju01
Chris Paul,33,HOU,NBA,2018-19,58,58,1857,302,720,175,365,127,355,175,203,36,229,265,473,114,18,152,146,906,0.419,0.479,0.358,0.508,0.862,0.56,paulch01
Cameron Payne,24,TOT,NBA,2018-19,40,13,712,96,223,71,139,25,84,33,41,13,59,72,106,28,9,45,64,250,0.43,0.511,0.298,0.487,0.805,0.519,payneca01
Elfrid Payton,24,NOP,NBA,2018-19,42,42,1250,179,412,146,307,33,105,55,74,49,171,220,320,44,17,112,81,446,0.434,0.476,0.314,0.475,0.743,0.502,paytoel01
Gary Payton,26,WAS,NBA,2018-19,3,0,16,5,8,4,6,1,2,0,0,1,1,2,4,3,1,1,2,11,0.625,0.667,0.5,0.688,,0.688,paytoga02
Theo Pinson,23,BRK,NBA,2018-19,18,0,211,25,73,13,27,12,46,19,22,4,32,36,21,6,0,18,15,81,0.342,0.481,0.261,0.425,0.864,0.49,pinsoth01
Mason Plumlee,28,DEN,NBA,2018-19,82,17,1731,262,442,260,432,2,10,111,198,165,359,524,243,66,76,126,252,637,0.593,0.602,0.2,0.595,0.561,0.602,plumlma01
Miles Plumlee,30,ATL,NBA,2018-19,18,0,173,32,48,32,48,0,0,16,30,16,23,39,17,6,4,10,14,80,0.667,0.667,,0.667,0.533,0.654,plumlmi01
Jakob Poeltl,23,SAS,NBA,2018-19,77,24,1273,187,290,187,290,0,0,49,92,178,232,410,93,29,68,48,124,423,0.645,0.645,,0.645,0.533,0.64,poeltja01
Quincy Pondexter,30,SAS,NBA,2018-19,53,0,292,29,58,23,40,6,18,34,42,8,38,46,24,11,1,13,24,98,0.5,0.575,0.333,0.552,0.81,0.641,pondequ01
Otto Porter,25,TOT,NBA,2018-19,56,43,1683,299,643,195,387,104,256,78,96,54,260,314,120,82,31,65,108,780,0.465,0.504,0.406,0.546,0.813,0.569,porteot01
Bobby Portis,23,TOT,NBA,2018-19,50,28,1299,279,628,204,437,75,191,77,97,109,294,403,72,35,20,74,145,710,0.444,0.467,0.393,0.504,0.794,0.529,portibo01
Dwight Powell,27,DAL,NBA,2018-19,77,22,1662,290,486,251,359,39,127,196,254,140,271,411,112,44,50,67,201,815,0.597,0.699,0.307,0.637,0.772,0.682,poweldw01
Norman Powell,25,TOR,NBA,2018-19,60,3,1126,193,400,125,230,68,170,62,75,16,123,139,91,39,13,65,96,516,0.483,0.543,0.4,0.568,0.827,0.596,powelno01
Alex Poythress,25,ATL,NBA,2018-19,21,1,305,40,81,31,58,9,23,18,29,29,47,76,17,4,10,13,47,107,0.494,0.534,0.391,0.549,0.621,0.571,poythal01
Zhou Qi,23,HOU,NBA,2018-19,1,0,1,1,1,1,1,0,0,0,0,0,0,0,0,0,0,0,0,2,1,1,,1,,1,qizh01
Ivan Rabb,21,MEM,NBA,2018-19,49,13,721,116,212,113,197,3,15,49,69,70,136,206,54,17,14,35,90,284,0.547,0.574,0.2,0.554,0.71,0.586,rabbiv01
Chasson Randle,25,WAS,NBA,2018-19,49,2,743,91,217,45,102,46,115,43,62,10,46,56,97,25,3,43,91,271,0.419,0.441,0.4,0.525,0.694,0.555,randlch01
Julius Randle,24,NOP,NBA,2018-19,73,49,2232,571,1089,504,894,67,195,356,487,162,472,634,229,52,45,208,246,1565,0.524,0.564,0.344,0.555,0.731,0.6,randlju01
J.J. Redick,34,PHI,NBA,2018-19,76,63,2379,452,1027,212,422,240,605,228,255,20,166,186,206,32,17,101,129,1372,0.44,0.502,0.397,0.557,0.894,0.602,redicjj01
Davon Reed,23,IND,NBA,2018-19,10,0,47,5,12,3,8,2,4,0,0,2,4,6,3,1,0,1,3,12,0.417,0.375,0.5,0.5,,0.5,reedda01
Cameron Reynolds,23,MIN,NBA,2018-19,19,0,259,33,78,12,27,21,51,8,9,4,27,31,13,6,2,5,26,95,0.423,0.444,0.412,0.558,0.889,0.58,reynoca01
Josh Richardson,25,MIA,NBA,2018-19,73,73,2539,423,1026,259,566,164,460,199,231,54,209,263,298,79,34,113,200,1209,0.412,0.458,0.357,0.492,0.861,0.536,richajo01
Malachi Richardson,23,TOR,NBA,2018-19,22,0,103,9,29,1,4,8,25,4,5,2,11,13,0,1,0,8,13,30,0.31,0.25,0.32,0.448,0.8,0.481,richama01
Austin Rivers,26,TOT,NBA,2018-19,76,15,2028,232,572,128,245,104,327,50,95,25,137,162,167,47,23,68,207,618,0.406,0.522,0.318,0.497,0.526,0.503,riverau01
Devin Robinson,23,WAS,NBA,2018-19,7,0,95,19,32,19,30,0,2,9,14,6,14,20,6,4,6,2,11,47,0.594,0.633,0,0.594,0.643,0.616,robinde01
Duncan Robinson,24,MIA,NBA,2018-19,15,1,161,18,46,8,11,10,35,4,6,2,17,19,5,5,0,4,11,50,0.391,0.727,0.286,0.5,0.667,0.514,robindu01
Glenn Robinson,25,DET,NBA,2018-19,47,18,610,74,176,56,114,18,62,32,40,17,54,71,21,14,8,18,45,198,0.42,0.491,0.29,0.472,0.8,0.511,robingl02
Jerome Robinson,21,LAC,NBA,2018-19,33,0,320,44,110,26,53,18,57,6,9,3,38,41,19,11,3,13,46,112,0.4,0.491,0.316,0.482,0.667,0.491,robinje01
Mitchell Robinson,20,NYK,NBA,2018-19,66,19,1360,202,291,202,291,0,0,81,135,177,246,423,37,52,161,35,217,485,0.694,0.694,,0.694,0.6,0.692,robinmi01
Rajon Rondo,32,LAL,NBA,2018-19,46,29,1369,175,432,124,290,51,142,23,36,34,209,243,367,57,7,127,100,424,0.405,0.428,0.359,0.464,0.639,0.473,rondora01
Derrick Rose,30,MIN,NBA,2018-19,51,13,1392,363,753,309,607,54,146,137,160,33,107,140,220,31,12,82,57,917,0.482,0.509,0.37,0.518,0.856,0.557,rosede01
Terrence Ross,27,ORL,NBA,2018-19,81,0,2150,440,1027,223,461,217,566,126,144,27,253,280,135,72,29,90,119,1223,0.428,0.484,0.383,0.534,0.875,0.561,rosste01
Terry Rozier,24,BOS,NBA,2018-19,79,14,1791,258,666,139,329,119,337,73,93,32,275,307,231,68,21,68,101,708,0.387,0.422,0.353,0.477,0.785,0.501,roziete01
Ricky Rubio,28,UTA,NBA,2018-19,68,67,1899,295,730,216,476,79,254,195,228,33,210,243,416,91,10,180,180,864,0.404,0.454,0.311,0.458,0.855,0.52,rubiori01
D'Angelo Russell,22,BRK,NBA,2018-19,81,81,2448,659,1517,425,882,234,635,160,205,53,262,315,563,100,20,253,141,1712,0.434,0.482,0.369,0.512,0.78,0.533,russeda01
Domantas Sabonis,22,IND,NBA,2018-19,74,5,1838,413,700,404,683,9,17,208,291,186,504,690,212,48,30,160,239,1043,0.59,0.592,0.529,0.596,0.715,0.63,sabondo01
Brandon Sampson,21,CHI,NBA,2018-19,14,2,214,28,60,17,31,11,29,4,6,3,13,16,10,8,3,12,19,71,0.467,0.548,0.379,0.558,0.667,0.567,sampsbr01
JaKarr Sampson,25,CHI,NBA,2018-19,4,0,127,29,54,24,40,5,14,17,21,5,27,32,4,4,3,4,8,80,0.537,0.6,0.357,0.583,0.81,0.633,sampsja02
Dario Saric,24,TOT,NBA,2018-19,81,41,2023,304,696,186,373,118,323,132,150,126,331,457,127,45,9,97,182,858,0.437,0.499,0.365,0.522,0.88,0.563,saricda01
Tomas Satoransky,27,WAS,NBA,2018-19,80,54,2164,257,530,193,368,64,162,131,160,82,197,279,399,82,13,120,172,709,0.485,0.524,0.395,0.545,0.819,0.59,satorto01
Dennis Schroder,25,OKC,NBA,2018-19,79,14,2314,457,1104,333,740,124,364,186,227,38,246,284,323,65,12,172,189,1224,0.414,0.45,0.341,0.47,0.819,0.508,schrode01
Mike Scott,30,TOT,NBA,2018-19,79,3,1395,168,420,67,168,101,252,22,33,43,233,276,66,26,13,44,156,459,0.4,0.399,0.401,0.52,0.667,0.528,scottmi01
Thabo Sefolosha,34,UTA,NBA,2018-19,50,2,609,71,149,37,71,34,78,14,22,8,115,123,27,43,5,25,41,190,0.477,0.521,0.436,0.591,0.636,0.599,sefolth01
Wayne Selden,24,TOT,NBA,2018-19,75,13,1439,196,483,141,309,55,174,67,92,37,143,180,109,33,13,79,131,514,0.406,0.456,0.316,0.463,0.728,0.491,seldewa01
Collin Sexton,20,CLE,NBA,2018-19,82,72,2605,519,1206,400,910,119,296,214,255,57,179,236,243,44,6,185,186,1371,0.43,0.44,0.402,0.48,0.839,0.52,sextoco01
Landry Shamet,21,TOT,NBA,2018-19,79,27,1802,240,557,73,161,167,396,75,93,21,113,134,117,37,10,45,155,722,0.431,0.453,0.422,0.581,0.806,0.604,shamela01
Iman Shumpert,28,TOT,NBA,2018-19,62,41,1481,167,446,72,173,95,273,36,45,27,156,183,112,59,24,50,127,465,0.374,0.416,0.348,0.481,0.8,0.499,shumpim01
Pascal Siakam,24,TOR,NBA,2018-19,80,79,2548,519,945,440,731,79,214,237,302,124,425,549,248,73,52,154,241,1354,0.549,0.602,0.369,0.591,0.785,0.628,siakapa01
Jordan Sibert,26,ATL,NBA,2018-19,1,0,4,1,1,0,0,1,1,0,0,0,0,0,0,0,0,0,0,3,1,,1,1.5,,1.5,siberjo01
Ben Simmons,22,PHI,NBA,2018-19,79,79,2700,540,960,540,954,0,6,257,428,172,525,697,610,112,61,274,209,1337,0.563,0.566,0,0.563,0.6,0.582,simmobe01
Jonathon Simmons,29,TOT,NBA,2018-19,56,9,1064,133,350,105,246,28,104,72,97,27,99,126,128,29,15,68,89,366,0.38,0.427,0.269,0.42,0.742,0.466,simmojo02
Kobi Simmons,21,CLE,NBA,2018-19,1,0,2,0,0,0,0,0,0,0,0,0,0,0,0,0,0,0,0,0,,,,,,,simmoko01
Anfernee Simons,19,POR,NBA,2018-19,20,1,141,28,63,18,34,10,29,9,16,3,10,13,13,1,0,11,9,75,0.444,0.529,0.345,0.524,0.563,0.535,simonan01
Marcus Smart,24,BOS,NBA,2018-19,80,60,2200,239,567,113,221,126,346,104,129,57,177,234,321,143,28,123,201,708,0.422,0.511,0.364,0.533,0.806,0.568,smartma01
Dennis Smith,21,TOT,NBA,2018-19,53,50,1508,278,650,211,442,67,208,99,156,32,123,155,252,67,20,154,129,722,0.428,0.477,0.322,0.479,0.635,0.502,smithde03
Ish Smith,30,DET,NBA,2018-19,56,0,1251,205,489,161,354,44,135,47,62,23,122,145,203,28,11,61,109,501,0.419,0.455,0.326,0.464,0.758,0.485,smithis01
J.R. Smith,33,CLE,NBA,2018-19,11,4,222,27,79,15,40,12,39,8,10,0,18,18,21,11,3,11,19,74,0.342,0.375,0.308,0.418,0.8,0.444,smithjr01
Jason Smith,32,TOT,NBA,2018-19,20,1,190,21,59,12,33,9,26,14,16,16,36,52,14,3,7,13,30,65,0.356,0.364,0.346,0.432,0.875,0.492,smithja02
Zhaire Smith,19,PHI,NBA,2018-19,6,2,111,14,34,8,18,6,16,6,8,3,10,13,10,2,2,6,8,40,0.412,0.444,0.375,0.5,0.75,0.533,smithzh01
Tony Snell,27,MIL,NBA,2018-19,74,12,1304,163,361,82,157,81,204,37,42,29,128,157,68,26,18,23,90,444,0.452,0.522,0.397,0.564,0.881,0.585,snellto01
Ray Spalding,21,TOT,NBA,2018-19,14,3,148,25,47,25,44,0,3,4,12,15,33,48,5,9,8,9,23,54,0.532,0.568,0,0.532,0.333,0.516,spaldra01
Omari Spellman,21,ATL,NBA,2018-19,46,11,805,98,244,54,116,44,128,32,45,72,122,194,47,26,25,31,67,272,0.402,0.466,0.344,0.492,0.711,0.516,spellom01
Nik Stauskas,25,TOT,NBA,2018-19,68,0,1015,136,338,66,150,70,188,57,64,18,109,127,81,21,7,51,50,399,0.402,0.44,0.372,0.506,0.891,0.545,stausni01
D.J. Stephens,28,MEM,NBA,2018-19,1,0,7,1,2,1,2,0,0,0,0,0,0,0,0,1,0,1,0,2,0.5,0.5,,0.5,,0.5,stephdj01
Lance Stephenson,28,LAL,NBA,2018-19,68,3,1123,184,432,111,235,73,197,50,73,32,183,215,140,41,7,86,111,491,0.426,0.472,0.371,0.51,0.685,0.529,stephla01
Edmond Sumner,23,IND,NBA,2018-19,23,2,210,22,64,15,37,7,27,15,24,9,15,24,10,12,5,10,26,66,0.344,0.405,0.259,0.398,0.625,0.443,sumneed01
Caleb Swanigan,21,TOT,NBA,2018-19,21,0,178,18,53,17,46,1,7,6,9,17,47,64,11,6,1,18,28,43,0.34,0.37,0.143,0.349,0.667,0.377,swanica01
Jayson Tatum,20,BOS,NBA,2018-19,79,79,2455,466,1036,350,725,116,311,195,228,70,407,477,168,84,57,122,168,1243,0.45,0.483,0.373,0.506,0.855,0.547,tatumja01
Jeff Teague,30,MIN,NBA,2018-19,42,41,1264,176,416,141,311,35,105,123,153,16,90,106,343,43,18,97,90,510,0.423,0.453,0.333,0.465,0.804,0.528,teaguje01
Garrett Temple,32,TOT,NBA,2018-19,75,55,2040,208,493,118,229,90,264,80,107,28,188,216,106,76,30,70,204,586,0.422,0.515,0.341,0.513,0.748,0.543,templga01
Milos Teodosic,31,LAC,NBA,2018-19,15,0,150,17,40,7,13,10,27,4,7,3,13,16,32,3,1,21,27,48,0.425,0.538,0.37,0.55,0.571,0.557,teodomi01
Jared Terrell,23,MIN,NBA,2018-19,14,0,111,12,39,8,22,4,17,3,6,1,5,6,12,3,2,10,16,31,0.308,0.364,0.235,0.359,0.5,0.372,terreja01
Emanuel Terry,22,TOT,NBA,2018-19,3,0,23,4,7,4,7,0,0,2,4,3,4,7,2,3,0,2,4,10,0.571,0.571,,0.571,0.5,0.571,terryem01
Daniel Theis,26,BOS,NBA,2018-19,66,2,908,146,266,120,199,26,67,56,76,87,138,225,68,21,42,33,161,374,0.549,0.603,0.388,0.598,0.737,0.624,theisda01
Isaiah Thomas,29,DEN,NBA,2018-19,12,0,181,34,99,22,56,12,43,17,27,5,8,13,23,5,1,18,17,97,0.343,0.393,0.279,0.404,0.63,0.437,thomais02
Khyri Thomas,22,DET,NBA,2018-19,26,0,195,22,69,12,34,10,35,7,11,4,16,20,8,7,5,4,22,61,0.319,0.353,0.286,0.391,0.636,0.413,thomakh01
Lance Thomas,30,NYK,NBA,2018-19,46,17,783,78,197,56,118,22,79,27,36,21,96,117,27,17,7,24,83,205,0.396,0.475,0.278,0.452,0.75,0.482,thomala01
Klay Thompson,28,GSW,NBA,2018-19,78,78,2652,655,1402,414,803,241,599,129,158,37,262,299,186,84,47,115,157,1680,0.467,0.516,0.402,0.553,0.816,0.571,thompkl01
Tristan Thompson,27,CLE,NBA,2018-19,43,40,1198,201,380,201,380,0,0,68,106,173,265,438,86,28,16,59,89,470,0.529,0.529,,0.529,0.642,0.551,thomptr01
Sindarius Thornwell,24,LAC,NBA,2018-19,64,1,313,17,49,14,34,3,15,25,34,5,39,44,18,14,7,20,41,62,0.347,0.412,0.2,0.378,0.735,0.485,thornsi01
Anthony Tolliver,33,MIN,NBA,2018-19,65,0,1079,99,259,18,44,81,215,47,60,15,162,177,46,17,21,36,91,326,0.382,0.409,0.377,0.539,0.783,0.571,tollian01
Karl-Anthony Towns,23,MIN,NBA,2018-19,77,77,2545,681,1314,539,959,142,355,376,450,263,691,954,259,67,125,240,292,1880,0.518,0.562,0.4,0.572,0.836,0.622,townska01
Gary Trent,20,POR,NBA,2018-19,15,1,111,16,50,11,29,5,21,3,7,1,10,11,5,1,2,4,4,40,0.32,0.379,0.238,0.37,0.429,0.377,trentga02
Allonzo Trier,23,NYK,NBA,2018-19,64,3,1459,232,518,180,386,52,132,179,223,31,166,197,119,28,14,116,117,695,0.448,0.466,0.394,0.498,0.803,0.564,trieral01
P.J. Tucker,33,HOU,NBA,2018-19,82,82,2802,207,523,61,136,146,387,41,59,121,358,479,96,132,39,63,252,601,0.396,0.449,0.377,0.535,0.695,0.547,tuckepj01
Evan Turner,30,POR,NBA,2018-19,73,2,1605,204,443,193,391,11,52,75,106,37,291,328,283,33,18,114,110,494,0.46,0.494,0.212,0.473,0.708,0.504,turneev01
Myles Turner,22,IND,NBA,2018-19,74,74,2119,380,780,304,584,76,196,148,201,101,430,531,115,60,199,100,195,984,0.487,0.521,0.388,0.536,0.736,0.567,turnemy01
Ekpe Udoh,31,UTA,NBA,2018-19,51,1,320,50,72,50,72,0,0,19,30,27,63,90,28,10,31,13,36,119,0.694,0.694,,0.694,0.633,0.698,udohek01
Tyler Ulis,23,CHI,NBA,2018-19,1,0,1,0,0,0,0,0,0,0,0,0,0,0,0,0,0,0,0,0,,,,,,,ulisty01
Jonas Valanciunas,26,TOT,NBA,2018-19,49,27,1091,301,538,287,490,14,48,147,185,106,313,419,70,19,53,90,146,763,0.559,0.586,0.292,0.572,0.795,0.616,valanjo01
Jarred Vanderbilt,19,DEN,NBA,2018-19,17,0,69,9,19,9,18,0,1,6,10,7,16,23,3,6,1,8,8,24,0.474,0.5,0,0.474,0.6,0.513,vandeja01
Fred VanVleet,24,TOR,NBA,2018-19,64,28,1760,246,600,134,304,112,296,97,115,21,146,167,307,57,20,82,110,701,0.41,0.441,0.378,0.503,0.843,0.539,vanvlfr01
Noah Vonleh,23,NYK,NBA,2018-19,68,57,1722,207,440,161,303,46,137,111,156,113,415,528,129,46,51,88,174,571,0.47,0.531,0.336,0.523,0.712,0.561,vonleno01
Nikola Vucevic,28,ORL,NBA,2018-19,80,80,2510,701,1354,617,1123,84,231,179,227,224,736,960,307,81,89,159,157,1665,0.518,0.549,0.364,0.549,0.789,0.573,vucevni01
Dwyane Wade,37,MIA,NBA,2018-19,72,2,1885,416,960,330,699,86,261,165,233,69,216,285,301,59,38,166,118,1083,0.433,0.472,0.33,0.478,0.708,0.51,wadedw01
Moritz Wagner,21,LAL,NBA,2018-19,43,5,446,71,171,49,94,22,77,43,53,17,68,85,24,11,13,39,57,207,0.415,0.521,0.286,0.48,0.811,0.533,wagnemo01
Dion Waiters,27,MIA,NBA,2018-19,44,28,1138,198,478,89,189,109,289,22,44,7,109,116,121,29,9,64,72,527,0.414,0.471,0.377,0.528,0.5,0.53,waitedi01
Kemba Walker,28,CHO,NBA,2018-19,82,82,2863,731,1684,471,953,260,731,380,450,52,309,361,484,102,34,211,131,2102,0.434,0.494,0.356,0.511,0.844,0.558,walkeke02
Lonnie Walker,20,SAS,NBA,2018-19,17,0,118,16,46,11,33,5,13,8,10,0,17,17,9,7,3,4,7,45,0.348,0.333,0.385,0.402,0.8,0.446,walkelo01
John Wall,28,WAS,NBA,2018-19,32,32,1104,245,552,194,383,51,169,122,175,15,101,116,279,49,29,121,71,663,0.444,0.507,0.302,0.49,0.697,0.527,walljo01
Tyrone Wallace,24,LAC,NBA,2018-19,62,0,628,92,217,88,198,4,19,30,57,20,81,101,42,21,7,36,83,218,0.424,0.444,0.211,0.433,0.526,0.45,wallaty01
Taurean Waller-Prince,24,ATL,NBA,2018-19,55,47,1552,262,594,139,279,123,315,95,116,22,177,199,118,53,19,100,141,742,0.441,0.498,0.39,0.545,0.819,0.575,princta02
Brad Wanamaker,29,BOS,NBA,2018-19,36,0,343,50,105,34,66,16,39,24,28,3,38,41,56,12,2,19,34,140,0.476,0.515,0.41,0.552,0.857,0.597,wanambr01
T.J. Warren,25,PHO,NBA,2018-19,43,36,1360,297,611,220,431,77,180,101,124,31,143,174,64,51,29,52,119,772,0.486,0.51,0.428,0.549,0.815,0.58,warretj01
Julian Washburn,27,MEM,NBA,2018-19,18,3,254,16,48,11,24,5,24,3,4,8,33,41,14,13,2,7,16,40,0.333,0.458,0.208,0.385,0.75,0.402,washbju01
Yuta Watanabe,24,MEM,NBA,2018-19,15,0,174,15,51,13,35,2,16,7,10,4,27,31,8,4,1,6,11,39,0.294,0.371,0.125,0.314,0.7,0.352,watanyu01
Thomas Welsh,22,DEN,NBA,2018-19,11,0,36,7,13,4,6,3,7,1,2,0,4,4,5,0,0,1,3,18,0.538,0.667,0.429,0.654,0.5,0.648,welshth01
Russell Westbrook,30,OKC,NBA,2018-19,73,73,2630,630,1473,511,1062,119,411,296,451,109,698,807,784,142,33,325,245,1675,0.428,0.481,0.29,0.468,0.656,0.501,westbru01
Derrick White,24,SAS,NBA,2018-19,67,55,1728,260,543,212,401,48,142,95,123,35,212,247,263,67,47,97,145,663,0.479,0.529,0.338,0.523,0.772,0.555,whitede01
Okaro White,26,WAS,NBA,2018-19,3,0,6,0,2,0,0,0,2,0,0,1,1,2,0,0,0,0,0,0,0,,0,0,,0,whiteok01
Hassan Whiteside,29,MIA,NBA,2018-19,72,53,1674,388,680,386,664,2,16,109,243,257,560,817,56,46,136,97,192,887,0.571,0.581,0.125,0.572,0.449,0.564,whiteha01
Andrew Wiggins,23,MIN,NBA,2018-19,73,73,2543,498,1209,380,861,118,348,207,296,83,269,352,184,70,48,138,153,1321,0.412,0.441,0.339,0.461,0.699,0.493,wiggian01
Alan Williams,26,BRK,NBA,2018-19,5,0,26,8,13,8,12,0,1,2,4,4,15,19,3,1,0,1,2,18,0.615,0.667,0,0.615,0.5,0.61,willial03
C.J. Williams,28,MIN,NBA,2018-19,15,0,128,17,35,12,19,5,16,0,1,1,7,8,12,6,0,5,16,39,0.486,0.632,0.313,0.557,0,0.55,willicj01
Johnathan Williams,23,LAL,NBA,2018-19,24,0,372,65,110,65,108,0,2,27,48,48,51,99,13,8,7,16,62,157,0.591,0.602,0,0.591,0.563,0.599,willijo04
Kenrich Williams,24,NOP,NBA,2018-19,46,29,1079,107,279,55,123,52,156,13,19,55,164,219,83,45,19,36,95,279,0.384,0.447,0.333,0.477,0.684,0.485,willike04
Lou Williams,32,LAC,NBA,2018-19,75,1,1993,484,1138,379,847,105,291,425,485,40,182,222,402,57,11,181,80,1498,0.425,0.447,0.361,0.471,0.876,0.554,willilo02
Marvin Williams,32,CHO,NBA,2018-19,75,75,2133,275,652,135,270,140,382,66,86,76,331,407,92,71,61,47,156,756,0.422,0.5,0.366,0.529,0.767,0.548,willima02
Robert Williams,21,BOS,NBA,2018-19,32,2,283,36,51,36,51,0,0,9,15,27,54,81,7,9,40,10,36,81,0.706,0.706,,0.706,0.6,0.703,williro04
Troy Williams,24,SAC,NBA,2018-19,21,0,312,44,98,30,54,14,44,9,15,12,47,59,11,10,8,9,37,111,0.449,0.556,0.318,0.52,0.6,0.531,willitr02
D.J. Wilson,22,MIL,NBA,2018-19,48,3,882,104,251,58,124,46,127,26,47,45,177,222,52,18,20,32,85,280,0.414,0.468,0.362,0.506,0.553,0.515,wilsodj01
Justise Winslow,22,MIA,NBA,2018-19,66,52,1959,324,749,228,493,96,256,86,137,63,292,355,282,72,19,142,177,830,0.433,0.462,0.375,0.497,0.628,0.513,winslju01
Christian Wood,23,TOT,NBA,2018-19,21,2,251,61,117,52,91,9,26,41,56,17,66,83,8,7,10,17,17,172,0.521,0.571,0.346,0.56,0.732,0.607,woodch01
Delon Wright,26,TOT,NBA,2018-19,75,13,1699,242,558,192,390,50,168,119,150,68,198,266,248,88,30,77,103,653,0.434,0.492,0.298,0.478,0.793,0.523,wrighde01
Guerschon Yabusele,23,BOS,NBA,2018-19,41,1,251,35,77,26,49,9,28,15,22,23,30,53,15,8,7,15,32,94,0.455,0.531,0.321,0.513,0.682,0.542,yabusgu01
Nick Young,33,DEN,NBA,2018-19,4,0,37,3,9,0,1,3,8,0,0,0,1,1,2,0,1,2,4,9,0.333,0,0.375,0.5,,0.5,youngni01
Thaddeus Young,30,IND,NBA,2018-19,81,81,2489,443,841,392,695,51,146,87,135,192,331,523,204,123,36,123,194,1024,0.527,0.564,0.349,0.557,0.644,0.569,youngth01
Trae Young,20,ATL,NBA,2018-19,81,81,2503,525,1256,369,774,156,482,343,414,64,237,301,653,72,15,308,140,1549,0.418,0.477,0.324,0.48,0.829,0.539,youngtr01
Cody Zeller,26,CHO,NBA,2018-19,49,47,1243,190,345,184,323,6,22,111,141,110,223,333,102,38,41,62,164,497,0.551,0.57,0.273,0.559,0.787,0.611,zelleco01
Tyler Zeller,29,TOT,NBA,2018-19,6,1,93,16,30,16,29,0,1,14,18,11,13,24,4,1,3,4,20,46,0.533,0.552,0,0.533,0.778,0.607,zellety01
Ante Zizic,22,CLE,NBA,2018-19,59,25,1082,183,331,183,331,0,0,93,132,108,212,320,53,13,22,61,113,459,0.553,0.553,,0.553,0.705,0.59,zizican01
Ivica Zubac,21,TOT,NBA,2018-19,59,37,1040,212,379,212,379,0,0,101,126,115,247,362,63,14,51,70,137,525,0.559,0.559,,0.559,0.802,0.604,zubaciv01
